Airline,Date_of_Journey,Source,Destination,Route,Dep_Time,Arrival_Time,Duration,Total_Stops,Additional_Info,Price
IndiGo,24/03/2019,Banglore,New Delhi,BLR → DEL,22:20,01:10 22 Mar,2h 50m,non-stop,No info,3897
Air India,1/05/2019,Kolkata,Banglore,CCU → IXR → BBI → BLR,05:50,13:15,7h 25m,2 stops,No info,7662
Jet Airways,9/06/2019,Delhi,Cochin,DEL → LKO → BOM → COK,09:25,04:25 10 Jun,19h,2 stops,No info,13882
IndiGo,12/05/2019,Kolkata,Banglore,CCU → NAG → BLR,18:05,23:30,5h 25m,1 stop,No info,6218
IndiGo,01/03/2019,Banglore,New Delhi,BLR → NAG → DEL,16:50,21:35,4h 45m,1 stop,No info,13302
SpiceJet,24/06/2019,Kolkata,Banglore,CCU → BLR,09:00,11:25,2h 25m,non-stop,No info,3873
Jet Airways,12/03/2019,Banglore,New Delhi,BLR → BOM → DEL,18:55,10:25 13 Mar,15h 30m,1 stop,In-flight meal not included,11087
Jet Airways,01/03/2019,Banglore,New Delhi,BLR → BOM → DEL,08:00,05:05 02 Mar,21h 5m,1 stop,No info,22270
Jet Airways,12/03/2019,Banglore,New Delhi,BLR → BOM → DEL,08:55,10:25 13 Mar,25h 30m,1 stop,In-flight meal not included,11087
Multiple carriers,27/05/2019,Delhi,Cochin,DEL → BOM → COK,11:25,19:15,7h 50m,1 stop,No info,8625
Air India,1/06/2019,Delhi,Cochin,DEL → BLR → COK,09:45,23:00,13h 15m,1 stop,No info,8907
IndiGo,18/04/2019,Kolkata,Banglore,CCU → BLR,20:20,22:55,2h 35m,non-stop,No info,4174
Air India,24/06/2019,Chennai,Kolkata,MAA → CCU,11:40,13:55,2h 15m,non-stop,No info,4667
Jet Airways,9/05/2019,Kolkata,Banglore,CCU → BOM → BLR,21:10,09:20 10 May,12h 10m,1 stop,In-flight meal not included,9663
IndiGo,24/04/2019,Kolkata,Banglore,CCU → BLR,17:15,19:50,2h 35m,non-stop,No info,4804
Air India,3/03/2019,Delhi,Cochin,DEL → AMD → BOM → COK,16:40,19:15 04 Mar,26h 35m,2 stops,No info,14011
SpiceJet,15/04/2019,Delhi,Cochin,DEL → PNQ → COK,08:45,13:15,4h 30m,1 stop,No info,5830
Jet Airways,12/06/2019,Delhi,Cochin,DEL → BOM → COK,14:00,12:35 13 Jun,22h 35m,1 stop,In-flight meal not included,10262
Air India,12/06/2019,Delhi,Cochin,DEL → CCU → BOM → COK,20:15,19:15 13 Jun,23h,2 stops,No info,13381
Jet Airways,27/05/2019,Delhi,Cochin,DEL → BOM → COK,16:00,12:35 28 May,20h 35m,1 stop,In-flight meal not included,12898
GoAir,6/03/2019,Delhi,Cochin,DEL → BOM → COK,14:10,19:20,5h 10m,1 stop,No info,19495
Air India,21/03/2019,Banglore,New Delhi,BLR → COK → DEL,22:00,13:20 19 Mar,15h 20m,1 stop,No info,6955
IndiGo,3/04/2019,Banglore,Delhi,BLR → DEL,04:00,06:50,2h 50m,non-stop,No info,3943
IndiGo,1/05/2019,Banglore,Delhi,BLR → DEL,18:55,21:50,2h 55m,non-stop,No info,4823
Jet Airways,6/05/2019,Kolkata,Banglore,CCU → BOM → BLR,18:55,08:15 07 May,13h 20m,1 stop,In-flight meal not included,7757
Jet Airways,9/06/2019,Delhi,Cochin,DEL → IDR → BOM → COK,21:25,12:35 10 Jun,15h 10m,2 stops,No info,13292
IndiGo,1/06/2019,Delhi,Cochin,DEL → LKO → COK,21:50,03:35 02 Jun,5h 45m,1 stop,No info,8238
GoAir,15/05/2019,Delhi,Cochin,DEL → BOM → COK,07:00,12:55,5h 55m,1 stop,No info,7682
Vistara,18/06/2019,Banglore,Delhi,BLR → DEL,09:45,12:35,2h 50m,non-stop,No info,4668
Vistara,15/06/2019,Chennai,Kolkata,MAA → CCU,07:05,09:20,2h 15m,non-stop,No info,3687
Vistara,18/06/2019,Chennai,Kolkata,MAA → CCU,07:05,09:20,2h 15m,non-stop,No info,3687
Air India,1/05/2019,Kolkata,Banglore,CCU → GAU → DEL → BLR,09:50,23:15,13h 25m,2 stops,No info,13227
IndiGo,6/04/2019,Banglore,Delhi,BLR → DEL,04:00,06:50,2h 50m,non-stop,No info,4423
Jet Airways,15/06/2019,Delhi,Cochin,DEL → NAG → BOM → COK,14:35,12:35 16 Jun,22h,2 stops,In-flight meal not included,10919
Jet Airways,18/05/2019,Delhi,Cochin,DEL → BOM → COK,07:05,12:35,5h 30m,1 stop,In-flight meal not included,12373
IndiGo,27/06/2019,Delhi,Cochin,DEL → BOM → COK,10:35,21:00,10h 25m,1 stop,No info,5894
SpiceJet,21/05/2019,Kolkata,Banglore,CCU → MAA → BLR,15:05,20:20,5h 15m,1 stop,No info,4649
Air India,18/05/2019,Kolkata,Banglore,CCU → BLR,14:15,16:45,2h 30m,non-stop,No info,6245
Jet Airways,06/03/2019,Banglore,New Delhi,BLR → BOM → DEL,07:00,13:15,6h 15m,1 stop,No info,19225
Jet Airways,3/06/2019,Delhi,Cochin,DEL → BOM → COK,07:05,19:00,11h 55m,1 stop,No info,14924
Multiple carriers,21/05/2019,Delhi,Cochin,DEL → HYD → COK,07:05,18:10,11h 5m,1 stop,No info,9646
Air India,15/03/2019,Banglore,New Delhi,BLR → BOM → DEL,06:45,15:15,8h 30m,1 stop,No info,8714
Jet Airways,18/05/2019,Delhi,Cochin,DEL → BOM → COK,20:55,19:00 19 May,22h 5m,1 stop,In-flight meal not included,12373
Air Asia,6/05/2019,Banglore,Delhi,BLR → DEL,11:10,13:55,2h 45m,non-stop,No info,3383
Multiple carriers,21/03/2019,Delhi,Cochin,DEL → BOM → COK,09:00,21:00,12h,1 stop,No info,13062
SpiceJet,24/03/2019,Banglore,New Delhi,BLR → DEL,05:45,08:35,2h 50m,non-stop,No check-in baggage included,3527
IndiGo,27/05/2019,Banglore,Delhi,BLR → DEL,04:00,06:50,2h 50m,non-stop,No info,3943
Air India,3/05/2019,Chennai,Kolkata,MAA → CCU,11:40,13:55,2h 15m,non-stop,No info,4667
Air India,15/05/2019,Kolkata,Banglore,CCU → HYD → BLR,19:00,11:05 16 May,16h 5m,1 stop,No info,6117
Jet Airways,27/06/2019,Delhi,Cochin,DEL → AMD → BOM → COK,23:05,19:00 28 Jun,19h 55m,2 stops,In-flight meal not included,11150
Jet Airways,9/03/2019,Delhi,Cochin,DEL → COK,11:00,14:15,3h 15m,non-stop,In-flight meal not included,7202
Jet Airways,1/05/2019,Kolkata,Banglore,CCU → DEL → BLR,09:35,10:55 02 May,25h 20m,1 stop,No info,12121
IndiGo,24/03/2019,Banglore,New Delhi,BLR → DEL,22:20,01:10 28 Mar,2h 50m,non-stop,No info,4377
IndiGo,18/06/2019,Banglore,Delhi,BLR → DEL,21:15,00:15 19 Jun,3h,non-stop,No info,3943
Air Asia,3/04/2019,Banglore,Delhi,BLR → DEL,23:55,02:45 04 Apr,2h 50m,non-stop,No info,4483
Jet Airways,24/03/2019,Kolkata,Banglore,CCU → BOM → BLR,19:45,12:00 25 Mar,16h 15m,1 stop,No info,14231
Air India,01/03/2019,Banglore,New Delhi,BLR → BOM → AMD → DEL,08:50,23:55,15h 5m,2 stops,No info,17345
Vistara,6/03/2019,Chennai,Kolkata,MAA → CCU,07:05,09:20,2h 15m,non-stop,No info,7414
Multiple carriers,6/05/2019,Delhi,Cochin,DEL → BOM → COK,19:00,01:30 07 May,6h 30m,1 stop,No info,8073
Vistara,6/03/2019,Mumbai,Hyderabad,BOM → DEL → HYD,15:40,16:45 07 Mar,25h 5m,1 stop,No info,12395
Air India,6/06/2019,Kolkata,Banglore,CCU → BOM → BLR,09:25,21:50,12h 25m,1 stop,No info,8366
Air India,3/04/2019,Delhi,Cochin,DEL → MAA → COK,06:05,09:25 04 Apr,27h 20m,1 stop,No info,5117
Multiple carriers,3/06/2019,Delhi,Cochin,DEL → BOM → COK,08:45,19:00,10h 15m,1 stop,No info,12524
IndiGo,15/05/2019,Delhi,Cochin,DEL → BOM → COK,15:00,01:30 16 May,10h 30m,1 stop,No info,7191
Vistara,24/05/2019,Chennai,Kolkata,MAA → CCU,07:05,09:20,2h 15m,non-stop,No info,3687
IndiGo,24/06/2019,Delhi,Cochin,DEL → BOM → COK,10:35,21:00,10h 25m,1 stop,No info,5894
Vistara,24/04/2019,Banglore,Delhi,BLR → DEL,09:45,12:35,2h 50m,non-stop,No info,5403
Air India,6/05/2019,Mumbai,Hyderabad,BOM → HYD,13:55,15:25,1h 30m,non-stop,No info,3625
Air India,21/05/2019,Delhi,Cochin,DEL → BHO → BOM → COK,05:55,19:15,13h 20m,2 stops,No info,10861
IndiGo,12/03/2019,Chennai,Kolkata,MAA → CCU,13:20,15:35,2h 15m,non-stop,No info,6297
Jet Airways,1/06/2019,Mumbai,Hyderabad,BOM → HYD,07:05,08:30,1h 25m,non-stop,No info,5678
Jet Airways,09/03/2019,Banglore,New Delhi,BLR → BOM → DEL,05:45,08:15 13 Mar,26h 30m,1 stop,In-flight meal not included,9134
Multiple carriers,24/06/2019,Delhi,Cochin,DEL → BOM → COK,11:40,19:00,7h 20m,1 stop,In-flight meal not included,10791
Jet Airways,24/06/2019,Delhi,Cochin,DEL → AMD → BOM → COK,23:05,12:35 25 Jun,13h 30m,2 stops,No info,12819
IndiGo,21/03/2019,Delhi,Cochin,DEL → BLR → COK,05:05,10:05,5h,1 stop,No info,6893
Vistara,09/03/2019,Banglore,New Delhi,BLR → DEL,09:50,12:35,2h 45m,non-stop,No info,7240
GoAir,3/04/2019,Banglore,Delhi,BLR → DEL,11:40,14:30,2h 50m,non-stop,No info,3898
IndiGo,3/04/2019,Mumbai,Hyderabad,BOM → HYD,06:25,07:55,1h 30m,non-stop,No info,4049
Jet Airways,15/06/2019,Delhi,Cochin,DEL → BOM → COK,17:30,12:35 16 Jun,19h 5m,1 stop,In-flight meal not included,10262
SpiceJet,21/03/2019,Chennai,Kolkata,MAA → CCU,08:20,10:35,2h 15m,non-stop,No check-in baggage included,3332
Jet Airways,9/06/2019,Kolkata,Banglore,CCU → BOM → BLR,21:10,12:00 10 Jun,14h 50m,1 stop,In-flight meal not included,10844
Jet Airways,24/03/2019,Banglore,New Delhi,BLR → DEL,19:55,22:35,2h 40m,non-stop,No info,7229
Jet Airways,6/05/2019,Kolkata,Banglore,CCU → BOM → BLR,06:30,04:40 07 May,22h 10m,1 stop,No info,13941
IndiGo,27/06/2019,Delhi,Cochin,DEL → BOM → COK,11:25,21:00,9h 35m,1 stop,No info,5894
Multiple carriers,18/05/2019,Delhi,Cochin,DEL → BOM → COK,09:00,19:00,10h,1 stop,No info,10197
Jet Airways,06/03/2019,Banglore,New Delhi,BLR → BOM → DEL,14:05,11:25 07 Mar,21h 20m,1 stop,In-flight meal not included,13712
IndiGo,24/06/2019,Delhi,Cochin,DEL → MAA → COK,02:00,07:25,5h 25m,1 stop,No info,5636
Jet Airways,6/06/2019,Delhi,Cochin,DEL → JAI → BOM → COK,09:40,04:25 07 Jun,18h 45m,2 stops,No info,13014
Jet Airways,1/04/2019,Kolkata,Banglore,CCU → BOM → BLR,08:25,20:45,12h 20m,1 stop,In-flight meal not included,7064
Jet Airways,24/05/2019,Kolkata,Banglore,CCU → DEL → BLR,20:25,14:25 25 May,18h,1 stop,In-flight meal not included,10703
Multiple carriers,27/05/2019,Delhi,Cochin,DEL → HYD → COK,13:15,22:30,9h 15m,1 stop,No info,9646
Multiple carriers,6/03/2019,Delhi,Cochin,DEL → BOM → COK,02:15,13:20,11h 5m,1 stop,No info,17057
Jet Airways,12/03/2019,Banglore,New Delhi,BLR → BOM → DEL,16:55,10:25 13 Mar,17h 30m,1 stop,No info,13817
Air India,6/03/2019,Delhi,Cochin,DEL → BHO → BOM → COK,05:55,19:15,13h 20m,2 stops,No info,13748
Air India,21/04/2019,Kolkata,Banglore,CCU → BLR,20:45,23:20,2h 35m,non-stop,No info,4880
IndiGo,21/06/2019,Chennai,Kolkata,MAA → CCU,05:15,07:40,2h 25m,non-stop,No info,3540
SpiceJet,15/05/2019,Banglore,Delhi,BLR → DEL,05:55,08:35,2h 40m,non-stop,No check-in baggage included,3257
Jet Airways,3/06/2019,Banglore,Delhi,BLR → DEL,19:50,22:50,3h,non-stop,In-flight meal not included,6478
Jet Airways,18/06/2019,Mumbai,Hyderabad,BOM → HYD,07:05,08:30,1h 25m,non-stop,No info,8040
Jet Airways,12/06/2019,Delhi,Cochin,DEL → ATQ → BOM → COK,20:00,12:35 13 Jun,16h 35m,2 stops,No info,14300
Jet Airways,15/05/2019,Kolkata,Banglore,CCU → BOM → BLR,08:25,20:45,12h 20m,1 stop,No info,14781
Jet Airways,9/06/2019,Kolkata,Banglore,CCU → BOM → BLR,20:00,08:15 10 Jun,12h 15m,1 stop,No info,14939
Jet Airways,24/06/2019,Delhi,Cochin,DEL → BOM → COK,20:55,04:25 25 Jun,7h 30m,1 stop,In-flight meal not included,10262
Air India,12/05/2019,Kolkata,Banglore,CCU → MAA → BLR,14:35,14:35 13 May,24h,1 stop,No info,6528
Air India,1/05/2019,Banglore,Delhi,BLR → DEL,06:10,08:55,2h 45m,non-stop,No info,6121
Jet Airways,18/05/2019,Delhi,Cochin,DEL → JAI → BOM → COK,19:30,04:25 19 May,8h 55m,2 stops,In-flight meal not included,13029
Multiple carriers,27/03/2019,Delhi,Cochin,DEL → BOM → COK,11:40,18:50,7h 10m,1 stop,No info,11421
Multiple carriers,27/03/2019,Delhi,Cochin,DEL → BOM → COK,04:45,19:15,14h 30m,1 stop,No info,7574
Air India,9/05/2019,Delhi,Cochin,DEL → JDH → BOM → COK,12:55,19:15 10 May,30h 20m,2 stops,No info,11596
Jet Airways,24/05/2019,Delhi,Cochin,DEL → AMD → BOM → COK,23:05,19:00 25 May,19h 55m,2 stops,No info,15129
Jet Airways,18/03/2019,Banglore,New Delhi,BLR → BOM → DEL,14:05,05:05 16 Mar,15h,1 stop,No info,13555
IndiGo,12/04/2019,Banglore,Delhi,BLR → DEL,18:55,21:50,2h 55m,non-stop,No info,5780
Vistara,12/05/2019,Kolkata,Banglore,CCU → DEL → BLR,20:20,09:05 13 May,12h 45m,1 stop,No info,9397
Jet Airways,6/03/2019,Delhi,Cochin,DEL → BOM → COK,18:15,04:25 07 Mar,10h 10m,1 stop,No info,17024
GoAir,27/06/2019,Delhi,Cochin,DEL → BOM → COK,07:00,12:55,5h 55m,1 stop,No info,5281
Multiple carriers,18/05/2019,Delhi,Cochin,DEL → HYD → COK,07:05,22:30,15h 25m,1 stop,No info,10348
Air India,6/03/2019,Delhi,Cochin,DEL → MAA → COK,17:20,09:25 07 Mar,16h 5m,1 stop,No info,12677
Multiple carriers,3/03/2019,Delhi,Cochin,DEL → BOM → COK,15:25,01:35 04 Mar,10h 10m,1 stop,No info,15147
Vistara,12/06/2019,Banglore,Delhi,BLR → DEL,07:00,09:40,2h 40m,non-stop,No info,4668
Jet Airways,9/05/2019,Delhi,Cochin,DEL → BOM → COK,07:05,19:00,11h 55m,1 stop,No info,15554
SpiceJet,9/04/2019,Banglore,Delhi,BLR → DEL,05:55,08:35,2h 40m,non-stop,No info,3971
Air India,3/05/2019,Mumbai,Hyderabad,BOM → HYD,15:00,16:25,1h 25m,non-stop,No info,3100
Jet Airways,6/05/2019,Kolkata,Banglore,CCU → BOM → BLR,20:00,10:05 07 May,14h 5m,1 stop,In-flight meal not included,9663
Air India,1/03/2019,Delhi,Cochin,DEL → BOM → COK,23:00,19:15 02 Mar,20h 15m,1 stop,No info,27430
IndiGo,12/05/2019,Chennai,Kolkata,MAA → CCU,05:15,07:40,2h 25m,non-stop,No info,3540
Air India,21/05/2019,Kolkata,Banglore,CCU → BBI → BOM → BLR,12:00,11:10 22 May,23h 10m,2 stops,No info,10676
Jet Airways,12/06/2019,Kolkata,Banglore,CCU → BOM → BLR,14:05,08:15 13 Jun,18h 10m,1 stop,No info,13044
Jet Airways,6/05/2019,Kolkata,Banglore,CCU → BOM → BLR,20:00,12:00 07 May,16h,1 stop,No info,14388
IndiGo,24/06/2019,Banglore,Delhi,BLR → DEL,04:00,06:50,2h 50m,non-stop,No info,3943
IndiGo,3/06/2019,Chennai,Kolkata,MAA → CCU,14:45,17:05,2h 20m,non-stop,No info,3597
Air India,21/03/2019,Banglore,New Delhi,BLR → MAA → DEL,11:50,19:50,8h,1 stop,No info,5932
Jet Airways,15/06/2019,Delhi,Cochin,DEL → BOM → COK,11:30,04:25 16 Jun,16h 55m,1 stop,In-flight meal not included,10262
Vistara,12/05/2019,Delhi,Cochin,DEL → COK,14:40,17:50,3h 10m,non-stop,No info,6216
IndiGo,15/06/2019,Kolkata,Banglore,CCU → BLR,20:25,23:10,2h 45m,non-stop,No info,4804
Multiple carriers,21/05/2019,Delhi,Cochin,DEL → BOM → COK,11:30,01:30 22 May,14h,1 stop,No info,14067
Jet Airways,18/05/2019,Delhi,Cochin,DEL → AMD → BOM → COK,19:10,19:00 19 May,23h 50m,2 stops,No info,15129
Jet Airways,6/06/2019,Delhi,Cochin,DEL → NAG → BOM → COK,06:45,04:25 07 Jun,21h 40m,2 stops,No info,13376
Air India,27/06/2019,Delhi,Cochin,DEL → GOI → BOM → COK,22:00,19:15 28 Jun,21h 15m,2 stops,No info,10441
Jet Airways,24/05/2019,Banglore,Delhi,BLR → DEL,06:00,08:45,2h 45m,non-stop,In-flight meal not included,4030
Jet Airways,3/03/2019,Delhi,Cochin,DEL → BOM → COK,08:00,18:50,10h 50m,1 stop,No info,17024
Multiple carriers,9/04/2019,Delhi,Cochin,DEL → BOM → COK,17:30,01:30 10 Apr,8h,1 stop,No info,13017
GoAir,6/06/2019,Kolkata,Banglore,CCU → BOM → BLR,23:30,07:45 07 Jun,8h 15m,1 stop,No info,6686
IndiGo,15/06/2019,Delhi,Cochin,DEL → MAA → COK,02:00,07:25,5h 25m,1 stop,No info,5636
IndiGo,9/06/2019,Delhi,Cochin,DEL → HYD → COK,07:35,16:10,8h 35m,1 stop,No info,6442
Multiple carriers,21/05/2019,Delhi,Cochin,DEL → HYD → COK,13:05,00:55 22 May,11h 50m,1 stop,No info,9486
Jet Airways,21/05/2019,Kolkata,Banglore,CCU → BOM → BLR,20:00,23:35 22 May,27h 35m,1 stop,In-flight meal not included,10844
Jet Airways,3/06/2019,Delhi,Cochin,DEL → ATQ → BOM → COK,20:00,04:25 04 Jun,8h 25m,2 stops,In-flight meal not included,15318
Air India,3/04/2019,Delhi,Cochin,DEL → MAA → COK,12:30,09:25 04 Apr,20h 55m,1 stop,No info,5117
IndiGo,24/06/2019,Delhi,Cochin,DEL → BLR → COK,15:10,20:00,4h 50m,1 stop,No info,6147
Multiple carriers,9/06/2019,Delhi,Cochin,DEL → BOM → COK,12:50,21:00,8h 10m,1 stop,No info,7005
SpiceJet,3/04/2019,Kolkata,Banglore,CCU → BLR,22:20,00:40 04 Apr,2h 20m,non-stop,No info,3873
Jet Airways,21/03/2019,Delhi,Cochin,DEL → BDQ → BOM → COK,18:25,18:50 22 Mar,24h 25m,2 stops,In-flight meal not included,9270
GoAir,27/06/2019,Banglore,Delhi,BLR → DEL,11:40,14:30,2h 50m,non-stop,No info,3898
Jet Airways,12/05/2019,Kolkata,Banglore,CCU → BOM → BLR,08:25,20:45,12h 20m,1 stop,No info,14781
Jet Airways,24/05/2019,Kolkata,Banglore,CCU → BOM → BLR,20:00,08:15 25 May,12h 15m,1 stop,In-flight meal not included,8586
Air India,9/05/2019,Kolkata,Banglore,CCU → JAI → BOM → BLR,08:20,07:55 10 May,23h 35m,2 stops,No info,10697
Jet Airways,27/06/2019,Delhi,Cochin,DEL → ATQ → BOM → COK,20:00,12:35 28 Jun,16h 35m,2 stops,No info,14300
IndiGo,03/03/2019,Banglore,New Delhi,BLR → DEL,18:55,21:45,2h 50m,non-stop,No info,8855
Jet Airways,12/05/2019,Kolkata,Banglore,CCU → BOM → BLR,16:30,18:15 13 May,25h 45m,1 stop,In-flight meal not included,10844
Jet Airways,6/03/2019,Delhi,Cochin,DEL → BOM → COK,02:15,04:25 07 Mar,26h 10m,1 stop,No info,17024
Jet Airways,1/05/2019,Kolkata,Banglore,CCU → DEL → BLR,09:35,14:25 02 May,28h 50m,1 stop,In-flight meal not included,9314
IndiGo,24/03/2019,Banglore,New Delhi,BLR → DEL,00:40,03:25,2h 45m,non-stop,No info,4777
Air India,9/06/2019,Kolkata,Banglore,CCU → BBI → BLR,12:00,13:15 10 Jun,25h 15m,1 stop,No info,7662
IndiGo,9/05/2019,Delhi,Cochin,DEL → HYD → COK,06:50,16:10,9h 20m,1 stop,No info,6442
SpiceJet,12/06/2019,Delhi,Cochin,DEL → PNQ → COK,08:45,13:15,4h 30m,1 stop,No info,5264
Jet Airways,27/05/2019,Delhi,Cochin,DEL → BOM → COK,13:00,04:25 28 May,15h 25m,1 stop,In-flight meal not included,12898
Air India,3/03/2019,Mumbai,Hyderabad,BOM → HYD,13:55,15:25,1h 30m,non-stop,No info,6092
SpiceJet,21/05/2019,Banglore,Delhi,BLR → DEL,05:55,08:35,2h 40m,non-stop,No info,3311
Jet Airways,27/03/2019,Delhi,Cochin,DEL → BOM → COK,19:15,04:25 28 Mar,9h 10m,1 stop,In-flight meal not included,6540
IndiGo,27/05/2019,Banglore,Delhi,BLR → DEL,01:30,04:15,2h 45m,non-stop,No info,3419
Jet Airways,3/04/2019,Delhi,Cochin,DEL → BOM → COK,14:00,12:35 04 Apr,22h 35m,1 stop,In-flight meal not included,5177
Air India,18/04/2019,Delhi,Cochin,DEL → COK,18:05,21:10,3h 5m,non-stop,No info,8246
Jet Airways,9/06/2019,Kolkata,Banglore,CCU → DEL → BLR,09:35,21:05,11h 30m,1 stop,No info,14676
Multiple carriers,27/06/2019,Delhi,Cochin,DEL → BOM → COK,11:30,21:00,9h 30m,1 stop,No info,13587
Jet Airways,6/05/2019,Kolkata,Banglore,CCU → BOM → BLR,21:10,09:20 07 May,12h 10m,1 stop,In-flight meal not included,9663
Jet Airways,12/06/2019,Kolkata,Banglore,CCU → BOM → BLR,16:30,10:05 13 Jun,17h 35m,1 stop,No info,13044
IndiGo,3/04/2019,Delhi,Cochin,DEL → BOM → COK,20:25,01:30 04 Apr,5h 5m,1 stop,No info,5073
Vistara,21/05/2019,Kolkata,Banglore,CCU → DEL → BLR,17:00,18:50 22 May,25h 50m,1 stop,No info,9345
Jet Airways,6/05/2019,Kolkata,Banglore,CCU → BOM → BLR,14:05,10:05 07 May,20h,1 stop,In-flight meal not included,9663
Multiple carriers,21/05/2019,Delhi,Cochin,DEL → BOM → COK,08:00,21:00,13h,1 stop,No info,14277
Jet Airways,1/06/2019,Delhi,Cochin,DEL → BOM → COK,10:00,04:25 02 Jun,18h 25m,1 stop,In-flight meal not included,10262
Jet Airways,27/03/2019,Mumbai,Hyderabad,BOM → HYD,19:35,21:05,1h 30m,non-stop,No info,5678
Multiple carriers,15/05/2019,Delhi,Cochin,DEL → BOM → COK,16:00,01:30 16 May,9h 30m,1 stop,No info,13727
Jet Airways,6/05/2019,Kolkata,Banglore,CCU → BOM → BLR,20:00,12:00 07 May,16h,1 stop,In-flight meal not included,9663
IndiGo,12/05/2019,Chennai,Kolkata,MAA → CCU,14:45,17:05,2h 20m,non-stop,No info,3858
SpiceJet,24/06/2019,Delhi,Cochin,DEL → PNQ → COK,08:45,13:15,4h 30m,1 stop,No info,4812
IndiGo,27/06/2019,Delhi,Cochin,DEL → LKO → COK,21:50,03:35 28 Jun,5h 45m,1 stop,No info,5775
Jet Airways,6/06/2019,Kolkata,Banglore,CCU → DEL → BLR,09:35,09:45 07 Jun,24h 10m,1 stop,In-flight meal not included,10539
IndiGo,3/06/2019,Kolkata,Banglore,CCU → BLR,15:30,18:05,2h 35m,non-stop,No info,4804
Air Asia,12/06/2019,Banglore,Delhi,BLR → DEL,11:10,13:55,2h 45m,non-stop,No info,3383
IndiGo,03/03/2019,Banglore,New Delhi,BLR → HYD → DEL,12:10,17:05,4h 55m,1 stop,No info,8738
Air India,27/03/2019,Delhi,Cochin,DEL → TRV → COK,05:15,06:50 28 Mar,25h 35m,1 stop,No info,7165
IndiGo,24/06/2019,Delhi,Cochin,DEL → HYD → COK,16:10,22:30,6h 20m,1 stop,No info,6412
Jet Airways,27/06/2019,Banglore,Delhi,BLR → DEL,18:55,22:00,3h 5m,non-stop,No info,8016
Jet Airways,12/03/2019,Banglore,New Delhi,BLR → BOM → DEL,20:35,15:15 13 Mar,18h 40m,1 stop,In-flight meal not included,11087
SpiceJet,27/06/2019,Chennai,Kolkata,MAA → CCU,09:45,12:00,2h 15m,non-stop,No check-in baggage included,3543
Jet Airways,12/06/2019,Kolkata,Banglore,CCU → BOM → BLR,16:30,04:40 13 Jun,12h 10m,1 stop,No info,12471
Jet Airways,24/06/2019,Delhi,Cochin,DEL → BOM → COK,09:00,04:25 25 Jun,19h 25m,1 stop,In-flight meal not included,10262
Air India,18/03/2019,Banglore,New Delhi,BLR → DEL,13:20,16:10,2h 50m,non-stop,No info,4441
Multiple carriers,27/03/2019,Delhi,Cochin,DEL → BOM → COK,07:05,15:30,8h 25m,1 stop,No info,12537
GoAir,24/03/2019,Kolkata,Banglore,CCU → BOM → BLR,22:25,07:40 25 Mar,9h 15m,1 stop,No info,10091
Air India,3/06/2019,Banglore,Delhi,BLR → DEL,21:05,23:55,2h 50m,non-stop,No info,6961
IndiGo,24/04/2019,Delhi,Cochin,DEL → COK,05:35,08:50,3h 15m,non-stop,No info,5013
Air India,18/05/2019,Delhi,Cochin,DEL → COK,05:10,08:00,2h 50m,non-stop,No info,6934
Multiple carriers,3/06/2019,Delhi,Cochin,DEL → BOM → COK,06:40,19:00,12h 20m,1 stop,No info,10877
Jet Airways,18/04/2019,Banglore,Delhi,BLR → DEL,15:15,18:10,2h 55m,non-stop,No info,7229
IndiGo,27/03/2019,Delhi,Cochin,DEL → BOM → COK,16:00,01:35 28 Mar,9h 35m,1 stop,No info,7048
Vistara,27/06/2019,Banglore,Delhi,BLR → DEL,17:00,19:35,2h 35m,non-stop,No info,4878
Jet Airways,21/05/2019,Kolkata,Banglore,CCU → BOM → BLR,14:05,23:35,9h 30m,1 stop,In-flight meal not included,10844
Jet Airways,18/05/2019,Delhi,Cochin,DEL → AMD → BOM → COK,23:05,04:25 20 May,29h 20m,2 stops,No info,15129
IndiGo,12/05/2019,Banglore,Delhi,BLR → DEL,00:30,03:25,2h 55m,non-stop,No info,3943
SpiceJet,6/06/2019,Delhi,Cochin,DEL → MAA → COK,06:05,11:20,5h 15m,1 stop,No info,5583
Multiple carriers,6/06/2019,Delhi,Cochin,DEL → HYD → COK,07:05,16:10,9h 5m,1 stop,No info,9646
Multiple carriers,3/06/2019,Delhi,Cochin,DEL → BOM → COK,08:30,19:15,10h 45m,1 stop,No info,7677
IndiGo,1/06/2019,Delhi,Cochin,DEL → BLR → COK,05:10,10:05,4h 55m,1 stop,No info,6842
Jet Airways,24/06/2019,Mumbai,Hyderabad,BOM → HYD,08:45,10:15,1h 30m,non-stop,In-flight meal not included,4995
Vistara,9/06/2019,Kolkata,Banglore,CCU → DEL → BLR,07:10,18:50,11h 40m,1 stop,No info,9555
IndiGo,1/06/2019,Banglore,Delhi,BLR → DEL,01:30,04:15,2h 45m,non-stop,No info,4077
Jet Airways,12/05/2019,Banglore,Delhi,BLR → DEL,15:15,18:10,2h 55m,non-stop,No info,7229
Multiple carriers,9/06/2019,Delhi,Cochin,DEL → BOM → COK,09:00,19:00,10h,1 stop,No info,12192
Air India,12/04/2019,Banglore,Delhi,BLR → DEL,10:00,12:45,2h 45m,non-stop,No info,5911
Air India,12/06/2019,Delhi,Cochin,DEL → BOM → COK,09:00,19:15,10h 15m,1 stop,No info,8372
Jet Airways,18/03/2019,Mumbai,Hyderabad,BOM → HYD,07:10,08:35,1h 25m,non-stop,In-flight meal not included,4995
Multiple carriers,9/05/2019,Delhi,Cochin,DEL → BOM → COK,10:00,19:15,9h 15m,1 stop,No info,14323
Jet Airways,9/06/2019,Delhi,Cochin,DEL → JAI → BOM → COK,05:30,04:25 10 Jun,22h 55m,2 stops,No info,13014
Air India,6/06/2019,Delhi,Cochin,DEL → CCU → BOM → COK,14:25,19:15 07 Jun,28h 50m,2 stops,No info,13591
Jet Airways,3/03/2019,Delhi,Cochin,DEL → IDR → BOM → COK,05:25,18:50 04 Mar,37h 25m,2 stops,No info,18799
IndiGo,27/04/2019,Banglore,Delhi,BLR → DEL,23:30,02:20 28 Apr,2h 50m,non-stop,No info,3943
SpiceJet,21/05/2019,Mumbai,Hyderabad,BOM → HYD,05:45,07:15,1h 30m,non-stop,No check-in baggage included,1965
Jet Airways,27/05/2019,Mumbai,Hyderabad,BOM → HYD,10:20,11:50,1h 30m,non-stop,In-flight meal not included,4995
Air India,24/03/2019,Kolkata,Banglore,CCU → BOM → BLR,16:50,18:30 25 Mar,25h 40m,1 stop,No info,14641
Air India,12/04/2019,Kolkata,Banglore,CCU → BLR,20:45,23:20,2h 35m,non-stop,No info,4460
Air India,18/05/2019,Delhi,Cochin,DEL → BOM → COK,13:00,19:15,6h 15m,1 stop,No info,10191
Jet Airways,9/03/2019,Delhi,Cochin,DEL → BOM → COK,02:15,19:45,17h 30m,1 stop,In-flight meal not included,13843
IndiGo,1/05/2019,Delhi,Cochin,DEL → LKO → COK,21:50,03:35 02 May,5h 45m,1 stop,No info,6349
Air Asia,1/05/2019,Kolkata,Banglore,CCU → BLR,10:20,12:55,2h 35m,non-stop,No info,4409
Jet Airways,6/03/2019,Delhi,Cochin,DEL → BOM → COK,18:15,19:45 07 Mar,25h 30m,1 stop,No info,17024
Multiple carriers,18/05/2019,Delhi,Cochin,DEL → BOM → COK,07:05,21:00,13h 55m,1 stop,No info,13727
IndiGo,15/03/2019,Banglore,New Delhi,BLR → DEL,18:25,21:20,2h 55m,non-stop,No info,8855
Multiple carriers,24/06/2019,Delhi,Cochin,DEL → BOM → COK,08:45,19:00,10h 15m,1 stop,No info,12524
Jet Airways,18/03/2019,Banglore,New Delhi,BLR → BOM → DEL,11:40,20:20,8h 40m,1 stop,No info,13555
Jet Airways,6/06/2019,Kolkata,Banglore,CCU → BOM → BLR,06:30,12:00,5h 30m,1 stop,In-flight meal not included,10844
Multiple carriers,9/06/2019,Delhi,Cochin,DEL → BOM → COK,09:00,21:00,12h,1 stop,No info,13587
SpiceJet,12/06/2019,Chennai,Kolkata,MAA → CCU,09:45,12:00,2h 15m,non-stop,No check-in baggage included,3543
Vistara,18/03/2019,Chennai,Kolkata,MAA → CCU,07:05,09:20,2h 15m,non-stop,No info,4842
IndiGo,24/04/2019,Banglore,Delhi,BLR → DEL,23:30,02:20 25 Apr,2h 50m,non-stop,No info,3943
Jet Airways,9/06/2019,Delhi,Cochin,DEL → BOM → COK,19:15,04:25 10 Jun,9h 10m,1 stop,In-flight meal not included,10577
IndiGo,15/05/2019,Delhi,Cochin,DEL → BOM → COK,10:35,21:00,10h 25m,1 stop,No info,6979
Vistara,27/06/2019,Chennai,Kolkata,MAA → CCU,17:45,20:05,2h 20m,non-stop,No info,11982
SpiceJet,6/06/2019,Delhi,Cochin,DEL → PNQ → COK,08:45,13:15,4h 30m,1 stop,No info,5264
Vistara,3/03/2019,Delhi,Cochin,DEL → COK,06:00,09:10,3h 10m,non-stop,No info,8001
Air India,1/06/2019,Delhi,Cochin,DEL → AMD → BOM → COK,19:45,19:15 02 Jun,23h 30m,2 stops,No info,10651
Jet Airways,24/05/2019,Kolkata,Banglore,CCU → BOM → BLR,16:30,19:50 25 May,27h 20m,1 stop,In-flight meal not included,10844
Multiple carriers,27/03/2019,Delhi,Cochin,DEL → HYD → COK,09:45,22:20,12h 35m,1 stop,No info,6601
Air India,21/03/2019,Delhi,Cochin,DEL → BOM → COK,19:00,19:15 22 Mar,24h 15m,1 stop,No info,6587
SpiceJet,21/03/2019,Mumbai,Hyderabad,BOM → HYD,13:10,14:30,1h 20m,non-stop,No info,3173
Air India,9/05/2019,Banglore,Delhi,BLR → DEL,10:00,12:45,2h 45m,non-stop,No info,5228
Jet Airways,21/06/2019,Banglore,Delhi,BLR → DEL,07:10,10:10,3h,non-stop,In-flight meal not included,5769
Jet Airways,6/06/2019,Delhi,Cochin,DEL → BOM → COK,08:00,19:00,11h,1 stop,No info,14714
Jet Airways,3/06/2019,Delhi,Cochin,DEL → JAI → BOM → COK,05:30,19:00,13h 30m,2 stops,No info,13014
IndiGo,3/06/2019,Banglore,Delhi,BLR → DEL,22:10,01:00 04 Jun,2h 50m,non-stop,No info,3359
GoAir,03/03/2019,Banglore,New Delhi,BLR → DEL,20:55,23:50,2h 55m,non-stop,No info,6722
IndiGo,18/03/2019,Kolkata,Banglore,CCU → BLR,09:35,12:20,2h 45m,non-stop,No info,4462
IndiGo,9/03/2019,Delhi,Cochin,DEL → HYD → COK,04:55,16:10,11h 15m,1 stop,No info,6171
Air India,21/05/2019,Kolkata,Banglore,CCU → IXR → DEL → BLR,05:50,20:25,14h 35m,2 stops,No info,12303
Multiple carriers,21/03/2019,Delhi,Cochin,DEL → BOM → COK,11:40,01:35 22 Mar,13h 55m,1 stop,No info,7695
IndiGo,24/06/2019,Delhi,Cochin,DEL → BOM → COK,11:25,01:30 25 Jun,14h 5m,1 stop,No info,5684
Air India,12/06/2019,Kolkata,Banglore,CCU → BOM → BLR,16:50,07:55 13 Jun,15h 5m,1 stop,No info,8366
Air India,1/03/2019,Chennai,Kolkata,MAA → CCU,11:40,13:55,2h 15m,non-stop,No info,19630
Jet Airways,06/03/2019,Banglore,New Delhi,BLR → BOM → DEL,14:05,05:05 07 Mar,15h,1 stop,In-flight meal not included,13502
Jet Airways,1/05/2019,Kolkata,Banglore,CCU → BOM → BLR,21:10,10:05 02 May,12h 55m,1 stop,No info,14781
Multiple carriers,12/06/2019,Delhi,Cochin,DEL → HYD → COK,07:10,16:10,9h,1 stop,No info,6513
Air India,1/06/2019,Delhi,Cochin,DEL → BOM → COK,07:00,19:15,12h 15m,1 stop,No info,9929
Multiple carriers,6/06/2019,Delhi,Cochin,DEL → IXU → BOM → COK,17:50,01:30 07 Jun,7h 40m,2 stops,No info,18275
Air India,9/04/2019,Delhi,Cochin,DEL → MAA → COK,06:05,09:25 10 Apr,27h 20m,1 stop,No info,4487
IndiGo,15/03/2019,Mumbai,Hyderabad,BOM → HYD,21:20,22:45,1h 25m,non-stop,No info,2754
Air India,27/03/2019,Mumbai,Hyderabad,BOM → HYD,06:20,07:40,1h 20m,non-stop,No info,2575
SpiceJet,12/06/2019,Kolkata,Banglore,CCU → IXB → BLR,15:55,21:25,5h 30m,1 stop,No info,8224
Air India,9/03/2019,Delhi,Cochin,DEL → BLR → COK,20:30,08:15 10 Mar,11h 45m,1 stop,No info,8991
IndiGo,24/06/2019,Delhi,Cochin,DEL → COK,05:35,08:50,3h 15m,non-stop,No info,5000
Jet Airways,12/06/2019,Kolkata,Banglore,CCU → BOM → BLR,18:55,19:50 13 Jun,24h 55m,1 stop,In-flight meal not included,8529
Air India,3/03/2019,Delhi,Cochin,DEL → MAA → COK,06:05,09:25 04 Mar,27h 20m,1 stop,No info,14042
Jet Airways,24/05/2019,Banglore,Delhi,BLR → DEL,11:10,14:05,2h 55m,non-stop,In-flight meal not included,4030
Jet Airways,6/06/2019,Kolkata,Banglore,CCU → BOM → BLR,18:55,12:00 07 Jun,17h 5m,1 stop,In-flight meal not included,10844
IndiGo,6/05/2019,Kolkata,Banglore,CCU → BLR,21:25,00:05 07 May,2h 40m,non-stop,No info,4804
Multiple carriers,27/05/2019,Delhi,Cochin,DEL → BOM → COK,17:30,01:30 28 May,8h,1 stop,In-flight meal not included,7308
IndiGo,12/05/2019,Banglore,Delhi,BLR → DEL,16:55,19:55,3h,non-stop,No info,4823
Jet Airways,24/06/2019,Delhi,Cochin,DEL → BOM → COK,09:00,12:35 25 Jun,27h 35m,1 stop,In-flight meal not included,10262
Jet Airways,27/05/2019,Delhi,Cochin,DEL → BOM → COK,20:55,04:25 28 May,7h 30m,1 stop,In-flight meal not included,12898
Air India,12/03/2019,Banglore,New Delhi,BLR → BOM → JDH → DEL,17:25,16:20 13 Mar,22h 55m,2 stops,No info,12778
IndiGo,3/03/2019,Delhi,Cochin,DEL → BOM → COK,04:45,13:20,8h 35m,1 stop,No info,14871
Air India,21/03/2019,Delhi,Cochin,DEL → UDR → BOM → COK,13:20,19:15 22 Mar,29h 55m,2 stops,No info,8708
Jet Airways,6/06/2019,Kolkata,Banglore,CCU → BOM → BLR,20:00,18:15 07 Jun,22h 15m,1 stop,In-flight meal not included,10844
SpiceJet,6/03/2019,Mumbai,Hyderabad,BOM → HYD,05:45,07:05,1h 20m,non-stop,No info,4129
IndiGo,18/05/2019,Kolkata,Banglore,CCU → BLR,21:25,00:05 19 May,2h 40m,non-stop,No info,4804
Jet Airways,6/05/2019,Banglore,Delhi,BLR → DEL,08:20,11:20,3h,non-stop,No info,7229
Jet Airways,21/03/2019,Banglore,New Delhi,BLR → BOM → DEL,07:00,19:10,12h 10m,1 stop,In-flight meal not included,7832
SpiceJet,18/03/2019,Chennai,Kolkata,MAA → CCU,09:30,12:05,2h 35m,non-stop,No info,3859
Multiple carriers,6/06/2019,Delhi,Cochin,DEL → BOM → COK,07:30,19:15,11h 45m,1 stop,No info,9001
Vistara,9/05/2019,Banglore,Delhi,BLR → DEL,17:00,19:35,2h 35m,non-stop,No info,4878
IndiGo,3/05/2019,Mumbai,Hyderabad,BOM → HYD,02:35,04:05,1h 30m,non-stop,No info,2754
Vistara,27/06/2019,Banglore,Delhi,BLR → DEL,07:00,09:40,2h 40m,non-stop,No info,4668
Air Asia,12/05/2019,Kolkata,Banglore,CCU → BLR,10:20,12:55,2h 35m,non-stop,No info,5216
Jet Airways,6/06/2019,Delhi,Cochin,DEL → JAI → BOM → COK,05:30,04:25 07 Jun,22h 55m,2 stops,In-flight meal not included,10368
IndiGo,9/03/2019,Delhi,Cochin,DEL → HYD → MAA → COK,06:40,21:20,14h 40m,2 stops,No info,8146
Jet Airways,27/03/2019,Delhi,Cochin,DEL → BOM → COK,13:00,04:25 28 Mar,15h 25m,1 stop,No info,12242
Jet Airways,15/03/2019,Banglore,New Delhi,BLR → BOM → DEL,08:00,15:15,7h 15m,1 stop,In-flight meal not included,9134
Air India,6/06/2019,Delhi,Cochin,DEL → HYD → MAA → COK,13:15,09:25 07 Jun,20h 10m,2 stops,No info,10939
Air India,6/06/2019,Delhi,Cochin,DEL → GOI → BOM → COK,10:55,07:40 07 Jun,20h 45m,2 stops,No info,11753
SpiceJet,24/04/2019,Kolkata,Banglore,CCU → BLR,17:10,19:40,2h 30m,non-stop,No info,4174
Jet Airways,21/05/2019,Kolkata,Banglore,CCU → BOM → BLR,20:00,19:50 22 May,23h 50m,1 stop,In-flight meal not included,10844
Jet Airways,3/06/2019,Delhi,Cochin,DEL → BOM → COK,16:00,19:00 04 Jun,27h,1 stop,No info,14714
Jet Airways,12/06/2019,Kolkata,Banglore,CCU → BOM → BLR,06:30,12:00,5h 30m,1 stop,In-flight meal not included,9899
IndiGo,3/03/2019,Delhi,Cochin,DEL → BOM → COK,09:10,21:00,11h 50m,1 stop,No info,14871
IndiGo,6/03/2019,Chennai,Kolkata,MAA → CCU,13:20,15:35,2h 15m,non-stop,No info,7295
Air India,6/06/2019,Delhi,Cochin,DEL → JAI → BOM → COK,18:45,19:15 07 Jun,24h 30m,2 stops,No info,13465
SpiceJet,21/05/2019,Chennai,Kolkata,MAA → CCU,17:45,20:05,2h 20m,non-stop,No check-in baggage included,3543
Multiple carriers,27/06/2019,Delhi,Cochin,DEL → BOM → COK,19:00,01:30 28 Jun,6h 30m,1 stop,No info,7198
Jet Airways,1/06/2019,Delhi,Cochin,DEL → BOM → COK,08:00,04:25 02 Jun,20h 25m,1 stop,In-flight meal not included,10262
IndiGo,15/03/2019,Kolkata,Banglore,CCU → BLR,15:20,17:55,2h 35m,non-stop,No info,4148
Jet Airways,27/06/2019,Banglore,Delhi,BLR → DEL,15:15,18:10,2h 55m,non-stop,No info,8016
Jet Airways,9/06/2019,Delhi,Cochin,DEL → BOM → COK,22:50,04:25 10 Jun,5h 35m,1 stop,In-flight meal not included,10262
SpiceJet,15/06/2019,Kolkata,Banglore,CCU → BLR,14:55,17:25,2h 30m,non-stop,No check-in baggage included,3841
Jet Airways,12/03/2019,Banglore,New Delhi,BLR → MAA → DEL,09:45,00:30 13 Mar,14h 45m,1 stop,No info,11507
Jet Airways,1/05/2019,Kolkata,Banglore,CCU → BOM → BLR,08:25,20:45,12h 20m,1 stop,No info,14781
Jet Airways,27/05/2019,Delhi,Cochin,DEL → BOM → COK,17:30,19:00 28 May,25h 30m,1 stop,No info,16079
Jet Airways,27/05/2019,Delhi,Cochin,DEL → BOM → COK,22:50,04:25 28 May,5h 35m,1 stop,In-flight meal not included,12898
Multiple carriers,6/03/2019,Delhi,Cochin,DEL → BOM → COK,07:30,19:15,11h 45m,1 stop,No info,15353
IndiGo,24/03/2019,Banglore,New Delhi,BLR → DEL,18:25,21:20,2h 55m,non-stop,No info,7303
SpiceJet,24/03/2019,Kolkata,Banglore,CCU → MAA → BLR,15:05,20:45,5h 40m,1 stop,No info,6197
Air India,9/06/2019,Kolkata,Banglore,CCU → BBI → BLR,09:10,13:15,4h 5m,1 stop,No info,8996
IndiGo,21/03/2019,Delhi,Cochin,DEL → HYD → COK,14:20,22:20,8h,1 stop,No info,6528
GoAir,9/04/2019,Banglore,Delhi,BLR → DEL,20:55,23:40,2h 45m,non-stop,No info,4239
IndiGo,12/03/2019,Kolkata,Banglore,CCU → BLR,20:25,23:05,2h 40m,non-stop,No info,4148
SpiceJet,24/05/2019,Banglore,Delhi,BLR → DEL,21:10,00:05 25 May,2h 55m,non-stop,No info,3971
Air Asia,6/05/2019,Kolkata,Banglore,CCU → DEL → BLR,07:35,23:30,15h 55m,1 stop,No info,5192
Jet Airways,9/04/2019,Delhi,Cochin,DEL → AMD → BOM → COK,13:25,12:35 10 Apr,23h 10m,2 stops,No info,9483
Jet Airways,3/06/2019,Delhi,Cochin,DEL → JDH → BOM → COK,11:40,19:00,7h 20m,2 stops,No info,18804
Air India,18/06/2019,Delhi,Cochin,DEL → COK,05:10,08:00,2h 50m,non-stop,No info,5201
Jet Airways,27/05/2019,Delhi,Cochin,DEL → BOM → COK,11:30,19:00,7h 30m,1 stop,No info,16079
Jet Airways,15/06/2019,Banglore,Delhi,BLR → DEL,19:50,22:50,3h,non-stop,In-flight meal not included,7229
Multiple carriers,27/05/2019,Delhi,Cochin,DEL → BOM → COK,17:45,01:30 28 May,7h 45m,1 stop,No info,6795
Jet Airways,9/05/2019,Kolkata,Banglore,CCU → DEL → BLR,09:35,10:55 10 May,25h 20m,1 stop,No info,10953
Multiple carriers,24/06/2019,Delhi,Cochin,DEL → IDR → BOM → COK,15:05,01:30 25 Jun,10h 25m,2 stops,No info,15965
Air India,9/04/2019,Delhi,Cochin,DEL → JDH → BOM → COK,12:55,19:15 10 Apr,30h 20m,2 stops,No info,9968
IndiGo,6/06/2019,Kolkata,Banglore,CCU → BLR,22:15,00:50 07 Jun,2h 35m,non-stop,No info,4804
Jet Airways,27/05/2019,Delhi,Cochin,DEL → BOM → COK,10:00,19:00,9h,1 stop,No info,16079
Jet Airways,12/06/2019,Delhi,Cochin,DEL → IDR → BOM → COK,21:25,12:35 13 Jun,15h 10m,2 stops,In-flight meal not included,11507
Air India,9/06/2019,Kolkata,Banglore,CCU → BOM → COK → BLR,09:25,13:45 10 Jun,28h 20m,2 stops,No info,11542
Jet Airways,24/04/2019,Banglore,Delhi,BLR → DEL,17:45,20:45,3h,non-stop,No info,7229
Jet Airways,27/04/2019,Banglore,Delhi,BLR → DEL,06:00,08:45,2h 45m,non-stop,In-flight meal not included,4544
IndiGo,15/05/2019,Delhi,Cochin,DEL → BLR → COK,05:10,10:05,4h 55m,1 stop,No info,6496
IndiGo,15/06/2019,Kolkata,Banglore,CCU → BLR,21:25,00:05 16 Jun,2h 40m,non-stop,No info,4804
Air India,01/03/2019,Banglore,New Delhi,BLR → CCU → DEL,11:05,09:15 02 Mar,22h 10m,1 stop,No info,13439
Jet Airways,27/03/2019,Delhi,Cochin,DEL → BOM → COK,18:15,04:25 28 Mar,10h 10m,1 stop,In-flight meal not included,6540
IndiGo,1/06/2019,Banglore,Delhi,BLR → DEL,23:30,02:20 02 Jun,2h 50m,non-stop,No info,4591
IndiGo,18/03/2019,Banglore,New Delhi,BLR → HYD → DEL,16:15,20:35,4h 20m,1 stop,No info,4437
Air Asia,21/03/2019,Delhi,Cochin,DEL → BLR → COK,20:10,07:10 22 Mar,11h,1 stop,No info,6151
Jet Airways,21/06/2019,Banglore,Delhi,BLR → DEL,17:45,20:45,3h,non-stop,In-flight meal not included,7754
Jet Airways,24/06/2019,Delhi,Cochin,DEL → BOM → COK,14:00,12:35 25 Jun,22h 35m,1 stop,In-flight meal not included,10262
Jet Airways,9/06/2019,Banglore,Delhi,BLR → DEL,18:55,22:00,3h 5m,non-stop,No info,8016
SpiceJet,24/03/2019,Kolkata,Banglore,CCU → BLR,06:55,09:35,2h 40m,non-stop,No check-in baggage included,4781
Vistara,27/06/2019,Banglore,Delhi,BLR → DEL,11:30,14:20,2h 50m,non-stop,No info,4668
Air India,06/03/2019,Banglore,New Delhi,BLR → MAA → DEL,11:50,08:55 07 Mar,21h 5m,1 stop,No info,14594
Jet Airways,24/03/2019,Kolkata,Banglore,CCU → BOM → BLR,16:55,04:45 25 Mar,11h 50m,1 stop,No info,14231
Air India,15/05/2019,Delhi,Cochin,DEL → TRV → COK,05:15,06:50 16 May,25h 35m,1 stop,No info,8425
Multiple carriers,12/06/2019,Delhi,Cochin,DEL → HYD → COK,07:05,22:30,15h 25m,1 stop,No info,9646
IndiGo,3/03/2019,Chennai,Kolkata,MAA → CCU,14:40,17:05,2h 25m,non-stop,No info,7295
Air Asia,9/04/2019,Kolkata,Banglore,CCU → BBI → BLR,06:50,10:30,3h 40m,1 stop,No info,5162
IndiGo,09/03/2019,Banglore,New Delhi,BLR → DEL,18:25,21:20,2h 55m,non-stop,No info,6860
Vistara,15/04/2019,Delhi,Cochin,DEL → COK,06:00,09:10,3h 10m,non-stop,No info,6216
Air Asia,24/05/2019,Kolkata,Banglore,CCU → DEL → BLR,07:35,19:25,11h 50m,1 stop,No info,5192
IndiGo,9/04/2019,Banglore,Delhi,BLR → DEL,20:00,22:50,2h 50m,non-stop,No info,4823
SpiceJet,3/04/2019,Banglore,Delhi,BLR → DEL,09:30,12:20,2h 50m,non-stop,No check-in baggage included,3919
IndiGo,3/06/2019,Mumbai,Hyderabad,BOM → HYD,19:05,20:35,1h 30m,non-stop,No info,2754
Multiple carriers,9/05/2019,Delhi,Cochin,DEL → BOM → COK,07:30,19:00,11h 30m,1 stop,No info,9315
Multiple carriers,27/03/2019,Delhi,Cochin,DEL → BOM → COK,10:00,18:50,8h 50m,1 stop,No info,11667
Jet Airways,12/06/2019,Kolkata,Banglore,CCU → BOM → BLR,08:25,04:40 13 Jun,20h 15m,1 stop,In-flight meal not included,6224
Air India,24/03/2019,Kolkata,Banglore,CCU → BOM → GOI → BLR,09:25,05:35 25 Mar,20h 10m,2 stops,No info,13349
Jet Airways,18/03/2019,Banglore,New Delhi,BLR → BOM → DEL,16:55,09:00 16 Mar,16h 5m,1 stop,In-flight meal not included,11087
Multiple carriers,6/03/2019,Delhi,Cochin,DEL → BOM → COK,13:00,01:35 07 Mar,12h 35m,1 stop,No info,15603
Jet Airways,9/05/2019,Delhi,Cochin,DEL → JAI → BOM → COK,19:30,12:35 10 May,17h 5m,2 stops,No info,15129
IndiGo,9/04/2019,Banglore,Delhi,BLR → DEL,16:55,19:55,3h,non-stop,No info,4823
Vistara,1/05/2019,Kolkata,Banglore,CCU → DEL → BLR,07:10,22:40,15h 30m,1 stop,No info,8452
Multiple carriers,6/06/2019,Delhi,Cochin,DEL → BOM → COK,07:30,19:00,11h 30m,1 stop,No info,12524
SpiceJet,27/03/2019,Chennai,Kolkata,MAA → CCU,17:45,20:05,2h 20m,non-stop,No info,3384
Jet Airways,1/06/2019,Delhi,Cochin,DEL → BOM → COK,19:15,19:00 02 Jun,23h 45m,1 stop,In-flight meal not included,10262
SpiceJet,18/06/2019,Mumbai,Hyderabad,BOM → HYD,13:15,14:45,1h 30m,non-stop,No check-in baggage included,1965
IndiGo,18/05/2019,Kolkata,Banglore,CCU → BLR,22:15,00:50 19 May,2h 35m,non-stop,No info,4804
Jet Airways,27/05/2019,Delhi,Cochin,DEL → BOM → COK,18:15,19:00 28 May,24h 45m,1 stop,No info,16079
Jet Airways,1/06/2019,Delhi,Cochin,DEL → IDR → BOM → COK,21:25,19:00 02 Jun,21h 35m,2 stops,No info,13292
Air Asia,9/05/2019,Delhi,Cochin,DEL → BLR → COK,07:55,13:25,5h 30m,1 stop,No info,6751
Air India,15/05/2019,Delhi,Cochin,DEL → BOM → COK,07:00,19:15,12h 15m,1 stop,No info,8669
IndiGo,3/03/2019,Delhi,Cochin,DEL → BOM → COK,17:30,01:35 04 Mar,8h 5m,1 stop,No info,14871
Jet Airways,21/05/2019,Delhi,Cochin,DEL → BOM → COK,14:00,19:00,5h,1 stop,In-flight meal not included,12898
SpiceJet,6/06/2019,Banglore,Delhi,BLR → DEL,09:30,12:20,2h 50m,non-stop,No check-in baggage included,3919
Multiple carriers,1/03/2019,Delhi,Cochin,DEL → BOM → COK,12:50,19:15,6h 25m,1 stop,No info,36983
IndiGo,3/06/2019,Chennai,Kolkata,MAA → CCU,19:35,21:55,2h 20m,non-stop,No info,3597
Air India,09/03/2019,Banglore,New Delhi,BLR → DEL,17:00,19:45,2h 45m,non-stop,No info,10741
Air India,6/06/2019,Kolkata,Banglore,CCU → BOM → GOI → BLR,16:50,05:35 07 Jun,12h 45m,2 stops,No info,11432
Jet Airways,12/03/2019,Banglore,New Delhi,BLR → BOM → DEL,18:55,10:45 13 Mar,15h 50m,1 stop,In-flight meal not included,11087
Jet Airways,3/06/2019,Delhi,Cochin,DEL → IDR → BOM → COK,09:35,12:35 04 Jun,27h,2 stops,No info,13292
Air India,15/06/2019,Delhi,Cochin,DEL → RPR → NAG → BOM → COK,05:15,07:40 16 Jun,26h 25m,3 stops,No info,10493
GoAir,09/03/2019,Banglore,New Delhi,BLR → DEL,07:45,10:40,2h 55m,non-stop,No info,7631
Air India,6/06/2019,Delhi,Cochin,DEL → CCU → BOM → COK,06:50,07:40 07 Jun,24h 50m,2 stops,No info,13381
Jet Airways,6/06/2019,Kolkata,Banglore,CCU → BOM → BLR,20:00,04:40 07 Jun,8h 40m,1 stop,No info,13731
Air India,21/05/2019,Delhi,Cochin,DEL → BHO → BOM → COK,05:55,07:40 22 May,25h 45m,2 stops,No info,11911
IndiGo,18/04/2019,Banglore,Delhi,BLR → DEL,23:30,02:20 19 Apr,2h 50m,non-stop,No info,4591
Multiple carriers,3/06/2019,Delhi,Cochin,DEL → BOM → COK,13:00,19:15,6h 15m,1 stop,No info,14848
Multiple carriers,12/06/2019,Delhi,Cochin,DEL → BOM → COK,08:45,19:15,10h 30m,1 stop,No info,8266
Air India,18/05/2019,Delhi,Cochin,DEL → HYD → BOM → COK,17:15,19:15 19 May,26h,2 stops,No info,12392
Jet Airways,12/06/2019,Kolkata,Banglore,CCU → BOM → BLR,18:55,12:00 13 Jun,17h 5m,1 stop,No info,13044
Jet Airways,21/05/2019,Delhi,Cochin,DEL → BOM → COK,07:05,04:25 22 May,21h 20m,1 stop,In-flight meal not included,12898
Jet Airways,21/03/2019,Delhi,Cochin,DEL → BOM → COK,22:50,04:25 22 Mar,5h 35m,1 stop,No info,12242
IndiGo,18/05/2019,Banglore,Delhi,BLR → DEL,10:10,13:00,2h 50m,non-stop,No info,3943
Vistara,24/03/2019,Kolkata,Banglore,CCU → DEL → BLR,20:20,22:10 25 Mar,25h 50m,1 stop,No info,11105
Jet Airways,12/05/2019,Kolkata,Banglore,CCU → BOM → BLR,21:10,09:20 13 May,12h 10m,1 stop,No info,14388
Jet Airways,18/05/2019,Delhi,Cochin,DEL → JAI → BOM → COK,19:30,12:35 19 May,17h 5m,2 stops,No info,13014
Multiple carriers,6/03/2019,Delhi,Cochin,DEL → BOM → COK,10:20,18:50,8h 30m,1 stop,No info,15411
Jet Airways,9/03/2019,Delhi,Cochin,DEL → BOM → COK,19:45,18:50 10 Mar,23h 5m,1 stop,No info,16289
IndiGo,15/05/2019,Delhi,Cochin,DEL → HYD → COK,06:50,16:10,9h 20m,1 stop,No info,6442
Jet Airways,18/05/2019,Kolkata,Banglore,CCU → BOM → BLR,08:25,16:20,7h 55m,1 stop,In-flight meal not included,10844
Jet Airways,18/05/2019,Mumbai,Hyderabad,BOM → HYD,10:20,11:50,1h 30m,non-stop,No info,5678
IndiGo,12/04/2019,Banglore,Delhi,BLR → DEL,23:30,02:20 13 Apr,2h 50m,non-stop,No info,6906
SpiceJet,21/05/2019,Chennai,Kolkata,MAA → CCU,09:45,12:00,2h 15m,non-stop,No check-in baggage included,3543
Jet Airways,6/06/2019,Delhi,Cochin,DEL → BOM → COK,09:00,19:00,10h,1 stop,No info,14714
Vistara Premium economy,03/03/2019,Banglore,New Delhi,BLR → DEL,16:00,18:35,2h 35m,non-stop,No info,11793
Multiple carriers,15/05/2019,Delhi,Cochin,DEL → BOM → COK,11:30,19:15,7h 45m,1 stop,No info,14323
SpiceJet,9/04/2019,Banglore,Delhi,BLR → DEL,21:10,00:05 10 Apr,2h 55m,non-stop,No info,3971
Vistara,6/05/2019,Kolkata,Banglore,CCU → DEL → BLR,20:20,22:40 07 May,26h 20m,1 stop,No info,8452
Vistara,12/04/2019,Banglore,Delhi,BLR → DEL,07:00,09:40,2h 40m,non-stop,No info,5403
Multiple carriers,9/05/2019,Delhi,Cochin,DEL → BOM → COK,10:00,21:00,11h,1 stop,No info,13727
Air India,1/04/2019,Kolkata,Banglore,CCU → DEL → AMD → BLR,10:00,05:25 02 Apr,19h 25m,2 stops,No info,12639
Jet Airways,18/04/2019,Banglore,Delhi,BLR → DEL,15:15,18:10,2h 55m,non-stop,In-flight meal not included,5198
Vistara,1/06/2019,Banglore,Delhi,BLR → DEL,19:30,22:15,2h 45m,non-stop,No info,4878
Jet Airways,18/05/2019,Delhi,Cochin,DEL → BOM → COK,19:45,19:00 19 May,23h 15m,1 stop,In-flight meal not included,12373
Multiple carriers,3/03/2019,Delhi,Cochin,DEL → HYD → COK,07:10,16:10,9h,1 stop,In-flight meal not included,8552
Vistara,21/04/2019,Delhi,Cochin,DEL → COK,14:40,17:50,3h 10m,non-stop,No info,6741
Multiple carriers,9/04/2019,Delhi,Cochin,DEL → BOM → COK,12:50,19:15,6h 25m,1 stop,No info,6481
Multiple carriers,6/06/2019,Delhi,Cochin,DEL → BOM → COK,10:35,19:15,8h 40m,1 stop,No info,7354
Air India,21/04/2019,Banglore,Delhi,BLR → DEL,21:05,23:55,2h 50m,non-stop,No info,5228
Jet Airways,12/05/2019,Kolkata,Banglore,CCU → BOM → BLR,08:25,20:45,12h 20m,1 stop,In-flight meal not included,10844
IndiGo,18/05/2019,Delhi,Cochin,DEL → HYD → COK,06:50,12:10,5h 20m,1 stop,No info,6347
Air India,15/03/2019,Banglore,New Delhi,BLR → HYD → DEL,08:15,12:15,4h,1 stop,No info,5013
Jet Airways,9/06/2019,Kolkata,Banglore,CCU → BOM → BLR,18:55,04:40 10 Jun,9h 45m,1 stop,In-flight meal not included,9663
IndiGo,6/04/2019,Banglore,Delhi,BLR → DEL,18:25,21:20,2h 55m,non-stop,No info,4823
Air India,24/06/2019,Delhi,Cochin,DEL → CCU → BOM → COK,16:55,19:15 25 Jun,26h 20m,2 stops,No info,13381
SpiceJet,1/06/2019,Chennai,Kolkata,MAA → CCU,09:45,12:00,2h 15m,non-stop,No check-in baggage included,3543
Jet Airways,15/05/2019,Kolkata,Banglore,CCU → BOM → BLR,18:55,04:40 16 May,9h 45m,1 stop,In-flight meal not included,9663
Jet Airways,1/04/2019,Kolkata,Banglore,CCU → BOM → BLR,18:55,19:50 02 Apr,24h 55m,1 stop,In-flight meal not included,7064
Jet Airways,9/06/2019,Delhi,Cochin,DEL → BOM → COK,07:05,19:00,11h 55m,1 stop,In-flight meal not included,10262
Air India,1/06/2019,Delhi,Cochin,DEL → GOI → BOM → COK,10:55,19:15,8h 20m,2 stops,No info,13013
Jet Airways,27/06/2019,Delhi,Cochin,DEL → AMD → BOM → COK,19:10,12:35 28 Jun,17h 25m,2 stops,No info,15339
GoAir,18/04/2019,Banglore,Delhi,BLR → DEL,11:40,14:30,2h 50m,non-stop,No info,4937
IndiGo,6/06/2019,Delhi,Cochin,DEL → HYD → COK,05:05,12:10,7h 5m,1 stop,No info,6818
Air India,18/05/2019,Delhi,Cochin,DEL → GOI → BOM → COK,22:00,19:15 19 May,21h 15m,2 stops,No info,10441
Jet Airways,3/04/2019,Delhi,Cochin,DEL → BOM → COK,14:00,19:00,5h,1 stop,In-flight meal not included,5177
IndiGo,27/06/2019,Chennai,Kolkata,MAA → CCU,11:35,14:00,2h 25m,non-stop,No info,3858
IndiGo,18/05/2019,Kolkata,Banglore,CCU → PNQ → BLR,21:00,02:15 19 May,5h 15m,1 stop,No info,6534
Multiple carriers,15/06/2019,Delhi,Cochin,DEL → BOM → COK,10:20,01:30 16 Jun,15h 10m,1 stop,No info,6795
Multiple carriers,3/06/2019,Delhi,Cochin,DEL → BOM → COK,07:30,19:15,11h 45m,1 stop,No info,9736
Jet Airways,1/05/2019,Banglore,Delhi,BLR → DEL,19:50,22:50,3h,non-stop,No info,7229
SpiceJet,24/04/2019,Delhi,Cochin,DEL → BLR → COK,17:55,22:50,4h 55m,1 stop,No info,4957
IndiGo,09/03/2019,Banglore,New Delhi,BLR → DEL,06:00,08:45,2h 45m,non-stop,No info,7648
SpiceJet,15/06/2019,Kolkata,Banglore,CCU → BLR,14:55,17:25,2h 30m,non-stop,No info,3873
Jet Airways,12/05/2019,Kolkata,Banglore,CCU → BOM → BLR,18:55,04:40 13 May,9h 45m,1 stop,No info,14388
IndiGo,6/03/2019,Kolkata,Banglore,CCU → BLR,17:15,19:55,2h 40m,non-stop,No info,5618
Multiple carriers,9/06/2019,Delhi,Cochin,DEL → BOM → COK,19:00,01:30 10 Jun,6h 30m,1 stop,No info,7408
Air Asia,3/03/2019,Delhi,Cochin,DEL → BLR → COK,16:45,22:15,5h 30m,1 stop,No info,13774
Vistara,3/05/2019,Banglore,Delhi,BLR → DEL,07:00,09:40,2h 40m,non-stop,No info,4668
Jet Airways,21/03/2019,Delhi,Cochin,DEL → UDR → BOM → COK,18:20,04:25 23 Mar,34h 5m,2 stops,No info,13082
Air India,3/06/2019,Delhi,Cochin,DEL → BOM → COK,03:50,19:15,15h 25m,1 stop,No info,8669
IndiGo,24/06/2019,Delhi,Cochin,DEL → BOM → COK,16:00,01:30 25 Jun,9h 30m,1 stop,No info,6316
Jet Airways,6/03/2019,Delhi,Cochin,DEL → BOM → COK,22:20,04:25 07 Mar,6h 5m,1 stop,In-flight meal not included,12583
Vistara,09/03/2019,Banglore,New Delhi,BLR → DEL,16:10,18:50,2h 40m,non-stop,No info,7923
GoAir,3/03/2019,Delhi,Cochin,DEL → BOM → COK,07:00,12:50,5h 50m,1 stop,No info,7378
Vistara,3/06/2019,Banglore,Delhi,BLR → DEL,19:30,22:15,2h 45m,non-stop,No info,4878
Jet Airways,18/05/2019,Kolkata,Banglore,CCU → BOM → BLR,16:30,19:50 19 May,27h 20m,1 stop,In-flight meal not included,10844
Jet Airways,3/04/2019,Banglore,Delhi,BLR → DEL,08:20,11:20,3h,non-stop,No info,7229
SpiceJet,21/05/2019,Delhi,Cochin,DEL → MAA → COK,06:05,11:20,5h 15m,1 stop,No info,6297
Jet Airways,12/06/2019,Kolkata,Banglore,CCU → BOM → BLR,20:00,12:00 13 Jun,16h,1 stop,In-flight meal not included,8529
Multiple carriers,18/05/2019,Delhi,Cochin,DEL → BOM → COK,14:00,21:00,7h,1 stop,No info,13727
SpiceJet,24/05/2019,Kolkata,Banglore,CCU → PNQ → BLR,08:35,17:15,8h 40m,1 stop,No info,6643
Multiple carriers,9/05/2019,Delhi,Cochin,DEL → BOM → COK,10:00,19:00,9h,1 stop,No info,10197
SpiceJet,21/04/2019,Kolkata,Banglore,CCU → BLR,22:20,00:40 22 Apr,2h 20m,non-stop,No info,4911
IndiGo,6/03/2019,Chennai,Kolkata,MAA → CCU,05:15,07:35,2h 20m,non-stop,No info,6482
Jet Airways,01/03/2019,Banglore,New Delhi,BLR → BOM → DEL,08:55,15:15,6h 20m,1 stop,No info,26890
IndiGo,18/05/2019,Kolkata,Banglore,CCU → HYD → BLR,19:20,23:45,4h 25m,1 stop,No info,3717
IndiGo,1/06/2019,Chennai,Kolkata,MAA → CCU,13:15,15:35,2h 20m,non-stop,No info,3597
Air India,18/03/2019,Banglore,New Delhi,BLR → CCU → GAU → DEL,11:05,22:10,11h 5m,2 stops,No info,10846
Air India,01/03/2019,Banglore,New Delhi,BLR → CCU → DEL,05:50,22:45,16h 55m,1 stop,No info,14069
Jet Airways,1/04/2019,Delhi,Cochin,DEL → BOM → COK,22:50,12:35 02 Apr,13h 45m,1 stop,In-flight meal not included,5177
Air India,6/03/2019,Delhi,Cochin,DEL → NAG → BOM → COK,05:55,07:40 07 Mar,25h 45m,2 stops,No info,14641
IndiGo,6/06/2019,Delhi,Cochin,DEL → HYD → COK,08:35,22:30,13h 55m,1 stop,No info,6442
Air India,21/03/2019,Delhi,Cochin,DEL → BLR → COK,17:45,23:00,5h 15m,1 stop,No info,5704
Jet Airways,6/05/2019,Kolkata,Banglore,CCU → BOM → BLR,14:05,09:20 07 May,19h 15m,1 stop,In-flight meal not included,9663
Jet Airways,6/06/2019,Delhi,Cochin,DEL → BOM → COK,20:55,04:25 07 Jun,7h 30m,1 stop,No info,14714
Jet Airways,1/04/2019,Delhi,Cochin,DEL → BOM → COK,10:00,19:00,9h,1 stop,In-flight meal not included,5406
Vistara,15/05/2019,Kolkata,Banglore,CCU → DEL → BLR,20:20,20:20 16 May,24h,1 stop,No info,8610
Jet Airways,12/06/2019,Delhi,Cochin,DEL → BDQ → BOM → COK,18:25,12:35 13 Jun,18h 10m,2 stops,No info,14237
IndiGo,9/06/2019,Banglore,Delhi,BLR → DEL,07:10,10:05,2h 55m,non-stop,No info,4823
IndiGo,27/03/2019,Mumbai,Hyderabad,BOM → HYD,20:05,21:35,1h 30m,non-stop,No info,2227
Jet Airways,18/05/2019,Delhi,Cochin,DEL → BOM → COK,07:05,04:25 19 May,21h 20m,1 stop,In-flight meal not included,12373
Air India,6/06/2019,Delhi,Cochin,DEL → BOM → COK,13:00,19:15,6h 15m,1 stop,No info,8372
Jet Airways,3/03/2019,Delhi,Cochin,DEL → BOM → COK,13:55,04:25 04 Mar,14h 30m,1 stop,No info,17024
Air India,27/05/2019,Mumbai,Hyderabad,BOM → HYD,21:05,22:25,1h 20m,non-stop,No info,3100
Jet Airways,9/03/2019,Delhi,Cochin,DEL → BOM → COK,06:50,19:45,12h 55m,1 stop,In-flight meal not included,14053
IndiGo,9/05/2019,Chennai,Kolkata,MAA → CCU,05:15,07:40,2h 25m,non-stop,No info,3540
Vistara,21/05/2019,Kolkata,Banglore,CCU → DEL → BLR,20:20,18:50 22 May,22h 30m,1 stop,No info,9345
Jet Airways,1/06/2019,Delhi,Cochin,DEL → JAI → BOM → COK,05:30,04:25 02 Jun,22h 55m,2 stops,In-flight meal not included,10368
Jet Airways,01/03/2019,Banglore,New Delhi,BLR → BOM → DEL,07:00,12:25,5h 25m,1 stop,No info,26890
SpiceJet,9/03/2019,Mumbai,Hyderabad,BOM → HYD,08:50,10:15,1h 25m,non-stop,No info,5755
Jet Airways,21/03/2019,Banglore,New Delhi,BLR → BOM → DEL,08:55,16:10,7h 15m,1 stop,In-flight meal not included,7832
Jet Airways,6/05/2019,Kolkata,Banglore,CCU → BOM → BLR,08:25,20:45,12h 20m,1 stop,No info,14388
Air India,27/06/2019,Delhi,Cochin,DEL → HYD → MAA → COK,13:15,09:25 28 Jun,20h 10m,2 stops,No info,8839
Air India,3/03/2019,Delhi,Cochin,DEL → GOI → BOM → COK,22:00,19:15 04 Mar,21h 15m,2 stops,No info,22096
Vistara,27/05/2019,Chennai,Kolkata,MAA → CCU,07:05,09:20,2h 15m,non-stop,No info,3687
Multiple carriers,15/05/2019,Delhi,Cochin,DEL → BOM → COK,08:30,19:00,10h 30m,1 stop,No info,9627
Multiple carriers,21/03/2019,Delhi,Cochin,DEL → BOM → COK,11:30,01:35 22 Mar,14h 5m,1 stop,No info,13542
IndiGo,27/04/2019,Banglore,Delhi,BLR → DEL,04:00,06:50,2h 50m,non-stop,No info,4423
IndiGo,3/03/2019,Delhi,Cochin,DEL → HYD → MAA → COK,04:55,21:20,16h 25m,2 stops,No info,8899
SpiceJet,21/04/2019,Delhi,Cochin,DEL → MAA → COK,06:05,11:20,5h 15m,1 stop,No info,5583
Air Asia,27/05/2019,Delhi,Cochin,DEL → BLR → COK,16:45,06:35 28 May,13h 50m,1 stop,No info,6752
SpiceJet,21/05/2019,Chennai,Kolkata,MAA → CCU,08:20,10:35,2h 15m,non-stop,No check-in baggage included,3543
Jet Airways,21/03/2019,Banglore,New Delhi,BLR → BOM → DEL,08:00,15:15,7h 15m,1 stop,In-flight meal not included,7832
Air India,1/05/2019,Kolkata,Banglore,CCU → IXR → DEL → BLR,05:50,08:55 02 May,27h 5m,2 stops,No info,10991
Jet Airways,27/05/2019,Delhi,Cochin,DEL → BOM → COK,09:00,12:35 28 May,27h 35m,1 stop,In-flight meal not included,12898
Jet Airways,27/05/2019,Delhi,Cochin,DEL → BOM → COK,14:00,19:00,5h,1 stop,In-flight meal not included,12898
GoAir,24/05/2019,Banglore,Delhi,BLR → DEL,11:40,14:30,2h 50m,non-stop,No info,3398
Air India,24/04/2019,Delhi,Cochin,DEL → COK,05:10,08:00,2h 50m,non-stop,No info,5201
Air India,6/05/2019,Kolkata,Banglore,CCU → DEL → COK → BLR,10:00,01:20 07 May,15h 20m,2 stops,No info,13873
Air India,15/06/2019,Delhi,Cochin,DEL → BLR → COK,17:40,23:00,5h 20m,1 stop,No info,7384
Jet Airways,6/06/2019,Delhi,Cochin,DEL → BOM → COK,18:15,04:25 07 Jun,10h 10m,1 stop,In-flight meal not included,10262
Jet Airways,24/03/2019,Kolkata,Banglore,CCU → BOM → BLR,08:25,12:00 25 Mar,27h 35m,1 stop,In-flight meal not included,10031
Jet Airways,6/05/2019,Kolkata,Banglore,CCU → DEL → BLR,09:35,19:10,9h 35m,1 stop,In-flight meal not included,12384
Jet Airways,9/05/2019,Kolkata,Banglore,CCU → BOM → BLR,14:05,18:15 10 May,28h 10m,1 stop,In-flight meal not included,7757
Jet Airways,06/03/2019,Banglore,New Delhi,BLR → BOM → DEL,21:25,11:25 07 Mar,14h,1 stop,No info,17261
SpiceJet,1/03/2019,Chennai,Kolkata,MAA → CCU,09:30,12:05,2h 35m,non-stop,No info,7298
Jet Airways,6/04/2019,Banglore,Delhi,BLR → DEL,15:15,18:10,2h 55m,non-stop,No info,7229
IndiGo,1/04/2019,Kolkata,Banglore,CCU → BLR,04:40,07:15,2h 35m,non-stop,No info,4174
IndiGo,18/05/2019,Kolkata,Banglore,CCU → MAA → BLR,17:35,22:15,4h 40m,1 stop,No info,5699
Air India,24/04/2019,Kolkata,Banglore,CCU → BLR,14:15,16:45,2h 30m,non-stop,No info,4880
Air India,6/03/2019,Delhi,Cochin,DEL → BOM → COK,08:00,19:15,11h 15m,1 stop,No info,15284
Jet Airways,24/03/2019,Kolkata,Banglore,CCU → BOM → BLR,08:25,16:20,7h 55m,1 stop,No info,13759
Vistara,24/03/2019,Kolkata,Banglore,CCU → DEL → BLR,09:55,18:45,8h 50m,1 stop,No info,16092
IndiGo,9/03/2019,Mumbai,Hyderabad,BOM → HYD,06:20,07:45,1h 25m,non-stop,No info,4392
Jet Airways,24/06/2019,Delhi,Cochin,DEL → BOM → COK,20:55,12:35 25 Jun,15h 40m,1 stop,In-flight meal not included,10262
SpiceJet,12/06/2019,Kolkata,Banglore,CCU → BLR,06:55,09:30,2h 35m,non-stop,No check-in baggage included,3841
GoAir,1/06/2019,Banglore,Delhi,BLR → DEL,07:45,10:40,2h 55m,non-stop,No info,5048
Air India,21/05/2019,Kolkata,Banglore,CCU → DEL → BLR,07:00,20:25,13h 25m,1 stop,No info,11096
IndiGo,24/04/2019,Delhi,Cochin,DEL → HYD → COK,07:35,12:10,4h 35m,1 stop,No info,5073
Jet Airways,3/03/2019,Delhi,Cochin,DEL → BOM → COK,09:55,04:25 04 Mar,18h 30m,1 stop,No info,19828
Vistara,21/03/2019,Chennai,Kolkata,MAA → CCU,07:05,09:20,2h 15m,non-stop,No info,3739
Air India,9/03/2019,Delhi,Cochin,DEL → AMD → BOM → COK,05:00,19:15 10 Mar,38h 15m,2 stops,No info,10598
Jet Airways,15/06/2019,Banglore,Delhi,BLR → DEL,18:55,22:00,3h 5m,non-stop,In-flight meal not included,7229
Vistara,1/04/2019,Kolkata,Banglore,CCU → DEL → BLR,17:00,18:50 02 Apr,25h 50m,1 stop,No info,8610
Vistara,9/05/2019,Delhi,Cochin,DEL → COK,14:40,17:50,3h 10m,non-stop,No info,6216
Air India,9/06/2019,Banglore,Delhi,BLR → DEL,13:20,16:10,2h 50m,non-stop,No info,6961
Jet Airways,6/05/2019,Kolkata,Banglore,CCU → DEL → BLR,09:35,21:05,11h 30m,1 stop,In-flight meal not included,10703
Jet Airways,15/05/2019,Kolkata,Banglore,CCU → DEL → BLR,17:00,23:35,6h 35m,1 stop,No info,14151
Jet Airways,9/05/2019,Kolkata,Banglore,CCU → BOM → BLR,06:30,10:05 10 May,27h 35m,1 stop,In-flight meal not included,8586
IndiGo,12/04/2019,Kolkata,Banglore,CCU → BLR,20:20,22:55,2h 35m,non-stop,No info,4488
Multiple carriers,15/06/2019,Delhi,Cochin,DEL → BOM → COK,18:00,01:30 16 Jun,7h 30m,1 stop,No info,7408
Jet Airways,18/04/2019,Delhi,Cochin,DEL → COK,11:00,14:15,3h 15m,non-stop,In-flight meal not included,5443
Jet Airways,12/06/2019,Kolkata,Banglore,CCU → DEL → BLR,09:35,19:10,9h 35m,1 stop,In-flight meal not included,10539
Multiple carriers,1/06/2019,Delhi,Cochin,DEL → BOM → COK,13:00,01:30 02 Jun,12h 30m,1 stop,No info,7723
Multiple carriers,6/03/2019,Delhi,Cochin,DEL → BOM → COK,07:30,18:50,11h 20m,1 stop,No info,15411
Jet Airways,21/05/2019,Banglore,Delhi,BLR → DEL,07:10,10:10,3h,non-stop,No info,7229
IndiGo,21/06/2019,Kolkata,Banglore,CCU → BLR,20:20,22:55,2h 35m,non-stop,No info,4804
Jet Airways,3/03/2019,Mumbai,Hyderabad,BOM → HYD,02:55,04:25,1h 30m,non-stop,In-flight meal not included,4050
Jet Airways,18/05/2019,Kolkata,Banglore,CCU → DEL → BLR,17:00,19:10 19 May,26h 10m,1 stop,No info,14151
SpiceJet,6/04/2019,Delhi,Cochin,DEL → BLR → COK,17:55,22:50,4h 55m,1 stop,No info,4957
Air India,03/03/2019,Banglore,New Delhi,BLR → DEL,21:10,23:55,2h 45m,non-stop,No info,7591
Jet Airways,24/03/2019,Kolkata,Banglore,CCU → BOM → BLR,13:55,22:35,8h 40m,1 stop,In-flight meal not included,11134
IndiGo,27/05/2019,Delhi,Cochin,DEL → HYD → COK,05:05,12:10,7h 5m,1 stop,No info,6600
Air India,09/03/2019,Banglore,New Delhi,BLR → DEL,21:10,23:55,2h 45m,non-stop,No info,4966
Air India,1/06/2019,Delhi,Cochin,DEL → CCU → BOM → COK,06:50,07:40 02 Jun,24h 50m,2 stops,No info,15481
SpiceJet,1/03/2019,Kolkata,Banglore,CCU → BLR,22:20,00:40 02 Mar,2h 20m,non-stop,No info,5515
Jet Airways,15/06/2019,Delhi,Cochin,DEL → BOM → COK,08:00,19:00,11h,1 stop,No info,14714
GoAir,15/06/2019,Delhi,Cochin,DEL → BOM → COK,10:35,19:35,9h,1 stop,No info,4959
Jet Airways,21/04/2019,Banglore,Delhi,BLR → DEL,11:10,14:05,2h 55m,non-stop,No info,7229
Air India,15/05/2019,Delhi,Cochin,DEL → COK,18:05,21:10,3h 5m,non-stop,No info,6094
Air Asia,24/04/2019,Kolkata,Banglore,CCU → BLR,10:20,12:55,2h 35m,non-stop,No info,4409
Multiple carriers,18/05/2019,Delhi,Cochin,DEL → BOM → COK,06:00,19:00,13h,1 stop,No info,9794
Jet Airways,3/04/2019,Mumbai,Hyderabad,BOM → HYD,02:55,04:20,1h 25m,non-stop,No info,5678
IndiGo,15/06/2019,Delhi,Cochin,DEL → HYD → COK,08:35,16:10,7h 35m,1 stop,No info,6442
Vistara,18/05/2019,Banglore,Delhi,BLR → DEL,07:00,09:40,2h 40m,non-stop,No info,4878
Jet Airways,24/03/2019,Kolkata,Banglore,CCU → BOM → BLR,21:10,10:05 25 Mar,12h 55m,1 stop,In-flight meal not included,12446
Jet Airways,9/05/2019,Delhi,Cochin,DEL → AMD → BOM → COK,23:05,04:25 11 May,29h 20m,2 stops,No info,16704
Jet Airways,15/03/2019,Banglore,New Delhi,BLR → BOM → DEL,05:45,10:45,5h,1 stop,In-flight meal not included,9134
Jet Airways,15/05/2019,Kolkata,Banglore,CCU → BOM → BLR,20:00,04:40 16 May,8h 40m,1 stop,In-flight meal not included,8586
Jet Airways,1/06/2019,Banglore,Delhi,BLR → DEL,07:10,10:10,3h,non-stop,In-flight meal not included,7229
Jet Airways,21/04/2019,Banglore,Delhi,BLR → DEL,07:10,10:10,3h,non-stop,In-flight meal not included,6144
Air India,18/05/2019,Banglore,Delhi,BLR → DEL,10:00,12:45,2h 45m,non-stop,No info,6961
Jet Airways,9/05/2019,Kolkata,Banglore,CCU → BOM → BLR,16:30,04:40 10 May,12h 10m,1 stop,In-flight meal not included,10844
IndiGo,21/05/2019,Chennai,Kolkata,MAA → CCU,19:35,21:55,2h 20m,non-stop,No info,3597
SpiceJet,21/03/2019,Banglore,New Delhi,BLR → PNQ → DEL,10:20,18:15,7h 55m,1 stop,No info,7139
Air India,6/03/2019,Mumbai,Hyderabad,BOM → JDH → DEL → HYD,09:40,15:15 07 Mar,29h 35m,2 stops,No info,25139
Jet Airways,1/06/2019,Delhi,Cochin,DEL → JAI → BOM → COK,09:40,12:35 02 Jun,26h 55m,2 stops,In-flight meal not included,10368
Air India,6/04/2019,Delhi,Cochin,DEL → MAA → COK,20:40,09:25 07 Apr,12h 45m,1 stop,No info,5117
Multiple carriers,18/05/2019,Delhi,Cochin,DEL → BOM → COK,11:40,19:15,7h 35m,1 stop,No info,9211
SpiceJet,15/04/2019,Kolkata,Banglore,CCU → BLR,17:10,19:40,2h 30m,non-stop,No info,4174
Multiple carriers,27/05/2019,Delhi,Cochin,DEL → BOM → COK,07:30,19:15,11h 45m,1 stop,No info,10786
Jet Airways,15/03/2019,Banglore,New Delhi,BLR → BOM → DEL,08:00,07:40 16 Mar,23h 40m,1 stop,In-flight meal not included,9134
Jet Airways,1/06/2019,Delhi,Cochin,DEL → NAG → BOM → COK,14:35,04:25 02 Jun,13h 50m,2 stops,No info,13376
Air India,21/03/2019,Banglore,New Delhi,BLR → COK → DEL,22:00,10:50 19 Mar,12h 50m,1 stop,No info,6955
Jet Airways,9/05/2019,Kolkata,Banglore,CCU → BOM → BLR,08:25,18:15,9h 50m,1 stop,In-flight meal not included,10844
Air Asia,1/04/2019,Kolkata,Banglore,CCU → BLR,19:55,22:25,2h 30m,non-stop,No info,3807
Jet Airways,1/05/2019,Kolkata,Banglore,CCU → BOM → BLR,14:05,12:00 02 May,21h 55m,1 stop,In-flight meal not included,9663
Jet Airways,9/05/2019,Delhi,Cochin,DEL → BOM → COK,02:15,04:25 10 May,26h 10m,1 stop,In-flight meal not included,12373
SpiceJet,1/05/2019,Banglore,Delhi,BLR → DEL,21:10,00:05 02 May,2h 55m,non-stop,No info,4991
Air India,21/03/2019,Delhi,Cochin,DEL → BOM → COK,23:00,19:15 22 Mar,20h 15m,1 stop,No info,6745
Jet Airways,15/06/2019,Delhi,Cochin,DEL → BOM → COK,22:50,19:00 16 Jun,20h 10m,1 stop,In-flight meal not included,10262
Jet Airways,27/03/2019,Delhi,Cochin,DEL → BOM → COK,17:30,04:25 28 Mar,10h 55m,1 stop,In-flight meal not included,6540
SpiceJet,6/04/2019,Kolkata,Banglore,CCU → BLR,17:10,19:40,2h 30m,non-stop,No info,3873
Jet Airways,9/05/2019,Delhi,Cochin,DEL → BOM → COK,21:50,19:00 10 May,21h 10m,1 stop,No info,15554
IndiGo,27/05/2019,Kolkata,Banglore,CCU → BLR,20:20,22:55,2h 35m,non-stop,No info,4804
Jet Airways,27/03/2019,Delhi,Cochin,DEL → BOM → COK,23:05,19:45 28 Mar,20h 40m,1 stop,In-flight meal not included,7438
Air Asia,3/05/2019,Banglore,Delhi,BLR → DEL,04:55,07:45,2h 50m,non-stop,No info,6181
Multiple carriers,1/05/2019,Delhi,Cochin,DEL → BOM → COK,19:00,01:30 02 May,6h 30m,1 stop,No info,9424
Air India,12/03/2019,Banglore,New Delhi,BLR → BOM → BHO → DEL,17:25,23:25 13 Mar,30h,2 stops,No info,12725
Air India,15/03/2019,Banglore,New Delhi,BLR → HYD → DEL,08:15,21:25,13h 10m,1 stop,No info,6046
SpiceJet,15/06/2019,Banglore,Delhi,BLR → DEL,21:10,00:05 16 Jun,2h 55m,non-stop,No info,3971
Jet Airways,6/06/2019,Kolkata,Banglore,CCU → DEL → BLR,20:25,14:25 07 Jun,18h,1 stop,No info,12692
IndiGo,6/03/2019,Delhi,Cochin,DEL → HYD → COK,14:20,22:20,8h,1 stop,No info,7451
Jet Airways,12/03/2019,Banglore,New Delhi,BLR → BOM → DEL,22:55,07:40 13 Mar,8h 45m,1 stop,No info,13817
Jet Airways,6/05/2019,Kolkata,Banglore,CCU → DEL → BLR,09:35,22:05,12h 30m,1 stop,In-flight meal not included,10703
Jet Airways,12/03/2019,Banglore,New Delhi,BLR → BOM → DEL,21:25,10:45 13 Mar,13h 20m,1 stop,No info,13817
Jet Airways,15/03/2019,Banglore,New Delhi,BLR → BOM → DEL,22:55,05:05 13 Mar,6h 10m,1 stop,No info,27210
Jet Airways,18/05/2019,Kolkata,Banglore,CCU → BOM → BLR,21:10,04:40 19 May,7h 30m,1 stop,No info,13941
Air India,01/03/2019,Banglore,New Delhi,BLR → HYD → DEL,17:00,12:15 02 Mar,19h 15m,1 stop,No info,10246
IndiGo,6/05/2019,Kolkata,Banglore,CCU → BLR,17:15,19:50,2h 35m,non-stop,No info,4804
Air Asia,6/06/2019,Kolkata,Banglore,CCU → DEL → BLR,22:40,10:40 07 Jun,12h,1 stop,No info,6810
Jet Airways,1/05/2019,Banglore,Delhi,BLR → DEL,08:20,11:20,3h,non-stop,In-flight meal not included,5198
Vistara,3/05/2019,Banglore,Delhi,BLR → DEL,21:00,23:50,2h 50m,non-stop,No info,5613
IndiGo,3/03/2019,Mumbai,Hyderabad,BOM → HYD,21:20,22:45,1h 25m,non-stop,No info,4784
Jet Airways,21/03/2019,Delhi,Cochin,DEL → BOM → COK,19:45,18:50 22 Mar,23h 5m,1 stop,In-flight meal not included,5406
Air India,27/04/2019,Banglore,Delhi,BLR → DEL,13:20,16:10,2h 50m,non-stop,No info,5228
Jet Airways,27/05/2019,Delhi,Cochin,DEL → BOM → COK,20:55,19:00 28 May,22h 5m,1 stop,In-flight meal not included,12898
Air India,15/06/2019,Chennai,Kolkata,MAA → CCU,11:40,13:55,2h 15m,non-stop,No info,4667
Jet Airways,21/05/2019,Kolkata,Banglore,CCU → BOM → BLR,14:05,19:50,5h 45m,1 stop,No info,14781
Vistara,21/04/2019,Banglore,Delhi,BLR → DEL,09:45,12:35,2h 50m,non-stop,No info,5403
Jet Airways,12/06/2019,Kolkata,Banglore,CCU → BOM → BLR,14:05,23:35,9h 30m,1 stop,In-flight meal not included,9899
Jet Airways,21/05/2019,Delhi,Cochin,DEL → JAI → BOM → COK,19:30,04:25 22 May,8h 55m,2 stops,In-flight meal not included,13029
Vistara,18/05/2019,Kolkata,Banglore,CCU → DEL → BLR,17:00,10:45 19 May,17h 45m,1 stop,No info,9187
IndiGo,24/05/2019,Banglore,Delhi,BLR → DEL,20:00,22:50,2h 50m,non-stop,No info,4823
Air India,27/03/2019,Delhi,Cochin,DEL → HYD → BOM → COK,21:30,19:15 28 Mar,21h 45m,2 stops,No info,8665
IndiGo,6/03/2019,Delhi,Cochin,DEL → BOM → COK,08:25,21:00,12h 35m,1 stop,No info,14871
IndiGo,21/06/2019,Mumbai,Hyderabad,BOM → HYD,06:25,07:55,1h 30m,non-stop,No info,4049
Air India,12/06/2019,Chennai,Kolkata,MAA → CCU,11:40,13:55,2h 15m,non-stop,No info,4667
IndiGo,9/04/2019,Kolkata,Banglore,CCU → BBI → BLR,19:55,23:50,3h 55m,1 stop,No info,4226
Air India,03/03/2019,Banglore,New Delhi,BLR → DEL,06:10,08:55,2h 45m,non-stop,No info,7591
Jet Airways,06/03/2019,Banglore,New Delhi,BLR → BOM → DEL,05:45,13:15,7h 30m,1 stop,No info,19225
Jet Airways,27/05/2019,Delhi,Cochin,DEL → BOM → COK,19:15,12:35 28 May,17h 20m,1 stop,In-flight meal not included,12898
IndiGo,9/06/2019,Mumbai,Hyderabad,BOM → HYD,12:00,13:30,1h 30m,non-stop,No info,2754
SpiceJet,3/05/2019,Mumbai,Hyderabad,BOM → HYD,13:15,14:45,1h 30m,non-stop,No check-in baggage included,1965
Air India,24/03/2019,Kolkata,Banglore,CCU → GAU → DEL → BLR,16:45,23:15 25 Mar,30h 30m,2 stops,No info,12835
Jet Airways Business,01/03/2019,Banglore,New Delhi,BLR → BOM → DEL,05:45,10:45,5h,1 stop,No info,52229
Multiple carriers,15/05/2019,Delhi,Cochin,DEL → BOM → COK,08:00,19:15,11h 15m,1 stop,No info,14533
Vistara,24/06/2019,Banglore,Delhi,BLR → DEL,09:45,12:35,2h 50m,non-stop,No info,4668
Jet Airways,9/04/2019,Delhi,Cochin,DEL → BOM → COK,17:30,12:35 10 Apr,19h 5m,1 stop,No info,11822
Jet Airways,27/03/2019,Delhi,Cochin,DEL → BOM → COK,21:50,04:25 28 Mar,6h 35m,1 stop,In-flight meal not included,6017
Jet Airways,9/06/2019,Delhi,Cochin,DEL → BOM → COK,11:30,19:00,7h 30m,1 stop,No info,14714
SpiceJet,9/06/2019,Chennai,Kolkata,MAA → CCU,08:20,10:35,2h 15m,non-stop,No info,3597
Air Asia,24/04/2019,Banglore,Delhi,BLR → DEL,11:10,13:55,2h 45m,non-stop,No info,3383
Air India,18/05/2019,Kolkata,Banglore,CCU → BOM → GOI → BLR,16:50,05:35 19 May,12h 45m,2 stops,No info,11642
Vistara,27/04/2019,Banglore,Delhi,BLR → DEL,21:00,23:50,2h 50m,non-stop,No info,5403
Air India,3/03/2019,Delhi,Cochin,DEL → AMD → BOM → COK,16:40,19:15 04 Mar,26h 35m,2 stops,No info,14221
Jet Airways,18/05/2019,Kolkata,Banglore,CCU → BOM → BLR,21:10,10:05 19 May,12h 55m,1 stop,In-flight meal not included,8586
IndiGo,12/06/2019,Mumbai,Hyderabad,BOM → HYD,09:10,10:40,1h 30m,non-stop,No info,4049
Jet Airways,3/06/2019,Delhi,Cochin,DEL → BOM → COK,19:45,04:25 04 Jun,8h 40m,1 stop,In-flight meal not included,10262
Multiple carriers,21/05/2019,Delhi,Cochin,DEL → BOM → COK,07:00,21:00,14h,1 stop,No info,7888
Air India,21/03/2019,Delhi,Cochin,DEL → AMD → BOM → COK,19:45,19:15 22 Mar,23h 30m,2 stops,No info,8236
Air India,6/06/2019,Delhi,Cochin,DEL → UDR → BOM → COK,13:20,19:15 07 Jun,29h 55m,2 stops,No info,12961
Jet Airways,9/05/2019,Kolkata,Banglore,CCU → BOM → BLR,06:30,04:40 10 May,22h 10m,1 stop,In-flight meal not included,8586
IndiGo,18/05/2019,Kolkata,Banglore,CCU → MAA → BLR,08:10,13:00,4h 50m,1 stop,No info,5279
GoAir,18/06/2019,Banglore,Delhi,BLR → DEL,20:55,23:40,2h 45m,non-stop,No info,3419
Jet Airways,15/06/2019,Delhi,Cochin,DEL → IDR → BOM → COK,05:30,19:00,13h 30m,2 stops,No info,13292
Jet Airways,15/05/2019,Kolkata,Banglore,CCU → DEL → BLR,20:25,09:45 16 May,13h 20m,1 stop,No info,13067
IndiGo,3/05/2019,Chennai,Kolkata,MAA → CCU,13:15,15:35,2h 20m,non-stop,No info,3597
Jet Airways,18/05/2019,Delhi,Cochin,DEL → BOM → COK,07:05,19:00,11h 55m,1 stop,No info,15554
IndiGo,15/05/2019,Delhi,Cochin,DEL → BLR → COK,17:05,22:15,5h 10m,1 stop,No info,6027
Jet Airways,9/05/2019,Kolkata,Banglore,CCU → BOM → BLR,06:30,18:15,11h 45m,1 stop,No info,14781
Jet Airways,1/06/2019,Delhi,Cochin,DEL → NAG → BOM → COK,14:35,04:25 02 Jun,13h 50m,2 stops,No info,13376
IndiGo,27/05/2019,Banglore,Delhi,BLR → DEL,21:15,00:15 28 May,3h,non-stop,No info,3943
GoAir,12/06/2019,Delhi,Cochin,DEL → AMD → COK,07:25,13:35,6h 10m,1 stop,No info,5842
IndiGo,15/03/2019,Chennai,Kolkata,MAA → CCU,05:15,07:35,2h 20m,non-stop,No info,4326
Multiple carriers,1/06/2019,Delhi,Cochin,DEL → BOM → COK,08:30,19:15,10h 45m,1 stop,No info,8937
Air India,21/03/2019,Chennai,Kolkata,MAA → CCU,11:40,13:55,2h 15m,non-stop,No info,3670
IndiGo,18/06/2019,Banglore,Delhi,BLR → DEL,18:25,21:20,2h 55m,non-stop,No info,4823
Jet Airways,3/04/2019,Mumbai,Hyderabad,BOM → HYD,19:35,21:05,1h 30m,non-stop,In-flight meal not included,2071
Multiple carriers,27/06/2019,Delhi,Cochin,DEL → HYD → COK,14:55,22:30,7h 35m,1 stop,In-flight meal not included,6093
Vistara,24/03/2019,Kolkata,Banglore,CCU → DEL → BLR,20:20,22:55 25 Mar,26h 35m,1 stop,No info,11682
IndiGo,03/03/2019,Banglore,New Delhi,BLR → LKO → DEL,05:25,10:10,4h 45m,1 stop,No info,7774
Jet Airways,12/05/2019,Kolkata,Banglore,CCU → DEL → BLR,17:00,14:25 13 May,21h 25m,1 stop,No info,13067
IndiGo,27/05/2019,Delhi,Cochin,DEL → HYD → COK,07:35,16:10,8h 35m,1 stop,No info,7514
Multiple carriers,9/04/2019,Delhi,Cochin,DEL → BOM → COK,17:00,01:30 10 Apr,8h 30m,1 stop,No info,6838
IndiGo,18/03/2019,Chennai,Kolkata,MAA → CCU,13:20,15:35,2h 15m,non-stop,No info,3858
Multiple carriers,15/06/2019,Delhi,Cochin,DEL → BOM → COK,12:50,01:30 16 Jun,12h 40m,1 stop,No info,6795
Jet Airways,27/05/2019,Delhi,Cochin,DEL → ATQ → BOM → COK,20:00,04:25 28 May,8h 25m,2 stops,No info,16263
Air India,9/05/2019,Kolkata,Banglore,CCU → BOM → BLR,16:50,18:30 10 May,25h 40m,1 stop,No info,8576
Air India,6/05/2019,Banglore,Delhi,BLR → DEL,10:00,12:45,2h 45m,non-stop,No info,5228
Jet Airways,1/05/2019,Delhi,Cochin,DEL → AMD → BOM → COK,23:05,04:25 03 May,29h 20m,2 stops,No info,16704
IndiGo,24/03/2019,Kolkata,Banglore,CCU → BLR,20:25,23:05,2h 40m,non-stop,No info,8872
GoAir,3/05/2019,Banglore,Delhi,BLR → DEL,11:40,14:30,2h 50m,non-stop,No info,3898
SpiceJet,21/03/2019,Chennai,Kolkata,MAA → CCU,17:45,20:05,2h 20m,non-stop,No check-in baggage included,3332
Jet Airways,21/05/2019,Kolkata,Banglore,CCU → GAU → BLR,10:20,17:35,7h 15m,1 stop,In-flight meal not included,5608
Jet Airways,9/05/2019,Kolkata,Banglore,CCU → BOM → BLR,08:25,04:40 10 May,20h 15m,1 stop,No info,13941
Multiple carriers,21/03/2019,Delhi,Cochin,DEL → BOM → COK,07:30,19:15,11h 45m,1 stop,No info,9100
Vistara,15/06/2019,Banglore,Delhi,BLR → DEL,17:00,19:35,2h 35m,non-stop,No info,4878
IndiGo,1/06/2019,Delhi,Cochin,DEL → BOM → COK,07:30,21:00,13h 30m,1 stop,No info,6416
SpiceJet,12/05/2019,Mumbai,Hyderabad,BOM → HYD,05:45,07:15,1h 30m,non-stop,No info,2017
Jet Airways,27/03/2019,Delhi,Cochin,DEL → AMD → BOM → COK,19:10,19:45 28 Mar,24h 35m,2 stops,No info,10976
Jet Airways,24/03/2019,Kolkata,Banglore,CCU → BOM → BLR,19:45,16:20 25 Mar,20h 35m,1 stop,In-flight meal not included,10031
IndiGo,18/03/2019,Kolkata,Banglore,CCU → BLR,05:30,08:20,2h 50m,non-stop,No info,4462
IndiGo,1/04/2019,Delhi,Cochin,DEL → HYD → COK,07:35,12:10,4h 35m,1 stop,No info,5073
IndiGo,27/03/2019,Chennai,Kolkata,MAA → CCU,05:15,07:35,2h 20m,non-stop,No info,4326
Multiple carriers Premium economy,21/03/2019,Delhi,Cochin,DEL → BOM → COK,07:30,19:15,11h 45m,1 stop,No info,10161
IndiGo,12/06/2019,Mumbai,Hyderabad,BOM → HYD,16:55,18:25,1h 30m,non-stop,No info,3175
Vistara,24/03/2019,Kolkata,Banglore,CCU → DEL → BLR,20:20,09:10 25 Mar,12h 50m,1 stop,No info,12312
Jet Airways,21/03/2019,Delhi,Cochin,DEL → UDR → BOM → COK,18:20,18:50 22 Mar,24h 30m,2 stops,No info,12604
Multiple carriers,15/06/2019,Delhi,Cochin,DEL → BOM → COK,07:30,19:00,11h 30m,1 stop,No info,10877
IndiGo,18/05/2019,Kolkata,Banglore,CCU → MAA → BLR,06:20,10:20,4h,1 stop,No info,4226
Jet Airways,6/04/2019,Delhi,Cochin,DEL → BOM → COK,08:00,19:00,11h,1 stop,In-flight meal not included,5406
IndiGo,15/05/2019,Delhi,Cochin,DEL → MAA → COK,02:00,07:25,5h 25m,1 stop,No info,8618
IndiGo,18/04/2019,Kolkata,Banglore,CCU → BLR,17:15,19:50,2h 35m,non-stop,No info,4174
GoAir,1/06/2019,Delhi,Cochin,DEL → BOM → COK,14:25,19:35,5h 10m,1 stop,No info,10651
Jet Airways,21/03/2019,Delhi,Cochin,DEL → BOM → COK,18:15,04:25 22 Mar,10h 10m,1 stop,In-flight meal not included,5963
Jet Airways,12/06/2019,Delhi,Cochin,DEL → JAI → BOM → COK,09:40,12:35 13 Jun,26h 55m,2 stops,In-flight meal not included,10368
IndiGo,6/03/2019,Mumbai,Hyderabad,BOM → GOI → HYD,15:45,23:00,7h 15m,1 stop,No info,7681
Multiple carriers,21/05/2019,Delhi,Cochin,DEL → BOM → COK,12:50,21:00,8h 10m,1 stop,No info,7485
Jet Airways,3/04/2019,Banglore,Delhi,BLR → DEL,15:15,18:10,2h 55m,non-stop,In-flight meal not included,4544
SpiceJet,15/04/2019,Kolkata,Banglore,CCU → MAA → BLR,15:05,20:20,5h 15m,1 stop,No info,4649
Vistara,12/05/2019,Chennai,Kolkata,MAA → CCU,17:45,20:05,2h 20m,non-stop,No info,11982
Jet Airways,24/06/2019,Mumbai,Hyderabad,BOM → HYD,07:05,08:30,1h 25m,non-stop,In-flight meal not included,4995
IndiGo,9/05/2019,Kolkata,Banglore,CCU → MAA → BLR,08:10,13:00,4h 50m,1 stop,No info,5069
SpiceJet,1/06/2019,Kolkata,Banglore,CCU → BLR,22:20,00:40 02 Jun,2h 20m,non-stop,No info,3873
SpiceJet,27/04/2019,Kolkata,Banglore,CCU → BLR,22:20,00:40 28 Apr,2h 20m,non-stop,No info,3873
Air India,27/05/2019,Delhi,Cochin,DEL → BLR → COK,09:45,23:00,13h 15m,1 stop,No info,8907
Jet Airways,9/06/2019,Kolkata,Banglore,CCU → BOM → BLR,21:10,16:20 10 Jun,19h 10m,1 stop,In-flight meal not included,10844
Jet Airways,15/05/2019,Kolkata,Banglore,CCU → BOM → BLR,21:10,19:50 16 May,22h 40m,1 stop,In-flight meal not included,10844
Jet Airways,6/05/2019,Kolkata,Banglore,CCU → BOM → BLR,21:10,12:00 07 May,14h 50m,1 stop,In-flight meal not included,9663
Jet Airways,1/06/2019,Delhi,Cochin,DEL → IDR → BOM → COK,21:25,12:35 02 Jun,15h 10m,2 stops,No info,13292
Jet Airways,12/06/2019,Delhi,Cochin,DEL → BHO → BOM → COK,05:30,12:35,7h 5m,2 stops,No info,14441
Jet Airways,9/06/2019,Mumbai,Hyderabad,BOM → HYD,02:55,04:20,1h 25m,non-stop,In-flight meal not included,4050
IndiGo,09/03/2019,Banglore,New Delhi,BLR → DEL,21:20,00:15 10 Mar,2h 55m,non-stop,No info,6144
IndiGo,6/03/2019,Delhi,Cochin,DEL → BOM → COK,07:30,15:30,8h,1 stop,No info,14871
Air Asia,18/04/2019,Banglore,Delhi,BLR → DEL,11:10,13:55,2h 45m,non-stop,No info,4483
IndiGo,15/05/2019,Delhi,Cochin,DEL → BOM → COK,10:35,01:30 16 May,14h 55m,1 stop,No info,6979
Jet Airways,27/06/2019,Mumbai,Hyderabad,BOM → HYD,10:20,11:50,1h 30m,non-stop,No info,8040
IndiGo,1/06/2019,Delhi,Cochin,DEL → BOM → COK,09:15,01:30 02 Jun,16h 15m,1 stop,No info,7048
SpiceJet,27/06/2019,Banglore,Delhi,BLR → DEL,09:30,12:20,2h 50m,non-stop,No check-in baggage included,3573
IndiGo,27/05/2019,Delhi,Cochin,DEL → BOM → COK,16:00,21:00,5h,1 stop,No info,5054
Air India,1/06/2019,Delhi,Cochin,DEL → BOM → COK,21:00,19:15 02 Jun,22h 15m,1 stop,No info,8582
Air Asia,9/06/2019,Delhi,Cochin,DEL → BLR → COK,07:55,13:25,5h 30m,1 stop,No info,8759
IndiGo,27/04/2019,Delhi,Cochin,DEL → HYD → COK,07:35,16:10,8h 35m,1 stop,No info,6442
Air India,18/05/2019,Delhi,Cochin,DEL → BOM → COK,03:50,19:15,15h 25m,1 stop,No info,8879
Jet Airways,24/03/2019,Kolkata,Banglore,CCU → BOM → BLR,21:10,18:10 25 Mar,21h,1 stop,In-flight meal not included,10031
Jet Airways,3/06/2019,Delhi,Cochin,DEL → JAI → BOM → COK,05:30,19:00,13h 30m,2 stops,In-flight meal not included,10368
IndiGo,24/06/2019,Banglore,Delhi,BLR → DEL,13:00,15:50,2h 50m,non-stop,No info,3943
IndiGo,3/03/2019,Delhi,Cochin,DEL → BOM → COK,04:45,11:30,6h 45m,1 stop,No info,14871
Jet Airways,18/06/2019,Mumbai,Hyderabad,BOM → HYD,08:45,10:15,1h 30m,non-stop,In-flight meal not included,4995
Multiple carriers,24/06/2019,Delhi,Cochin,DEL → BOM → COK,10:20,19:00,8h 40m,1 stop,In-flight meal not included,10791
SpiceJet,3/06/2019,Mumbai,Hyderabad,BOM → HYD,05:45,07:15,1h 30m,non-stop,No info,2753
IndiGo,9/04/2019,Banglore,Delhi,BLR → DEL,10:10,13:00,2h 50m,non-stop,No info,4423
Air Asia,27/05/2019,Kolkata,Banglore,CCU → BLR,10:20,12:55,2h 35m,non-stop,No info,4409
Air India,9/05/2019,Kolkata,Banglore,CCU → HYD → BLR,19:00,11:05 10 May,16h 5m,1 stop,No info,6117
Jet Airways,21/05/2019,Delhi,Cochin,DEL → AMD → BOM → COK,19:10,19:00 22 May,23h 50m,2 stops,No info,15129
Vistara,6/06/2019,Kolkata,Banglore,CCU → DEL → BLR,20:20,23:25 07 Jun,27h 5m,1 stop,No info,9345
Vistara,9/05/2019,Kolkata,Banglore,CCU → DEL → BLR,07:10,23:25,16h 15m,1 stop,No info,8085
Jet Airways,6/05/2019,Delhi,Cochin,DEL → BOM → COK,13:00,04:25 07 May,15h 25m,1 stop,No info,15554
SpiceJet,21/05/2019,Banglore,Delhi,BLR → DEL,09:30,12:20,2h 50m,non-stop,No check-in baggage included,3573
Multiple carriers,3/03/2019,Delhi,Cochin,DEL → BOM → COK,17:00,01:35 04 Mar,8h 35m,1 stop,No info,17073
Multiple carriers,9/06/2019,Delhi,Cochin,DEL → BOM → COK,11:40,01:30 10 Jun,13h 50m,1 stop,No info,6795
Vistara,21/03/2019,Banglore,New Delhi,BLR → DEL,07:00,09:40,2h 40m,non-stop,No info,5403
IndiGo,15/05/2019,Chennai,Kolkata,MAA → CCU,05:15,07:40,2h 25m,non-stop,No info,3540
Vistara,24/04/2019,Delhi,Cochin,DEL → COK,14:40,17:50,3h 10m,non-stop,No info,6216
Jet Airways,21/05/2019,Banglore,Delhi,BLR → DEL,15:50,18:45,2h 55m,non-stop,In-flight meal not included,3359
Jet Airways,24/05/2019,Kolkata,Banglore,CCU → BOM → BLR,18:55,23:35 25 May,28h 40m,1 stop,In-flight meal not included,10844
Air India,15/06/2019,Banglore,Delhi,BLR → DEL,13:20,16:10,2h 50m,non-stop,No info,6961
Air Asia,3/04/2019,Kolkata,Banglore,CCU → BLR,10:20,12:55,2h 35m,non-stop,No info,4107
Multiple carriers,21/03/2019,Delhi,Cochin,DEL → BOM → COK,09:10,18:50,9h 40m,1 stop,No info,13069
Jet Airways,24/06/2019,Delhi,Cochin,DEL → LKO → BOM → COK,11:45,04:25 25 Jun,16h 40m,2 stops,No info,13357
IndiGo,1/06/2019,Delhi,Cochin,DEL → HYD → COK,16:10,22:30,6h 20m,1 stop,No info,6938
Jet Airways,27/06/2019,Delhi,Cochin,DEL → IDR → BOM → COK,09:35,12:35 28 Jun,27h,2 stops,No info,13292
Air India,01/03/2019,Banglore,New Delhi,BLR → BOM → BHO → DEL,08:50,23:25,14h 35m,2 stops,1 Short layover,26743
Multiple carriers,21/03/2019,Delhi,Cochin,DEL → BOM → COK,06:40,18:50,12h 10m,1 stop,No info,13568
Multiple carriers,6/03/2019,Delhi,Cochin,DEL → BOM → COK,11:40,19:15,7h 35m,1 stop,No info,15353
IndiGo,15/05/2019,Chennai,Kolkata,MAA → CCU,14:45,17:05,2h 20m,non-stop,No info,3597
Jet Airways,24/03/2019,Kolkata,Banglore,CCU → BOM → BLR,21:10,16:20 25 Mar,19h 10m,1 stop,In-flight meal not included,10031
Air India,9/05/2019,Kolkata,Banglore,CCU → BOM → AMD → BLR,09:25,05:25 10 May,20h,2 stops,No info,14687
Jet Airways,6/06/2019,Banglore,Delhi,BLR → DEL,19:50,22:50,3h,non-stop,In-flight meal not included,7229
GoAir,9/05/2019,Delhi,Cochin,DEL → BOM → COK,14:25,19:35,5h 10m,1 stop,No info,10188
Vistara,09/03/2019,Banglore,New Delhi,BLR → DEL,07:00,09:40,2h 40m,non-stop,No info,7398
Jet Airways,18/05/2019,Delhi,Cochin,DEL → AMD → BOM → COK,13:25,19:00 19 May,29h 35m,2 stops,No info,16704
IndiGo,01/03/2019,Banglore,New Delhi,BLR → HYD → DEL,16:55,21:50,4h 55m,1 stop,No Info,8153
Jet Airways,9/04/2019,Banglore,Delhi,BLR → DEL,07:10,10:10,3h,non-stop,No info,7229
Multiple carriers,27/05/2019,Delhi,Cochin,DEL → BOM → COK,13:00,01:30 28 May,12h 30m,1 stop,In-flight meal not included,6943
Multiple carriers,1/06/2019,Delhi,Cochin,DEL → BOM → COK,06:40,19:15,12h 35m,1 stop,No info,8937
Air India,3/03/2019,Delhi,Cochin,DEL → HYD → MAA → COK,07:05,09:25 04 Mar,26h 20m,2 stops,No info,9400
Vistara,24/03/2019,Kolkata,Banglore,CCU → DEL → BLR,07:10,20:25,13h 15m,1 stop,No info,13152
IndiGo,1/06/2019,Banglore,Delhi,BLR → DEL,22:10,01:00 02 Jun,2h 50m,non-stop,No info,3419
Vistara,12/06/2019,Kolkata,Banglore,CCU → DEL → BLR,20:20,09:05 13 Jun,12h 45m,1 stop,No info,7927
Air India,15/03/2019,Banglore,New Delhi,BLR → CCU → GAU → DEL,05:50,22:10,16h 20m,2 stops,No info,9796
Vistara,03/03/2019,Banglore,New Delhi,BLR → DEL,11:30,14:10,2h 40m,non-stop,No info,8028
Multiple carriers,6/03/2019,Delhi,Cochin,DEL → HYD → MAA → COK,13:05,21:20,8h 15m,2 stops,No info,10759
Multiple carriers,21/05/2019,Delhi,Cochin,DEL → BOM → COK,07:00,19:00,12h,1 stop,No info,10197
Air India,1/06/2019,Banglore,Delhi,BLR → DEL,21:05,23:55,2h 50m,non-stop,No info,5228
Multiple carriers,18/05/2019,Delhi,Cochin,DEL → BOM → COK,10:00,21:00,11h,1 stop,In-flight meal not included,9275
IndiGo,3/03/2019,Chennai,Kolkata,MAA → CCU,22:05,00:25 04 Mar,2h 20m,non-stop,No info,5277
Jet Airways,18/05/2019,Delhi,Cochin,DEL → NAG → BOM → COK,14:35,04:25 19 May,13h 50m,2 stops,In-flight meal not included,13848
IndiGo,15/05/2019,Delhi,Cochin,DEL → HYD → COK,14:20,22:30,8h 10m,1 stop,No info,6412
Jet Airways,18/05/2019,Kolkata,Banglore,CCU → BOM → BLR,16:30,04:40 19 May,12h 10m,1 stop,No info,13941
Vistara,6/05/2019,Banglore,Delhi,BLR → DEL,07:00,09:40,2h 40m,non-stop,No info,4668
IndiGo,18/06/2019,Banglore,Delhi,BLR → DEL,01:30,04:15,2h 45m,non-stop,No info,3419
IndiGo,6/04/2019,Banglore,Delhi,BLR → DEL,22:10,01:00 07 Apr,2h 50m,non-stop,No info,3943
Air India,24/05/2019,Kolkata,Banglore,CCU → MAA → BLR,14:35,14:35 25 May,24h,1 stop,No info,6528
Jet Airways,21/05/2019,Banglore,Delhi,BLR → DEL,17:45,20:45,3h,non-stop,No info,7229
Multiple carriers,21/03/2019,Delhi,Cochin,DEL → BOM → COK,13:00,01:35 22 Mar,12h 35m,1 stop,No info,13542
Jet Airways,12/06/2019,Kolkata,Banglore,CCU → BOM → BLR,18:55,20:45 13 Jun,25h 50m,1 stop,In-flight meal not included,8529
Jet Airways,21/06/2019,Banglore,Delhi,BLR → DEL,15:15,18:10,2h 55m,non-stop,No info,8016
Jet Airways,9/05/2019,Delhi,Cochin,DEL → JAI → BOM → COK,19:30,12:35 10 May,17h 5m,2 stops,In-flight meal not included,13029
Jet Airways,9/05/2019,Delhi,Cochin,DEL → AMD → BOM → COK,23:05,04:25 11 May,29h 20m,2 stops,No info,15129
Jet Airways,9/06/2019,Delhi,Cochin,DEL → JAI → BOM → COK,19:30,04:25 10 Jun,8h 55m,2 stops,In-flight meal not included,10368
Air India,3/03/2019,Delhi,Cochin,DEL → COK,18:05,21:10,3h 5m,non-stop,No info,8666
Jet Airways,18/05/2019,Delhi,Cochin,DEL → BOM → COK,10:00,19:00,9h,1 stop,No info,15554
Jet Airways,01/03/2019,Banglore,New Delhi,BLR → BOM → DEL,05:45,16:10,10h 25m,1 stop,No info,26890
Jet Airways,21/05/2019,Kolkata,Banglore,CCU → DEL → BLR,17:00,09:45 22 May,16h 45m,1 stop,No info,13067
Jet Airways,1/04/2019,Banglore,Delhi,BLR → DEL,06:00,08:45,2h 45m,non-stop,In-flight meal not included,4544
Vistara,21/05/2019,Kolkata,Banglore,CCU → DEL → BLR,20:20,22:40 22 May,26h 20m,1 stop,No info,8452
Multiple carriers,27/06/2019,Delhi,Cochin,DEL → BOM → COK,06:00,19:15,13h 15m,1 stop,In-flight meal not included,7268
Multiple carriers,9/05/2019,Delhi,Cochin,DEL → BOM → COK,08:30,19:00,10h 30m,1 stop,No info,9627
Multiple carriers,9/05/2019,Delhi,Cochin,DEL → BOM → COK,11:25,19:00,7h 35m,1 stop,No info,9103
Multiple carriers,9/04/2019,Delhi,Cochin,DEL → BOM → COK,08:00,19:00,11h,1 stop,No info,11142
IndiGo,9/03/2019,Kolkata,Banglore,CCU → BLR,05:30,08:20,2h 50m,non-stop,No info,4148
Jet Airways,18/05/2019,Kolkata,Banglore,CCU → BOM → BLR,16:30,18:15 19 May,25h 45m,1 stop,In-flight meal not included,10844
Multiple carriers,6/06/2019,Delhi,Cochin,DEL → HYD → COK,09:45,16:10,6h 25m,1 stop,No info,9646
IndiGo,1/03/2019,Mumbai,Hyderabad,BOM → HYD,12:00,13:25,1h 25m,non-stop,No info,12475
Jet Airways,18/05/2019,Delhi,Cochin,DEL → BOM → COK,22:50,19:00 19 May,20h 10m,1 stop,No info,15554
Jet Airways,27/06/2019,Delhi,Cochin,DEL → BOM → COK,07:05,19:00,11h 55m,1 stop,In-flight meal not included,10262
Air India,12/06/2019,Banglore,Delhi,BLR → DEL,13:20,16:10,2h 50m,non-stop,No info,6961
Jet Airways,15/06/2019,Delhi,Cochin,DEL → BOM → COK,14:00,19:00,5h,1 stop,In-flight meal not included,10262
Jet Airways,27/06/2019,Delhi,Cochin,DEL → BOM → COK,16:00,19:00 28 Jun,27h,1 stop,In-flight meal not included,10262
IndiGo,9/05/2019,Banglore,Delhi,BLR → DEL,23:30,02:20 10 May,2h 50m,non-stop,No info,3943
Air India,24/05/2019,Mumbai,Hyderabad,BOM → HYD,19:30,20:45,1h 15m,non-stop,No info,3625
Multiple carriers,21/03/2019,Delhi,Cochin,DEL → BOM → COK,09:00,19:15,10h 15m,1 stop,No info,13378
Jet Airways,15/06/2019,Delhi,Cochin,DEL → LKO → BOM → COK,11:45,12:35 16 Jun,24h 50m,2 stops,No info,13882
IndiGo,18/06/2019,Banglore,Delhi,BLR → DEL,05:30,08:20,2h 50m,non-stop,No info,3943
Air India,15/05/2019,Kolkata,Banglore,CCU → BOM → AMD → BLR,09:25,05:25 16 May,20h,2 stops,No info,14687
Air Asia,27/05/2019,Delhi,Cochin,DEL → BLR → COK,07:55,13:25,5h 30m,1 stop,No info,6451
Vistara,9/06/2019,Banglore,Delhi,BLR → DEL,19:30,22:15,2h 45m,non-stop,No info,4878
IndiGo,9/05/2019,Delhi,Cochin,DEL → BOM → COK,18:35,01:30 10 May,6h 55m,1 stop,No info,8542
IndiGo,24/05/2019,Kolkata,Banglore,CCU → BLR,09:35,12:20,2h 45m,non-stop,No info,4804
IndiGo,6/06/2019,Kolkata,Banglore,CCU → PNQ → BLR,21:00,02:15 07 Jun,5h 15m,1 stop,No info,6711
Multiple carriers,15/06/2019,Delhi,Cochin,DEL → BOM → COK,13:00,19:15,6h 15m,1 stop,No info,16108
IndiGo,6/06/2019,Banglore,Delhi,BLR → DEL,00:25,03:15,2h 50m,non-stop,No info,3943
Air India,24/05/2019,Kolkata,Banglore,CCU → DEL → AMD → BLR,10:00,05:25 25 May,19h 25m,2 stops,No info,15422
IndiGo,24/03/2019,Banglore,New Delhi,BLR → DEL,21:20,00:15 28 Mar,2h 55m,non-stop,No info,5694
Jet Airways,1/04/2019,Kolkata,Banglore,CCU → BOM → BLR,08:25,19:50,11h 25m,1 stop,No info,12681
Jet Airways,1/05/2019,Kolkata,Banglore,CCU → BOM → BLR,20:00,10:05 02 May,14h 5m,1 stop,In-flight meal not included,8586
IndiGo,03/03/2019,Banglore,New Delhi,BLR → DEL,00:40,03:25,2h 45m,non-stop,No info,6144
IndiGo,27/04/2019,Delhi,Cochin,DEL → COK,05:35,08:50,3h 15m,non-stop,No info,6015
Multiple carriers,27/06/2019,Delhi,Cochin,DEL → BOM → COK,04:55,19:15,14h 20m,1 stop,No info,7155
Jet Airways,12/06/2019,Kolkata,Banglore,CCU → DEL → BLR,09:35,22:05,12h 30m,1 stop,No info,12692
Air India,18/05/2019,Delhi,Cochin,DEL → BLR → COK,17:40,23:00,5h 20m,1 stop,No info,8277
Air India,9/05/2019,Delhi,Cochin,DEL → HYD → MAA → COK,07:05,09:25 10 May,26h 20m,2 stops,No info,9347
Air India,15/03/2019,Delhi,Cochin,DEL → COK,18:05,21:10,3h 5m,non-stop,No info,4939
Jet Airways,12/03/2019,Mumbai,Hyderabad,BOM → HYD,19:40,21:10,1h 30m,non-stop,No info,5678
Jet Airways,6/06/2019,Kolkata,Banglore,CCU → BOM → BLR,16:30,23:35,7h 5m,1 stop,In-flight meal not included,10844
Jet Airways,21/03/2019,Banglore,New Delhi,BLR → MAA → DEL,09:45,15:55,6h 10m,1 stop,In-flight meal not included,7280
Multiple carriers,21/03/2019,Delhi,Cochin,DEL → BOM → COK,13:00,21:00,8h,1 stop,No info,7618
Multiple carriers,6/03/2019,Delhi,Cochin,DEL → BOM → COK,08:55,21:00,12h 5m,1 stop,No info,15147
Jet Airways,18/05/2019,Kolkata,Banglore,CCU → BOM → BLR,21:10,10:05 19 May,12h 55m,1 stop,No info,13941
Jet Airways,1/04/2019,Kolkata,Banglore,CCU → DEL → BLR,09:35,19:10,9h 35m,1 stop,No info,11467
Multiple carriers,27/06/2019,Delhi,Cochin,DEL → BOM → COK,10:20,01:30 28 Jun,15h 10m,1 stop,No info,6270
Multiple carriers,3/03/2019,Delhi,Cochin,DEL → BOM → COK,13:55,01:35 04 Mar,11h 40m,1 stop,No info,17057
Jet Airways,3/06/2019,Banglore,Delhi,BLR → DEL,15:15,18:10,2h 55m,non-stop,No info,8016
SpiceJet,27/06/2019,Delhi,Cochin,DEL → PNQ → COK,08:45,13:15,4h 30m,1 stop,No check-in baggage included,4760
SpiceJet,21/03/2019,Kolkata,Banglore,CCU → BLR,06:55,09:35,2h 40m,non-stop,No check-in baggage included,3815
SpiceJet,1/05/2019,Kolkata,Banglore,CCU → BLR,17:10,19:40,2h 30m,non-stop,No info,4174
Jet Airways,6/06/2019,Kolkata,Banglore,CCU → DEL → BLR,09:35,09:45 07 Jun,24h 10m,1 stop,No info,12692
Air India,15/05/2019,Kolkata,Banglore,CCU → BOM → COK → BLR,09:25,13:45 16 May,28h 20m,2 stops,No info,15532
Jet Airways,6/06/2019,Mumbai,Hyderabad,BOM → HYD,07:05,08:30,1h 25m,non-stop,In-flight meal not included,4995
Jet Airways,27/05/2019,Delhi,Cochin,DEL → BOM → COK,18:15,04:25 28 May,10h 10m,1 stop,In-flight meal not included,12898
Multiple carriers,9/05/2019,Delhi,Cochin,DEL → BOM → COK,07:30,19:00,11h 30m,1 stop,No info,9794
Air India,15/05/2019,Banglore,Delhi,BLR → DEL,13:20,16:10,2h 50m,non-stop,No info,5228
Jet Airways,27/06/2019,Delhi,Cochin,DEL → BOM → COK,22:50,12:35 28 Jun,13h 45m,1 stop,In-flight meal not included,10262
Multiple carriers,24/06/2019,Delhi,Cochin,DEL → HYD → COK,09:45,16:10,6h 25m,1 stop,No info,9646
Jet Airways,15/05/2019,Kolkata,Banglore,CCU → BOM → BLR,21:10,10:05 16 May,12h 55m,1 stop,No info,15149
IndiGo,9/06/2019,Kolkata,Banglore,CCU → HYD → BLR,19:20,23:45,4h 25m,1 stop,No info,4205
Multiple carriers,6/03/2019,Delhi,Cochin,DEL → BOM → COK,07:30,21:00,13h 30m,1 stop,No info,15147
Jet Airways,06/03/2019,Banglore,New Delhi,BLR → BOM → DEL,08:55,09:00 07 Mar,24h 5m,1 stop,In-flight meal not included,13712
Air India,9/03/2019,Delhi,Cochin,DEL → MAA → COK,17:20,09:25 10 Mar,16h 5m,1 stop,No info,12415
Air Asia,15/05/2019,Kolkata,Banglore,CCU → IXR → DEL → BLR,15:10,23:30,8h 20m,2 stops,No info,5192
Air Asia,15/05/2019,Kolkata,Banglore,CCU → BBI → BLR,06:50,10:30,3h 40m,1 stop,No info,5162
IndiGo,3/03/2019,Delhi,Cochin,DEL → HYD → COK,06:40,16:10,9h 30m,1 stop,No info,9027
Jet Airways,24/03/2019,Kolkata,Banglore,CCU → BOM → BLR,13:55,18:10 25 Mar,28h 15m,1 stop,In-flight meal not included,11134
Jet Airways,24/05/2019,Kolkata,Banglore,CCU → BOM → BLR,20:00,09:20 25 May,13h 20m,1 stop,In-flight meal not included,10844
Vistara,24/03/2019,Kolkata,Banglore,CCU → DEL → BLR,17:00,10:50 25 Mar,17h 50m,1 stop,No info,12890
Jet Airways,9/06/2019,Kolkata,Banglore,CCU → BOM → BLR,20:00,16:20 10 Jun,20h 20m,1 stop,No info,14571
Jet Airways,12/05/2019,Kolkata,Banglore,CCU → DEL → BLR,17:00,21:05 13 May,28h 5m,1 stop,No info,12121
Jet Airways,9/05/2019,Delhi,Cochin,DEL → BOM → COK,13:00,04:25 10 May,15h 25m,1 stop,In-flight meal not included,12373
Air India,09/03/2019,Banglore,New Delhi,BLR → MAA → DEL,11:50,23:55,12h 5m,1 stop,No info,10972
Jet Airways,1/06/2019,Delhi,Cochin,DEL → BOM → COK,02:15,12:35,10h 20m,1 stop,In-flight meal not included,10262
Jet Airways,27/05/2019,Delhi,Cochin,DEL → BOM → COK,16:00,04:25 28 May,12h 25m,1 stop,In-flight meal not included,12898
IndiGo,18/05/2019,Delhi,Cochin,DEL → HYD → COK,08:35,16:10,7h 35m,1 stop,No info,6442
Vistara,3/04/2019,Banglore,Delhi,BLR → DEL,09:45,12:35,2h 50m,non-stop,No info,5403
IndiGo,21/04/2019,Delhi,Cochin,DEL → HYD → COK,07:35,12:10,4h 35m,1 stop,No info,5703
Multiple carriers,9/05/2019,Delhi,Cochin,DEL → BOM → COK,08:00,19:15,11h 15m,1 stop,In-flight meal not included,9871
IndiGo,15/04/2019,Kolkata,Banglore,CCU → BLR,15:30,18:05,2h 35m,non-stop,No info,4174
Air India,21/05/2019,Delhi,Cochin,DEL → HYD → BOM → COK,17:15,19:15 22 May,26h,2 stops,No info,11972
SpiceJet,18/04/2019,Kolkata,Banglore,CCU → BLR,09:00,11:25,2h 25m,non-stop,No info,4174
IndiGo,21/05/2019,Kolkata,Banglore,CCU → BLR,17:15,19:50,2h 35m,non-stop,No info,4804
Jet Airways,1/04/2019,Kolkata,Banglore,CCU → BOM → BLR,06:30,20:45,14h 15m,1 stop,No info,12681
Air Asia,6/06/2019,Kolkata,Banglore,CCU → BLR,10:20,12:55,2h 35m,non-stop,No info,4508
Jet Airways,3/06/2019,Delhi,Cochin,DEL → BOM → COK,20:55,19:00 04 Jun,22h 5m,1 stop,In-flight meal not included,10262
Multiple carriers,3/03/2019,Delhi,Cochin,DEL → BOM → COK,19:00,01:35 04 Mar,6h 35m,1 stop,No info,16775
Multiple carriers,12/06/2019,Delhi,Cochin,DEL → BOM → COK,17:00,01:30 13 Jun,8h 30m,1 stop,No info,7198
Jet Airways,15/06/2019,Delhi,Cochin,DEL → JAI → BOM → COK,09:40,04:25 16 Jun,18h 45m,2 stops,No info,13014
Air India,12/05/2019,Kolkata,Banglore,CCU → BBI → IXR → DEL → BLR,12:00,23:15 13 May,35h 15m,3 stops,No info,10991
Vistara,21/06/2019,Chennai,Kolkata,MAA → CCU,07:05,09:20,2h 15m,non-stop,No info,3687
Air Asia,12/05/2019,Kolkata,Banglore,CCU → BLR,19:55,22:25,2h 30m,non-stop,No info,5530
SpiceJet,27/03/2019,Kolkata,Banglore,CCU → BLR,22:20,00:40 28 Mar,2h 20m,non-stop,No check-in baggage included,3815
Air India,1/03/2019,Kolkata,Banglore,CCU → BLR,14:15,16:45,2h 30m,non-stop,No info,6535
Jet Airways,3/03/2019,Delhi,Cochin,DEL → BOM → COK,20:50,04:25 04 Mar,7h 35m,1 stop,No info,17234
Jet Airways,6/03/2019,Delhi,Cochin,DEL → DED → BOM → COK,16:50,04:25 08 Mar,35h 35m,2 stops,No info,19907
Air India,27/03/2019,Delhi,Cochin,DEL → BLR → COK,20:30,23:00 28 Mar,26h 30m,1 stop,No info,5022
Multiple carriers,27/03/2019,Delhi,Cochin,DEL → BOM → COK,04:00,15:30,11h 30m,1 stop,No info,6305
Jet Airways,21/03/2019,Delhi,Cochin,DEL → MAA → BOM → COK,16:10,18:50 22 Mar,26h 40m,2 stops,In-flight meal not included,8728
IndiGo,1/06/2019,Banglore,Delhi,BLR → DEL,21:15,00:15 02 Jun,3h,non-stop,No info,3943
IndiGo,18/03/2019,Mumbai,Hyderabad,BOM → HYD,16:55,18:25,1h 30m,non-stop,No info,3175
Jet Airways,24/03/2019,Banglore,New Delhi,BLR → DEL,11:10,14:05,2h 55m,non-stop,No info,7229
Multiple carriers,9/03/2019,Delhi,Cochin,DEL → HYD → MAA → COK,07:05,21:20,14h 15m,2 stops,No info,8620
Air India,09/03/2019,Banglore,New Delhi,BLR → CCU → DEL,05:50,22:45,16h 55m,1 stop,No info,10657
Jet Airways,21/03/2019,Banglore,New Delhi,BLR → BOM → DEL,08:00,20:20,12h 20m,1 stop,In-flight meal not included,7832
Jet Airways,27/06/2019,Delhi,Cochin,DEL → AMD → BOM → COK,13:25,19:00 28 Jun,29h 35m,2 stops,In-flight meal not included,11150
Jet Airways,01/03/2019,Banglore,New Delhi,BLR → BOM → DEL,22:50,19:10 02 Mar,20h 20m,1 stop,No info,25735
Jet Airways,9/05/2019,Delhi,Cochin,DEL → ATQ → BOM → COK,20:00,04:25 10 May,8h 25m,2 stops,No info,16263
Multiple carriers,24/06/2019,Delhi,Cochin,DEL → BOM → COK,11:40,01:30 25 Jun,13h 50m,1 stop,In-flight meal not included,5797
Jet Airways,6/06/2019,Delhi,Cochin,DEL → BDQ → BOM → COK,18:25,04:25 07 Jun,10h,2 stops,No info,14237
Jet Airways,9/06/2019,Delhi,Cochin,DEL → BOM → COK,09:00,04:25 10 Jun,19h 25m,1 stop,In-flight meal not included,10262
Jet Airways,9/06/2019,Delhi,Cochin,DEL → BOM → COK,15:00,19:00 10 Jun,28h,1 stop,In-flight meal not included,10262
IndiGo,12/05/2019,Banglore,Delhi,BLR → DEL,04:00,06:50,2h 50m,non-stop,No info,3943
Jet Airways,21/05/2019,Delhi,Cochin,DEL → BOM → COK,19:15,12:35 22 May,17h 20m,1 stop,In-flight meal not included,12898
IndiGo,15/05/2019,Banglore,Delhi,BLR → DEL,01:30,04:15,2h 45m,non-stop,No info,3419
IndiGo,15/03/2019,Banglore,New Delhi,BLR → DEL,21:20,00:15 16 Mar,2h 55m,non-stop,No info,8033
Jet Airways,01/03/2019,Banglore,New Delhi,BLR → BOM → DEL,05:45,19:10,13h 25m,1 stop,No info,27992
Jet Airways,12/05/2019,Kolkata,Banglore,CCU → BOM → BLR,21:10,10:05 13 May,12h 55m,1 stop,No info,13941
Jet Airways,21/05/2019,Kolkata,Banglore,CCU → BOM → BLR,18:55,04:40 22 May,9h 45m,1 stop,No info,14388
Jet Airways,12/05/2019,Kolkata,Banglore,CCU → BOM → BLR,18:55,16:20 13 May,21h 25m,1 stop,In-flight meal not included,10844
IndiGo,3/03/2019,Delhi,Cochin,DEL → HYD → COK,06:40,22:20,15h 40m,1 stop,No info,11600
IndiGo,6/06/2019,Chennai,Kolkata,MAA → CCU,22:05,00:25 07 Jun,2h 20m,non-stop,No info,5277
Jet Airways,3/06/2019,Delhi,Cochin,DEL → BOM → COK,14:00,04:25 04 Jun,14h 25m,1 stop,In-flight meal not included,10262
IndiGo,03/03/2019,Banglore,New Delhi,BLR → DEL,04:00,06:50,2h 50m,non-stop,No info,6144
Jet Airways,3/06/2019,Delhi,Cochin,DEL → BOM → COK,21:50,04:25 04 Jun,6h 35m,1 stop,In-flight meal not included,12898
Jet Airways,12/05/2019,Kolkata,Banglore,CCU → BOM → BLR,06:30,04:40 13 May,22h 10m,1 stop,No info,13941
Jet Airways,18/05/2019,Delhi,Cochin,DEL → BOM → COK,14:00,04:25 19 May,14h 25m,1 stop,In-flight meal not included,12373
SpiceJet,3/04/2019,Kolkata,Banglore,CCU → BLR,17:10,19:40,2h 30m,non-stop,No check-in baggage included,3841
Air India,18/05/2019,Kolkata,Banglore,CCU → JAI → BOM → BLR,08:20,07:55 19 May,23h 35m,2 stops,No info,10697
Jet Airways,01/03/2019,Banglore,New Delhi,BLR → BOM → DEL,11:40,00:45 02 Mar,13h 5m,1 stop,No info,26890
SpiceJet,1/06/2019,Mumbai,Hyderabad,BOM → HYD,13:15,14:45,1h 30m,non-stop,No check-in baggage included,2175
IndiGo,27/05/2019,Delhi,Cochin,DEL → PNQ → COK,23:30,04:35 28 May,5h 5m,1 stop,No info,9476
Air India,24/05/2019,Mumbai,Hyderabad,BOM → HYD,21:05,22:25,1h 20m,non-stop,No info,3100
Jet Airways,15/06/2019,Delhi,Cochin,DEL → JAI → BOM → COK,05:30,04:25 16 Jun,22h 55m,2 stops,In-flight meal not included,10368
SpiceJet,18/05/2019,Mumbai,Hyderabad,BOM → HYD,22:45,00:15 19 May,1h 30m,non-stop,No info,2017
SpiceJet,15/04/2019,Kolkata,Banglore,CCU → BLR,06:55,09:30,2h 35m,non-stop,No check-in baggage included,3841
Air India,21/05/2019,Delhi,Cochin,DEL → NAG → BOM → COK,05:55,19:15 22 May,37h 20m,2 stops,No info,10493
SpiceJet,09/03/2019,Banglore,New Delhi,BLR → DEL,05:45,08:35,2h 50m,non-stop,No info,5126
IndiGo,18/06/2019,Banglore,Delhi,BLR → DEL,23:30,02:20 19 Jun,2h 50m,non-stop,No info,3943
Air India,6/03/2019,Delhi,Cochin,DEL → HYD → BOM → COK,07:05,19:15 07 Mar,36h 10m,2 stops,No info,11552
Air India,21/03/2019,Delhi,Cochin,DEL → BOM → COK,10:00,19:15,9h 15m,1 stop,No info,7934
Air India,1/03/2019,Mumbai,Hyderabad,BOM → HYD,15:00,16:25,1h 25m,non-stop,No info,6092
IndiGo,12/06/2019,Delhi,Cochin,DEL → PNQ → COK,23:30,04:35 13 Jun,5h 5m,1 stop,No info,10112
Vistara,9/03/2019,Chennai,Kolkata,MAA → CCU,07:05,09:20,2h 15m,non-stop,No info,6627
Jet Airways,3/06/2019,Delhi,Cochin,DEL → IDR → BOM → COK,21:25,12:35 04 Jun,15h 10m,2 stops,In-flight meal not included,11507
Jet Airways,01/03/2019,Banglore,New Delhi,BLR → BOM → DEL,22:50,00:45 03 Mar,25h 55m,1 stop,No info,26890
Jet Airways,12/03/2019,Banglore,New Delhi,BLR → BOM → DEL,05:45,11:25,5h 40m,1 stop,No info,13817
Jet Airways,1/04/2019,Kolkata,Banglore,CCU → BOM → BLR,21:10,04:40 02 Apr,7h 30m,1 stop,No info,13364
Vistara,6/06/2019,Kolkata,Banglore,CCU → DEL → BLR,17:00,10:45 07 Jun,17h 45m,1 stop,No info,9187
IndiGo,9/05/2019,Chennai,Kolkata,MAA → CCU,22:05,00:25 10 May,2h 20m,non-stop,No info,5277
Air India,12/03/2019,Banglore,New Delhi,BLR → AMD → DEL,00:30,08:45,8h 15m,1 stop,No info,13492
Air Asia,12/06/2019,Kolkata,Banglore,CCU → BBI → BLR,06:50,10:30,3h 40m,1 stop,No info,5162
GoAir,9/06/2019,Delhi,Cochin,DEL → BOM → COK,07:00,12:55,5h 55m,1 stop,No info,5897
Air India,3/06/2019,Kolkata,Banglore,CCU → BLR,14:15,16:45,2h 30m,non-stop,No info,5510
Jet Airways,06/03/2019,Banglore,New Delhi,BLR → BOM → DEL,16:55,10:25 07 Mar,17h 30m,1 stop,No info,17261
Multiple carriers,21/05/2019,Delhi,Cochin,DEL → BOM → COK,11:40,01:30 22 May,13h 50m,1 stop,No info,7485
Air India,21/06/2019,Chennai,Kolkata,MAA → CCU,11:40,13:55,2h 15m,non-stop,No info,4667
Jet Airways,15/05/2019,Kolkata,Banglore,CCU → DEL → BLR,20:25,18:00 16 May,21h 35m,1 stop,No info,14151
IndiGo,27/05/2019,Delhi,Cochin,DEL → BOM → COK,16:00,01:30 28 May,9h 30m,1 stop,No info,7048
Jet Airways,21/03/2019,Delhi,Cochin,DEL → BOM → COK,19:45,04:25 22 Mar,8h 40m,1 stop,No info,12557
Multiple carriers,15/06/2019,Delhi,Cochin,DEL → IDR → BOM → COK,15:05,01:30 16 Jun,10h 25m,2 stops,No info,15965
Air India,03/03/2019,Banglore,New Delhi,BLR → CCU → GAU → DEL,11:05,22:10 07 Mar,35h 5m,2 stops,No info,11791
Multiple carriers,3/03/2019,Delhi,Cochin,DEL → HYD → MAA → COK,07:05,21:20,14h 15m,2 stops,No info,8291
IndiGo,21/04/2019,Banglore,Delhi,BLR → DEL,16:55,19:55,3h,non-stop,No info,4990
Vistara,12/05/2019,Kolkata,Banglore,CCU → DEL → BLR,17:00,18:50 13 May,25h 50m,1 stop,No info,9135
Air Asia,12/04/2019,Kolkata,Banglore,CCU → BLR,22:50,01:20 13 Apr,2h 30m,non-stop,No info,4409
Jet Airways,21/05/2019,Kolkata,Banglore,CCU → BOM → BLR,20:00,04:40 22 May,8h 40m,1 stop,In-flight meal not included,10844
Multiple carriers,27/05/2019,Delhi,Cochin,DEL → BOM → COK,09:00,19:00,10h,1 stop,No info,10407
Multiple carriers,27/05/2019,Delhi,Cochin,DEL → BOM → COK,07:30,19:00,11h 30m,1 stop,No info,9315
Jet Airways,24/05/2019,Kolkata,Banglore,CCU → BOM → BLR,21:10,04:40 25 May,7h 30m,1 stop,In-flight meal not included,9663
IndiGo,21/03/2019,Delhi,Cochin,DEL → BOM → COK,18:35,01:35 22 Mar,7h,1 stop,No info,9264
SpiceJet,15/05/2019,Chennai,Kolkata,MAA → CCU,09:45,12:00,2h 15m,non-stop,No info,3597
IndiGo,24/06/2019,Delhi,Cochin,DEL → HYD → COK,05:05,12:10,7h 5m,1 stop,No info,6442
Multiple carriers,9/05/2019,Delhi,Cochin,DEL → BOM → COK,17:30,01:30 10 May,8h,1 stop,No info,15078
IndiGo,1/05/2019,Kolkata,Banglore,CCU → NAG → BLR,18:05,23:30,5h 25m,1 stop,No info,6218
Jet Airways,12/06/2019,Delhi,Cochin,DEL → BOM → COK,13:00,12:35 13 Jun,23h 35m,1 stop,In-flight meal not included,10262
Multiple carriers,9/03/2019,Delhi,Cochin,DEL → BOM → COK,19:00,01:35 10 Mar,6h 35m,1 stop,No info,13677
Jet Airways,24/06/2019,Banglore,Delhi,BLR → DEL,07:10,10:10,3h,non-stop,No info,8016
Jet Airways,3/06/2019,Delhi,Cochin,DEL → BOM → COK,17:30,12:35 04 Jun,19h 5m,1 stop,In-flight meal not included,10262
SpiceJet,27/06/2019,Kolkata,Banglore,CCU → BLR,06:55,09:30,2h 35m,non-stop,No info,3873
SpiceJet,27/06/2019,Delhi,Cochin,DEL → PNQ → COK,08:45,13:15,4h 30m,1 stop,No info,4812
SpiceJet,15/05/2019,Mumbai,Hyderabad,BOM → HYD,22:45,00:15 16 May,1h 30m,non-stop,No info,2017
IndiGo,21/03/2019,Kolkata,Banglore,CCU → BLR,20:25,23:05,2h 40m,non-stop,No info,4462
Air India,15/06/2019,Delhi,Cochin,DEL → AMD → BOM → COK,05:00,07:40 16 Jun,26h 40m,2 stops,No info,10231
Air India,21/03/2019,Banglore,New Delhi,BLR → VGA → DEL,10:30,22:55,12h 25m,1 stop,No info,6383
Air India,24/06/2019,Delhi,Cochin,DEL → HYD → BOM → COK,17:15,07:40 25 Jun,14h 25m,2 stops,No info,11989
IndiGo,24/03/2019,Banglore,New Delhi,BLR → DEL,18:55,21:45,2h 50m,non-stop,No info,7303
Jet Airways,21/04/2019,Banglore,Delhi,BLR → DEL,18:55,22:00,3h 5m,non-stop,No info,7229
Jet Airways,21/06/2019,Mumbai,Hyderabad,BOM → HYD,08:45,10:15,1h 30m,non-stop,In-flight meal not included,4995
Multiple carriers,15/06/2019,Delhi,Cochin,DEL → BOM → COK,13:00,21:00,8h,1 stop,No info,7408
Air India,15/05/2019,Kolkata,Banglore,CCU → GAU → DEL → BLR,16:45,12:30 16 May,19h 45m,2 stops,No info,14960
Air Asia,24/03/2019,Banglore,New Delhi,BLR → DEL,23:25,02:10 28 Mar,2h 45m,non-stop,No info,4482
IndiGo,1/06/2019,Delhi,Cochin,DEL → HYD → COK,06:50,16:10,9h 20m,1 stop,No info,6442
Jet Airways,12/05/2019,Banglore,Delhi,BLR → DEL,08:20,11:20,3h,non-stop,In-flight meal not included,6144
Jet Airways,27/05/2019,Delhi,Cochin,DEL → JAI → BOM → COK,09:40,12:35 28 May,26h 55m,2 stops,No info,15129
Air India,21/05/2019,Delhi,Cochin,DEL → GOI → BOM → COK,22:00,19:15 22 May,21h 15m,2 stops,No info,10231
IndiGo,3/04/2019,Banglore,Delhi,BLR → DEL,20:00,22:50,2h 50m,non-stop,No info,4823
IndiGo,9/06/2019,Banglore,Delhi,BLR → DEL,08:30,11:20,2h 50m,non-stop,No info,4823
Jet Airways,21/05/2019,Delhi,Cochin,DEL → BOM → COK,11:30,04:25 22 May,16h 55m,1 stop,In-flight meal not included,12898
Jet Airways,1/05/2019,Mumbai,Hyderabad,BOM → HYD,19:35,21:05,1h 30m,non-stop,No info,5678
Air India,9/03/2019,Delhi,Cochin,DEL → BHO → BOM → COK,05:55,07:40 10 Mar,25h 45m,2 stops,No info,14483
Jet Airways,15/05/2019,Mumbai,Hyderabad,BOM → HYD,19:35,21:05,1h 30m,non-stop,In-flight meal not included,2228
Multiple carriers,15/06/2019,Delhi,Cochin,DEL → HYD → COK,13:15,22:30,9h 15m,1 stop,No info,8018
Multiple carriers,6/03/2019,Delhi,Cochin,DEL → BOM → COK,09:55,21:00,11h 5m,1 stop,In-flight meal not included,15136
SpiceJet,24/04/2019,Delhi,Cochin,DEL → MAA → COK,15:45,22:05,6h 20m,1 stop,No info,5583
Air India,12/06/2019,Delhi,Cochin,DEL → CCU → BOM → COK,14:25,19:15 13 Jun,28h 50m,2 stops,No info,13381
Air India,15/03/2019,Banglore,New Delhi,BLR → COK → DEL,06:55,10:50 16 Mar,27h 55m,1 stop,No info,7932
Jet Airways,9/05/2019,Kolkata,Banglore,CCU → BOM → BLR,20:00,08:15 10 May,12h 15m,1 stop,In-flight meal not included,7757
Jet Airways,18/05/2019,Delhi,Cochin,DEL → JAI → BOM → COK,05:30,04:25 19 May,22h 55m,2 stops,In-flight meal not included,13029
SpiceJet,9/06/2019,Kolkata,Banglore,CCU → BLR,06:55,09:30,2h 35m,non-stop,No check-in baggage included,3841
Air India,03/03/2019,Banglore,New Delhi,BLR → DEL,13:20,16:10,2h 50m,non-stop,No info,10216
Air India,21/05/2019,Mumbai,Hyderabad,BOM → HYD,21:05,22:25,1h 20m,non-stop,No info,3100
Air India,21/03/2019,Delhi,Cochin,DEL → HYD → BOM → COK,17:15,19:15 22 Mar,26h,2 stops,No info,8245
Air India,01/03/2019,Banglore,New Delhi,BLR → CCU → DEL,11:05,19:50,8h 45m,1 stop,1 Long layover,14594
Jet Airways,1/06/2019,Delhi,Cochin,DEL → BDQ → BOM → COK,18:25,12:35 02 Jun,18h 10m,2 stops,No info,14237
Air India,21/05/2019,Kolkata,Banglore,CCU → JAI → DEL → BLR,08:20,23:15,14h 55m,2 stops,No info,13164
Jet Airways,9/06/2019,Delhi,Cochin,DEL → BOM → COK,20:55,04:25 10 Jun,7h 30m,1 stop,No info,14924
Jet Airways,21/05/2019,Kolkata,Banglore,CCU → BOM → BLR,21:10,16:20 22 May,19h 10m,1 stop,In-flight meal not included,10844
Jet Airways,6/05/2019,Kolkata,Banglore,CCU → GAU → BLR,10:20,17:35,7h 15m,1 stop,In-flight meal not included,7064
Vistara,24/05/2019,Kolkata,Banglore,CCU → DEL → BLR,07:10,18:50,11h 40m,1 stop,No info,9555
Multiple carriers,24/06/2019,Delhi,Cochin,DEL → BOM → COK,10:35,19:15,8h 40m,1 stop,No info,7155
Multiple carriers,9/06/2019,Delhi,Cochin,DEL → BOM → COK,08:00,19:00,11h,1 stop,No info,12192
Air Asia,18/05/2019,Delhi,Cochin,DEL → BLR → COK,16:45,07:10 19 May,14h 25m,1 stop,No info,7353
IndiGo,27/06/2019,Delhi,Cochin,DEL → HYD → COK,07:35,12:10,4h 35m,1 stop,No info,5054
Multiple carriers,15/06/2019,Delhi,Cochin,DEL → IXU → BOM → COK,17:50,01:30 16 Jun,7h 40m,2 stops,No info,18485
Jet Airways,6/06/2019,Kolkata,Banglore,CCU → BOM → BLR,06:30,18:15,11h 45m,1 stop,In-flight meal not included,10844
Jet Airways,18/05/2019,Banglore,Delhi,BLR → DEL,08:20,11:20,3h,non-stop,In-flight meal not included,6144
IndiGo,1/05/2019,Mumbai,Hyderabad,BOM → HYD,19:05,20:35,1h 30m,non-stop,No info,2754
Multiple carriers,27/03/2019,Delhi,Cochin,DEL → BOM → COK,15:05,01:35 28 Mar,10h 30m,1 stop,No info,12327
SpiceJet,6/05/2019,Kolkata,Banglore,CCU → BLR,06:55,09:30,2h 35m,non-stop,No check-in baggage included,3841
Jet Airways,18/05/2019,Delhi,Cochin,DEL → BOM → COK,22:50,04:25 19 May,5h 35m,1 stop,In-flight meal not included,12373
Air India,21/05/2019,Delhi,Cochin,DEL → GOI → BOM → COK,22:00,19:15 22 May,21h 15m,2 stops,No info,10231
IndiGo,21/05/2019,Delhi,Cochin,DEL → BOM → COK,09:15,21:00,11h 45m,1 stop,No info,7318
Jet Airways,06/03/2019,Banglore,New Delhi,BLR → BOM → DEL,11:40,07:40 07 Mar,20h,1 stop,No info,16736
IndiGo,9/06/2019,Delhi,Cochin,DEL → LKO → COK,21:50,03:35 10 Jun,5h 45m,1 stop,No info,6195
SpiceJet,6/06/2019,Mumbai,Hyderabad,BOM → HYD,05:45,07:15,1h 30m,non-stop,No info,2753
SpiceJet,24/03/2019,Chennai,Kolkata,MAA → CCU,09:30,12:05,2h 35m,non-stop,No check-in baggage included,3807
Jet Airways,3/03/2019,Delhi,Cochin,DEL → IDR → BOM → COK,05:25,04:25 05 Mar,47h,2 stops,No info,20064
IndiGo,21/06/2019,Delhi,Cochin,DEL → COK,21:05,00:20 22 Jun,3h 15m,non-stop,No info,5406
Air India,1/06/2019,Delhi,Cochin,DEL → GOI → BOM → COK,22:00,19:15 02 Jun,21h 15m,2 stops,No info,10441
Jet Airways,6/05/2019,Kolkata,Banglore,CCU → DEL → BLR,20:25,09:45 07 May,13h 20m,1 stop,In-flight meal not included,8066
Air India,27/06/2019,Banglore,Delhi,BLR → DEL,17:00,19:45,2h 45m,non-stop,No info,6961
Vistara,21/03/2019,Delhi,Cochin,DEL → COK,14:55,17:50,2h 55m,non-stop,No info,5586
Air India,1/06/2019,Delhi,Cochin,DEL → BLR → COK,17:40,23:00,5h 20m,1 stop,No info,7384
Jet Airways,01/03/2019,Banglore,New Delhi,BLR → BOM → DEL,11:40,09:00 02 Mar,21h 20m,1 stop,No info,20800
Jet Airways,12/05/2019,Kolkata,Banglore,CCU → BOM → BLR,06:30,12:00,5h 30m,1 stop,No info,13941
Jet Airways,3/05/2019,Banglore,Delhi,BLR → DEL,08:20,11:20,3h,non-stop,In-flight meal not included,5198
SpiceJet,18/03/2019,Chennai,Kolkata,MAA → CCU,09:30,12:05,2h 35m,non-stop,No check-in baggage included,3807
Multiple carriers,3/03/2019,Delhi,Cochin,DEL → HYD → COK,09:45,22:20,12h 35m,1 stop,No info,13838
Air India,24/06/2019,Delhi,Cochin,DEL → HYD → MAA → COK,07:05,09:25 25 Jun,26h 20m,2 stops,No info,11185
Jet Airways,21/06/2019,Banglore,Delhi,BLR → DEL,15:15,18:10,2h 55m,non-stop,In-flight meal not included,7229
Jet Airways,12/06/2019,Delhi,Cochin,DEL → BOM → COK,21:50,04:25 13 Jun,6h 35m,1 stop,In-flight meal not included,10262
Air Asia,9/03/2019,Kolkata,Banglore,CCU → BLR,19:35,22:05,2h 30m,non-stop,No info,4384
Jet Airways,27/06/2019,Delhi,Cochin,DEL → AMD → BOM → COK,13:25,12:35 28 Jun,23h 10m,2 stops,No info,12819
Jet Airways,6/05/2019,Kolkata,Banglore,CCU → BOM → BLR,21:10,10:05 07 May,12h 55m,1 stop,In-flight meal not included,7757
Air India,21/04/2019,Delhi,Cochin,DEL → BLR → COK,20:30,23:00 22 Apr,26h 30m,1 stop,No info,7174
IndiGo,1/06/2019,Delhi,Cochin,DEL → HYD → COK,11:55,22:30,10h 35m,1 stop,No info,6674
IndiGo,18/05/2019,Mumbai,Hyderabad,BOM → HYD,20:05,21:40,1h 35m,non-stop,No info,2227
Jet Airways,12/06/2019,Delhi,Cochin,DEL → JAI → BOM → COK,19:30,12:35 13 Jun,17h 5m,2 stops,No info,13014
IndiGo,21/03/2019,Mumbai,Hyderabad,BOM → HYD,16:55,18:25,1h 30m,non-stop,No info,3175
IndiGo,1/03/2019,Kolkata,Banglore,CCU → BLR,09:35,12:20,2h 45m,non-stop,No info,6565
Jet Airways,1/04/2019,Kolkata,Banglore,CCU → BOM → BLR,18:55,23:35 02 Apr,28h 40m,1 stop,No info,12681
Vistara,1/06/2019,Chennai,Kolkata,MAA → CCU,07:05,09:20,2h 15m,non-stop,No info,3687
Jet Airways,15/06/2019,Mumbai,Hyderabad,BOM → HYD,19:35,21:05,1h 30m,non-stop,In-flight meal not included,3210
IndiGo,6/03/2019,Kolkata,Banglore,CCU → BLR,20:25,23:05,2h 40m,non-stop,No info,4778
Multiple carriers,3/06/2019,Delhi,Cochin,DEL → BOM → COK,11:25,19:00,7h 35m,1 stop,No info,10877
Vistara,24/05/2019,Kolkata,Banglore,CCU → DEL → BLR,20:20,10:45 25 May,14h 25m,1 stop,No info,9187
Air India,15/03/2019,Banglore,New Delhi,BLR → COK → DEL,22:00,23:20 16 Mar,25h 20m,1 stop,No info,6850
Jet Airways,12/05/2019,Kolkata,Banglore,CCU → BOM → BLR,08:25,18:15,9h 50m,1 stop,No info,14781
Air India,6/05/2019,Kolkata,Banglore,CCU → GAU → DEL → BLR,16:45,08:55 07 May,16h 10m,2 stops,No info,13227
Vistara,9/05/2019,Banglore,Delhi,BLR → DEL,07:00,09:40,2h 40m,non-stop,No info,4668
Jet Airways,24/05/2019,Kolkata,Banglore,CCU → BOM → BLR,06:30,12:00,5h 30m,1 stop,No info,14178
Jet Airways,6/05/2019,Kolkata,Banglore,CCU → DEL → BLR,17:00,09:45 07 May,16h 45m,1 stop,In-flight meal not included,8066
IndiGo,6/05/2019,Banglore,Delhi,BLR → DEL,13:00,15:50,2h 50m,non-stop,No info,3943
Multiple carriers,1/06/2019,Delhi,Cochin,DEL → BOM → COK,07:30,19:00,11h 30m,1 stop,No info,11200
Jet Airways,18/05/2019,Kolkata,Banglore,CCU → BOM → BLR,18:55,04:40 19 May,9h 45m,1 stop,In-flight meal not included,8586
Jet Airways,12/06/2019,Kolkata,Banglore,CCU → BOM → BLR,21:10,10:05 13 Jun,12h 55m,1 stop,No info,13044
Multiple carriers,3/06/2019,Delhi,Cochin,DEL → BOM → COK,09:15,19:15,10h,1 stop,No info,8099
Jet Airways,15/06/2019,Delhi,Cochin,DEL → BOM → COK,17:30,04:25 16 Jun,10h 55m,1 stop,In-flight meal not included,10262
Multiple carriers,24/06/2019,Delhi,Cochin,DEL → IXU → BOM → COK,17:50,01:30 25 Jun,7h 40m,2 stops,No info,18275
Multiple carriers,27/05/2019,Delhi,Cochin,DEL → BOM → COK,06:00,21:00,15h,1 stop,No info,8475
SpiceJet,6/04/2019,Kolkata,Banglore,CCU → BLR,22:20,00:40 07 Apr,2h 20m,non-stop,No info,3873
IndiGo,21/06/2019,Mumbai,Hyderabad,BOM → HYD,21:20,22:50,1h 30m,non-stop,No info,2227
Jet Airways,6/03/2019,Delhi,Cochin,DEL → IDR → BOM → COK,05:25,19:45 07 Mar,38h 20m,2 stops,In-flight meal not included,16389
Air India,3/05/2019,Banglore,Delhi,BLR → DEL,06:10,08:55,2h 45m,non-stop,No info,5228
Air India,21/03/2019,Banglore,New Delhi,BLR → MAA → DEL,11:50,08:55 19 Mar,21h 5m,1 stop,No info,5092
IndiGo,09/03/2019,Banglore,New Delhi,BLR → DEL,21:20,00:15 13 Mar,2h 55m,non-stop,No info,4777
Air Asia,24/03/2019,Banglore,New Delhi,BLR → DEL,05:50,08:40,2h 50m,non-stop,No info,3383
Vistara,21/05/2019,Kolkata,Banglore,CCU → DEL → BLR,07:10,09:05 22 May,25h 55m,1 stop,No info,8452
IndiGo,27/05/2019,Banglore,Delhi,BLR → DEL,23:30,02:20 28 May,2h 50m,non-stop,No info,3943
Air India,24/06/2019,Mumbai,Hyderabad,BOM → HYD,21:05,22:25,1h 20m,non-stop,No info,3100
IndiGo,6/03/2019,Delhi,Cochin,DEL → BOM → COK,09:10,01:35 07 Mar,16h 25m,1 stop,No info,14871
Jet Airways,21/06/2019,Banglore,Delhi,BLR → DEL,11:10,14:05,2h 55m,non-stop,No info,8016
Multiple carriers,12/06/2019,Delhi,Cochin,DEL → BOM → COK,06:00,19:00,13h,1 stop,No info,11789
Multiple carriers,15/05/2019,Delhi,Cochin,DEL → BOM → COK,11:40,19:00,7h 20m,1 stop,No info,10529
Air Asia,15/03/2019,Banglore,New Delhi,BLR → DEL,05:50,08:40,2h 50m,non-stop,No info,5615
SpiceJet,6/06/2019,Kolkata,Banglore,CCU → MAA → BLR,15:05,20:20,5h 15m,1 stop,No info,4649
Air India,9/06/2019,Kolkata,Banglore,CCU → IXR → DEL → BLR,05:50,23:15,17h 25m,2 stops,No info,12723
Jet Airways,24/05/2019,Kolkata,Banglore,CCU → BOM → BLR,06:30,18:15,11h 45m,1 stop,In-flight meal not included,10844
Jet Airways,3/06/2019,Delhi,Cochin,DEL → BOM → COK,20:55,19:00 04 Jun,22h 5m,1 stop,No info,14714
Vistara,12/06/2019,Delhi,Cochin,DEL → COK,14:40,17:50,3h 10m,non-stop,No info,6216
IndiGo,15/03/2019,Kolkata,Banglore,CCU → BLR,09:35,12:20,2h 45m,non-stop,No info,4148
IndiGo,6/03/2019,Delhi,Cochin,DEL → HYD → COK,06:40,12:00,5h 20m,1 stop,No info,5647
Jet Airways,15/05/2019,Kolkata,Banglore,CCU → BOM → BLR,08:25,18:15,9h 50m,1 stop,In-flight meal not included,10844
IndiGo,9/05/2019,Delhi,Cochin,DEL → HYD → COK,05:05,12:10,7h 5m,1 stop,No info,6818
Air India,27/05/2019,Delhi,Cochin,DEL → GOI → BOM → COK,10:55,07:40 28 May,20h 45m,2 stops,No info,13643
Multiple carriers,27/03/2019,Delhi,Cochin,DEL → BOM → COK,07:00,21:00,14h,1 stop,No info,6358
Jet Airways,1/06/2019,Delhi,Cochin,DEL → BOM → COK,13:00,19:00,6h,1 stop,No info,14714
SpiceJet,21/04/2019,Delhi,Cochin,DEL → PNQ → COK,08:45,13:15,4h 30m,1 stop,No info,6460
Jet Airways,12/05/2019,Kolkata,Banglore,CCU → BOM → BLR,21:10,12:00 13 May,14h 50m,1 stop,In-flight meal not included,9663
Jet Airways,21/05/2019,Kolkata,Banglore,CCU → BOM → BLR,06:30,10:05 22 May,27h 35m,1 stop,No info,13941
Jet Airways,27/03/2019,Delhi,Cochin,DEL → BOM → COK,19:45,19:45 28 Mar,24h,1 stop,In-flight meal not included,5963
Jet Airways,15/06/2019,Delhi,Cochin,DEL → JAI → BOM → COK,19:30,12:35 16 Jun,17h 5m,2 stops,No info,13014
Jet Airways,9/05/2019,Kolkata,Banglore,CCU → BOM → BLR,16:30,09:20 10 May,16h 50m,1 stop,In-flight meal not included,9663
IndiGo,6/04/2019,Banglore,Delhi,BLR → DEL,13:00,15:50,2h 50m,non-stop,No info,4423
Jet Airways,6/05/2019,Delhi,Cochin,DEL → JDH → BOM → COK,11:40,19:00,7h 20m,2 stops,No info,21219
IndiGo,24/05/2019,Delhi,Cochin,DEL → BOM → COK,18:35,01:30 25 May,6h 55m,1 stop,No info,7503
IndiGo,24/06/2019,Kolkata,Banglore,CCU → BLR,21:25,00:05 25 Jun,2h 40m,non-stop,No info,4804
Jet Airways,9/05/2019,Delhi,Cochin,DEL → JAI → BOM → COK,09:40,12:35 10 May,26h 55m,2 stops,No info,15129
Multiple carriers,27/03/2019,Delhi,Cochin,DEL → HYD → MAA → COK,07:10,21:20,14h 10m,2 stops,No info,6197
SpiceJet,27/05/2019,Chennai,Kolkata,MAA → CCU,17:45,20:05,2h 20m,non-stop,No info,3597
Multiple carriers,27/03/2019,Delhi,Cochin,DEL → BOM → COK,07:30,19:15,11h 45m,1 stop,No info,9100
Jet Airways,1/06/2019,Mumbai,Hyderabad,BOM → HYD,07:05,08:30,1h 25m,non-stop,In-flight meal not included,4050
Multiple carriers,6/06/2019,Delhi,Cochin,DEL → BOM → COK,10:00,01:30 07 Jun,15h 30m,1 stop,No info,7723
Jet Airways,9/05/2019,Delhi,Cochin,DEL → AMD → BOM → COK,23:05,19:00 10 May,19h 55m,2 stops,No info,15129
Jet Airways,18/05/2019,Delhi,Cochin,DEL → BOM → COK,08:00,19:00,11h,1 stop,In-flight meal not included,12373
IndiGo,3/05/2019,Banglore,Delhi,BLR → DEL,23:30,02:20 04 May,2h 50m,non-stop,No info,4591
SpiceJet,9/03/2019,Chennai,Kolkata,MAA → CCU,08:20,10:35,2h 15m,non-stop,No info,6300
Air India,24/03/2019,Banglore,New Delhi,BLR → DEL,17:00,19:45,2h 45m,non-stop,No info,5176
Multiple carriers,15/06/2019,Delhi,Cochin,DEL → BOM → COK,09:00,19:00,10h,1 stop,No info,12717
Air India,18/03/2019,Chennai,Kolkata,MAA → CCU,11:40,13:55,2h 15m,non-stop,No info,4405
SpiceJet,21/04/2019,Delhi,Cochin,DEL → MAA → COK,15:45,22:05,6h 20m,1 stop,No info,6749
Jet Airways,12/05/2019,Kolkata,Banglore,CCU → GAU → BLR,10:20,17:35,7h 15m,1 stop,In-flight meal not included,7064
Jet Airways,21/05/2019,Delhi,Cochin,DEL → BOM → COK,07:05,12:35,5h 30m,1 stop,No info,16289
IndiGo,15/03/2019,Chennai,Kolkata,MAA → CCU,11:35,14:00,2h 25m,non-stop,No info,6297
Jet Airways,12/05/2019,Mumbai,Hyderabad,BOM → HYD,19:35,21:05,1h 30m,non-stop,No info,5678
Jet Airways,1/05/2019,Kolkata,Banglore,CCU → BOM → BLR,20:00,09:20 02 May,13h 20m,1 stop,No info,14388
Jet Airways,18/04/2019,Banglore,Delhi,BLR → DEL,06:00,08:45,2h 45m,non-stop,No info,7229
IndiGo,24/03/2019,Kolkata,Banglore,CCU → BBI → BLR,11:55,16:25,4h 30m,1 stop,No info,9806
IndiGo,6/06/2019,Delhi,Cochin,DEL → LKO → COK,21:50,03:35 07 Jun,5h 45m,1 stop,No info,6195
Jet Airways,12/06/2019,Kolkata,Banglore,CCU → BOM → BLR,18:55,18:15 13 Jun,23h 20m,1 stop,No info,13044
Jet Airways,27/06/2019,Delhi,Cochin,DEL → LKO → BOM → COK,11:45,04:25 28 Jun,16h 40m,2 stops,No info,13882
Jet Airways,24/03/2019,Banglore,New Delhi,BLR → BOM → DEL,05:45,10:45,5h,1 stop,In-flight meal not included,8147
Air India,9/04/2019,Delhi,Cochin,DEL → HYD → BOM → COK,17:15,07:40 10 Apr,14h 25m,2 stops,No info,8052
Jet Airways,1/05/2019,Kolkata,Banglore,CCU → BOM → BLR,06:30,19:50,13h 20m,1 stop,No info,14781
Jet Airways,24/05/2019,Kolkata,Banglore,CCU → DEL → BLR,09:35,22:05,12h 30m,1 stop,No info,14151
IndiGo,18/05/2019,Kolkata,Banglore,CCU → NAG → BLR,18:05,23:30,5h 25m,1 stop,No info,6704
Jet Airways,1/05/2019,Kolkata,Banglore,CCU → BOM → BLR,08:25,12:00 02 May,27h 35m,1 stop,In-flight meal not included,9663
IndiGo,18/03/2019,Kolkata,Banglore,CCU → BLR,15:20,17:55,2h 35m,non-stop,No info,4462
Jet Airways,21/03/2019,Delhi,Cochin,DEL → BDQ → BOM → COK,10:45,04:25 22 Mar,17h 40m,2 stops,In-flight meal not included,8367
Jet Airways,9/06/2019,Delhi,Cochin,DEL → NAG → BOM → COK,06:45,04:25 10 Jun,21h 40m,2 stops,No info,13376
Jet Airways,21/05/2019,Kolkata,Banglore,CCU → DEL → BLR,20:25,09:45 22 May,13h 20m,1 stop,No info,13067
IndiGo,21/05/2019,Kolkata,Banglore,CCU → BLR,14:25,16:55,2h 30m,non-stop,No info,5224
Multiple carriers,21/03/2019,Delhi,Cochin,DEL → BOM → COK,16:00,01:35 22 Mar,9h 35m,1 stop,No info,13542
GoAir,24/05/2019,Banglore,Delhi,BLR → DEL,07:45,10:40,2h 55m,non-stop,No info,3419
Multiple carriers,6/03/2019,Delhi,Cochin,DEL → HYD → MAA → COK,09:45,21:20,11h 35m,2 stops,No info,10444
IndiGo,1/06/2019,Kolkata,Banglore,CCU → BLR,09:35,12:10,2h 35m,non-stop,No info,4804
Jet Airways,21/05/2019,Mumbai,Hyderabad,BOM → HYD,07:05,08:30,1h 25m,non-stop,In-flight meal not included,4995
SpiceJet,27/04/2019,Delhi,Cochin,DEL → BLR → COK,17:55,22:50,4h 55m,1 stop,No info,4957
Jet Airways,9/05/2019,Delhi,Cochin,DEL → BOM → COK,20:55,04:25 10 May,7h 30m,1 stop,No info,15554
Jet Airways,1/05/2019,Kolkata,Banglore,CCU → BOM → BLR,20:00,12:00 02 May,16h,1 stop,In-flight meal not included,9663
Jet Airways,18/05/2019,Kolkata,Banglore,CCU → DEL → BLR,09:35,09:45 19 May,24h 10m,1 stop,No info,14151
IndiGo,6/06/2019,Delhi,Cochin,DEL → COK,05:35,08:50,3h 15m,non-stop,No info,5601
Multiple carriers,15/05/2019,Delhi,Cochin,DEL → BOM → COK,06:40,19:15,12h 35m,1 stop,No info,7787
Air India,21/03/2019,Banglore,New Delhi,BLR → MAA → DEL,11:50,23:55,12h 5m,1 stop,No info,5092
Jet Airways,6/06/2019,Kolkata,Banglore,CCU → BOM → BLR,21:10,09:20 07 Jun,12h 10m,1 stop,In-flight meal not included,10844
Multiple carriers,9/03/2019,Delhi,Cochin,DEL → IXU → BOM → COK,17:50,01:35 10 Mar,7h 45m,2 stops,No info,23583
Air India,12/05/2019,Kolkata,Banglore,CCU → BBI → BOM → BLR,12:00,18:30 13 May,30h 30m,2 stops,No info,10676
SpiceJet,6/06/2019,Kolkata,Banglore,CCU → IXB → BLR,11:15,18:30,7h 15m,1 stop,No info,10156
Air Asia,6/03/2019,Delhi,Cochin,DEL → BLR → COK,16:45,07:10 07 Mar,14h 25m,1 stop,No info,8627
Air Asia,21/05/2019,Kolkata,Banglore,CCU → BLR,09:45,12:15,2h 30m,non-stop,No info,4409
Multiple carriers,18/05/2019,Delhi,Cochin,DEL → HYD → COK,09:45,16:10,6h 25m,1 stop,No info,9646
Jet Airways,12/03/2019,Banglore,New Delhi,BLR → BOM → DEL,21:25,12:25 13 Mar,15h,1 stop,No info,13817
Air India,9/05/2019,Delhi,Cochin,DEL → UDR → BOM → COK,13:20,07:40 10 May,18h 20m,2 stops,No info,13538
Air India,9/05/2019,Kolkata,Banglore,CCU → BBI → BOM → BLR,12:00,07:55 10 May,19h 55m,2 stops,No info,9416
Jet Airways,27/04/2019,Banglore,Delhi,BLR → DEL,11:10,14:05,2h 55m,non-stop,No info,7229
Air India,1/05/2019,Kolkata,Banglore,CCU → DEL → BLR,10:00,23:15,13h 15m,1 stop,No info,10203
IndiGo,21/05/2019,Delhi,Cochin,DEL → HYD → COK,16:10,00:55 22 May,8h 45m,1 stop,No info,6778
IndiGo,15/06/2019,Mumbai,Hyderabad,BOM → HYD,12:00,13:30,1h 30m,non-stop,No info,2754
Air India,1/05/2019,Kolkata,Banglore,CCU → IXR → DEL → BLR,05:50,20:25,14h 35m,2 stops,No info,10991
Vistara,27/05/2019,Banglore,Delhi,BLR → DEL,11:30,14:20,2h 50m,non-stop,No info,4668
SpiceJet,3/06/2019,Delhi,Cochin,DEL → PNQ → COK,08:45,13:15,4h 30m,1 stop,No check-in baggage included,5726
Air India,12/06/2019,Kolkata,Banglore,CCU → GAU → DEL → BLR,09:50,23:15,13h 25m,2 stops,No info,14960
Air India,21/05/2019,Delhi,Cochin,DEL → MAA → COK,20:40,09:25 22 May,12h 45m,1 stop,No info,7480
Air Asia,21/05/2019,Kolkata,Banglore,CCU → BLR,19:55,22:25,2h 30m,non-stop,No info,4107
Jet Airways,1/05/2019,Kolkata,Banglore,CCU → DEL → BLR,09:35,09:45 02 May,24h 10m,1 stop,No info,11467
IndiGo,27/04/2019,Delhi,Cochin,DEL → MAA → COK,02:00,07:25,5h 25m,1 stop,No info,5796
Jet Airways,6/06/2019,Delhi,Cochin,DEL → BOM → COK,02:15,19:00,16h 45m,1 stop,In-flight meal not included,10262
Air India,27/06/2019,Delhi,Cochin,DEL → RPR → NAG → BOM → COK,05:15,07:40 28 Jun,26h 25m,3 stops,No info,11543
IndiGo,24/04/2019,Delhi,Cochin,DEL → HYD → COK,06:50,12:10,5h 20m,1 stop,No info,5298
Air Asia,27/04/2019,Delhi,Cochin,DEL → BLR → COK,20:45,07:10 28 Apr,10h 25m,1 stop,No info,6451
Air India,9/06/2019,Kolkata,Banglore,CCU → BLR,14:15,16:45,2h 30m,non-stop,No info,6245
Jet Airways,27/03/2019,Mumbai,Hyderabad,BOM → HYD,19:35,21:05,1h 30m,non-stop,In-flight meal not included,2071
IndiGo,15/05/2019,Kolkata,Banglore,CCU → BLR,09:35,12:20,2h 45m,non-stop,No info,4804
Multiple carriers,27/06/2019,Delhi,Cochin,DEL → BOM → COK,07:30,21:00,13h 30m,1 stop,No info,7005
Jet Airways,18/03/2019,Banglore,New Delhi,BLR → BOM → DEL,05:45,12:25,6h 40m,1 stop,No info,12284
Air India,9/05/2019,Kolkata,Banglore,CCU → DEL → BLR,07:00,20:25,13h 25m,1 stop,No info,10203
IndiGo,27/05/2019,Delhi,Cochin,DEL → HYD → COK,14:20,22:30,8h 10m,1 stop,No info,6938
Multiple carriers,12/06/2019,Delhi,Cochin,DEL → BOM → COK,10:00,01:30 13 Jun,15h 30m,1 stop,No info,13377
Multiple carriers,1/06/2019,Delhi,Cochin,DEL → BOM → COK,09:15,19:15,10h,1 stop,No info,9779
Air India,15/05/2019,Chennai,Kolkata,MAA → CCU,11:40,13:55,2h 15m,non-stop,No info,4667
Jet Airways,3/04/2019,Banglore,Delhi,BLR → DEL,19:50,22:50,3h,non-stop,In-flight meal not included,4544
Jet Airways,27/06/2019,Delhi,Cochin,DEL → BOM → COK,21:50,04:25 28 Jun,6h 35m,1 stop,No info,16079
Jet Airways,1/04/2019,Kolkata,Banglore,CCU → BOM → BLR,16:30,19:50 02 Apr,27h 20m,1 stop,In-flight meal not included,7064
Jet Airways,18/05/2019,Delhi,Cochin,DEL → BOM → COK,14:00,19:00,5h,1 stop,No info,15554
SpiceJet,18/05/2019,Chennai,Kolkata,MAA → CCU,09:45,12:00,2h 15m,non-stop,No check-in baggage included,3543
Air India,18/04/2019,Banglore,Delhi,BLR → DEL,13:20,16:10,2h 50m,non-stop,No info,6121
IndiGo,27/03/2019,Delhi,Cochin,DEL → BOM → COK,08:25,15:30,7h 5m,1 stop,No info,8075
Multiple carriers,3/06/2019,Delhi,Cochin,DEL → BOM → COK,11:30,01:30 04 Jun,14h,1 stop,No info,13377
Jet Airways,24/05/2019,Kolkata,Banglore,CCU → BOM → BLR,14:05,19:50,5h 45m,1 stop,No info,14571
SpiceJet,24/04/2019,Banglore,Delhi,BLR → DEL,05:55,08:35,2h 40m,non-stop,No check-in baggage included,3919
Jet Airways,24/03/2019,Kolkata,Banglore,CCU → BOM → BLR,18:55,04:45 25 Mar,9h 50m,1 stop,No info,14231
IndiGo,15/03/2019,Mumbai,Hyderabad,BOM → HYD,19:05,20:30,1h 25m,non-stop,No info,2754
Air India,21/05/2019,Delhi,Cochin,DEL → BLR → COK,17:40,23:00,5h 20m,1 stop,No info,8067
Vistara,6/05/2019,Kolkata,Banglore,CCU → DEL → BLR,07:10,22:40,15h 30m,1 stop,No info,8452
Jet Airways,06/03/2019,Banglore,New Delhi,BLR → BOM → DEL,14:05,11:25 07 Mar,21h 20m,1 stop,No info,15025
Jet Airways,01/03/2019,Banglore,New Delhi,BLR → BOM → DEL,08:55,16:10,7h 15m,1 stop,No info,26890
Jet Airways,6/03/2019,Delhi,Cochin,DEL → BOM → COK,13:00,18:50,5h 50m,1 stop,In-flight meal not included,15103
Jet Airways,24/05/2019,Kolkata,Banglore,CCU → BOM → BLR,14:05,04:40 25 May,14h 35m,1 stop,In-flight meal not included,8586
Jet Airways,9/06/2019,Kolkata,Banglore,CCU → BOM → BLR,08:25,16:20,7h 55m,1 stop,In-flight meal not included,10844
Jet Airways,21/05/2019,Delhi,Cochin,DEL → BOM → COK,21:50,04:25 22 May,6h 35m,1 stop,In-flight meal not included,12898
Jet Airways,12/05/2019,Kolkata,Banglore,CCU → BOM → BLR,06:30,08:15 13 May,25h 45m,1 stop,In-flight meal not included,8586
Multiple carriers,9/06/2019,Delhi,Cochin,DEL → BOM → COK,08:30,19:00,10h 30m,1 stop,No info,11622
Air India,6/05/2019,Delhi,Cochin,DEL → LKO → BOM → COK,12:20,19:15 07 May,30h 55m,2 stops,No info,13538
Jet Airways,1/06/2019,Delhi,Cochin,DEL → JAI → BOM → COK,05:30,04:25 02 Jun,22h 55m,2 stops,No info,13014
Jet Airways,9/05/2019,Kolkata,Banglore,CCU → BOM → BLR,18:55,10:05 10 May,15h 10m,1 stop,No info,13941
Jet Airways,18/05/2019,Kolkata,Banglore,CCU → DEL → BLR,09:35,10:55 19 May,25h 20m,1 stop,No info,14151
Multiple carriers,21/03/2019,Delhi,Cochin,DEL → BOM → COK,17:30,01:35 22 Mar,8h 5m,1 stop,No info,13542
IndiGo,21/03/2019,Delhi,Cochin,DEL → HYD → COK,06:40,22:20,15h 40m,1 stop,No info,6558
Air Asia,18/05/2019,Kolkata,Banglore,CCU → DEL → BLR,07:35,19:25,11h 50m,1 stop,No info,5192
Vistara,1/06/2019,Banglore,Delhi,BLR → DEL,07:00,09:40,2h 40m,non-stop,No info,4878
Jet Airways,27/05/2019,Delhi,Cochin,DEL → BOM → COK,15:00,12:35 28 May,21h 35m,1 stop,In-flight meal not included,12898
Air India,9/06/2019,Delhi,Cochin,DEL → BLR → COK,17:40,23:00,5h 20m,1 stop,No info,7384
GoAir,3/05/2019,Banglore,Delhi,BLR → DEL,07:45,10:40,2h 55m,non-stop,No info,3898
Air Asia,6/05/2019,Banglore,Delhi,BLR → DEL,23:55,02:45 07 May,2h 50m,non-stop,No info,3383
IndiGo,24/06/2019,Delhi,Cochin,DEL → BOM → COK,06:40,21:00,14h 20m,1 stop,No info,6093
Multiple carriers,12/06/2019,Delhi,Cochin,DEL → BOM → COK,08:00,19:00,11h,1 stop,No info,12192
Multiple carriers,12/06/2019,Delhi,Cochin,DEL → BOM → COK,12:50,01:30 13 Jun,12h 40m,1 stop,No info,6795
Jet Airways,18/03/2019,Banglore,New Delhi,BLR → BOM → DEL,07:00,07:40 16 Mar,24h 40m,1 stop,No info,11455
IndiGo,1/06/2019,Chennai,Kolkata,MAA → CCU,15:40,18:25,2h 45m,non-stop,No info,3540
Multiple carriers,27/05/2019,Delhi,Cochin,DEL → BOM → COK,09:00,19:15,10h 15m,1 stop,No info,15898
Multiple carriers,3/06/2019,Delhi,Cochin,DEL → BOM → COK,10:00,21:00,11h,1 stop,No info,9718
GoAir,15/05/2019,Kolkata,Banglore,CCU → AMD → BLR,16:40,00:15 16 May,7h 35m,1 stop,No info,7831
IndiGo,3/06/2019,Delhi,Cochin,DEL → BOM → COK,08:30,21:00,12h 30m,1 stop,No info,6416
Vistara,27/03/2019,Chennai,Kolkata,MAA → CCU,07:05,09:20,2h 15m,non-stop,No info,3739
Vistara,6/05/2019,Kolkata,Banglore,CCU → DEL → BLR,07:10,23:25,16h 15m,1 stop,No info,8085
IndiGo,3/05/2019,Banglore,Delhi,BLR → DEL,16:55,19:55,3h,non-stop,No info,4823
Jet Airways,9/06/2019,Delhi,Cochin,DEL → NAG → BOM → COK,14:35,12:35 10 Jun,22h,2 stops,No info,13376
Vistara,15/05/2019,Kolkata,Banglore,CCU → DEL → BLR,20:20,10:45 16 May,14h 25m,1 stop,No info,8452
Jet Airways,6/06/2019,Kolkata,Banglore,CCU → BOM → BLR,20:00,22:35 07 Jun,26h 35m,1 stop,In-flight meal not included,10844
Vistara,27/03/2019,Delhi,Cochin,DEL → COK,06:00,09:10,3h 10m,non-stop,No info,4851
Multiple carriers,15/06/2019,Delhi,Cochin,DEL → BOM → COK,19:00,01:30 16 Jun,6h 30m,1 stop,No info,6795
IndiGo,18/05/2019,Banglore,Delhi,BLR → DEL,08:30,11:20,2h 50m,non-stop,No info,4823
Jet Airways,9/06/2019,Delhi,Cochin,DEL → BOM → COK,20:55,04:25 10 Jun,7h 30m,1 stop,In-flight meal not included,10577
Jet Airways,27/03/2019,Delhi,Cochin,DEL → BOM → COK,20:50,19:45 28 Mar,22h 55m,1 stop,No info,12032
Air Asia,1/06/2019,Delhi,Cochin,DEL → BLR → COK,07:55,13:25,5h 30m,1 stop,No info,9330
Vistara,1/04/2019,Kolkata,Banglore,CCU → DEL → BLR,17:00,22:55,5h 55m,1 stop,No info,8977
Multiple carriers,1/06/2019,Delhi,Cochin,DEL → BOM → COK,12:50,21:00,8h 10m,1 stop,No info,7005
Jet Airways,18/05/2019,Kolkata,Banglore,CCU → BOM → BLR,14:05,20:45,6h 40m,1 stop,In-flight meal not included,10844
Multiple carriers,24/06/2019,Delhi,Cochin,DEL → BOM → COK,03:50,12:35,8h 45m,1 stop,No info,12192
Air India,24/03/2019,Banglore,New Delhi,BLR → DEL,10:00,12:45,2h 45m,non-stop,No info,4441
Multiple carriers,9/05/2019,Delhi,Cochin,DEL → BOM → COK,10:35,19:15,8h 40m,1 stop,No info,7575
IndiGo,21/06/2019,Kolkata,Banglore,CCU → BLR,04:40,07:15,2h 35m,non-stop,No info,4804
SpiceJet,6/06/2019,Chennai,Kolkata,MAA → CCU,09:45,12:00,2h 15m,non-stop,No info,3597
Air India,6/06/2019,Kolkata,Banglore,CCU → DEL → BLR,17:30,20:25 07 Jun,26h 55m,1 stop,No info,10413
Jet Airways,9/06/2019,Banglore,Delhi,BLR → DEL,06:00,08:45,2h 45m,non-stop,No info,8016
Jet Airways,9/06/2019,Kolkata,Banglore,CCU → BOM → BLR,20:00,12:00 10 Jun,16h,1 stop,In-flight meal not included,10844
Jet Airways,12/05/2019,Kolkata,Banglore,CCU → BOM → BLR,16:30,09:20 13 May,16h 50m,1 stop,In-flight meal not included,9663
IndiGo,18/05/2019,Delhi,Cochin,DEL → BOM → COK,20:25,01:30 19 May,5h 5m,1 stop,No info,6069
IndiGo,27/05/2019,Delhi,Cochin,DEL → HYD → COK,11:55,22:30,10h 35m,1 stop,No info,6442
Multiple carriers,1/06/2019,Delhi,Cochin,DEL → BOM → COK,09:00,21:00,12h,1 stop,No info,13587
Air India,9/05/2019,Mumbai,Hyderabad,BOM → HYD,19:30,20:45,1h 15m,non-stop,No info,3100
Jet Airways,21/05/2019,Kolkata,Banglore,CCU → BOM → BLR,06:30,18:15,11h 45m,1 stop,No info,14781
Jet Airways,21/05/2019,Delhi,Cochin,DEL → BOM → COK,21:50,19:00 22 May,21h 10m,1 stop,In-flight meal not included,12898
IndiGo,18/06/2019,Kolkata,Banglore,CCU → BLR,14:25,16:55,2h 30m,non-stop,No info,4804
SpiceJet,15/04/2019,Kolkata,Banglore,CCU → BLR,09:00,11:25,2h 25m,non-stop,No info,4174
IndiGo,24/05/2019,Banglore,Delhi,BLR → DEL,23:30,02:20 25 May,2h 50m,non-stop,No info,4591
Jet Airways,6/05/2019,Kolkata,Banglore,CCU → BOM → BLR,16:30,19:50 07 May,27h 20m,1 stop,In-flight meal not included,9663
Multiple carriers,15/05/2019,Delhi,Cochin,DEL → BOM → COK,08:45,19:15,10h 30m,1 stop,No info,8266
IndiGo,6/05/2019,Banglore,Delhi,BLR → DEL,07:10,10:05,2h 55m,non-stop,No info,4823
Air India,21/05/2019,Delhi,Cochin,DEL → COK,18:05,21:10,3h 5m,non-stop,No info,6094
Jet Airways,24/05/2019,Kolkata,Banglore,CCU → BOM → BLR,21:10,04:40 25 May,7h 30m,1 stop,No info,14178
Jet Airways,9/06/2019,Delhi,Cochin,DEL → NAG → BOM → COK,06:45,12:35 10 Jun,29h 50m,2 stops,No info,13376
Air India,24/03/2019,Mumbai,Hyderabad,BOM → HYD,21:05,22:25,1h 20m,non-stop,No info,2575
Vistara,6/03/2019,Mumbai,Hyderabad,BOM → DEL → HYD,07:30,19:55,12h 25m,1 stop,No info,12395
IndiGo,27/03/2019,Delhi,Cochin,DEL → BOM → COK,09:10,21:00,11h 50m,1 stop,No info,10351
Air Asia,21/05/2019,Kolkata,Banglore,CCU → DEL → BLR,07:35,23:30,15h 55m,1 stop,No info,5192
Multiple carriers,15/05/2019,Delhi,Cochin,DEL → BOM → COK,12:50,21:00,8h 10m,1 stop,No info,7670
Air India,18/03/2019,Banglore,New Delhi,BLR → CCU → GAU → DEL,11:05,22:10 16 Mar,35h 5m,2 stops,No info,11161
Jet Airways,24/05/2019,Kolkata,Banglore,CCU → DEL → BLR,20:25,18:00 25 May,21h 35m,1 stop,No info,14151
IndiGo,6/05/2019,Kolkata,Banglore,CCU → HYD → BLR,15:15,20:05,4h 50m,1 stop,No info,4775
Air India,6/03/2019,Delhi,Cochin,DEL → HYD → MAA → COK,13:05,09:25 07 Mar,20h 20m,2 stops,No info,12865
Air India,6/03/2019,Mumbai,Hyderabad,BOM → HYD,19:30,20:45,1h 15m,non-stop,No info,5462
SpiceJet,9/03/2019,Delhi,Cochin,DEL → MAA → COK,06:10,11:20,5h 10m,1 stop,No info,8382
Jet Airways,24/04/2019,Banglore,Delhi,BLR → DEL,17:45,20:45,3h,non-stop,In-flight meal not included,4544
Jet Airways,1/04/2019,Banglore,Delhi,BLR → DEL,15:15,18:10,2h 55m,non-stop,In-flight meal not included,4544
Jet Airways,18/05/2019,Kolkata,Banglore,CCU → BOM → BLR,16:30,23:35,7h 5m,1 stop,No info,14781
SpiceJet,27/05/2019,Delhi,Cochin,DEL → PNQ → COK,08:45,13:15,4h 30m,1 stop,No check-in baggage included,5158
Jet Airways,21/03/2019,Mumbai,Hyderabad,BOM → HYD,15:50,17:20,1h 30m,non-stop,No info,5678
Jet Airways,9/06/2019,Delhi,Cochin,DEL → JDH → BOM → COK,11:40,19:00,7h 20m,2 stops,No info,18804
IndiGo,3/06/2019,Mumbai,Hyderabad,BOM → HYD,09:10,10:40,1h 30m,non-stop,No info,4049
IndiGo,24/03/2019,Kolkata,Banglore,CCU → BLR,10:10,12:55,2h 45m,non-stop,No info,6565
Jet Airways,18/05/2019,Delhi,Cochin,DEL → BOM → COK,18:15,12:35 19 May,18h 20m,1 stop,In-flight meal not included,12373
Air India,18/03/2019,Banglore,New Delhi,BLR → DEL,17:00,19:45,2h 45m,non-stop,No info,4441
SpiceJet,18/05/2019,Chennai,Kolkata,MAA → CCU,17:45,20:05,2h 20m,non-stop,No info,3597
Jet Airways,18/06/2019,Mumbai,Hyderabad,BOM → HYD,19:35,21:05,1h 30m,non-stop,No info,5678
Air India,9/03/2019,Delhi,Cochin,DEL → HYD → MAA → COK,09:45,09:25 10 Mar,23h 40m,2 stops,No info,10660
Jet Airways,21/04/2019,Banglore,Delhi,BLR → DEL,06:00,08:45,2h 45m,non-stop,In-flight meal not included,4544
IndiGo,24/05/2019,Banglore,Delhi,BLR → DEL,08:30,11:20,2h 50m,non-stop,No info,4823
Air India,9/05/2019,Kolkata,Banglore,CCU → VNS → DEL → BLR,14:30,23:15,8h 45m,2 stops,No info,14214
Jet Airways,1/05/2019,Kolkata,Banglore,CCU → BOM → BLR,08:25,16:20,7h 55m,1 stop,No info,14781
Multiple carriers,1/03/2019,Delhi,Cochin,DEL → BOM → COK,19:00,01:35 02 Mar,6h 35m,1 stop,No info,23533
Jet Airways,9/03/2019,Delhi,Cochin,DEL → BOM → COK,19:15,18:50 10 Mar,23h 35m,1 stop,In-flight meal not included,14053
Jet Airways,27/06/2019,Delhi,Cochin,DEL → BOM → COK,21:50,19:00 28 Jun,21h 10m,1 stop,In-flight meal not included,10262
IndiGo,21/06/2019,Banglore,Delhi,BLR → DEL,20:00,22:50,2h 50m,non-stop,No info,4823
Air India,18/05/2019,Delhi,Cochin,DEL → BLR → COK,17:40,08:15 19 May,14h 35m,1 stop,No info,8361
Air India,9/06/2019,Delhi,Cochin,DEL → NAG → BOM → COK,05:55,19:15 10 Jun,37h 20m,2 stops,No info,10493
Multiple carriers,3/03/2019,Delhi,Cochin,DEL → BOM → COK,07:05,13:20,6h 15m,1 stop,No info,17057
Air India,18/05/2019,Delhi,Cochin,DEL → HYD → BOM → COK,17:15,19:15 19 May,26h,2 stops,No info,12392
IndiGo,12/06/2019,Delhi,Cochin,DEL → BOM → COK,11:25,01:30 13 Jun,14h 5m,1 stop,No info,5883
Jet Airways,21/05/2019,Delhi,Cochin,DEL → BOM → COK,11:30,19:00,7h 30m,1 stop,In-flight meal not included,12898
Jet Airways,21/05/2019,Delhi,Cochin,DEL → BOM → COK,02:15,19:00,16h 45m,1 stop,No info,16079
Multiple carriers,12/06/2019,Delhi,Cochin,DEL → BOM → COK,04:55,12:35,7h 40m,1 stop,No info,10678
Air India,01/03/2019,Banglore,New Delhi,BLR → BOM → IDR → DEL,06:45,11:10 02 Mar,28h 25m,2 stops,No info,20999
IndiGo,21/03/2019,Banglore,New Delhi,BLR → BOM → DEL,19:35,00:35 19 Mar,5h,1 stop,No info,6575
Jet Airways,21/05/2019,Delhi,Cochin,DEL → JAI → BOM → COK,19:30,04:25 22 May,8h 55m,2 stops,No info,15129
Jet Airways,6/06/2019,Kolkata,Banglore,CCU → BOM → BLR,18:55,18:15 07 Jun,23h 20m,1 stop,In-flight meal not included,10844
Air India,03/03/2019,Banglore,New Delhi,BLR → BBI → DEL,09:30,23:45,14h 15m,1 stop,No info,11654
IndiGo,1/04/2019,Kolkata,Banglore,CCU → MAA → BLR,08:10,13:00,4h 50m,1 stop,No info,5069
Air India,1/04/2019,Banglore,Delhi,BLR → DEL,06:10,08:55,2h 45m,non-stop,No info,5176
Jet Airways,9/06/2019,Delhi,Cochin,DEL → IDR → BOM → COK,05:30,04:25 10 Jun,22h 55m,2 stops,No info,13292
IndiGo,6/06/2019,Delhi,Cochin,DEL → BLR → COK,02:00,07:45,5h 45m,1 stop,No info,6386
Jet Airways,21/05/2019,Delhi,Cochin,DEL → AMD → BOM → COK,13:25,19:00 22 May,29h 35m,2 stops,No info,15129
Air India,6/03/2019,Kolkata,Banglore,CCU → BLR,20:45,23:20,2h 35m,non-stop,No info,4435
IndiGo,18/05/2019,Banglore,Delhi,BLR → DEL,23:30,02:20 19 May,2h 50m,non-stop,No info,4591
Jet Airways,21/03/2019,Banglore,New Delhi,BLR → BOM → DEL,05:45,23:00,17h 15m,1 stop,In-flight meal not included,7832
IndiGo,12/04/2019,Kolkata,Banglore,CCU → BLR,04:40,07:15,2h 35m,non-stop,No info,4174
Multiple carriers,27/03/2019,Delhi,Cochin,DEL → BOM → COK,07:00,15:30,8h 30m,1 stop,No info,6148
Multiple carriers,27/05/2019,Delhi,Cochin,DEL → BOM → COK,09:15,19:15,10h,1 stop,No info,9149
Multiple carriers,27/03/2019,Delhi,Cochin,DEL → HYD → MAA → COK,13:05,21:20,8h 15m,2 stops,No info,6128
IndiGo,27/03/2019,Delhi,Cochin,DEL → HYD → COK,16:10,22:20,6h 10m,1 stop,No info,6412
Multiple carriers,18/05/2019,Delhi,Cochin,DEL → BOM → COK,08:00,21:00,13h,1 stop,No info,8073
Jet Airways,24/06/2019,Delhi,Cochin,DEL → COK,11:00,14:15,3h 15m,non-stop,In-flight meal not included,4256
Air India,12/05/2019,Kolkata,Banglore,CCU → DEL → AMD → BLR,10:00,05:25 13 May,19h 25m,2 stops,No info,14634
Multiple carriers,21/05/2019,Delhi,Cochin,DEL → BOM → COK,13:00,21:00,8h,1 stop,No info,14067
IndiGo,6/05/2019,Kolkata,Banglore,CCU → BLR,15:30,18:05,2h 35m,non-stop,No info,4804
SpiceJet,21/04/2019,Kolkata,Banglore,CCU → BLR,17:10,19:40,2h 30m,non-stop,No info,4911
IndiGo,9/06/2019,Delhi,Cochin,DEL → HYD → COK,16:10,22:30,6h 20m,1 stop,No info,6412
SpiceJet,15/06/2019,Chennai,Kolkata,MAA → CCU,08:20,10:35,2h 15m,non-stop,No check-in baggage included,3543
IndiGo,6/06/2019,Chennai,Kolkata,MAA → CCU,11:35,14:00,2h 25m,non-stop,No info,3858
Air India,15/05/2019,Kolkata,Banglore,CCU → BBI → BOM → BLR,12:00,07:55 16 May,19h 55m,2 stops,No info,9941
Jet Airways,9/04/2019,Banglore,Delhi,BLR → DEL,08:20,11:20,3h,non-stop,No info,7229
GoAir,03/03/2019,Banglore,New Delhi,BLR → GOI → DEL,15:45,20:15,4h 30m,1 stop,No info,8352
Jet Airways,12/05/2019,Kolkata,Banglore,CCU → DEL → BLR,09:35,22:05,12h 30m,1 stop,No info,14151
Multiple carriers,6/06/2019,Delhi,Cochin,DEL → BOM → COK,17:45,01:30 07 Jun,7h 45m,1 stop,No info,6795
IndiGo,3/05/2019,Kolkata,Banglore,CCU → BLR,20:20,22:55,2h 35m,non-stop,No info,4804
Air India,6/06/2019,Delhi,Cochin,DEL → TRV → COK,05:15,06:50 07 Jun,25h 35m,1 stop,No info,6587
GoAir,3/04/2019,Delhi,Cochin,DEL → AMD → COK,07:25,13:35,6h 10m,1 stop,No info,4106
Air India,18/04/2019,Kolkata,Banglore,CCU → BLR,14:15,16:45,2h 30m,non-stop,No info,5510
Jet Airways,9/05/2019,Delhi,Cochin,DEL → JAI → BOM → COK,09:40,19:00,9h 20m,2 stops,No info,15129
Jet Airways,9/05/2019,Delhi,Cochin,DEL → JAI → BOM → COK,09:40,04:25 10 May,18h 45m,2 stops,In-flight meal not included,13029
IndiGo,15/06/2019,Delhi,Cochin,DEL → MAA → COK,07:15,12:30,5h 15m,1 stop,No info,6582
Multiple carriers,27/06/2019,Delhi,Cochin,DEL → BOM → COK,17:45,01:30 28 Jun,7h 45m,1 stop,In-flight meal not included,5797
Jet Airways,12/06/2019,Kolkata,Banglore,CCU → DEL → BLR,20:25,10:55 13 Jun,14h 30m,1 stop,No info,12692
SpiceJet,27/03/2019,Chennai,Kolkata,MAA → CCU,08:20,10:35,2h 15m,non-stop,No check-in baggage included,3332
Air India,9/06/2019,Kolkata,Banglore,CCU → BBI → BOM → BLR,12:00,07:55 10 Jun,19h 55m,2 stops,No info,10151
IndiGo,6/04/2019,Delhi,Cochin,DEL → MAA → COK,02:00,07:25,5h 25m,1 stop,No info,5046
Air India,15/06/2019,Delhi,Cochin,DEL → BLR → COK,06:10,23:00,16h 50m,1 stop,No info,8907
Air India,6/05/2019,Banglore,Delhi,BLR → DEL,21:05,23:55,2h 50m,non-stop,No info,5228
IndiGo,3/03/2019,Delhi,Cochin,DEL → LKO → COK,05:35,10:10,4h 35m,1 stop,No info,13753
Jet Airways,09/03/2019,Banglore,New Delhi,BLR → BOM → DEL,08:55,21:20,12h 25m,1 stop,In-flight meal not included,11087
Jet Airways,18/05/2019,Kolkata,Banglore,CCU → BOM → BLR,14:05,23:35,9h 30m,1 stop,No info,14781
IndiGo,6/05/2019,Kolkata,Banglore,CCU → BLR,11:30,14:05,2h 35m,non-stop,No info,5224
Jet Airways,6/05/2019,Banglore,Delhi,BLR → DEL,15:15,18:10,2h 55m,non-stop,In-flight meal not included,3702
IndiGo,18/03/2019,Mumbai,Hyderabad,BOM → HYD,19:05,20:30,1h 25m,non-stop,No info,2754
Air Asia,24/05/2019,Banglore,Delhi,BLR → DEL,11:10,13:55,2h 45m,non-stop,No info,3383
Air India,15/04/2019,Banglore,Delhi,BLR → DEL,13:20,16:10,2h 50m,non-stop,No info,5228
IndiGo,27/05/2019,Delhi,Cochin,DEL → BOM → COK,20:25,01:30 28 May,5h 5m,1 stop,No info,5054
Jet Airways,18/03/2019,Banglore,New Delhi,BLR → BOM → DEL,08:55,19:10,10h 15m,1 stop,No info,13555
Multiple carriers,1/06/2019,Delhi,Cochin,DEL → BOM → COK,17:00,01:30 02 Jun,8h 30m,1 stop,No info,7408
IndiGo,24/05/2019,Kolkata,Banglore,CCU → BLR,14:25,16:55,2h 30m,non-stop,No info,5224
IndiGo,01/03/2019,Banglore,New Delhi,BLR → HYD → DEL,12:10,17:05,4h 55m,1 stop,No info,9694
IndiGo,21/03/2019,Delhi,Cochin,DEL → BOM → COK,17:10,01:35 22 Mar,8h 25m,1 stop,No info,7318
IndiGo,21/05/2019,Delhi,Cochin,DEL → HYD → COK,07:35,12:10,4h 35m,1 stop,No info,5054
Jet Airways,1/05/2019,Banglore,Delhi,BLR → DEL,18:55,22:00,3h 5m,non-stop,In-flight meal not included,4030
Jet Airways,06/03/2019,Banglore,New Delhi,BLR → BOM → DEL,08:00,18:25,10h 25m,1 stop,No info,16736
Air India,18/03/2019,Mumbai,Hyderabad,BOM → HYD,19:30,20:45,1h 15m,non-stop,No info,2050
Air India,12/03/2019,Mumbai,Hyderabad,BOM → AMD → ISK → HYD,01:35,14:50,13h 15m,2 stops,No info,9977
Jet Airways,6/06/2019,Delhi,Cochin,DEL → JAI → BOM → COK,05:30,04:25 07 Jun,22h 55m,2 stops,In-flight meal not included,10368
IndiGo,9/03/2019,Delhi,Cochin,DEL → AMD → COK,07:45,13:40,5h 55m,1 stop,No info,6755
Jet Airways,15/05/2019,Banglore,Delhi,BLR → DEL,15:15,18:10,2h 55m,non-stop,In-flight meal not included,3502
Air India,24/06/2019,Banglore,Delhi,BLR → DEL,10:00,12:45,2h 45m,non-stop,No info,6961
Jet Airways,9/04/2019,Banglore,Delhi,BLR → DEL,15:50,18:45,2h 55m,non-stop,In-flight meal not included,4544
SpiceJet,18/05/2019,Kolkata,Banglore,CCU → BLR,14:55,17:25,2h 30m,non-stop,No check-in baggage included,3841
Jet Airways,6/03/2019,Mumbai,Hyderabad,BOM → DED → DEL → HYD,14:20,16:50 07 Mar,26h 30m,2 stops,No info,24115
Vistara,24/05/2019,Kolkata,Banglore,CCU → DEL → BLR,07:10,09:05 25 May,25h 55m,1 stop,No info,9502
Air India,1/04/2019,Mumbai,Hyderabad,BOM → HYD,06:20,07:40,1h 20m,non-stop,No info,3100
SpiceJet,15/04/2019,Banglore,Delhi,BLR → DEL,05:55,08:35,2h 40m,non-stop,No check-in baggage included,4319
IndiGo,1/05/2019,Mumbai,Hyderabad,BOM → HYD,20:05,21:40,1h 35m,non-stop,No info,2227
SpiceJet,24/03/2019,Kolkata,Banglore,CCU → BLR,22:20,00:40 25 Mar,2h 20m,non-stop,No info,5831
IndiGo,9/06/2019,Kolkata,Banglore,CCU → BLR,21:25,00:05 10 Jun,2h 40m,non-stop,No info,4804
IndiGo,6/06/2019,Delhi,Cochin,DEL → HYD → COK,07:35,12:10,4h 35m,1 stop,No info,5458
Jet Airways,9/06/2019,Banglore,Delhi,BLR → DEL,18:55,22:00,3h 5m,non-stop,In-flight meal not included,7229
Jet Airways,6/06/2019,Kolkata,Banglore,CCU → BOM → BLR,18:55,10:05 07 Jun,15h 10m,1 stop,No info,14571
SpiceJet,9/06/2019,Banglore,Delhi,BLR → DEL,21:10,00:05 10 Jun,2h 55m,non-stop,No check-in baggage included,3919
Multiple carriers,9/03/2019,Delhi,Cochin,DEL → HYD → COK,07:05,16:10,9h 5m,1 stop,No info,6916
Jet Airways,27/03/2019,Delhi,Cochin,DEL → BOM → COK,13:00,04:25 28 Mar,15h 25m,1 stop,In-flight meal not included,6960
Jet Airways,06/03/2019,Banglore,New Delhi,BLR → MAA → DEL,09:45,14:25,4h 40m,1 stop,No info,16757
IndiGo,6/03/2019,Delhi,Cochin,DEL → BOM → COK,16:00,01:35 07 Mar,9h 35m,1 stop,No info,14871
IndiGo,12/06/2019,Delhi,Cochin,DEL → HYD → COK,07:35,12:10,4h 35m,1 stop,No info,5054
Air India,3/06/2019,Delhi,Cochin,DEL → LKO → BOM → COK,12:20,19:15 04 Jun,30h 55m,2 stops,No info,12488
IndiGo,15/04/2019,Banglore,Delhi,BLR → DEL,18:25,21:20,2h 55m,non-stop,No info,4823
Air India,9/03/2019,Delhi,Cochin,DEL → BHO → BOM → COK,05:55,19:15 10 Mar,37h 20m,2 stops,No info,14483
Air India,24/06/2019,Delhi,Cochin,DEL → HYD → BOM → COK,17:15,19:15 25 Jun,26h,2 stops,No info,11989
Jet Airways,21/05/2019,Delhi,Cochin,DEL → BOM → COK,22:50,19:00 22 May,20h 10m,1 stop,No info,16079
Jet Airways,6/05/2019,Kolkata,Banglore,CCU → DEL → BLR,09:35,10:55 07 May,25h 20m,1 stop,No info,13067
IndiGo,12/06/2019,Delhi,Cochin,DEL → HYD → COK,05:05,16:10,11h 5m,1 stop,No info,6818
Jet Airways,12/05/2019,Kolkata,Banglore,CCU → BOM → BLR,08:25,08:15 13 May,23h 50m,1 stop,No info,13941
Multiple carriers,24/06/2019,Delhi,Cochin,DEL → BOM → COK,09:00,19:00,10h,1 stop,No info,12927
IndiGo,15/05/2019,Kolkata,Banglore,CCU → BLR,22:15,00:50 16 May,2h 35m,non-stop,No info,4804
Jet Airways,1/04/2019,Delhi,Cochin,DEL → BOM → COK,16:00,12:35 02 Apr,20h 35m,1 stop,In-flight meal not included,5406
IndiGo,21/03/2019,Delhi,Cochin,DEL → BOM → COK,10:45,01:35 22 Mar,14h 50m,1 stop,No info,7318
IndiGo,21/03/2019,Chennai,Kolkata,MAA → CCU,07:55,10:15,2h 20m,non-stop,No info,3384
Air Asia,3/06/2019,Delhi,Cochin,DEL → BLR → COK,20:45,06:35 04 Jun,9h 50m,1 stop,No info,11410
Jet Airways,15/03/2019,Banglore,New Delhi,BLR → BOM → DEL,05:45,13:15,7h 30m,1 stop,In-flight meal not included,9134
Jet Airways,21/03/2019,Banglore,New Delhi,BLR → BOM → DEL,14:05,21:20,7h 15m,1 stop,In-flight meal not included,7832
Jet Airways,06/03/2019,Banglore,New Delhi,BLR → BOM → DEL,08:55,07:40 07 Mar,22h 45m,1 stop,No info,14815
IndiGo,3/06/2019,Banglore,Delhi,BLR → DEL,23:30,02:20 04 Jun,2h 50m,non-stop,No info,4591
Jet Airways,9/05/2019,Delhi,Cochin,DEL → BOM → COK,22:50,19:00 10 May,20h 10m,1 stop,In-flight meal not included,12373
Air Asia,09/03/2019,Banglore,New Delhi,BLR → DEL,05:50,08:40,2h 50m,non-stop,No info,4284
Jet Airways,18/05/2019,Kolkata,Banglore,CCU → BOM → BLR,05:45,04:40 19 May,22h 55m,1 stop,No info,13941
Jet Airways,9/03/2019,Delhi,Cochin,DEL → BOM → COK,17:25,18:50 10 Mar,25h 25m,1 stop,No info,16289
IndiGo,24/06/2019,Delhi,Cochin,DEL → PNQ → COK,23:30,04:35 25 Jun,5h 5m,1 stop,No info,9165
Jet Airways,21/06/2019,Banglore,Delhi,BLR → DEL,06:00,08:45,2h 45m,non-stop,No info,8016
Air Asia,1/04/2019,Kolkata,Banglore,CCU → DEL → BLR,22:40,10:40 02 Apr,12h,1 stop,No info,5192
Jet Airways,9/06/2019,Kolkata,Banglore,CCU → BOM → BLR,21:10,08:15 10 Jun,11h 5m,1 stop,No info,14939
Jet Airways,01/03/2019,Banglore,New Delhi,BLR → BOM → DEL,11:40,09:30 02 Mar,21h 50m,1 stop,No info,25735
Multiple carriers,3/06/2019,Delhi,Cochin,DEL → BOM → COK,10:00,19:00,9h,1 stop,No info,14502
Jet Airways,12/03/2019,Banglore,New Delhi,BLR → BOM → DEL,22:55,12:25 13 Mar,13h 30m,1 stop,No info,13817
Jet Airways,24/05/2019,Kolkata,Banglore,CCU → DEL → BLR,09:35,18:00,8h 25m,1 stop,No info,14151
Multiple carriers,6/03/2019,Delhi,Cochin,DEL → BOM → COK,10:45,19:15,8h 30m,1 stop,No info,15077
Multiple carriers,12/06/2019,Delhi,Cochin,DEL → BOM → COK,09:00,19:00,10h,1 stop,No info,12192
SpiceJet,21/05/2019,Mumbai,Hyderabad,BOM → HYD,13:15,14:45,1h 30m,non-stop,No check-in baggage included,1965
IndiGo,18/05/2019,Chennai,Kolkata,MAA → CCU,07:55,10:15,2h 20m,non-stop,No info,3850
IndiGo,1/06/2019,Mumbai,Hyderabad,BOM → HYD,16:55,18:25,1h 30m,non-stop,No info,3175
Jet Airways,21/05/2019,Banglore,Delhi,BLR → DEL,18:55,22:00,3h 5m,non-stop,No info,7229
Jet Airways,27/05/2019,Delhi,Cochin,DEL → BOM → COK,19:15,19:00 28 May,23h 45m,1 stop,No info,16079
IndiGo,27/03/2019,Mumbai,Hyderabad,BOM → HYD,09:10,10:40,1h 30m,non-stop,No info,4392
Jet Airways,18/03/2019,Banglore,New Delhi,BLR → BOM → DEL,18:40,00:45 16 Mar,6h 5m,1 stop,No info,54826
Jet Airways,15/06/2019,Delhi,Cochin,DEL → JAI → BOM → COK,09:40,19:00,9h 20m,2 stops,In-flight meal not included,10368
Jet Airways,27/05/2019,Delhi,Cochin,DEL → BOM → COK,22:50,19:00 28 May,20h 10m,1 stop,In-flight meal not included,12898
Air India,1/05/2019,Kolkata,Banglore,CCU → GAU → DEL → BLR,16:45,12:30 02 May,19h 45m,2 stops,No info,14960
IndiGo,27/05/2019,Delhi,Cochin,DEL → HYD → COK,08:35,22:30,13h 55m,1 stop,No info,6442
SpiceJet,21/05/2019,Chennai,Kolkata,MAA → CCU,08:20,10:35,2h 15m,non-stop,No info,3597
Jet Airways,6/06/2019,Delhi,Cochin,DEL → JDH → BOM → COK,11:40,19:00,7h 20m,2 stops,No info,18804
Vistara,15/03/2019,Delhi,Cochin,DEL → COK,06:00,09:10,3h 10m,non-stop,No info,6111
IndiGo,9/06/2019,Delhi,Cochin,DEL → COK,21:05,00:20 10 Jun,3h 15m,non-stop,No info,6015
Air India,18/05/2019,Banglore,Delhi,BLR → DEL,13:20,16:10,2h 50m,non-stop,No info,6121
Jet Airways,24/05/2019,Kolkata,Banglore,CCU → GAU → BLR,10:20,17:35,7h 15m,1 stop,In-flight meal not included,6287
Jet Airways,9/05/2019,Banglore,Delhi,BLR → DEL,15:15,18:10,2h 55m,non-stop,No info,7229
IndiGo,12/06/2019,Delhi,Cochin,DEL → HYD → COK,08:35,16:10,7h 35m,1 stop,No info,6442
Jet Airways,27/04/2019,Banglore,Delhi,BLR → DEL,15:15,18:10,2h 55m,non-stop,In-flight meal not included,4544
Air India,12/06/2019,Kolkata,Banglore,CCU → BOM → COK → BLR,09:25,13:45 13 Jun,28h 20m,2 stops,No info,11542
Jet Airways,21/05/2019,Delhi,Cochin,DEL → BOM → COK,19:45,04:25 22 May,8h 40m,1 stop,No info,16079
Multiple carriers,27/03/2019,Delhi,Cochin,DEL → HYD → COK,07:05,16:10,9h 5m,1 stop,No info,6076
Air India,1/04/2019,Kolkata,Banglore,CCU → DEL → COK → BLR,10:00,01:20 02 Apr,15h 20m,2 stops,No info,10408
Air India,27/03/2019,Delhi,Cochin,DEL → NAG → BOM → COK,05:55,19:15 28 Mar,37h 20m,2 stops,No info,8446
GoAir,01/03/2019,Banglore,New Delhi,BLR → DEL,07:45,10:40,2h 55m,non-stop,No info,13663
Air India,15/05/2019,Delhi,Cochin,DEL → BLR → COK,20:30,08:15 16 May,11h 45m,1 stop,No info,10671
Air Asia,18/06/2019,Banglore,Delhi,BLR → DEL,23:55,02:45 19 Jun,2h 50m,non-stop,No info,3383
Multiple carriers,9/05/2019,Delhi,Cochin,DEL → BOM → COK,10:20,01:30 10 May,15h 10m,1 stop,No info,9021
Multiple carriers,18/05/2019,Delhi,Cochin,DEL → BOM → COK,09:00,19:15,10h 15m,1 stop,No info,14533
Jet Airways,6/06/2019,Delhi,Cochin,DEL → LKO → BOM → COK,11:45,04:25 07 Jun,16h 40m,2 stops,In-flight meal not included,11992
IndiGo,12/05/2019,Chennai,Kolkata,MAA → CCU,13:15,15:35,2h 20m,non-stop,No info,3597
IndiGo,9/06/2019,Banglore,Delhi,BLR → DEL,01:30,04:15,2h 45m,non-stop,No info,4077
Multiple carriers,12/06/2019,Delhi,Cochin,DEL → HYD → COK,07:05,16:10,9h 5m,1 stop,No info,9646
SpiceJet,1/04/2019,Kolkata,Banglore,CCU → BLR,22:20,00:40 02 Apr,2h 20m,non-stop,No info,3873
Jet Airways,9/05/2019,Delhi,Cochin,DEL → AMD → BOM → COK,19:10,19:00 10 May,23h 50m,2 stops,No info,15129
IndiGo,9/06/2019,Delhi,Cochin,DEL → BOM → COK,17:30,01:30 10 Jun,8h,1 stop,No info,6104
Jet Airways,6/03/2019,Delhi,Cochin,DEL → AMD → BOM → COK,19:10,04:25 08 Mar,33h 15m,2 stops,In-flight meal not included,16022
Jet Airways,09/03/2019,Banglore,New Delhi,BLR → MAA → DEL,09:45,00:30 13 Mar,14h 45m,1 stop,In-flight meal not included,10562
Air India,9/03/2019,Delhi,Cochin,DEL → MAA → COK,06:05,09:25 10 Mar,27h 20m,1 stop,No info,10945
SpiceJet,27/05/2019,Kolkata,Banglore,CCU → BLR,09:00,11:25,2h 25m,non-stop,No info,3873
Jet Airways,27/03/2019,Mumbai,Hyderabad,BOM → HYD,02:55,04:25,1h 30m,non-stop,In-flight meal not included,1840
IndiGo,3/03/2019,Delhi,Cochin,DEL → HYD → COK,04:55,12:00,7h 5m,1 stop,No info,9585
Jet Airways,18/05/2019,Mumbai,Hyderabad,BOM → HYD,19:35,21:05,1h 30m,non-stop,In-flight meal not included,3210
IndiGo,9/05/2019,Delhi,Cochin,DEL → BLR → COK,15:10,20:00,4h 50m,1 stop,No info,6147
Jet Airways,9/05/2019,Kolkata,Banglore,CCU → DEL → BLR,17:00,23:35,6h 35m,1 stop,In-flight meal not included,7341
Air India,21/05/2019,Delhi,Cochin,DEL → BOM → COK,09:00,19:15,10h 15m,1 stop,No info,8372
Multiple carriers,27/06/2019,Delhi,Cochin,DEL → BOM → COK,07:30,19:00,11h 30m,1 stop,No info,10877
Air India,9/05/2019,Delhi,Cochin,DEL → GOI → BOM → COK,22:00,19:15 10 May,21h 15m,2 stops,No info,10441
IndiGo,6/03/2019,Delhi,Cochin,DEL → BOM → COK,04:45,21:00,16h 15m,1 stop,No info,13611
Jet Airways,09/03/2019,Banglore,New Delhi,BLR → BOM → DEL,08:55,10:45 13 Mar,25h 50m,1 stop,In-flight meal not included,11087
Jet Airways,27/03/2019,Delhi,Cochin,DEL → BOM → COK,19:15,19:45 28 Mar,24h 30m,1 stop,In-flight meal not included,5963
IndiGo,24/05/2019,Chennai,Kolkata,MAA → CCU,13:15,15:35,2h 20m,non-stop,No info,3597
Jet Airways,12/06/2019,Kolkata,Banglore,CCU → BOM → BLR,18:55,10:05 13 Jun,15h 10m,1 stop,In-flight meal not included,8529
Multiple carriers,12/06/2019,Delhi,Cochin,DEL → BOM → COK,04:55,19:00,14h 5m,1 stop,No info,10678
IndiGo,27/03/2019,Delhi,Cochin,DEL → BOM → COK,08:25,21:00,12h 35m,1 stop,No info,8285
Jet Airways,12/06/2019,Delhi,Cochin,DEL → BOM → COK,02:15,12:35,10h 20m,1 stop,No info,18371
Jet Airways,6/06/2019,Kolkata,Banglore,CCU → DEL → BLR,20:25,09:45 07 Jun,13h 20m,1 stop,No info,12692
IndiGo,24/04/2019,Banglore,Delhi,BLR → DEL,06:05,08:50,2h 45m,non-stop,No info,4423
Jet Airways,9/06/2019,Banglore,Delhi,BLR → DEL,19:50,22:50,3h,non-stop,In-flight meal not included,7229
IndiGo,03/03/2019,Banglore,New Delhi,BLR → DEL,23:30,02:20 04 Mar,2h 50m,non-stop,No info,6144
Jet Airways,1/06/2019,Delhi,Cochin,DEL → NAG → BOM → COK,06:45,04:25 02 Jun,21h 40m,2 stops,In-flight meal not included,10919
IndiGo,27/03/2019,Kolkata,Banglore,CCU → BLR,21:25,00:05 28 Mar,2h 40m,non-stop,No info,4148
SpiceJet,24/03/2019,Banglore,New Delhi,BLR → DEL,20:30,23:20,2h 50m,non-stop,No check-in baggage included,3873
Jet Airways,21/03/2019,Delhi,Cochin,DEL → JAI → BOM → COK,09:40,18:50,9h 10m,2 stops,No info,11702
IndiGo,6/03/2019,Delhi,Cochin,DEL → BOM → COK,17:10,01:35 07 Mar,8h 25m,1 stop,No info,14871
Air India,18/03/2019,Banglore,New Delhi,BLR → BOM → IDR → DEL,06:45,11:10 16 Mar,28h 25m,2 stops,No info,11234
IndiGo,6/06/2019,Delhi,Cochin,DEL → HYD → COK,14:20,22:30,8h 10m,1 stop,No info,6938
IndiGo,12/06/2019,Delhi,Cochin,DEL → BOM → COK,08:30,21:00,12h 30m,1 stop,No info,6093
IndiGo,15/05/2019,Banglore,Delhi,BLR → DEL,10:10,13:00,2h 50m,non-stop,No info,3943
Jet Airways,6/06/2019,Mumbai,Hyderabad,BOM → HYD,10:20,11:50,1h 30m,non-stop,No info,8040
Jet Airways,9/05/2019,Delhi,Cochin,DEL → AMD → BOM → COK,23:05,12:35 10 May,13h 30m,2 stops,No info,15129
SpiceJet,9/05/2019,Chennai,Kolkata,MAA → CCU,17:45,20:05,2h 20m,non-stop,No info,3597
Vistara,6/05/2019,Kolkata,Banglore,CCU → DEL → BLR,07:10,18:50,11h 40m,1 stop,No info,8610
Jet Airways,1/05/2019,Kolkata,Banglore,CCU → DEL → BLR,17:00,23:35,6h 35m,1 stop,No info,13067
SpiceJet,9/05/2019,Banglore,Delhi,BLR → DEL,09:30,12:20,2h 50m,non-stop,No info,4991
SpiceJet,1/04/2019,Kolkata,Banglore,CCU → MAA → BLR,15:05,20:20,5h 15m,1 stop,No info,4649
SpiceJet,18/05/2019,Chennai,Kolkata,MAA → CCU,08:20,10:35,2h 15m,non-stop,No info,3597
Jet Airways,21/05/2019,Delhi,Cochin,DEL → BOM → COK,08:00,19:00,11h,1 stop,In-flight meal not included,12898
Jet Airways,27/03/2019,Delhi,Cochin,DEL → IXC → BOM → COK,06:20,19:45 28 Mar,37h 25m,2 stops,In-flight meal not included,9296
IndiGo,03/03/2019,Banglore,New Delhi,BLR → DEL,16:55,19:45,2h 50m,non-stop,No info,8855
Jet Airways,6/06/2019,Delhi,Cochin,DEL → BOM → COK,21:50,19:00 07 Jun,21h 10m,1 stop,In-flight meal not included,10262
IndiGo,24/06/2019,Banglore,Delhi,BLR → DEL,06:05,08:50,2h 45m,non-stop,No info,3943
Multiple carriers,3/06/2019,Delhi,Cochin,DEL → BOM → COK,12:50,19:15,6h 25m,1 stop,No info,9001
Multiple carriers,18/05/2019,Delhi,Cochin,DEL → BOM → COK,10:20,01:30 19 May,15h 10m,1 stop,No info,7670
Multiple carriers,3/06/2019,Delhi,Cochin,DEL → BOM → COK,17:45,01:30 04 Jun,7h 45m,1 stop,No info,7530
IndiGo,1/05/2019,Kolkata,Banglore,CCU → PAT → BLR,09:20,14:15,4h 55m,1 stop,No info,8443
SpiceJet,1/04/2019,Delhi,Cochin,DEL → MAA → COK,06:05,11:20,5h 15m,1 stop,No info,5351
Vistara,21/03/2019,Delhi,Cochin,DEL → COK,06:00,09:10,3h 10m,non-stop,No info,6688
Jet Airways,12/03/2019,Banglore,New Delhi,BLR → BOM → DEL,20:35,19:10 13 Mar,22h 35m,1 stop,In-flight meal not included,11087
Air India,15/03/2019,Banglore,New Delhi,BLR → CCU → BBI → DEL,05:50,12:05 16 Mar,30h 15m,2 stops,No info,7664
IndiGo,15/04/2019,Kolkata,Banglore,CCU → HYD → BLR,15:15,20:30,5h 15m,1 stop,No info,4775
GoAir,27/06/2019,Kolkata,Banglore,CCU → BLR,15:20,17:55,2h 35m,non-stop,No info,3514
Jet Airways,24/06/2019,Delhi,Cochin,DEL → NAG → BOM → COK,06:45,04:25 25 Jun,21h 40m,2 stops,No info,13376
Jet Airways,12/06/2019,Delhi,Cochin,DEL → ATQ → BOM → COK,08:10,12:35 13 Jun,28h 25m,2 stops,No info,14300
Air India,27/06/2019,Delhi,Cochin,DEL → MAA → COK,20:40,09:25 28 Jun,12h 45m,1 stop,No info,7480
IndiGo,12/05/2019,Mumbai,Hyderabad,BOM → HYD,21:20,22:50,1h 30m,non-stop,No info,2227
Air Asia,18/05/2019,Delhi,Cochin,DEL → BLR → COK,07:55,22:25,14h 30m,1 stop,No info,7452
Air Asia,24/05/2019,Kolkata,Banglore,CCU → BLR,10:20,12:55,2h 35m,non-stop,No info,4409
Air India,3/04/2019,Kolkata,Banglore,CCU → BBI → HYD → BLR,09:10,11:05 04 Apr,25h 55m,2 stops,No info,4647
SpiceJet,21/03/2019,Chennai,Kolkata,MAA → CCU,09:30,12:05,2h 35m,non-stop,No check-in baggage included,3332
Air India,27/03/2019,Delhi,Cochin,DEL → BOM → COK,10:00,19:15,9h 15m,1 stop,No info,6902
Air Asia,6/06/2019,Kolkata,Banglore,CCU → BBI → BLR,19:55,23:30,3h 35m,1 stop,No info,6857
Jet Airways,9/05/2019,Delhi,Cochin,DEL → BOM → COK,19:15,04:25 10 May,9h 10m,1 stop,In-flight meal not included,12373
Multiple carriers,15/06/2019,Delhi,Cochin,DEL → BOM → COK,11:40,19:00,7h 20m,1 stop,No info,11789
Air India,9/05/2019,Delhi,Cochin,DEL → HYD → BOM → COK,17:15,07:40 10 May,14h 25m,2 stops,No info,13039
Jet Airways,12/03/2019,Banglore,New Delhi,BLR → BOM → DEL,22:55,11:25 13 Mar,12h 30m,1 stop,In-flight meal not included,11087
Vistara,18/05/2019,Kolkata,Banglore,CCU → DEL → BLR,20:20,23:25 19 May,27h 5m,1 stop,No info,9345
SpiceJet,24/06/2019,Mumbai,Hyderabad,BOM → HYD,22:45,00:15 25 Jun,1h 30m,non-stop,No check-in baggage included,1965
IndiGo,3/06/2019,Delhi,Cochin,DEL → BOM → COK,07:30,21:00,13h 30m,1 stop,No info,6093
Jet Airways,9/06/2019,Kolkata,Banglore,CCU → BOM → BLR,18:55,08:15 10 Jun,13h 20m,1 stop,In-flight meal not included,11841
Jet Airways,9/05/2019,Kolkata,Banglore,CCU → BOM → BLR,21:10,10:05 10 May,12h 55m,1 stop,In-flight meal not included,9663
Jet Airways,6/06/2019,Delhi,Cochin,DEL → BOM → COK,19:15,19:00 07 Jun,23h 45m,1 stop,No info,14714
Jet Airways,12/06/2019,Kolkata,Banglore,CCU → BOM → BLR,18:55,22:35 13 Jun,27h 40m,1 stop,In-flight meal not included,8529
IndiGo,6/04/2019,Delhi,Cochin,DEL → HYD → COK,07:35,12:10,4h 35m,1 stop,No info,5073
Jet Airways,24/04/2019,Banglore,Delhi,BLR → DEL,07:10,10:10,3h,non-stop,No info,7229
Air India,6/06/2019,Delhi,Cochin,DEL → BOM → COK,10:00,19:15,9h 15m,1 stop,No info,9194
Multiple carriers,12/06/2019,Delhi,Cochin,DEL → BOM → COK,11:40,19:00,7h 20m,1 stop,No info,11789
SpiceJet,12/06/2019,Mumbai,Hyderabad,BOM → HYD,13:15,14:45,1h 30m,non-stop,No info,2017
Air India,6/06/2019,Kolkata,Banglore,CCU → VNS → DEL → BLR,14:30,12:30 07 Jun,22h,2 stops,No info,15894
IndiGo,9/05/2019,Banglore,Delhi,BLR → DEL,01:30,04:15,2h 45m,non-stop,No info,3419
Jet Airways,9/06/2019,Delhi,Cochin,DEL → JAI → BOM → COK,05:30,04:25 10 Jun,22h 55m,2 stops,In-flight meal not included,10368
IndiGo,24/04/2019,Delhi,Cochin,DEL → BLR → COK,15:10,20:00,4h 50m,1 stop,No info,6027
Air India,18/05/2019,Delhi,Cochin,DEL → MAA → COK,20:40,09:25 19 May,12h 45m,1 stop,No info,7480
SpiceJet,12/06/2019,Kolkata,Banglore,CCU → PNQ → BLR,08:35,17:15,8h 40m,1 stop,No info,7189
Air India,15/03/2019,Banglore,New Delhi,BLR → DEL,10:00,12:45,2h 45m,non-stop,No info,7276
Jet Airways,6/03/2019,Delhi,Cochin,DEL → BOM → COK,11:30,04:25 07 Mar,16h 55m,1 stop,No info,15764
Jet Airways,6/06/2019,Delhi,Cochin,DEL → BOM → COK,19:15,04:25 07 Jun,9h 10m,1 stop,No info,14714
Multiple carriers,21/05/2019,Delhi,Cochin,DEL → BOM → COK,17:00,01:30 22 May,8h 30m,1 stop,No info,7888
Jet Airways,6/06/2019,Delhi,Cochin,DEL → BOM → COK,08:00,04:25 07 Jun,20h 25m,1 stop,In-flight meal not included,10262
Jet Airways,18/05/2019,Delhi,Cochin,DEL → ATQ → BOM → COK,20:00,04:25 19 May,8h 25m,2 stops,In-flight meal not included,15318
Jet Airways,1/05/2019,Kolkata,Banglore,CCU → GAU → BLR,10:20,17:35,7h 15m,1 stop,In-flight meal not included,5608
Jet Airways,1/04/2019,Kolkata,Banglore,CCU → BOM → BLR,08:25,18:15,9h 50m,1 stop,No info,12681
Air India,6/03/2019,Delhi,Cochin,DEL → HYD → MAA → COK,17:15,09:25 07 Mar,16h 10m,2 stops,No info,9417
Multiple carriers,3/03/2019,Delhi,Cochin,DEL → BOM → COK,07:05,21:00,13h 55m,1 stop,No info,17057
Multiple carriers,27/03/2019,Delhi,Cochin,DEL → BOM → COK,13:00,21:00,8h,1 stop,No info,12537
Air India,27/05/2019,Delhi,Cochin,DEL → GOI → BOM → COK,22:00,19:15 28 May,21h 15m,2 stops,No info,10651
Vistara,1/06/2019,Delhi,Cochin,DEL → COK,06:00,09:10,3h 10m,non-stop,No info,6741
Jet Airways,24/05/2019,Kolkata,Banglore,CCU → BOM → BLR,20:00,22:35 25 May,26h 35m,1 stop,In-flight meal not included,10844
Air India,27/05/2019,Delhi,Cochin,DEL → CCU → BOM → COK,14:25,19:15 28 May,28h 50m,2 stops,No info,13381
IndiGo,6/04/2019,Banglore,Delhi,BLR → DEL,06:05,08:50,2h 45m,non-stop,No info,4423
Jet Airways,27/05/2019,Mumbai,Hyderabad,BOM → HYD,19:35,21:05,1h 30m,non-stop,No info,5678
Jet Airways,21/05/2019,Delhi,Cochin,DEL → IDR → BOM → COK,09:35,12:35 22 May,27h,2 stops,In-flight meal not included,12719
IndiGo,1/06/2019,Delhi,Cochin,DEL → HYD → COK,07:35,12:10,4h 35m,1 stop,No info,5054
Air India,24/05/2019,Delhi,Cochin,DEL → MAA → COK,09:45,09:25 25 May,23h 40m,1 stop,No info,7480
Air India,3/06/2019,Banglore,Delhi,BLR → DEL,17:00,19:45,2h 45m,non-stop,No info,6961
SpiceJet,24/04/2019,Kolkata,Banglore,CCU → BLR,17:10,19:40,2h 30m,non-stop,No check-in baggage included,3841
IndiGo,3/06/2019,Banglore,Delhi,BLR → DEL,21:15,00:15 04 Jun,3h,non-stop,No info,3943
Jet Airways,3/05/2019,Banglore,Delhi,BLR → DEL,08:20,11:20,3h,non-stop,No info,7229
SpiceJet,15/05/2019,Banglore,Delhi,BLR → DEL,09:30,12:20,2h 50m,non-stop,No check-in baggage included,4319
IndiGo,24/04/2019,Banglore,Delhi,BLR → DEL,13:00,15:50,2h 50m,non-stop,No info,4423
Jet Airways,21/05/2019,Delhi,Cochin,DEL → BOM → COK,22:50,04:25 22 May,5h 35m,1 stop,No info,16079
Jet Airways,21/06/2019,Banglore,Delhi,BLR → DEL,19:50,22:50,3h,non-stop,In-flight meal not included,7754
Air India,1/06/2019,Delhi,Cochin,DEL → HYD → MAA → COK,13:15,09:25 02 Jun,20h 10m,2 stops,No info,10467
Jet Airways,3/06/2019,Delhi,Cochin,DEL → BOM → COK,17:30,12:35 04 Jun,19h 5m,1 stop,No info,14714
Air India,1/05/2019,Kolkata,Banglore,CCU → GAU → BLR,16:45,21:05 02 May,28h 20m,1 stop,No info,7452
Air India,21/05/2019,Delhi,Cochin,DEL → UDR → BOM → COK,13:20,19:15 22 May,29h 55m,2 stops,No info,13276
Air India,01/03/2019,Banglore,New Delhi,BLR → BOM → NAG → DEL,08:50,10:35 02 Mar,25h 45m,2 stops,No info,31783
Air India,1/05/2019,Chennai,Kolkata,MAA → CCU,11:40,13:55,2h 15m,non-stop,No info,4667
Jet Airways,15/06/2019,Banglore,Delhi,BLR → DEL,15:15,18:10,2h 55m,non-stop,In-flight meal not included,7229
Jet Airways,15/06/2019,Delhi,Cochin,DEL → BDQ → BOM → COK,18:25,12:35 16 Jun,18h 10m,2 stops,No info,14237
Multiple carriers,15/05/2019,Delhi,Cochin,DEL → BOM → COK,10:20,19:15,8h 55m,1 stop,No info,8266
Jet Airways,24/06/2019,Delhi,Cochin,DEL → LKO → BOM → COK,09:25,04:25 25 Jun,19h,2 stops,No info,13882
IndiGo,6/05/2019,Banglore,Delhi,BLR → DEL,20:00,22:50,2h 50m,non-stop,No info,4823
Air Asia,24/05/2019,Banglore,Delhi,BLR → DEL,23:55,02:45 25 May,2h 50m,non-stop,No info,4483
Air India,12/06/2019,Banglore,Delhi,BLR → DEL,06:10,08:55,2h 45m,non-stop,No info,6961
Jet Airways,12/05/2019,Kolkata,Banglore,CCU → BOM → BLR,18:55,10:05 13 May,15h 10m,1 stop,In-flight meal not included,9663
Jet Airways,18/05/2019,Delhi,Cochin,DEL → AMD → BOM → COK,23:05,04:25 20 May,29h 20m,2 stops,No info,16704
IndiGo,12/05/2019,Mumbai,Hyderabad,BOM → HYD,09:10,10:40,1h 30m,non-stop,No info,4049
SpiceJet,24/03/2019,Chennai,Kolkata,MAA → CCU,08:20,10:35,2h 15m,non-stop,No check-in baggage included,3807
IndiGo,9/06/2019,Delhi,Cochin,DEL → HYD → COK,06:50,22:30,15h 40m,1 stop,No info,6442
Jet Airways,15/03/2019,Banglore,New Delhi,BLR → BOM → DEL,07:00,07:40 16 Mar,24h 40m,1 stop,In-flight meal not included,7832
IndiGo,24/06/2019,Delhi,Cochin,DEL → HYD → COK,08:35,22:30,13h 55m,1 stop,No info,6442
IndiGo,21/04/2019,Banglore,Delhi,BLR → DEL,20:00,22:50,2h 50m,non-stop,No info,4823
Jet Airways,06/03/2019,Banglore,New Delhi,BLR → BOM → DEL,05:45,05:05 07 Mar,23h 20m,1 stop,No info,13555
GoAir,6/04/2019,Delhi,Cochin,DEL → BOM → COK,10:35,19:35,9h,1 stop,No info,5135
Air Asia,15/05/2019,Banglore,Delhi,BLR → DEL,23:55,02:45 16 May,2h 50m,non-stop,No info,3383
GoAir,15/06/2019,Delhi,Cochin,DEL → AMD → COK,07:25,13:35,6h 10m,1 stop,No info,5842
Jet Airways,18/05/2019,Delhi,Cochin,DEL → AMD → BOM → COK,13:25,04:25 19 May,15h,2 stops,No info,16704
Air India,1/05/2019,Kolkata,Banglore,CCU → BOM → BLR,16:50,07:55 02 May,15h 5m,1 stop,No info,8366
SpiceJet,9/05/2019,Mumbai,Hyderabad,BOM → HYD,05:45,07:15,1h 30m,non-stop,No check-in baggage included,1965
SpiceJet,6/06/2019,Kolkata,Banglore,CCU → BLR,17:10,19:40,2h 30m,non-stop,No info,3873
Jet Airways,01/03/2019,Banglore,New Delhi,BLR → BOM → DEL,08:00,20:20,12h 20m,1 stop,No info,27992
Multiple carriers,6/06/2019,Delhi,Cochin,DEL → BOM → COK,04:55,12:35,7h 40m,1 stop,No info,10678
Air India,21/03/2019,Banglore,New Delhi,BLR → BOM → DEL,08:50,23:15,14h 25m,1 stop,No info,6824
Air India,12/06/2019,Delhi,Cochin,DEL → AMD → BOM → COK,05:00,19:15 13 Jun,38h 15m,2 stops,No info,9443
Multiple carriers,21/03/2019,Delhi,Cochin,DEL → BOM → COK,07:05,19:15,12h 10m,1 stop,No info,13378
IndiGo,1/05/2019,Banglore,Delhi,BLR → DEL,04:00,06:50,2h 50m,non-stop,No info,3943
IndiGo,18/05/2019,Delhi,Cochin,DEL → BOM → COK,11:25,21:00,9h 35m,1 stop,No info,7191
SpiceJet,27/06/2019,Banglore,Delhi,BLR → DEL,05:55,08:35,2h 40m,non-stop,No info,3625
GoAir,27/05/2019,Delhi,Cochin,DEL → AMD → COK,07:25,13:35,6h 10m,1 stop,No info,6841
Jet Airways,24/03/2019,Kolkata,Banglore,CCU → BOM → BLR,16:55,23:25,6h 30m,1 stop,In-flight meal not included,11134
Jet Airways,6/06/2019,Kolkata,Banglore,CCU → BOM → BLR,18:55,20:45 07 Jun,25h 50m,1 stop,No info,14571
Air India,01/03/2019,Banglore,New Delhi,BLR → CCU → BBI → HYD → DEL,05:50,12:15 02 Mar,30h 25m,3 stops,No info,12346
Jet Airways,21/04/2019,Banglore,Delhi,BLR → DEL,17:45,20:45,3h,non-stop,In-flight meal not included,4544
Jet Airways,9/06/2019,Delhi,Cochin,DEL → NAG → BOM → COK,14:35,04:25 10 Jun,13h 50m,2 stops,No info,13376
Jet Airways,12/03/2019,Banglore,New Delhi,BLR → BOM → DEL,18:55,12:25 13 Mar,17h 30m,1 stop,In-flight meal not included,11087
SpiceJet,3/03/2019,Kolkata,Banglore,CCU → BLR,09:00,11:30,2h 30m,non-stop,No info,5515
IndiGo,27/06/2019,Kolkata,Banglore,CCU → BLR,04:40,07:15,2h 35m,non-stop,No info,4804
IndiGo,12/06/2019,Chennai,Kolkata,MAA → CCU,13:15,15:35,2h 20m,non-stop,No info,3597
Multiple carriers,6/03/2019,Delhi,Cochin,DEL → BOM → COK,06:00,19:15,13h 15m,1 stop,No info,15353
Jet Airways,12/06/2019,Kolkata,Banglore,CCU → BOM → BLR,06:30,16:20,9h 50m,1 stop,In-flight meal not included,9899
IndiGo,24/03/2019,Banglore,New Delhi,BLR → DEL,18:25,21:20,2h 55m,non-stop,No info,7303
Jet Airways,12/03/2019,Banglore,New Delhi,BLR → BOM → DEL,08:55,21:20,12h 25m,1 stop,No info,13817
Jet Airways,6/03/2019,Delhi,Cochin,DEL → AMD → BOM → COK,19:10,19:45 07 Mar,24h 35m,2 stops,No info,19329
Jet Airways,12/06/2019,Delhi,Cochin,DEL → BOM → COK,07:05,12:35,5h 30m,1 stop,No info,16289
Jet Airways,15/05/2019,Kolkata,Banglore,CCU → BOM → BLR,18:55,10:05 16 May,15h 10m,1 stop,In-flight meal not included,9663
Air India,3/06/2019,Delhi,Cochin,DEL → HYD → MAA → COK,09:45,09:25 04 Jun,23h 40m,2 stops,No info,10975
Air Asia,18/03/2019,Kolkata,Banglore,CCU → BLR,10:20,12:55,2h 35m,non-stop,No info,4384
Jet Airways,12/06/2019,Delhi,Cochin,DEL → BOM → COK,09:00,19:00,10h,1 stop,No info,14714
Jet Airways,12/06/2019,Delhi,Cochin,DEL → NAG → BOM → COK,14:35,04:25 13 Jun,13h 50m,2 stops,In-flight meal not included,10919
Jet Airways,21/05/2019,Kolkata,Banglore,CCU → BOM → BLR,14:05,04:40 22 May,14h 35m,1 stop,No info,14388
Multiple carriers,15/06/2019,Delhi,Cochin,DEL → BOM → COK,11:25,19:00,7h 35m,1 stop,No info,10877
Jet Airways,9/05/2019,Delhi,Cochin,DEL → AMD → BOM → COK,23:05,12:35 10 May,13h 30m,2 stops,No info,15129
IndiGo,6/05/2019,Delhi,Cochin,DEL → BOM → COK,07:30,21:00,13h 30m,1 stop,No info,7191
GoAir,1/05/2019,Kolkata,Banglore,CCU → BOM → BLR,23:30,07:45 02 May,8h 15m,1 stop,No info,6686
Multiple carriers,3/06/2019,Delhi,Cochin,DEL → BOM → COK,12:50,01:30 04 Jun,12h 40m,1 stop,No info,7530
IndiGo,15/06/2019,Delhi,Cochin,DEL → HYD → COK,07:35,22:30,14h 55m,1 stop,No info,6442
Jet Airways,27/06/2019,Delhi,Cochin,DEL → BOM → COK,09:00,12:35 28 Jun,27h 35m,1 stop,In-flight meal not included,10262
Jet Airways,12/03/2019,Banglore,New Delhi,BLR → BOM → DEL,18:55,09:30 13 Mar,14h 35m,1 stop,No info,13817
Jet Airways,12/06/2019,Kolkata,Banglore,CCU → BOM → BLR,14:05,23:35,9h 30m,1 stop,No info,13626
Jet Airways,12/05/2019,Kolkata,Banglore,CCU → BOM → BLR,18:55,10:05 13 May,15h 10m,1 stop,No info,14388
IndiGo,27/04/2019,Kolkata,Banglore,CCU → BLR,04:40,07:15,2h 35m,non-stop,No info,4804
IndiGo,21/03/2019,Delhi,Cochin,DEL → COK,14:30,17:35,3h 5m,non-stop,No info,5406
SpiceJet,3/04/2019,Delhi,Cochin,DEL → BLR → COK,17:55,22:50,4h 55m,1 stop,No info,4611
IndiGo,9/06/2019,Kolkata,Banglore,CCU → MAA → BLR,08:10,13:00,4h 50m,1 stop,No info,5069
GoAir,6/06/2019,Banglore,Delhi,BLR → DEL,07:45,10:40,2h 55m,non-stop,No info,3898
IndiGo,6/06/2019,Mumbai,Hyderabad,BOM → HYD,12:00,13:30,1h 30m,non-stop,No info,2754
Multiple carriers,27/05/2019,Delhi,Cochin,DEL → BOM → COK,15:00,01:30 28 May,10h 30m,1 stop,In-flight meal not included,6943
Jet Airways,18/05/2019,Kolkata,Banglore,CCU → BOM → BLR,05:45,18:15,12h 30m,1 stop,No info,14781
Jet Airways,21/05/2019,Delhi,Cochin,DEL → BOM → COK,13:00,19:00,6h,1 stop,No info,16079
IndiGo,15/03/2019,Banglore,New Delhi,BLR → DEL,16:55,19:45,2h 50m,non-stop,No info,8033
IndiGo,09/03/2019,Banglore,New Delhi,BLR → DEL,18:25,21:20,2h 55m,non-stop,No info,6860
Multiple carriers,27/03/2019,Delhi,Cochin,DEL → BOM → COK,11:40,19:15,7h 35m,1 stop,No info,6953
IndiGo,12/05/2019,Banglore,Delhi,BLR → DEL,07:10,10:05,2h 55m,non-stop,No info,4823
IndiGo,9/04/2019,Kolkata,Banglore,CCU → BLR,04:40,07:15,2h 35m,non-stop,No info,4174
Jet Airways,27/06/2019,Delhi,Cochin,DEL → AMD → BOM → COK,13:25,19:00 28 Jun,29h 35m,2 stops,No info,12819
Jet Airways,15/05/2019,Kolkata,Banglore,CCU → BOM → BLR,21:10,04:40 16 May,7h 30m,1 stop,In-flight meal not included,9663
SpiceJet,3/05/2019,Kolkata,Banglore,CCU → BLR,06:55,09:30,2h 35m,non-stop,No check-in baggage included,3841
IndiGo,27/06/2019,Delhi,Cochin,DEL → COK,05:35,08:50,3h 15m,non-stop,No info,5000
Air India,01/03/2019,Banglore,New Delhi,BLR → CCU → GAU → DEL,05:50,22:10,16h 20m,2 stops,Change airports,13366
Vistara,6/03/2019,Mumbai,Hyderabad,BOM → DEL → HYD,21:55,16:45 07 Mar,18h 50m,1 stop,No info,12395
Air India,15/05/2019,Kolkata,Banglore,CCU → GAU → BLR,16:45,21:05 16 May,28h 20m,1 stop,No info,7452
Jet Airways,18/05/2019,Delhi,Cochin,DEL → BOM → COK,19:45,19:00 19 May,23h 15m,1 stop,No info,15554
Jet Airways,6/05/2019,Kolkata,Banglore,CCU → DEL → BLR,17:00,15:05 07 May,22h 5m,1 stop,No info,13067
IndiGo,1/03/2019,Kolkata,Banglore,CCU → BLR,15:10,17:45,2h 35m,non-stop,No info,6565
SpiceJet,24/05/2019,Mumbai,Hyderabad,BOM → HYD,05:45,07:15,1h 30m,non-stop,No check-in baggage included,1965
SpiceJet,27/03/2019,Chennai,Kolkata,MAA → CCU,09:30,12:05,2h 35m,non-stop,No check-in baggage included,3332
IndiGo,21/03/2019,Banglore,New Delhi,BLR → LKO → DEL,05:25,10:10,4h 45m,1 stop,No info,6208
Air India,18/03/2019,Banglore,New Delhi,BLR → GAU → DEL,13:50,18:40 16 Mar,28h 50m,1 stop,No info,11161
Air India,12/06/2019,Kolkata,Banglore,CCU → DEL → COK → BLR,10:00,13:45 13 Jun,27h 45m,2 stops,No info,12224
Jet Airways,1/05/2019,Kolkata,Banglore,CCU → BOM → BLR,18:55,12:00 02 May,17h 5m,1 stop,In-flight meal not included,9663
Jet Airways,18/03/2019,Banglore,New Delhi,BLR → BOM → DEL,08:55,15:15,6h 20m,1 stop,No info,12284
Air India,27/05/2019,Delhi,Cochin,DEL → MAA → COK,17:20,09:25 28 May,16h 5m,1 stop,No info,7480
Jet Airways,6/03/2019,Delhi,Cochin,DEL → BOM → COK,19:15,04:25 07 Mar,9h 10m,1 stop,No info,17024
Jet Airways,6/06/2019,Kolkata,Banglore,CCU → DEL → BLR,20:25,19:10 07 Jun,22h 45m,1 stop,No info,14151
IndiGo,21/06/2019,Kolkata,Banglore,CCU → BLR,17:15,19:50,2h 35m,non-stop,No info,4804
IndiGo,18/05/2019,Delhi,Cochin,DEL → BOM → COK,16:00,21:00,5h,1 stop,No info,6069
Vistara,21/03/2019,Banglore,New Delhi,BLR → AMD → DEL,06:40,21:55,15h 15m,1 stop,No info,6065
Jet Airways,18/05/2019,Kolkata,Banglore,CCU → DEL → BLR,20:25,09:45 19 May,13h 20m,1 stop,No info,14151
Jet Airways,24/03/2019,Kolkata,Banglore,CCU → BOM → BLR,18:55,12:00 25 Mar,17h 5m,1 stop,No info,14231
Vistara,6/03/2019,Mumbai,Hyderabad,BOM → DEL → HYD,15:40,09:25 07 Mar,17h 45m,1 stop,No info,12395
IndiGo,24/04/2019,Delhi,Cochin,DEL → MAA → COK,02:00,07:25,5h 25m,1 stop,No info,5636
Air India,6/04/2019,Delhi,Cochin,DEL → BLR → COK,17:40,23:00,5h 20m,1 stop,No info,5232
Jet Airways,1/06/2019,Delhi,Cochin,DEL → BOM → COK,14:00,04:25 02 Jun,14h 25m,1 stop,No info,14714
IndiGo,6/05/2019,Chennai,Kolkata,MAA → CCU,07:55,10:15,2h 20m,non-stop,No info,3850
Air India,27/05/2019,Delhi,Cochin,DEL → BLR → COK,17:40,09:35 28 May,15h 55m,1 stop,No info,7258
Jet Airways,06/03/2019,Banglore,New Delhi,BLR → BOM → DEL,21:25,20:20 07 Mar,22h 55m,1 stop,No info,17471
SpiceJet,9/05/2019,Banglore,Delhi,BLR → DEL,21:10,00:05 10 May,2h 55m,non-stop,No info,4423
IndiGo,18/06/2019,Mumbai,Hyderabad,BOM → HYD,21:20,22:50,1h 30m,non-stop,No info,2227
Multiple carriers,24/06/2019,Delhi,Cochin,DEL → BOM → COK,10:00,01:30 25 Jun,15h 30m,1 stop,No info,13377
Jet Airways,12/06/2019,Banglore,Delhi,BLR → DEL,08:20,11:20,3h,non-stop,No info,8016
Air India,09/03/2019,Banglore,New Delhi,BLR → HYD → DEL,06:50,08:50 13 Mar,26h,1 stop,No info,5626
IndiGo,21/03/2019,Banglore,New Delhi,BLR → DEL,16:55,19:45,2h 50m,non-stop,No info,6860
IndiGo,1/06/2019,Delhi,Cochin,DEL → BOM → COK,18:35,01:30 02 Jun,6h 55m,1 stop,No info,6628
Jet Airways,6/06/2019,Delhi,Cochin,DEL → BOM → COK,13:00,12:35 07 Jun,23h 35m,1 stop,In-flight meal not included,11627
SpiceJet,9/06/2019,Kolkata,Banglore,CCU → BLR,17:10,19:40,2h 30m,non-stop,No info,4174
Jet Airways,1/06/2019,Delhi,Cochin,DEL → BOM → COK,18:15,04:25 02 Jun,10h 10m,1 stop,No info,14714
Jet Airways,12/05/2019,Kolkata,Banglore,CCU → DEL → BLR,09:35,21:05,11h 30m,1 stop,No info,14151
Jet Airways,27/05/2019,Delhi,Cochin,DEL → BOM → COK,16:00,19:00 28 May,27h,1 stop,In-flight meal not included,12898
Jet Airways,18/05/2019,Delhi,Cochin,DEL → BOM → COK,21:50,04:25 19 May,6h 35m,1 stop,In-flight meal not included,12373
IndiGo,18/06/2019,Banglore,Delhi,BLR → DEL,10:10,13:00,2h 50m,non-stop,No info,3943
Air Asia,9/06/2019,Kolkata,Banglore,CCU → IXR → DEL → BLR,15:10,23:30,8h 20m,2 stops,No info,7870
Jet Airways,18/06/2019,Banglore,Delhi,BLR → DEL,18:55,22:00,3h 5m,non-stop,No info,8016
Air India,15/05/2019,Delhi,Cochin,DEL → HYD → MAA → COK,13:05,09:25 16 May,20h 20m,2 stops,No info,10975
IndiGo,27/05/2019,Chennai,Kolkata,MAA → CCU,07:55,10:15,2h 20m,non-stop,No info,3850
IndiGo,18/06/2019,Kolkata,Banglore,CCU → BLR,20:25,23:10,2h 45m,non-stop,No info,4804
Jet Airways,9/03/2019,Delhi,Cochin,DEL → BOM → COK,20:50,04:25 10 Mar,7h 35m,1 stop,No info,15554
SpiceJet,18/03/2019,Kolkata,Banglore,CCU → BLR,06:55,09:35,2h 40m,non-stop,No info,4465
Jet Airways,9/06/2019,Kolkata,Banglore,CCU → BOM → BLR,21:10,10:05 10 Jun,12h 55m,1 stop,In-flight meal not included,11841
Multiple carriers,9/03/2019,Delhi,Cochin,DEL → BOM → COK,08:00,19:15,11h 15m,1 stop,No info,19332
SpiceJet,21/06/2019,Kolkata,Banglore,CCU → BLR,17:10,19:40,2h 30m,non-stop,No check-in baggage included,3841
IndiGo,12/04/2019,Banglore,Delhi,BLR → DEL,10:10,13:00,2h 50m,non-stop,No info,4591
IndiGo,24/05/2019,Kolkata,Banglore,CCU → HYD → BLR,15:15,20:05,4h 50m,1 stop,No info,5192
Jet Airways,9/06/2019,Delhi,Cochin,DEL → BOM → COK,18:15,12:35 10 Jun,18h 20m,1 stop,In-flight meal not included,10577
Jet Airways,18/05/2019,Delhi,Cochin,DEL → JAI → BOM → COK,19:30,04:25 19 May,8h 55m,2 stops,No info,15129
Multiple carriers,6/06/2019,Delhi,Cochin,DEL → BOM → COK,06:00,19:00,13h,1 stop,No info,11789
Air India,15/06/2019,Delhi,Cochin,DEL → BOM → COK,21:00,07:40 16 Jun,10h 40m,1 stop,No info,8372
Multiple carriers,9/05/2019,Delhi,Cochin,DEL → BOM → COK,06:00,19:15,13h 15m,1 stop,No info,8266
Jet Airways,6/05/2019,Kolkata,Banglore,CCU → BOM → BLR,06:30,19:50,13h 20m,1 stop,No info,14781
Vistara,21/04/2019,Banglore,Delhi,BLR → DEL,17:00,19:35,2h 35m,non-stop,No info,5613
Jet Airways,24/04/2019,Banglore,Delhi,BLR → DEL,15:15,18:10,2h 55m,non-stop,No info,7229
IndiGo,24/06/2019,Delhi,Cochin,DEL → BOM → COK,08:30,21:00,12h 30m,1 stop,No info,6093
Jet Airways,21/05/2019,Delhi,Cochin,DEL → BHO → BOM → COK,05:30,12:35,7h 5m,2 stops,In-flight meal not included,15544
GoAir,18/05/2019,Delhi,Cochin,DEL → AMD → COK,07:25,13:35,6h 10m,1 stop,No info,6296
IndiGo,27/04/2019,Kolkata,Banglore,CCU → BLR,09:35,12:20,2h 45m,non-stop,No info,4804
Air Asia,18/03/2019,Banglore,New Delhi,BLR → DEL,05:50,08:40,2h 50m,non-stop,No info,4284
IndiGo,21/03/2019,Delhi,Cochin,DEL → HYD → COK,07:35,22:20,14h 45m,1 stop,No info,6558
IndiGo,24/06/2019,Delhi,Cochin,DEL → LKO → COK,21:50,03:35 25 Jun,5h 45m,1 stop,No info,5775
SpiceJet,21/06/2019,Chennai,Kolkata,MAA → CCU,08:20,10:35,2h 15m,non-stop,No check-in baggage included,3543
Jet Airways,6/03/2019,Delhi,Cochin,DEL → BOM → COK,09:55,18:50,8h 55m,1 stop,No info,17024
Jet Airways,9/06/2019,Mumbai,Hyderabad,BOM → HYD,07:05,08:30,1h 25m,non-stop,In-flight meal not included,4050
Air India,6/03/2019,Mumbai,Hyderabad,BOM → BHO → DEL → HYD,06:00,15:15 07 Mar,33h 15m,2 stops,No info,14219
Jet Airways,01/03/2019,Banglore,New Delhi,BLR → BOM → DEL,11:40,18:25,6h 45m,1 stop,No info,26890
Air India,15/06/2019,Delhi,Cochin,DEL → AMD → BOM → COK,19:45,19:15 16 Jun,23h 30m,2 stops,No info,9653
IndiGo,21/06/2019,Banglore,Delhi,BLR → DEL,06:05,08:50,2h 45m,non-stop,No info,3943
Jet Airways,18/05/2019,Kolkata,Banglore,CCU → BOM → BLR,14:05,16:20 19 May,26h 15m,1 stop,In-flight meal not included,10844
Jet Airways,1/04/2019,Kolkata,Banglore,CCU → BOM → BLR,21:10,04:40 02 Apr,7h 30m,1 stop,In-flight meal not included,8849
IndiGo,12/06/2019,Mumbai,Hyderabad,BOM → HYD,01:40,03:10,1h 30m,non-stop,No info,2754
Air India,21/03/2019,Delhi,Cochin,DEL → CCU → BOM → COK,06:50,19:15 22 Mar,36h 25m,2 stops,No info,10756
Jet Airways,21/05/2019,Kolkata,Banglore,CCU → DEL → BLR,17:00,21:05 22 May,28h 5m,1 stop,No info,14151
Jet Airways,12/06/2019,Kolkata,Banglore,CCU → BOM → BLR,08:25,20:45,12h 20m,1 stop,In-flight meal not included,9899
Jet Airways,21/03/2019,Delhi,Cochin,DEL → BOM → COK,22:00,04:25 22 Mar,6h 25m,1 stop,No info,12242
Jet Airways,9/06/2019,Delhi,Cochin,DEL → JAI → BOM → COK,19:30,12:35 10 Jun,17h 5m,2 stops,In-flight meal not included,10368
IndiGo,24/05/2019,Mumbai,Hyderabad,BOM → HYD,09:10,10:40,1h 30m,non-stop,No info,5755
Jet Airways,15/06/2019,Delhi,Cochin,DEL → BOM → COK,18:15,04:25 16 Jun,10h 10m,1 stop,In-flight meal not included,10262
SpiceJet,6/06/2019,Kolkata,Banglore,CCU → PNQ → BLR,08:35,17:15,8h 40m,1 stop,No info,6643
Multiple carriers Premium economy,21/03/2019,Delhi,Cochin,DEL → BOM → COK,07:30,21:00,13h 30m,1 stop,No info,9845
Jet Airways,24/03/2019,Kolkata,Banglore,CCU → BOM → BLR,18:55,12:00 25 Mar,17h 5m,1 stop,In-flight meal not included,11134
SpiceJet,1/06/2019,Delhi,Cochin,DEL → MAA → COK,06:05,11:20,5h 15m,1 stop,No info,5583
IndiGo,15/05/2019,Delhi,Cochin,DEL → BOM → COK,16:00,21:00,5h,1 stop,No info,6069
Jet Airways,12/03/2019,Banglore,New Delhi,BLR → BOM → DEL,05:45,20:20,14h 35m,1 stop,No info,13817
Air India,6/03/2019,Delhi,Cochin,DEL → AMD → BOM → COK,05:00,19:15 07 Mar,38h 15m,2 stops,No info,10283
Air India,24/03/2019,Kolkata,Banglore,CCU → GAU → BLR,09:50,21:05,11h 15m,1 stop,No info,7795
Multiple carriers,9/03/2019,Delhi,Cochin,DEL → BOM → COK,00:20,07:40,7h 20m,1 stop,In-flight meal not included,13977
Jet Airways,1/06/2019,Delhi,Cochin,DEL → NAG → BOM → COK,06:45,04:25 02 Jun,21h 40m,2 stops,In-flight meal not included,10919
IndiGo,3/03/2019,Kolkata,Banglore,CCU → BLR,20:25,23:05,2h 40m,non-stop,No info,6038
IndiGo,21/05/2019,Delhi,Cochin,DEL → COK,05:35,08:50,3h 15m,non-stop,No info,5601
IndiGo,9/03/2019,Delhi,Cochin,DEL → BOM → COK,07:30,21:00,13h 30m,1 stop,No info,12351
Air India,15/04/2019,Delhi,Cochin,DEL → COK,05:10,08:00,2h 50m,non-stop,No info,6094
Multiple carriers,15/05/2019,Delhi,Cochin,DEL → BOM → COK,10:35,19:15,8h 40m,1 stop,No info,7575
Jet Airways,27/05/2019,Delhi,Cochin,DEL → BOM → COK,21:50,04:25 28 May,6h 35m,1 stop,No info,16079
Jet Airways,15/06/2019,Delhi,Cochin,DEL → BOM → COK,19:15,19:00 16 Jun,23h 45m,1 stop,In-flight meal not included,10262
Air Asia,9/06/2019,Delhi,Cochin,DEL → BLR → COK,16:45,22:25,5h 40m,1 stop,No info,13470
Jet Airways,27/06/2019,Banglore,Delhi,BLR → DEL,11:10,14:05,2h 55m,non-stop,No info,8016
Jet Airways,9/03/2019,Delhi,Cochin,DEL → BOM → COK,18:15,18:50 10 Mar,24h 35m,1 stop,No info,16289
Jet Airways,6/06/2019,Delhi,Cochin,DEL → BOM → COK,19:45,04:25 07 Jun,8h 40m,1 stop,In-flight meal not included,10262
IndiGo,27/06/2019,Banglore,Delhi,BLR → DEL,18:25,21:20,2h 55m,non-stop,No info,4823
Vistara,9/04/2019,Banglore,Delhi,BLR → DEL,09:45,12:35,2h 50m,non-stop,No info,5403
Jet Airways,18/05/2019,Delhi,Cochin,DEL → BOM → COK,17:30,19:00 19 May,25h 30m,1 stop,In-flight meal not included,12373
SpiceJet,6/03/2019,Mumbai,Hyderabad,BOM → JLR → HYD,14:10,22:25,8h 15m,1 stop,No info,13552
Jet Airways,9/05/2019,Kolkata,Banglore,CCU → BOM → BLR,08:25,20:45,12h 20m,1 stop,In-flight meal not included,10844
Air India,6/03/2019,Mumbai,Hyderabad,BOM → JDH → DEL → HYD,09:40,23:45,14h 5m,2 stops,No info,22619
Multiple carriers,27/05/2019,Delhi,Cochin,DEL → BOM → COK,10:35,19:15,8h 40m,1 stop,No info,8625
IndiGo,24/03/2019,Banglore,New Delhi,BLR → DEL,06:00,08:45,2h 45m,non-stop,No info,4777
IndiGo,21/06/2019,Delhi,Cochin,DEL → COK,05:35,08:50,3h 15m,non-stop,No info,5000
Jet Airways,6/03/2019,Delhi,Cochin,DEL → AMD → BOM → COK,19:10,19:45 07 Mar,24h 35m,2 stops,No info,21954
Jet Airways,3/06/2019,Delhi,Cochin,DEL → BOM → COK,11:30,04:25 04 Jun,16h 55m,1 stop,In-flight meal not included,11627
Jet Airways,24/05/2019,Kolkata,Banglore,CCU → BOM → BLR,14:05,04:40 25 May,14h 35m,1 stop,No info,13731
IndiGo,3/04/2019,Banglore,Delhi,BLR → DEL,22:10,01:00 04 Apr,2h 50m,non-stop,No info,3943
Jet Airways,21/03/2019,Banglore,New Delhi,BLR → BOM → DEL,08:55,23:00,14h 5m,1 stop,In-flight meal not included,6992
Jet Airways,6/05/2019,Kolkata,Banglore,CCU → BOM → BLR,18:55,04:40 07 May,9h 45m,1 stop,No info,13941
Jet Airways,12/06/2019,Delhi,Cochin,DEL → BOM → COK,08:00,19:00,11h,1 stop,No info,14924
Jet Airways,27/06/2019,Delhi,Cochin,DEL → BOM → COK,02:15,12:35,10h 20m,1 stop,No info,18371
IndiGo,3/03/2019,Chennai,Kolkata,MAA → CCU,19:35,21:55,2h 20m,non-stop,No info,7295
Air India,09/03/2019,Banglore,New Delhi,BLR → GOI → DEL,17:00,16:40 13 Mar,23h 40m,1 stop,No info,9292
Jet Airways,1/05/2019,Kolkata,Banglore,CCU → BOM → BLR,20:00,08:15 02 May,12h 15m,1 stop,No info,13941
IndiGo,24/03/2019,Kolkata,Banglore,CCU → HYD → BLR,04:15,09:50,5h 35m,1 stop,No info,4150
Jet Airways,1/04/2019,Kolkata,Banglore,CCU → BOM → BLR,20:00,23:35 02 Apr,27h 35m,1 stop,No info,12681
IndiGo,3/06/2019,Delhi,Cochin,DEL → COK,05:35,08:50,3h 15m,non-stop,No info,5601
Air India,21/05/2019,Kolkata,Banglore,CCU → GAU → DEL → BLR,09:50,08:55 22 May,23h 5m,2 stops,No info,14960
Multiple carriers,6/06/2019,Delhi,Cochin,DEL → BOM → COK,16:00,01:30 07 Jun,9h 30m,1 stop,No info,13377
IndiGo,21/03/2019,Mumbai,Hyderabad,BOM → HYD,12:00,13:25,1h 25m,non-stop,No info,3342
Jet Airways,6/06/2019,Banglore,Delhi,BLR → DEL,11:10,14:05,2h 55m,non-stop,No info,8016
Jet Airways,06/03/2019,Banglore,New Delhi,BLR → BOM → DEL,05:45,23:00,17h 15m,1 stop,No info,16736
Jet Airways,24/03/2019,Kolkata,Banglore,CCU → BOM → BLR,21:10,19:40 25 Mar,22h 30m,1 stop,In-flight meal not included,10031
Air India,21/04/2019,Delhi,Cochin,DEL → BLR → COK,20:30,08:15 22 Apr,11h 45m,1 stop,No info,7258
Jet Airways,15/05/2019,Banglore,Delhi,BLR → DEL,06:00,08:45,2h 45m,non-stop,In-flight meal not included,4030
Air India,24/06/2019,Delhi,Cochin,DEL → CCU → BOM → COK,14:25,19:15 25 Jun,28h 50m,2 stops,No info,13381
Jet Airways,24/05/2019,Delhi,Cochin,DEL → AMD → BOM → COK,23:05,04:25 26 May,29h 20m,2 stops,No info,16704
Multiple carriers,24/06/2019,Delhi,Cochin,DEL → BOM → COK,09:00,21:00,12h,1 stop,No info,13587
Jet Airways,24/05/2019,Mumbai,Hyderabad,BOM → HYD,02:55,04:20,1h 25m,non-stop,No info,5678
Jet Airways,1/04/2019,Kolkata,Banglore,CCU → BOM → BLR,06:30,09:20 02 Apr,26h 50m,1 stop,In-flight meal not included,7064
IndiGo,3/06/2019,Mumbai,Hyderabad,BOM → HYD,01:40,03:10,1h 30m,non-stop,No info,2754
Vistara,1/05/2019,Banglore,Delhi,BLR → DEL,09:45,12:35,2h 50m,non-stop,No info,4668
Air Asia,21/06/2019,Kolkata,Banglore,CCU → BLR,19:55,22:25,2h 30m,non-stop,No info,4107
IndiGo,12/06/2019,Delhi,Cochin,DEL → BOM → COK,04:55,21:00,16h 5m,1 stop,No info,5894
Jet Airways,6/06/2019,Delhi,Cochin,DEL → BOM → COK,17:30,04:25 07 Jun,10h 55m,1 stop,In-flight meal not included,10262
Jet Airways,9/05/2019,Kolkata,Banglore,CCU → BOM → BLR,16:30,08:15 10 May,15h 45m,1 stop,No info,13941
Air Asia,27/04/2019,Delhi,Cochin,DEL → BLR → COK,16:45,07:10 28 Apr,14h 25m,1 stop,No info,6451
Air India,27/06/2019,Delhi,Cochin,DEL → HYD → MAA → COK,09:45,09:25 28 Jun,23h 40m,2 stops,No info,10975
Air India,6/03/2019,Delhi,Cochin,DEL → JAI → BOM → COK,12:00,07:40 07 Mar,19h 40m,2 stops,No info,14746
Air Asia,6/06/2019,Delhi,Cochin,DEL → BLR → COK,20:45,07:10 07 Jun,10h 25m,1 stop,No info,11410
SpiceJet,1/05/2019,Kolkata,Banglore,CCU → BLR,06:55,09:30,2h 35m,non-stop,No check-in baggage included,3841
Air India,3/06/2019,Delhi,Cochin,DEL → CCU → BOM → COK,06:50,07:40 04 Jun,24h 50m,2 stops,No info,13381
Multiple carriers,9/05/2019,Delhi,Cochin,DEL → BOM → COK,11:30,01:30 10 May,14h,1 stop,No info,15078
Air India,9/05/2019,Kolkata,Banglore,CCU → BOM → BLR,09:25,18:30,9h 5m,1 stop,No info,8891
Jet Airways,9/05/2019,Kolkata,Banglore,CCU → BOM → BLR,14:05,10:05 10 May,20h,1 stop,In-flight meal not included,7757
Air India,9/04/2019,Banglore,Delhi,BLR → DEL,05:45,08:45,3h,non-stop,No info,4441
Jet Airways,24/03/2019,Kolkata,Banglore,CCU → BOM → BLR,19:45,18:10 25 Mar,22h 25m,1 stop,In-flight meal not included,10031
IndiGo,12/04/2019,Banglore,Delhi,BLR → DEL,13:00,15:50,2h 50m,non-stop,No info,4823
Air India,24/05/2019,Kolkata,Banglore,CCU → BOM → BLR,09:25,18:30,9h 5m,1 stop,No info,8576
Jet Airways,12/03/2019,Banglore,New Delhi,BLR → BOM → DEL,20:35,16:10 13 Mar,19h 35m,1 stop,In-flight meal not included,11087
Jet Airways,18/05/2019,Delhi,Cochin,DEL → BOM → COK,10:00,12:35 19 May,26h 35m,1 stop,In-flight meal not included,12373
Air India,21/05/2019,Kolkata,Banglore,CCU → BOM → GOI → BLR,09:25,05:35 22 May,20h 10m,2 stops,No info,11432
IndiGo,15/06/2019,Mumbai,Hyderabad,BOM → HYD,16:55,18:25,1h 30m,non-stop,No info,3175
IndiGo,12/05/2019,Kolkata,Banglore,CCU → BLR,09:35,12:20,2h 45m,non-stop,No info,4804
Jet Airways,27/06/2019,Delhi,Cochin,DEL → JAI → BOM → COK,09:40,12:35 28 Jun,26h 55m,2 stops,No info,13014
Multiple carriers,6/03/2019,Delhi,Cochin,DEL → HYD → COK,07:10,22:20,15h 10m,1 stop,In-flight meal not included,7563
SpiceJet,27/06/2019,Kolkata,Banglore,CCU → BLR,09:00,11:25,2h 25m,non-stop,No info,3873
IndiGo,21/05/2019,Delhi,Cochin,DEL → HYD → COK,11:55,00:55 22 May,13h,1 stop,No info,6282
Multiple carriers,1/06/2019,Delhi,Cochin,DEL → BOM → COK,08:30,19:00,10h 30m,1 stop,No info,11200
Vistara,24/04/2019,Banglore,Delhi,BLR → DEL,19:30,22:15,2h 45m,non-stop,No info,5613
IndiGo,9/06/2019,Delhi,Cochin,DEL → COK,14:20,17:35,3h 15m,non-stop,No info,5601
Jet Airways,15/06/2019,Delhi,Cochin,DEL → BOM → COK,14:00,12:35 16 Jun,22h 35m,1 stop,In-flight meal not included,10262
IndiGo,01/03/2019,Banglore,New Delhi,BLR → DEL,20:00,22:55,2h 55m,non-stop,No info,14306
Jet Airways,1/04/2019,Kolkata,Banglore,CCU → BOM → BLR,20:00,20:45 02 Apr,24h 45m,1 stop,In-flight meal not included,7064
Jet Airways,27/06/2019,Delhi,Cochin,DEL → BOM → COK,07:05,19:00,11h 55m,1 stop,No info,18371
Air India,18/05/2019,Delhi,Cochin,DEL → CCU → BOM → COK,20:15,19:15 19 May,23h,2 stops,No info,13591
Jet Airways,1/06/2019,Delhi,Cochin,DEL → JAI → BOM → COK,09:40,12:35 02 Jun,26h 55m,2 stops,In-flight meal not included,10368
Multiple carriers,12/06/2019,Delhi,Cochin,DEL → IXU → BOM → COK,17:50,01:30 13 Jun,7h 40m,2 stops,No info,18275
IndiGo,27/05/2019,Banglore,Delhi,BLR → DEL,22:10,01:00 28 May,2h 50m,non-stop,No info,3749
Air Asia,6/06/2019,Kolkata,Banglore,CCU → IXR → DEL → BLR,15:10,23:30,8h 20m,2 stops,No info,6810
Multiple carriers,21/05/2019,Delhi,Cochin,DEL → BOM → COK,11:40,21:00,9h 20m,1 stop,No info,7485
Air India,27/05/2019,Kolkata,Banglore,CCU → BLR,14:15,16:45,2h 30m,non-stop,No info,5510
Jet Airways,3/06/2019,Delhi,Cochin,DEL → BOM → COK,18:15,04:25 04 Jun,10h 10m,1 stop,In-flight meal not included,10262
Multiple carriers,24/06/2019,Delhi,Cochin,DEL → HYD → COK,07:10,16:10,9h,1 stop,No info,6723
Multiple carriers,21/03/2019,Delhi,Cochin,DEL → BOM → COK,08:00,15:30,7h 30m,1 stop,No info,8307
GoAir,21/04/2019,Delhi,Cochin,DEL → HYD → COK,05:55,13:35,7h 40m,1 stop,No info,6146
Jet Airways,27/05/2019,Delhi,Cochin,DEL → AMD → BOM → COK,13:25,12:35 28 May,23h 10m,2 stops,No info,15129
Jet Airways,1/05/2019,Kolkata,Banglore,CCU → BOM → BLR,06:30,12:00,5h 30m,1 stop,No info,14388
Jet Airways,6/04/2019,Banglore,Delhi,BLR → DEL,06:00,08:45,2h 45m,non-stop,In-flight meal not included,4544
Jet Airways,12/04/2019,Banglore,Delhi,BLR → DEL,11:10,14:05,2h 55m,non-stop,In-flight meal not included,5198
IndiGo,18/05/2019,Delhi,Cochin,DEL → BOM → COK,09:15,01:30 19 May,16h 15m,1 stop,No info,7503
GoAir,01/03/2019,Banglore,New Delhi,BLR → GOI → DEL,15:45,20:15,4h 30m,1 stop,No info,12314
Air India,15/05/2019,Delhi,Cochin,DEL → BOM → COK,13:00,19:15,6h 15m,1 stop,No info,8372
Jet Airways,21/05/2019,Kolkata,Banglore,CCU → BOM → BLR,16:30,23:35,7h 5m,1 stop,No info,14781
Jet Airways,24/06/2019,Banglore,Delhi,BLR → DEL,19:50,22:50,3h,non-stop,No info,8016
IndiGo,12/03/2019,Chennai,Kolkata,MAA → CCU,07:55,10:15,2h 20m,non-stop,No info,6297
Jet Airways,1/05/2019,Kolkata,Banglore,CCU → BOM → BLR,08:25,09:20 02 May,24h 55m,1 stop,No info,14388
GoAir,1/06/2019,Delhi,Cochin,DEL → AMD → COK,07:25,13:35,6h 10m,1 stop,No info,6393
Jet Airways,9/06/2019,Kolkata,Banglore,CCU → BOM → BLR,21:10,10:05 10 Jun,12h 55m,1 stop,No info,14939
Jet Airways,21/05/2019,Kolkata,Banglore,CCU → BOM → BLR,08:25,19:50,11h 25m,1 stop,No info,14781
IndiGo,6/03/2019,Delhi,Cochin,DEL → BOM → COK,07:30,21:00,13h 30m,1 stop,No info,14871
SpiceJet,6/04/2019,Banglore,Delhi,BLR → DEL,09:30,12:20,2h 50m,non-stop,No check-in baggage included,4319
Jet Airways,15/05/2019,Kolkata,Banglore,CCU → DEL → BLR,17:00,09:45 16 May,16h 45m,1 stop,No info,13067
Jet Airways,01/03/2019,Banglore,New Delhi,BLR → BOM → DEL,16:55,08:15 02 Mar,15h 20m,1 stop,No info,26890
Jet Airways,15/03/2019,Banglore,New Delhi,BLR → BOM → DEL,07:00,13:15,6h 15m,1 stop,In-flight meal not included,9134
IndiGo,3/04/2019,Banglore,Delhi,BLR → DEL,21:15,00:15 04 Apr,3h,non-stop,No info,3943
Air India,24/06/2019,Delhi,Cochin,DEL → BOM → COK,07:00,19:15,12h 15m,1 stop,No info,8879
Jet Airways,24/05/2019,Kolkata,Banglore,CCU → BOM → BLR,18:55,12:00 25 May,17h 5m,1 stop,No info,14571
IndiGo,15/06/2019,Kolkata,Banglore,CCU → BLR,09:35,12:10,2h 35m,non-stop,No info,5644
Jet Airways,9/06/2019,Kolkata,Banglore,CCU → BOM → BLR,06:30,04:40 10 Jun,22h 10m,1 stop,In-flight meal not included,9663
Jet Airways,9/06/2019,Kolkata,Banglore,CCU → BOM → BLR,14:05,23:35,9h 30m,1 stop,No info,14571
SpiceJet,9/06/2019,Banglore,Delhi,BLR → DEL,21:10,00:05 10 Jun,2h 55m,non-stop,No info,3971
Jet Airways,6/03/2019,Delhi,Cochin,DEL → BOM → COK,09:00,18:50,9h 50m,1 stop,No info,17024
SpiceJet,15/05/2019,Kolkata,Banglore,CCU → BLR,17:10,19:40,2h 30m,non-stop,No check-in baggage included,3841
Jet Airways,27/05/2019,Delhi,Cochin,DEL → BOM → COK,19:45,19:00 28 May,23h 15m,1 stop,In-flight meal not included,12898
Jet Airways,6/06/2019,Delhi,Cochin,DEL → NAG → BOM → COK,14:35,04:25 07 Jun,13h 50m,2 stops,No info,13376
Jet Airways,15/06/2019,Delhi,Cochin,DEL → IDR → BOM → COK,21:25,12:35 16 Jun,15h 10m,2 stops,In-flight meal not included,9905
Multiple carriers,15/06/2019,Delhi,Cochin,DEL → BOM → COK,08:00,21:00,13h,1 stop,No info,13587
Multiple carriers,24/06/2019,Delhi,Cochin,DEL → BOM → COK,06:00,21:00,15h,1 stop,No info,7740
Multiple carriers,21/05/2019,Delhi,Cochin,DEL → BOM → COK,06:00,12:35,6h 35m,1 stop,No info,9794
Jet Airways,06/03/2019,Banglore,New Delhi,BLR → BOM → DEL,22:50,21:20 07 Mar,22h 30m,1 stop,No info,17471
Jet Airways,9/03/2019,Delhi,Cochin,DEL → IXC → BOM → COK,13:45,04:25 10 Mar,14h 40m,2 stops,In-flight meal not included,15129
Jet Airways,1/05/2019,Kolkata,Banglore,CCU → DEL → BLR,09:35,14:25 02 May,28h 50m,1 stop,No info,11467
Air India,12/06/2019,Kolkata,Banglore,CCU → MAA → BLR,14:35,14:35 13 Jun,24h,1 stop,No info,6528
Multiple carriers,27/06/2019,Delhi,Cochin,DEL → BOM → COK,07:30,19:15,11h 45m,1 stop,No info,8266
IndiGo,6/03/2019,Delhi,Cochin,DEL → HYD → COK,06:40,22:20,15h 40m,1 stop,No info,6442
Jet Airways,12/06/2019,Delhi,Cochin,DEL → BOM → COK,22:50,12:35 13 Jun,13h 45m,1 stop,In-flight meal not included,10262
Jet Airways,1/03/2019,Mumbai,Hyderabad,BOM → HYD,07:10,08:35,1h 25m,non-stop,No info,17501
Air India,24/05/2019,Banglore,Delhi,BLR → DEL,06:10,08:55,2h 45m,non-stop,No info,8273
Air India,21/03/2019,Delhi,Cochin,DEL → LKO → BOM → COK,18:30,19:15 22 Mar,24h 45m,2 stops,No info,10703
Multiple carriers,15/06/2019,Delhi,Cochin,DEL → BOM → COK,10:00,01:30 16 Jun,15h 30m,1 stop,No info,8510
IndiGo,15/03/2019,Mumbai,Hyderabad,BOM → HYD,20:05,21:35,1h 30m,non-stop,No info,2754
IndiGo,18/05/2019,Mumbai,Hyderabad,BOM → HYD,21:20,22:50,1h 30m,non-stop,No info,2227
Multiple carriers,27/06/2019,Delhi,Cochin,DEL → IXU → BOM → COK,17:50,01:30 28 Jun,7h 40m,2 stops,No info,18275
SpiceJet,21/04/2019,Delhi,Cochin,DEL → PNQ → COK,08:45,13:15,4h 30m,1 stop,No check-in baggage included,6356
Jet Airways,15/05/2019,Kolkata,Banglore,CCU → BOM → BLR,14:05,20:45,6h 40m,1 stop,No info,14781
Jet Airways,27/05/2019,Delhi,Cochin,DEL → JAI → BOM → COK,09:40,12:35 28 May,26h 55m,2 stops,In-flight meal not included,13029
GoAir,1/05/2019,Banglore,Delhi,BLR → DEL,11:40,14:30,2h 50m,non-stop,No info,4340
Air India,12/06/2019,Kolkata,Banglore,CCU → DEL → COK → BLR,17:30,13:45 13 Jun,20h 15m,2 stops,No info,12224
Jet Airways,24/05/2019,Kolkata,Banglore,CCU → BOM → BLR,16:30,18:15 25 May,25h 45m,1 stop,In-flight meal not included,10844
IndiGo,15/04/2019,Kolkata,Banglore,CCU → BLR,09:35,12:20,2h 45m,non-stop,No info,4174
Air India,01/03/2019,Banglore,New Delhi,BLR → HYD → VGA → DEL,17:00,22:55 02 Mar,29h 55m,2 stops,No info,14887
Multiple carriers,9/04/2019,Delhi,Cochin,DEL → BOM → COK,09:00,19:15,10h 15m,1 stop,No info,12853
Air Asia,15/05/2019,Banglore,Delhi,BLR → DEL,11:10,13:55,2h 45m,non-stop,No info,3383
GoAir,01/03/2019,Banglore,New Delhi,BLR → DEL,11:40,14:35,2h 55m,non-stop,No info,11111
Jet Airways,1/04/2019,Banglore,Delhi,BLR → DEL,17:45,20:45,3h,non-stop,No info,7229
Jet Airways,6/05/2019,Banglore,Delhi,BLR → DEL,17:45,20:45,3h,non-stop,In-flight meal not included,4030
IndiGo,3/03/2019,Delhi,Cochin,DEL → BOM → COK,15:00,01:35 04 Mar,10h 35m,1 stop,No info,14871
Jet Airways,27/05/2019,Delhi,Cochin,DEL → BOM → COK,19:45,04:25 28 May,8h 40m,1 stop,In-flight meal not included,12898
Multiple carriers,18/05/2019,Delhi,Cochin,DEL → BOM → COK,11:30,19:15,7h 45m,1 stop,No info,14533
Air India,6/06/2019,Delhi,Cochin,DEL → BLR → COK,17:40,08:15 07 Jun,14h 35m,1 stop,No info,7258
SpiceJet,1/04/2019,Delhi,Cochin,DEL → PNQ → COK,08:45,13:15,4h 30m,1 stop,No info,4812
Jet Airways,9/05/2019,Kolkata,Banglore,CCU → DEL → BLR,09:35,21:05,11h 30m,1 stop,In-flight meal not included,12384
Air India,6/06/2019,Delhi,Cochin,DEL → JAI → BOM → COK,12:00,07:40 07 Jun,19h 40m,2 stops,No info,8603
Air India,6/06/2019,Delhi,Cochin,DEL → JAI → BOM → COK,12:00,19:15,7h 15m,2 stops,No info,8603
Jet Airways,24/03/2019,Kolkata,Banglore,CCU → BOM → BLR,13:55,23:25,9h 30m,1 stop,No info,14231
Jet Airways,9/05/2019,Delhi,Cochin,DEL → AMD → BOM → COK,23:05,04:25 11 May,29h 20m,2 stops,No info,15129
Air Asia,1/06/2019,Delhi,Cochin,DEL → BLR → COK,20:45,07:10 02 Jun,10h 25m,1 stop,No info,11410
Air India,12/03/2019,Banglore,New Delhi,BLR → BOM → BHO → DEL,08:50,09:25 13 Mar,24h 35m,2 stops,No info,12725
Jet Airways,9/06/2019,Delhi,Cochin,DEL → IDR → BOM → COK,09:35,12:35 10 Jun,27h,2 stops,No info,13292
SpiceJet,24/04/2019,Kolkata,Banglore,CCU → BLR,06:55,09:30,2h 35m,non-stop,No info,3873
IndiGo,15/06/2019,Chennai,Kolkata,MAA → CCU,07:55,10:15,2h 20m,non-stop,No info,3850
SpiceJet,9/06/2019,Kolkata,Banglore,CCU → KNU → BLR,11:35,18:50,7h 15m,1 stop,No info,8479
Jet Airways,24/05/2019,Kolkata,Banglore,CCU → DEL → BLR,09:35,23:35,14h,1 stop,No info,14151
Air India,24/04/2019,Banglore,Delhi,BLR → DEL,06:10,08:55,2h 45m,non-stop,No info,5228
Vistara,9/06/2019,Kolkata,Banglore,CCU → DEL → BLR,07:10,09:05 10 Jun,25h 55m,1 stop,No info,9397
Jet Airways,18/06/2019,Mumbai,Hyderabad,BOM → HYD,07:05,08:30,1h 25m,non-stop,In-flight meal not included,4995
Air India,1/06/2019,Delhi,Cochin,DEL → AMD → BOM → COK,19:45,19:15 02 Jun,23h 30m,2 stops,No info,10651
Air Asia,3/04/2019,Banglore,Delhi,BLR → DEL,04:55,07:45,2h 50m,non-stop,No info,4282
Air India,21/05/2019,Kolkata,Banglore,CCU → JAI → BOM → BLR,08:20,21:50,13h 30m,2 stops,No info,10697
Jet Airways,21/05/2019,Kolkata,Banglore,CCU → DEL → BLR,09:35,14:25 22 May,28h 50m,1 stop,In-flight meal not included,9314
IndiGo,27/06/2019,Chennai,Kolkata,MAA → CCU,05:15,07:40,2h 25m,non-stop,No info,3540
Air India,12/06/2019,Delhi,Cochin,DEL → AMD → BOM → COK,16:40,19:15 13 Jun,26h 35m,2 stops,No info,9443
Multiple carriers,6/03/2019,Delhi,Cochin,DEL → BOM → COK,07:30,15:30,8h,1 stop,No info,15147
Jet Airways,27/06/2019,Banglore,Delhi,BLR → DEL,08:20,11:20,3h,non-stop,No info,8016
IndiGo,24/05/2019,Mumbai,Hyderabad,BOM → HYD,21:20,22:50,1h 30m,non-stop,No info,2437
IndiGo,27/05/2019,Delhi,Cochin,DEL → BOM → COK,10:35,01:30 28 May,14h 55m,1 stop,No info,6104
SpiceJet,6/06/2019,Mumbai,Hyderabad,BOM → HYD,22:45,00:15 07 Jun,1h 30m,non-stop,No check-in baggage included,1965
Multiple carriers,12/06/2019,Delhi,Cochin,DEL → BOM → COK,13:00,21:00,8h,1 stop,No info,7408
IndiGo,18/06/2019,Mumbai,Hyderabad,BOM → HYD,06:25,07:55,1h 30m,non-stop,No info,4049
Jet Airways,1/06/2019,Banglore,Delhi,BLR → DEL,19:50,22:50,3h,non-stop,No info,8016
Multiple carriers,9/05/2019,Delhi,Cochin,DEL → BOM → COK,07:00,19:00,12h,1 stop,No info,10197
Jet Airways,1/05/2019,Kolkata,Banglore,CCU → BOM → BLR,21:10,08:15 02 May,11h 5m,1 stop,In-flight meal not included,10844
Jet Airways,9/06/2019,Kolkata,Banglore,CCU → DEL → BLR,17:00,19:10 10 Jun,26h 10m,1 stop,No info,12692
Jet Airways,6/05/2019,Kolkata,Banglore,CCU → BOM → BLR,08:25,16:20,7h 55m,1 stop,No info,14781
GoAir,24/05/2019,Kolkata,Banglore,CCU → BOM → BLR,23:30,07:45 25 May,8h 15m,1 stop,No info,7335
Jet Airways,27/05/2019,Banglore,Delhi,BLR → DEL,08:20,11:20,3h,non-stop,No info,7229
Vistara,24/03/2019,Banglore,New Delhi,BLR → DEL,21:10,00:05 28 Mar,2h 55m,non-stop,No info,4353
Jet Airways,18/05/2019,Kolkata,Banglore,CCU → BOM → BLR,20:00,08:15 19 May,12h 15m,1 stop,No info,13941
Jet Airways,12/03/2019,Banglore,New Delhi,BLR → MAA → DEL,09:45,14:25,4h 40m,1 stop,No info,12295
Jet Airways,27/05/2019,Delhi,Cochin,DEL → BOM → COK,22:50,12:35 28 May,13h 45m,1 stop,In-flight meal not included,12898
Vistara,9/05/2019,Kolkata,Banglore,CCU → DEL → BLR,07:10,22:40,15h 30m,1 stop,No info,7927
Air Asia,15/04/2019,Banglore,Delhi,BLR → DEL,23:55,02:45 16 Apr,2h 50m,non-stop,No info,4483
Jet Airways,06/03/2019,Banglore,New Delhi,BLR → BOM → DEL,11:40,18:25,6h 45m,1 stop,No info,19225
GoAir,24/04/2019,Delhi,Cochin,DEL → AMD → COK,07:25,13:35,6h 10m,1 stop,No info,4692
Jet Airways,18/03/2019,Banglore,New Delhi,BLR → BOM → DEL,21:25,09:30 16 Mar,12h 5m,1 stop,No info,13555
IndiGo,9/04/2019,Delhi,Cochin,DEL → BOM → COK,15:00,01:30 10 Apr,10h 30m,1 stop,No info,6270
Jet Airways,6/05/2019,Kolkata,Banglore,CCU → BOM → BLR,18:55,16:20 07 May,21h 25m,1 stop,No info,13584
Jet Airways,21/03/2019,Delhi,Cochin,DEL → MAA → BOM → COK,16:10,18:50 22 Mar,26h 40m,2 stops,No info,13180
Jet Airways,12/05/2019,Kolkata,Banglore,CCU → DEL → BLR,20:25,18:00 13 May,21h 35m,1 stop,No info,14151
Vistara,12/05/2019,Delhi,Cochin,DEL → COK,06:00,09:10,3h 10m,non-stop,No info,6216
Multiple carriers,3/03/2019,Delhi,Cochin,DEL → BOM → COK,07:30,18:50,11h 20m,1 stop,No info,15135
Multiple carriers,6/03/2019,Delhi,Cochin,DEL → BOM → COK,11:30,21:00,9h 30m,1 stop,In-flight meal not included,15136
Jet Airways,27/06/2019,Delhi,Cochin,DEL → BOM → COK,02:15,19:00,16h 45m,1 stop,In-flight meal not included,10262
Jet Airways,18/05/2019,Kolkata,Banglore,CCU → DEL → BLR,09:35,22:05,12h 30m,1 stop,In-flight meal not included,12384
Jet Airways,1/04/2019,Kolkata,Banglore,CCU → DEL → BLR,09:35,19:10,9h 35m,1 stop,In-flight meal not included,9314
Jet Airways,6/05/2019,Kolkata,Banglore,CCU → DEL → BLR,17:00,18:00 07 May,25h,1 stop,In-flight meal not included,9314
Air India,1/06/2019,Delhi,Cochin,DEL → BOM → COK,09:00,19:15,10h 15m,1 stop,No info,10454
Air India,18/05/2019,Delhi,Cochin,DEL → BOM → COK,23:00,07:40 19 May,8h 40m,1 stop,No info,8372
Jet Airways,9/03/2019,Delhi,Cochin,DEL → BOM → COK,19:45,04:25 10 Mar,8h 40m,1 stop,In-flight meal not included,11848
IndiGo,1/06/2019,Delhi,Cochin,DEL → BOM → COK,08:30,21:00,12h 30m,1 stop,No info,6416
IndiGo,1/04/2019,Mumbai,Hyderabad,BOM → HYD,09:10,10:40,1h 30m,non-stop,No info,3342
Jet Airways,6/06/2019,Kolkata,Banglore,CCU → BOM → PNQ → BLR,06:30,07:25 07 Jun,24h 55m,2 stops,In-flight meal not included,10118
Air India,12/06/2019,Kolkata,Banglore,CCU → GAU → DEL → BLR,16:45,12:30 13 Jun,19h 45m,2 stops,No info,14960
IndiGo,15/06/2019,Delhi,Cochin,DEL → HYD → COK,05:05,16:10,11h 5m,1 stop,No info,6818
Air India,12/06/2019,Kolkata,Banglore,CCU → BLR,14:15,16:45,2h 30m,non-stop,No info,5510
Jet Airways,21/05/2019,Kolkata,Banglore,CCU → BOM → BLR,06:30,09:20 22 May,26h 50m,1 stop,No info,14388
Multiple carriers,3/06/2019,Delhi,Cochin,DEL → HYD → COK,14:55,22:30,7h 35m,1 stop,No info,7038
Multiple carriers,9/05/2019,Delhi,Cochin,DEL → BOM → COK,08:45,19:15,10h 30m,1 stop,No info,8266
Jet Airways,27/06/2019,Delhi,Cochin,DEL → ATQ → BOM → COK,18:20,19:00 28 Jun,24h 40m,2 stops,No info,14300
Air India,9/05/2019,Kolkata,Banglore,CCU → BOM → BLR,09:25,07:55 10 May,22h 30m,1 stop,No info,8366
Jet Airways,06/03/2019,Banglore,New Delhi,BLR → BOM → DEL,22:50,10:25 07 Mar,11h 35m,1 stop,No info,17261
Vistara,6/06/2019,Kolkata,Banglore,CCU → DEL → BLR,07:10,09:05 07 Jun,25h 55m,1 stop,No info,8452
IndiGo,1/04/2019,Kolkata,Banglore,CCU → GAU → BLR,15:10,20:30,5h 20m,1 stop,No info,8567
Multiple carriers,15/06/2019,Delhi,Cochin,DEL → HYD → COK,07:05,22:30,15h 25m,1 stop,No info,9646
Air India,9/04/2019,Delhi,Cochin,DEL → GOI → BOM → COK,22:00,19:15 10 Apr,21h 15m,2 stops,No info,8341
Jet Airways,9/05/2019,Delhi,Cochin,DEL → BOM → COK,17:30,19:00 10 May,25h 30m,1 stop,In-flight meal not included,12373
SpiceJet,21/06/2019,Chennai,Kolkata,MAA → CCU,17:45,20:05,2h 20m,non-stop,No check-in baggage included,3543
Jet Airways,9/06/2019,Kolkata,Banglore,CCU → DEL → BLR,17:00,23:35,6h 35m,1 stop,In-flight meal not included,13994
IndiGo,24/03/2019,Banglore,New Delhi,BLR → DEL,04:00,06:50,2h 50m,non-stop,No info,4777
Multiple carriers,1/06/2019,Delhi,Cochin,DEL → HYD → COK,14:55,22:30,7h 35m,1 stop,No info,7038
IndiGo,3/04/2019,Mumbai,Hyderabad,BOM → HYD,16:55,18:25,1h 30m,non-stop,No info,3175
Multiple carriers,9/06/2019,Delhi,Cochin,DEL → BOM → COK,10:00,21:00,11h,1 stop,No info,7408
IndiGo,15/06/2019,Banglore,Delhi,BLR → DEL,21:15,00:15 16 Jun,3h,non-stop,No info,3943
Jet Airways,6/03/2019,Delhi,Cochin,DEL → BOM → COK,08:00,04:25 07 Mar,20h 25m,1 stop,No info,15974
SpiceJet,27/05/2019,Kolkata,Banglore,CCU → BLR,06:55,09:30,2h 35m,non-stop,No info,3873
IndiGo,15/04/2019,Banglore,Delhi,BLR → DEL,10:10,13:00,2h 50m,non-stop,No info,4423
Jet Airways,27/05/2019,Delhi,Cochin,DEL → JAI → BOM → COK,09:40,04:25 28 May,18h 45m,2 stops,No info,15129
IndiGo,21/03/2019,Delhi,Cochin,DEL → BOM → COK,08:25,21:00,12h 35m,1 stop,No info,8285
Air India,6/06/2019,Mumbai,Hyderabad,BOM → HYD,06:20,07:40,1h 20m,non-stop,No info,3100
Air India,01/03/2019,Banglore,New Delhi,BLR → BOM → BHO → DEL,08:50,09:25 02 Mar,24h 35m,2 stops,No info,25430
SpiceJet,18/03/2019,Mumbai,Hyderabad,BOM → HYD,13:10,14:30,1h 20m,non-stop,No check-in baggage included,2385
Jet Airways,6/06/2019,Kolkata,Banglore,CCU → GAU → BLR,10:20,17:35,7h 15m,1 stop,No info,11316
Jet Airways,15/06/2019,Delhi,Cochin,DEL → BOM → COK,02:15,19:00,16h 45m,1 stop,In-flight meal not included,10262
Air India,24/05/2019,Kolkata,Banglore,CCU → IXR → BBI → BLR,05:50,13:15,7h 25m,2 stops,No info,7662
Jet Airways,24/03/2019,Kolkata,Banglore,CCU → BOM → BLR,16:55,19:40 25 Mar,26h 45m,1 stop,No info,14231
IndiGo,9/06/2019,Delhi,Cochin,DEL → BOM → COK,09:15,21:00,11h 45m,1 stop,No info,6838
Jet Airways,15/06/2019,Delhi,Cochin,DEL → NAG → BOM → COK,06:45,04:25 16 Jun,21h 40m,2 stops,No info,13376
Jet Airways,24/06/2019,Delhi,Cochin,DEL → BOM → COK,15:00,19:00 25 Jun,28h,1 stop,In-flight meal not included,10262
IndiGo,27/03/2019,Delhi,Cochin,DEL → BOM → COK,07:30,15:30,8h,1 stop,No info,8574
Jet Airways,09/03/2019,Banglore,New Delhi,BLR → BOM → DEL,21:25,07:40 13 Mar,10h 15m,1 stop,In-flight meal not included,7832
Multiple carriers,24/06/2019,Delhi,Cochin,DEL → BOM → COK,03:50,19:00,15h 10m,1 stop,No info,12192
Jet Airways,15/06/2019,Mumbai,Hyderabad,BOM → HYD,10:20,11:50,1h 30m,non-stop,In-flight meal not included,4050
GoAir,12/04/2019,Banglore,Delhi,BLR → DEL,07:45,10:40,2h 55m,non-stop,No info,6722
Jet Airways,9/06/2019,Kolkata,Banglore,CCU → BOM → BLR,20:00,16:20 10 Jun,20h 20m,1 stop,In-flight meal not included,10844
Multiple carriers,15/06/2019,Delhi,Cochin,DEL → BOM → COK,07:00,21:00,14h,1 stop,No info,7408
Jet Airways,21/03/2019,Delhi,Cochin,DEL → BOM → COK,20:50,04:25 22 Mar,7h 35m,1 stop,No info,14189
SpiceJet,24/05/2019,Kolkata,Banglore,CCU → BLR,17:10,19:40,2h 30m,non-stop,No check-in baggage included,3841
Jet Airways,9/05/2019,Kolkata,Banglore,CCU → BOM → BLR,14:05,04:40 10 May,14h 35m,1 stop,In-flight meal not included,8586
Multiple carriers,27/06/2019,Delhi,Cochin,DEL → BOM → COK,10:35,19:15,8h 40m,1 stop,No info,7155
Jet Airways,12/06/2019,Kolkata,Banglore,CCU → BOM → BLR,08:25,18:15,9h 50m,1 stop,In-flight meal not included,9899
Jet Airways,6/06/2019,Kolkata,Banglore,CCU → BOM → BLR,08:25,19:50,11h 25m,1 stop,No info,14571
IndiGo,18/05/2019,Banglore,Delhi,BLR → DEL,18:55,21:50,2h 55m,non-stop,No info,4823
Jet Airways,9/05/2019,Banglore,Delhi,BLR → DEL,08:20,11:20,3h,non-stop,In-flight meal not included,4544
Air India,01/03/2019,Banglore,New Delhi,BLR → AMD → DEL,00:30,20:30,20h,1 stop,1 Long layover,14752
Air India,9/05/2019,Kolkata,Banglore,CCU → BOM → COK → BLR,09:25,13:45 10 May,28h 20m,2 stops,No info,11542
Jet Airways,21/05/2019,Delhi,Cochin,DEL → COK,09:50,13:05,3h 15m,non-stop,In-flight meal not included,7202
Multiple carriers,9/06/2019,Delhi,Cochin,DEL → BOM → COK,10:35,19:00,8h 25m,1 stop,No info,11098
Air India,27/03/2019,Mumbai,Hyderabad,BOM → HYD,19:30,20:45,1h 15m,non-stop,No info,2575
Multiple carriers,27/03/2019,Delhi,Cochin,DEL → BOM → COK,13:00,01:35 28 Mar,12h 35m,1 stop,No info,6673
IndiGo,01/03/2019,Banglore,New Delhi,BLR → DEL,18:55,21:45,2h 50m,non-stop,No info,14306
Jet Airways,18/05/2019,Delhi,Cochin,DEL → BOM → COK,21:50,04:25 19 May,6h 35m,1 stop,No info,15554
Jet Airways,15/05/2019,Kolkata,Banglore,CCU → DEL → BLR,09:35,14:25 16 May,28h 50m,1 stop,In-flight meal not included,9314
Jet Airways,9/03/2019,Mumbai,Hyderabad,BOM → HYD,06:30,08:00,1h 30m,non-stop,In-flight meal not included,4995
Jet Airways,21/03/2019,Banglore,New Delhi,BLR → BOM → DEL,11:40,07:40 19 Mar,20h,1 stop,In-flight meal not included,7832
Jet Airways,21/05/2019,Kolkata,Banglore,CCU → BOM → BLR,08:25,08:15 22 May,23h 50m,1 stop,In-flight meal not included,8586
Air India,27/04/2019,Delhi,Cochin,DEL → COK,05:10,08:00,2h 50m,non-stop,No info,6094
Jet Airways,24/06/2019,Delhi,Cochin,DEL → IDR → BOM → COK,05:30,19:00,13h 30m,2 stops,No info,13292
Jet Airways,9/06/2019,Delhi,Cochin,DEL → JAI → BOM → COK,05:30,04:25 10 Jun,22h 55m,2 stops,In-flight meal not included,10368
Multiple carriers,27/05/2019,Delhi,Cochin,DEL → BOM → COK,10:00,21:00,11h,1 stop,No info,9718
Jet Airways,21/03/2019,Banglore,New Delhi,BLR → BOM → DEL,08:55,07:40 19 Mar,22h 45m,1 stop,In-flight meal not included,7412
Air India,6/06/2019,Delhi,Cochin,DEL → GOI → BOM → COK,22:00,19:15 07 Jun,21h 15m,2 stops,No info,10441
IndiGo,3/03/2019,Delhi,Cochin,DEL → BOM → COK,10:45,01:35 04 Mar,14h 50m,1 stop,No info,14871
Jet Airways,18/05/2019,Delhi,Cochin,DEL → BOM → COK,08:00,19:00,11h,1 stop,No info,15554
Jet Airways,01/03/2019,Banglore,New Delhi,BLR → BOM → DEL,14:05,19:10,5h 5m,1 stop,No info,36235
IndiGo,24/03/2019,Mumbai,Hyderabad,BOM → HYD,16:55,18:25,1h 30m,non-stop,No info,3175
SpiceJet,24/05/2019,Chennai,Kolkata,MAA → CCU,17:45,20:05,2h 20m,non-stop,No info,3597
SpiceJet,27/06/2019,Mumbai,Hyderabad,BOM → HYD,13:15,14:45,1h 30m,non-stop,No check-in baggage included,1965
Multiple carriers,24/06/2019,Delhi,Cochin,DEL → BOM → COK,10:00,19:00,9h,1 stop,No info,12717
IndiGo,3/06/2019,Delhi,Cochin,DEL → COK,14:25,17:40,3h 15m,non-stop,No info,6015
Air Asia,09/03/2019,Banglore,New Delhi,BLR → DEL,23:25,02:10 10 Mar,2h 45m,non-stop,No info,5615
Multiple carriers,27/03/2019,Delhi,Cochin,DEL → BOM → COK,19:00,01:35 28 Mar,6h 35m,1 stop,No info,7845
Jet Airways,9/06/2019,Kolkata,Banglore,CCU → BOM → BLR,21:10,22:35 10 Jun,25h 25m,1 stop,In-flight meal not included,10844
Jet Airways,15/03/2019,Banglore,New Delhi,BLR → BOM → DEL,21:25,05:05 13 Mar,7h 40m,1 stop,No info,27210
IndiGo,6/04/2019,Kolkata,Banglore,CCU → BLR,14:25,16:55,2h 30m,non-stop,No info,4174
Multiple carriers,21/03/2019,Delhi,Cochin,DEL → BOM → COK,08:00,21:00,13h,1 stop,No info,6883
Multiple carriers,21/03/2019,Delhi,Cochin,DEL → BOM → COK,09:00,21:00,12h,1 stop,No info,6883
Jet Airways,21/05/2019,Kolkata,Banglore,CCU → GAU → BLR,10:20,17:35,7h 15m,1 stop,No info,8355
SpiceJet,24/03/2019,Banglore,New Delhi,BLR → DEL,20:30,23:20,2h 50m,non-stop,No check-in baggage included,5469
Jet Airways,27/06/2019,Banglore,Delhi,BLR → DEL,06:00,08:45,2h 45m,non-stop,In-flight meal not included,6478
Vistara,03/03/2019,Banglore,New Delhi,BLR → DEL,19:40,22:20,2h 40m,non-stop,No info,11913
IndiGo,21/05/2019,Delhi,Cochin,DEL → BOM → COK,18:35,01:30 22 May,6h 55m,1 stop,No info,7006
Jet Airways,1/04/2019,Kolkata,Banglore,CCU → BOM → BLR,16:30,22:35,6h 5m,1 stop,No info,12681
Jet Airways,21/05/2019,Delhi,Cochin,DEL → AMD → BOM → COK,23:05,19:00 22 May,19h 55m,2 stops,No info,15129
Multiple carriers,15/06/2019,Delhi,Cochin,DEL → BOM → COK,14:00,21:00,7h,1 stop,No info,13587
Jet Airways,1/06/2019,Delhi,Cochin,DEL → BOM → COK,19:15,19:00 02 Jun,23h 45m,1 stop,No info,14714
IndiGo,03/03/2019,Banglore,New Delhi,BLR → HYD → DEL,07:30,12:20,4h 50m,1 stop,No info,6220
Jet Airways,6/06/2019,Delhi,Cochin,DEL → BOM → COK,07:05,12:35,5h 30m,1 stop,In-flight meal not included,10262
Air India,12/05/2019,Kolkata,Banglore,CCU → BOM → BLR,09:25,18:30,9h 5m,1 stop,No info,8576
Jet Airways,24/03/2019,Kolkata,Banglore,CCU → BOM → BLR,19:45,20:40 25 Mar,24h 55m,1 stop,In-flight meal not included,10031
Jet Airways,24/06/2019,Delhi,Cochin,DEL → AMD → BOM → COK,19:10,19:00 25 Jun,23h 50m,2 stops,No info,12819
GoAir,15/04/2019,Delhi,Cochin,DEL → AMD → COK,07:25,13:35,6h 10m,1 stop,No info,5052
Jet Airways,01/03/2019,Banglore,New Delhi,BLR → BOM → DEL,08:00,08:15 02 Mar,24h 15m,1 stop,No info,22270
Vistara,27/04/2019,Banglore,Delhi,BLR → DEL,07:00,09:40,2h 40m,non-stop,No info,5613
SpiceJet,1/04/2019,Kolkata,Banglore,CCU → BLR,09:00,11:25,2h 25m,non-stop,No info,3873
IndiGo,15/05/2019,Delhi,Cochin,DEL → COK,05:35,08:50,3h 15m,non-stop,No info,6015
Jet Airways,9/06/2019,Kolkata,Banglore,CCU → BOM → BLR,06:30,12:00,5h 30m,1 stop,In-flight meal not included,10844
SpiceJet,12/05/2019,Mumbai,Hyderabad,BOM → HYD,13:15,14:45,1h 30m,non-stop,No info,2227
Jet Airways,1/04/2019,Banglore,Delhi,BLR → DEL,19:50,22:50,3h,non-stop,No info,7229
Jet Airways,6/06/2019,Delhi,Cochin,DEL → JAI → BOM → COK,05:30,19:00,13h 30m,2 stops,In-flight meal not included,10368
Jet Airways,21/05/2019,Delhi,Cochin,DEL → BOM → COK,17:30,04:25 22 May,10h 55m,1 stop,In-flight meal not included,12898
Multiple carriers,12/06/2019,Delhi,Cochin,DEL → BOM → COK,07:00,19:00,12h,1 stop,No info,12192
Jet Airways,9/05/2019,Kolkata,Banglore,CCU → DEL → BLR,09:35,23:35,14h,1 stop,No info,12121
Air India,27/05/2019,Delhi,Cochin,DEL → CCU → BOM → COK,06:50,07:40 28 May,24h 50m,2 stops,No info,16163
Jet Airways,18/03/2019,Banglore,New Delhi,BLR → BOM → DEL,05:45,18:25,12h 40m,1 stop,No info,12284
IndiGo,21/06/2019,Banglore,Delhi,BLR → DEL,19:30,22:15,2h 45m,non-stop,No info,5780
Jet Airways,9/05/2019,Mumbai,Hyderabad,BOM → HYD,10:20,11:50,1h 30m,non-stop,In-flight meal not included,4995
IndiGo,9/06/2019,Delhi,Cochin,DEL → BLR → COK,05:10,10:05,4h 55m,1 stop,No info,6496
Air India,12/06/2019,Delhi,Cochin,DEL → LKO → BOM → COK,12:20,19:15 13 Jun,30h 55m,2 stops,No info,12488
IndiGo,15/05/2019,Banglore,Delhi,BLR → DEL,07:10,10:05,2h 55m,non-stop,No info,4823
SpiceJet,18/06/2019,Mumbai,Hyderabad,BOM → HYD,05:45,07:15,1h 30m,non-stop,No check-in baggage included,2647
IndiGo,03/03/2019,Banglore,New Delhi,BLR → DEL,13:00,15:50,2h 50m,non-stop,No info,12649
Multiple carriers,12/06/2019,Delhi,Cochin,DEL → BOM → COK,11:40,19:15,7h 35m,1 stop,No info,8266
Vistara,15/05/2019,Delhi,Cochin,DEL → COK,06:00,09:10,3h 10m,non-stop,No info,6216
IndiGo,1/04/2019,Banglore,Delhi,BLR → DEL,01:30,04:15,2h 45m,non-stop,No info,4423
Jet Airways,06/03/2019,Banglore,New Delhi,BLR → BOM → DEL,08:00,08:15 07 Mar,24h 15m,1 stop,No info,17996
SpiceJet,15/04/2019,Delhi,Cochin,DEL → PNQ → COK,08:45,13:15,4h 30m,1 stop,No check-in baggage included,5726
Multiple carriers,6/03/2019,Delhi,Cochin,DEL → BOM → COK,06:00,15:30,9h 30m,1 stop,No info,15147
Jet Airways,18/05/2019,Delhi,Cochin,DEL → BOM → COK,20:55,19:00 19 May,22h 5m,1 stop,No info,15554
Jet Airways,24/06/2019,Delhi,Cochin,DEL → AMD → BOM → COK,23:05,04:25 26 Jun,29h 20m,2 stops,No info,12819
Multiple carriers,27/06/2019,Delhi,Cochin,DEL → BOM → COK,18:00,01:30 28 Jun,7h 30m,1 stop,No info,7198
IndiGo,3/04/2019,Delhi,Cochin,DEL → BOM → COK,16:00,21:00,5h,1 stop,No info,5073
IndiGo,27/06/2019,Banglore,Delhi,BLR → DEL,21:15,00:15 28 Jun,3h,non-stop,No info,3943
Jet Airways,27/03/2019,Mumbai,Hyderabad,BOM → HYD,07:10,08:35,1h 25m,non-stop,In-flight meal not included,3205
SpiceJet,12/05/2019,Banglore,Delhi,BLR → DEL,05:55,08:35,2h 40m,non-stop,No check-in baggage included,3257
IndiGo,3/06/2019,Kolkata,Banglore,CCU → BLR,22:15,00:50 04 Jun,2h 35m,non-stop,No info,4804
IndiGo,09/03/2019,Banglore,New Delhi,BLR → NAG → DEL,16:50,21:35,4h 45m,1 stop,No info,10231
Jet Airways,21/05/2019,Delhi,Cochin,DEL → BOM → COK,20:55,04:25 22 May,7h 30m,1 stop,In-flight meal not included,12898
IndiGo,21/03/2019,Mumbai,Hyderabad,BOM → HYD,21:20,22:45,1h 25m,non-stop,No info,2227
Air India,1/04/2019,Kolkata,Banglore,CCU → BBI → BOM → BLR,12:00,11:10 02 Apr,23h 10m,2 stops,No info,9258
Jet Airways,24/05/2019,Kolkata,Banglore,CCU → BOM → BLR,16:30,09:20 25 May,16h 50m,1 stop,In-flight meal not included,9663
Jet Airways,21/05/2019,Mumbai,Hyderabad,BOM → HYD,07:05,08:30,1h 25m,non-stop,No info,8040
GoAir,6/06/2019,Banglore,Delhi,BLR → DEL,20:55,23:40,2h 45m,non-stop,No info,3419
Jet Airways,1/06/2019,Banglore,Delhi,BLR → DEL,07:10,10:10,3h,non-stop,No info,8016
Jet Airways,6/04/2019,Banglore,Delhi,BLR → DEL,17:45,20:45,3h,non-stop,No info,7229
GoAir,6/06/2019,Delhi,Cochin,DEL → BOM → COK,10:35,19:35,9h,1 stop,No info,4959
Air India,9/06/2019,Kolkata,Banglore,CCU → BBI → BOM → BLR,12:00,11:10 10 Jun,23h 10m,2 stops,No info,10151
Air India,18/05/2019,Delhi,Cochin,DEL → RPR → NAG → BOM → COK,05:15,19:15 19 May,38h,3 stops,No info,10703
Jet Airways,9/06/2019,Kolkata,Banglore,CCU → BOM → BLR,08:25,18:15,9h 50m,1 stop,In-flight meal not included,10844
IndiGo,6/03/2019,Delhi,Cochin,DEL → HYD → COK,16:10,22:20,6h 10m,1 stop,No info,7205
Jet Airways,18/03/2019,Banglore,New Delhi,BLR → BOM → DEL,08:55,18:25,9h 30m,1 stop,No info,12284
Jet Airways,9/06/2019,Kolkata,Banglore,CCU → DEL → BLR,09:35,22:05,12h 30m,1 stop,In-flight meal not included,13994
IndiGo,15/04/2019,Delhi,Cochin,DEL → COK,14:25,17:40,3h 15m,non-stop,No info,6015
IndiGo,3/04/2019,Kolkata,Banglore,CCU → MAA → BLR,06:15,10:30,4h 15m,1 stop,No info,4226
Jet Airways,21/03/2019,Delhi,Cochin,DEL → AMD → BOM → COK,19:10,18:50 22 Mar,23h 40m,2 stops,No info,9483
Jet Airways,15/05/2019,Banglore,Delhi,BLR → DEL,07:10,10:10,3h,non-stop,In-flight meal not included,5198
Jet Airways,27/06/2019,Delhi,Cochin,DEL → JAI → BOM → COK,05:30,19:00,13h 30m,2 stops,In-flight meal not included,10368
Vistara,3/06/2019,Chennai,Kolkata,MAA → CCU,17:45,20:05,2h 20m,non-stop,No info,11982
Air India,15/03/2019,Banglore,New Delhi,BLR → MAA → DEL,11:50,13:00 16 Mar,25h 10m,1 stop,No info,8032
Air India,15/05/2019,Kolkata,Banglore,CCU → BLR,14:15,16:45,2h 30m,non-stop,No info,5510
IndiGo,9/05/2019,Delhi,Cochin,DEL → PNQ → COK,23:30,04:35 10 May,5h 5m,1 stop,No info,8177
Air Asia,1/06/2019,Delhi,Cochin,DEL → BLR → COK,16:45,22:25,5h 40m,1 stop,No info,11410
GoAir,21/03/2019,Delhi,Cochin,DEL → BOM → COK,07:00,12:50,5h 50m,1 stop,No info,9385
Jet Airways,6/06/2019,Delhi,Cochin,DEL → BOM → COK,10:00,19:00,9h,1 stop,In-flight meal not included,10262
SpiceJet,18/06/2019,Kolkata,Banglore,CCU → BLR,09:00,11:25,2h 25m,non-stop,No info,3873
Multiple carriers,21/03/2019,Delhi,Cochin,DEL → BOM → COK,11:40,18:50,7h 10m,1 stop,No info,11999
Jet Airways,27/06/2019,Delhi,Cochin,DEL → ATQ → BOM → COK,18:20,12:35 28 Jun,18h 15m,2 stops,No info,14300
SpiceJet,12/05/2019,Mumbai,Hyderabad,BOM → HYD,13:15,14:45,1h 30m,non-stop,No check-in baggage included,2175
Air India,9/05/2019,Delhi,Cochin,DEL → CCU → BOM → COK,06:50,07:40 10 May,24h 50m,2 stops,No info,14431
Jet Airways,21/05/2019,Banglore,Delhi,BLR → DEL,06:00,08:45,2h 45m,non-stop,No info,7229
IndiGo,24/05/2019,Kolkata,Banglore,CCU → HYD → BLR,19:20,23:45,4h 25m,1 stop,No info,3809
Multiple carriers,24/06/2019,Delhi,Cochin,DEL → BOM → COK,07:30,19:15,11h 45m,1 stop,No info,7354
Multiple carriers,27/03/2019,Delhi,Cochin,DEL → BOM → COK,08:00,15:30,7h 30m,1 stop,No info,12537
Air India,27/05/2019,Delhi,Cochin,DEL → BOM → COK,13:00,19:15,6h 15m,1 stop,No info,9719
Jet Airways,24/05/2019,Mumbai,Hyderabad,BOM → HYD,10:20,11:50,1h 30m,non-stop,No info,8040
Jet Airways,24/05/2019,Mumbai,Hyderabad,BOM → HYD,07:05,08:30,1h 25m,non-stop,In-flight meal not included,4995
IndiGo,6/04/2019,Banglore,Delhi,BLR → DEL,23:30,02:20 07 Apr,2h 50m,non-stop,No info,4591
Air India,6/06/2019,Kolkata,Banglore,CCU → GAU → BLR,16:45,21:05 07 Jun,28h 20m,1 stop,No info,7662
IndiGo,24/06/2019,Chennai,Kolkata,MAA → CCU,07:55,10:15,2h 20m,non-stop,No info,3850
IndiGo,3/06/2019,Delhi,Cochin,DEL → HYD → COK,08:35,22:30,13h 55m,1 stop,No info,6442
IndiGo,3/06/2019,Delhi,Cochin,DEL → PNQ → COK,23:30,04:35 04 Jun,5h 5m,1 stop,No info,11378
Multiple carriers,27/06/2019,Delhi,Cochin,DEL → BOM → COK,15:00,01:30 28 Jun,10h 30m,1 stop,No info,13377
Jet Airways,21/05/2019,Kolkata,Banglore,CCU → BOM → BLR,08:25,20:45,12h 20m,1 stop,In-flight meal not included,10844
Jet Airways,9/05/2019,Mumbai,Hyderabad,BOM → HYD,07:05,08:30,1h 25m,non-stop,In-flight meal not included,4995
Air India,27/03/2019,Delhi,Cochin,DEL → HYD → MAA → COK,17:15,09:25 28 Mar,16h 10m,2 stops,No info,6057
Air India,6/04/2019,Banglore,Delhi,BLR → DEL,10:00,12:45,2h 45m,non-stop,No info,5176
Jet Airways,9/06/2019,Delhi,Cochin,DEL → JAI → BOM → COK,09:40,04:25 10 Jun,18h 45m,2 stops,No info,13014
IndiGo,01/03/2019,Banglore,New Delhi,BLR → HYD → DEL,16:15,20:35,4h 20m,1 stop,No Info,7917
SpiceJet,9/06/2019,Delhi,Cochin,DEL → MAA → COK,06:05,11:20,5h 15m,1 stop,No info,5583
Jet Airways,9/04/2019,Banglore,Delhi,BLR → DEL,06:00,08:45,2h 45m,non-stop,No info,7229
IndiGo,18/05/2019,Delhi,Cochin,DEL → BOM → COK,16:00,01:30 19 May,9h 30m,1 stop,No info,7191
Jet Airways,12/06/2019,Mumbai,Hyderabad,BOM → HYD,19:35,21:05,1h 30m,non-stop,In-flight meal not included,3210
IndiGo,6/03/2019,Delhi,Cochin,DEL → BOM → COK,15:00,01:35 07 Mar,10h 35m,1 stop,No info,14871
Multiple carriers,15/05/2019,Delhi,Cochin,DEL → BOM → COK,08:30,19:15,10h 45m,1 stop,No info,8099
Air India,21/05/2019,Kolkata,Banglore,CCU → BOM → BLR,09:25,18:30,9h 5m,1 stop,No info,8366
IndiGo,9/03/2019,Chennai,Kolkata,MAA → CCU,22:05,00:25 10 Mar,2h 20m,non-stop,No info,6297
Multiple carriers,3/03/2019,Delhi,Cochin,DEL → BOM → COK,13:00,21:00,8h,1 stop,No info,18286
Jet Airways,6/03/2019,Delhi,Cochin,DEL → BOM → COK,23:05,19:45 07 Mar,20h 40m,1 stop,No info,17024
Jet Airways,24/04/2019,Banglore,Delhi,BLR → DEL,07:10,10:10,3h,non-stop,In-flight meal not included,6144
Multiple carriers,9/03/2019,Delhi,Cochin,DEL → BOM → COK,06:00,19:45,13h 45m,1 stop,No info,13941
Jet Airways,9/05/2019,Banglore,Delhi,BLR → DEL,18:55,22:00,3h 5m,non-stop,In-flight meal not included,3702
SpiceJet,15/05/2019,Delhi,Cochin,DEL → MAA → COK,06:05,11:20,5h 15m,1 stop,No info,5583
Air India,12/03/2019,Mumbai,Hyderabad,BOM → DEL → HYD,19:40,09:10 13 Mar,13h 30m,1 stop,No info,10208
Jet Airways,6/05/2019,Kolkata,Banglore,CCU → DEL → BLR,09:35,18:00,8h 25m,1 stop,In-flight meal not included,12384
Air India,6/05/2019,Kolkata,Banglore,CCU → DEL → AMD → BLR,10:00,05:25 07 May,19h 25m,2 stops,No info,17049
IndiGo,24/05/2019,Delhi,Cochin,DEL → BOM → COK,07:30,21:00,13h 30m,1 stop,No info,7006
Air India,12/06/2019,Kolkata,Banglore,CCU → IXR → DEL → BLR,05:50,20:25,14h 35m,2 stops,No info,12723
Jet Airways,12/06/2019,Delhi,Cochin,DEL → BOM → COK,08:00,04:25 13 Jun,20h 25m,1 stop,In-flight meal not included,10577
Jet Airways,06/03/2019,Banglore,New Delhi,BLR → BOM → DEL,07:00,19:10,12h 10m,1 stop,No info,16736
Jet Airways,24/06/2019,Delhi,Cochin,DEL → BOM → COK,13:00,04:25 25 Jun,15h 25m,1 stop,In-flight meal not included,10262
Multiple carriers,24/06/2019,Delhi,Cochin,DEL → BOM → COK,11:25,19:15,7h 50m,1 stop,No info,7155
Multiple carriers,3/03/2019,Delhi,Cochin,DEL → BOM → COK,10:20,01:35 04 Mar,15h 15m,1 stop,No info,15147
IndiGo,12/06/2019,Banglore,Delhi,BLR → DEL,07:10,10:05,2h 55m,non-stop,No info,4823
Air India,15/03/2019,Banglore,New Delhi,BLR → BBI → DEL,09:30,16:20,6h 50m,1 stop,No info,8714
Jet Airways,6/05/2019,Kolkata,Banglore,CCU → DEL → BLR,09:35,09:45 07 May,24h 10m,1 stop,No info,10953
Air India,12/06/2019,Kolkata,Banglore,CCU → DEL → BLR,20:30,20:25 13 Jun,23h 55m,1 stop,No info,10203
Jet Airways,18/05/2019,Delhi,Cochin,DEL → BOM → COK,13:00,12:35 19 May,23h 35m,1 stop,In-flight meal not included,12373
Jet Airways,12/05/2019,Kolkata,Banglore,CCU → DEL → BLR,09:35,23:35,14h,1 stop,No info,14151
Jet Airways,24/05/2019,Kolkata,Banglore,CCU → DEL → BLR,09:35,14:25 25 May,28h 50m,1 stop,No info,12121
Vistara,9/04/2019,Delhi,Cochin,DEL → COK,06:00,09:10,3h 10m,non-stop,No info,5586
Jet Airways,18/05/2019,Kolkata,Banglore,CCU → BOM → BLR,08:25,12:00 19 May,27h 35m,1 stop,In-flight meal not included,10844
Jet Airways,21/05/2019,Kolkata,Banglore,CCU → BOM → BLR,21:10,04:40 22 May,7h 30m,1 stop,In-flight meal not included,8586
SpiceJet,6/06/2019,Delhi,Cochin,DEL → BLR → COK,17:55,22:50,4h 55m,1 stop,No info,5409
Multiple carriers,21/03/2019,Delhi,Cochin,DEL → HYD → MAA → COK,09:45,21:20,11h 35m,2 stops,No info,7178
Multiple carriers,24/06/2019,Delhi,Cochin,DEL → BOM → COK,10:20,01:30 25 Jun,15h 10m,1 stop,In-flight meal not included,5797
Jet Airways,24/03/2019,Kolkata,Banglore,CCU → BOM → BLR,19:45,19:40 25 Mar,23h 55m,1 stop,No info,13759
Air India,24/05/2019,Kolkata,Banglore,CCU → DEL → COK → BLR,07:00,01:20 25 May,18h 20m,2 stops,No info,13873
Jet Airways,21/05/2019,Delhi,Cochin,DEL → BOM → COK,20:55,19:00 22 May,22h 5m,1 stop,No info,16079
SpiceJet,27/06/2019,Mumbai,Hyderabad,BOM → HYD,13:15,14:45,1h 30m,non-stop,No info,2017
Jet Airways,18/05/2019,Kolkata,Banglore,CCU → BOM → BLR,20:00,18:15 19 May,22h 15m,1 stop,In-flight meal not included,10844
SpiceJet,24/04/2019,Banglore,Delhi,BLR → DEL,21:10,00:05 25 Apr,2h 55m,non-stop,No check-in baggage included,3573
Jet Airways,6/05/2019,Kolkata,Banglore,CCU → DEL → BLR,09:35,09:45 07 May,24h 10m,1 stop,In-flight meal not included,8066
Jet Airways,9/03/2019,Delhi,Cochin,DEL → BOM → COK,20:50,18:50 10 Mar,22h,1 stop,In-flight meal not included,14053
Jet Airways,18/03/2019,Banglore,New Delhi,BLR → BOM → DEL,08:00,15:15,7h 15m,1 stop,No info,12284
SpiceJet,9/04/2019,Delhi,Cochin,DEL → MAA → COK,06:05,11:20,5h 15m,1 stop,No info,5351
Jet Airways,1/04/2019,Kolkata,Banglore,CCU → BOM → BLR,16:30,16:20 02 Apr,23h 50m,1 stop,In-flight meal not included,7064
IndiGo,3/03/2019,Delhi,Cochin,DEL → MAA → COK,02:05,07:25,5h 20m,1 stop,No info,10394
Jet Airways,15/05/2019,Kolkata,Banglore,CCU → BOM → BLR,18:55,09:20 16 May,14h 25m,1 stop,In-flight meal not included,9663
Multiple carriers,18/05/2019,Delhi,Cochin,DEL → BOM → COK,17:30,01:30 19 May,8h,1 stop,No info,13727
Jet Airways,12/06/2019,Delhi,Cochin,DEL → BOM → COK,19:15,12:35 13 Jun,17h 20m,1 stop,In-flight meal not included,10262
IndiGo,9/04/2019,Banglore,Delhi,BLR → DEL,07:10,10:05,2h 55m,non-stop,No info,4823
Air Asia,03/03/2019,Banglore,New Delhi,BLR → DEL,05:50,08:40,2h 50m,non-stop,No info,7074
Multiple carriers,6/03/2019,Delhi,Cochin,DEL → BOM → COK,07:05,21:00,13h 55m,1 stop,No info,17267
Multiple carriers,21/05/2019,Delhi,Cochin,DEL → BOM → COK,15:00,01:30 22 May,10h 30m,1 stop,No info,14067
IndiGo,1/05/2019,Banglore,Delhi,BLR → DEL,08:30,11:20,2h 50m,non-stop,No info,4823
IndiGo,27/04/2019,Banglore,Delhi,BLR → DEL,20:00,22:50,2h 50m,non-stop,No info,4823
Air Asia,12/05/2019,Banglore,Delhi,BLR → DEL,23:55,02:45 13 May,2h 50m,non-stop,No info,4483
Air India,6/06/2019,Kolkata,Banglore,CCU → GAU → DEL → BLR,09:50,23:15,13h 25m,2 stops,No info,14960
Air India,1/06/2019,Banglore,Delhi,BLR → DEL,17:00,19:45,2h 45m,non-stop,No info,7171
Air India,24/03/2019,Kolkata,Banglore,CCU → DEL → BLR,20:30,08:55 25 Mar,12h 25m,1 stop,No info,12173
Air India,03/03/2019,Banglore,New Delhi,BLR → AMD → DEL,00:30,08:45,8h 15m,1 stop,No info,11392
Air India,15/05/2019,Kolkata,Banglore,CCU → DEL → COK → BLR,10:00,13:45 16 May,27h 45m,2 stops,No info,16057
Jet Airways,9/06/2019,Kolkata,Banglore,CCU → DEL → BLR,17:00,10:55 10 Jun,17h 55m,1 stop,No info,14151
Jet Airways,21/05/2019,Banglore,Delhi,BLR → DEL,11:10,14:05,2h 55m,non-stop,In-flight meal not included,4030
IndiGo,6/05/2019,Kolkata,Banglore,CCU → BBI → BLR,19:35,23:15,3h 40m,1 stop,No info,4226
Air India,9/03/2019,Delhi,Cochin,DEL → BOM → COK,04:00,19:15,15h 15m,1 stop,No info,11050
Air India,21/05/2019,Banglore,Delhi,BLR → DEL,10:00,12:45,2h 45m,non-stop,No info,6961
Jet Airways,24/03/2019,Kolkata,Banglore,CCU → BOM → BLR,21:10,09:15 25 Mar,12h 5m,1 stop,No info,14231
Jet Airways,27/06/2019,Delhi,Cochin,DEL → NAG → BOM → COK,14:35,12:35 28 Jun,22h,2 stops,In-flight meal not included,10919
Air India,27/03/2019,Delhi,Cochin,DEL → LKO → BOM → COK,07:00,19:15,12h 15m,2 stops,No info,10913
IndiGo,27/06/2019,Chennai,Kolkata,MAA → CCU,22:05,00:25 28 Jun,2h 20m,non-stop,No info,5277
Multiple carriers,21/05/2019,Delhi,Cochin,DEL → BOM → COK,10:20,21:00,10h 40m,1 stop,No info,7485
Jet Airways,24/03/2019,Kolkata,Banglore,CCU → BOM → BLR,16:55,16:20 25 Mar,23h 25m,1 stop,No info,14231
GoAir,6/04/2019,Delhi,Cochin,DEL → AMD → COK,07:25,13:35,6h 10m,1 stop,No info,4201
Air India,6/03/2019,Delhi,Cochin,DEL → COK,14:10,17:10,3h,non-stop,No info,7931
Multiple carriers,15/05/2019,Delhi,Cochin,DEL → HYD → COK,14:55,22:30,7h 35m,1 stop,No info,6513
Jet Airways,6/06/2019,Delhi,Cochin,DEL → BOM → COK,15:00,19:00 07 Jun,28h,1 stop,No info,14714
IndiGo,9/05/2019,Kolkata,Banglore,CCU → NAG → BLR,18:05,23:30,5h 25m,1 stop,No info,6218
Air India,27/06/2019,Delhi,Cochin,DEL → JAI → BOM → COK,12:00,19:15,7h 15m,2 stops,No info,8603
IndiGo,21/05/2019,Delhi,Cochin,DEL → BOM → COK,08:30,21:00,12h 30m,1 stop,No info,7318
Multiple carriers,15/06/2019,Delhi,Cochin,DEL → BOM → COK,10:00,19:00,9h,1 stop,No info,13504
Multiple carriers,15/05/2019,Delhi,Cochin,DEL → HYD → COK,07:05,22:30,15h 25m,1 stop,No info,9646
IndiGo,27/05/2019,Kolkata,Banglore,CCU → BLR,11:30,14:05,2h 35m,non-stop,No info,5224
Jet Airways,12/06/2019,Kolkata,Banglore,CCU → DEL → BLR,09:35,18:00,8h 25m,1 stop,No info,12692
Jet Airways,6/06/2019,Kolkata,Banglore,CCU → GAU → BLR,10:20,17:35,7h 15m,1 stop,In-flight meal not included,9689
Air India,9/05/2019,Kolkata,Banglore,CCU → DEL → COK → BLR,10:00,01:20 10 May,15h 20m,2 stops,No info,13033
Jet Airways,12/06/2019,Kolkata,Banglore,CCU → BOM → BLR,06:30,16:20,9h 50m,1 stop,No info,13626
IndiGo,18/05/2019,Mumbai,Hyderabad,BOM → HYD,19:05,20:35,1h 30m,non-stop,No info,2754
Jet Airways,9/05/2019,Kolkata,Banglore,CCU → DEL → BLR,17:00,09:45 10 May,16h 45m,1 stop,No info,12121
IndiGo,24/04/2019,Banglore,Delhi,BLR → DEL,01:30,04:15,2h 45m,non-stop,No info,3419
Air India,21/05/2019,Kolkata,Banglore,CCU → DEL → COK → BLR,10:00,01:20 22 May,15h 20m,2 stops,No info,13033
IndiGo,6/04/2019,Kolkata,Banglore,CCU → BLR,04:40,07:15,2h 35m,non-stop,No info,4174
Air Asia,27/06/2019,Delhi,Cochin,DEL → BLR → COK,07:55,22:25,14h 30m,1 stop,No info,6152
Air India,27/06/2019,Delhi,Cochin,DEL → COK,05:10,08:00,2h 50m,non-stop,No info,5201
Jet Airways,15/03/2019,Banglore,New Delhi,BLR → BOM → DEL,07:00,16:10,9h 10m,1 stop,In-flight meal not included,9134
Air India,18/05/2019,Kolkata,Banglore,CCU → DEL → COK → BLR,07:00,01:20 19 May,18h 20m,2 stops,No info,13243
Jet Airways,27/05/2019,Delhi,Cochin,DEL → JAI → BOM → COK,05:30,04:25 28 May,22h 55m,2 stops,No info,15129
Jet Airways,9/05/2019,Mumbai,Hyderabad,BOM → HYD,19:35,21:05,1h 30m,non-stop,In-flight meal not included,2759
IndiGo,15/05/2019,Banglore,Delhi,BLR → DEL,06:05,08:50,2h 45m,non-stop,No info,4423
Vistara,18/05/2019,Kolkata,Banglore,CCU → DEL → BLR,07:10,22:40,15h 30m,1 stop,No info,9187
Multiple carriers,18/05/2019,Delhi,Cochin,DEL → HYD → COK,07:10,22:30,15h 20m,1 stop,No info,7740
Jet Airways,24/05/2019,Banglore,Delhi,BLR → DEL,19:50,22:50,3h,non-stop,In-flight meal not included,6144
Multiple carriers,9/06/2019,Delhi,Cochin,DEL → BOM → COK,04:55,12:35,7h 40m,1 stop,No info,10877
IndiGo,15/06/2019,Delhi,Cochin,DEL → HYD → COK,11:55,22:30,10h 35m,1 stop,No info,6442
IndiGo,27/03/2019,Delhi,Cochin,DEL → BOM → COK,04:45,15:30,10h 45m,1 stop,No info,7048
Multiple carriers,27/06/2019,Delhi,Cochin,DEL → BOM → COK,15:15,01:30 28 Jun,10h 15m,1 stop,In-flight meal not included,5797
Air India,03/03/2019,Banglore,New Delhi,BLR → BOM → AMD → DEL,06:45,23:55,17h 10m,2 stops,No info,10573
IndiGo,15/05/2019,Delhi,Cochin,DEL → BOM → COK,08:30,21:00,12h 30m,1 stop,No info,7503
IndiGo,12/06/2019,Delhi,Cochin,DEL → BOM → COK,17:30,01:30 13 Jun,8h,1 stop,No info,6104
Jet Airways,9/05/2019,Kolkata,Banglore,CCU → BOM → BLR,21:10,08:15 10 May,11h 5m,1 stop,In-flight meal not included,9663
Jet Airways,3/06/2019,Banglore,Delhi,BLR → DEL,11:10,14:05,2h 55m,non-stop,In-flight meal not included,5769
Air India,15/06/2019,Mumbai,Hyderabad,BOM → HYD,13:55,15:25,1h 30m,non-stop,No info,3100
Jet Airways,18/05/2019,Delhi,Cochin,DEL → BOM → COK,17:30,04:25 19 May,10h 55m,1 stop,In-flight meal not included,12373
SpiceJet,15/03/2019,Kolkata,Banglore,CCU → BLR,09:00,11:30,2h 30m,non-stop,No check-in baggage included,3815
Jet Airways,15/06/2019,Delhi,Cochin,DEL → ATQ → BOM → COK,12:15,12:35 16 Jun,24h 20m,2 stops,No info,14300
IndiGo,1/06/2019,Banglore,Delhi,BLR → DEL,07:10,10:05,2h 55m,non-stop,No info,4823
IndiGo,18/06/2019,Mumbai,Hyderabad,BOM → HYD,19:05,20:35,1h 30m,non-stop,No info,2754
Multiple carriers,3/06/2019,Delhi,Cochin,DEL → BOM → COK,06:00,19:15,13h 15m,1 stop,No info,9736
Jet Airways,21/03/2019,Banglore,New Delhi,BLR → MAA → DEL,09:45,14:25,4h 40m,1 stop,In-flight meal not included,7280
Multiple carriers,9/06/2019,Delhi,Cochin,DEL → BOM → COK,08:00,21:00,13h,1 stop,No info,7408
Jet Airways,12/06/2019,Kolkata,Banglore,CCU → BOM → BLR,20:00,12:00 13 Jun,16h,1 stop,No info,13044
Air India,24/05/2019,Kolkata,Banglore,CCU → IXR → DEL → BLR,05:50,23:15,17h 25m,2 stops,No info,12723
Jet Airways,6/05/2019,Kolkata,Banglore,CCU → BOM → BLR,16:30,04:40 07 May,12h 10m,1 stop,In-flight meal not included,8586
IndiGo,12/06/2019,Delhi,Cochin,DEL → BOM → COK,16:00,01:30 13 Jun,9h 30m,1 stop,No info,6316
Jet Airways,9/05/2019,Delhi,Cochin,DEL → BOM → COK,09:00,19:00,10h,1 stop,No info,15554
SpiceJet,15/03/2019,Mumbai,Hyderabad,BOM → HYD,13:10,14:30,1h 20m,non-stop,No check-in baggage included,2385
Multiple carriers,9/06/2019,Delhi,Cochin,DEL → BOM → COK,13:00,21:00,8h,1 stop,No info,13587
IndiGo,3/03/2019,Delhi,Cochin,DEL → BBI → COK,02:35,08:30,5h 55m,1 stop,No info,13790
Air India,15/05/2019,Delhi,Cochin,DEL → HYD → MAA → COK,09:45,09:25 16 May,23h 40m,2 stops,No info,10975
Jet Airways,21/05/2019,Kolkata,Banglore,CCU → BOM → BLR,08:25,09:20 22 May,24h 55m,1 stop,No info,14388
Multiple carriers,6/06/2019,Delhi,Cochin,DEL → BOM → COK,18:00,01:30 07 Jun,7h 30m,1 stop,No info,7198
Jet Airways,9/05/2019,Delhi,Cochin,DEL → JAI → BOM → COK,09:40,12:35 10 May,26h 55m,2 stops,In-flight meal not included,13029
Multiple carriers,27/05/2019,Delhi,Cochin,DEL → BOM → COK,07:05,19:15,12h 10m,1 stop,In-flight meal not included,12717
IndiGo,3/03/2019,Delhi,Cochin,DEL → BOM → COK,06:40,13:20,6h 40m,1 stop,No info,14871
Jet Airways,6/06/2019,Kolkata,Banglore,CCU → BOM → PNQ → BLR,06:30,20:50,14h 20m,2 stops,In-flight meal not included,10118
Jet Airways,6/06/2019,Delhi,Cochin,DEL → BOM → COK,22:50,04:25 07 Jun,5h 35m,1 stop,In-flight meal not included,10262
Jet Airways,24/03/2019,Mumbai,Hyderabad,BOM → HYD,02:55,04:25,1h 30m,non-stop,In-flight meal not included,2071
Air India,27/04/2019,Banglore,Delhi,BLR → DEL,21:05,23:55,2h 50m,non-stop,No info,5228
Jet Airways,21/03/2019,Banglore,New Delhi,BLR → BOM → DEL,16:55,11:25 19 Mar,18h 30m,1 stop,In-flight meal not included,7832
Multiple carriers,6/06/2019,Delhi,Cochin,DEL → BOM → COK,11:40,21:00,9h 20m,1 stop,No info,7005
Jet Airways,9/06/2019,Delhi,Cochin,DEL → BDQ → BOM → COK,18:25,12:35 10 Jun,18h 10m,2 stops,No info,14237
SpiceJet,6/04/2019,Banglore,Delhi,BLR → DEL,21:10,00:05 07 Apr,2h 55m,non-stop,No info,3971
IndiGo,21/06/2019,Banglore,Delhi,BLR → DEL,22:10,01:00 22 Jun,2h 50m,non-stop,No info,3943
IndiGo,27/03/2019,Delhi,Cochin,DEL → BOM → COK,06:40,15:30,8h 50m,1 stop,No info,8574
Air India,15/06/2019,Delhi,Cochin,DEL → BHO → BOM → COK,05:55,19:15,13h 20m,2 stops,No info,12646
Jet Airways,21/03/2019,Delhi,Cochin,DEL → UDR → BOM → COK,13:00,18:50 22 Mar,29h 50m,2 stops,No info,13082
Jet Airways,21/05/2019,Kolkata,Banglore,CCU → BOM → BLR,08:25,08:15 22 May,23h 50m,1 stop,No info,13941
GoAir,6/04/2019,Delhi,Cochin,DEL → BOM → COK,07:00,12:55,5h 55m,1 stop,No info,5135
Air India,21/05/2019,Kolkata,Banglore,CCU → DEL → BLR,10:00,20:25,10h 25m,1 stop,No info,11096
Jet Airways,18/03/2019,Banglore,New Delhi,BLR → BOM → DEL,22:50,09:30 16 Mar,10h 40m,1 stop,No info,13555
Vistara,12/04/2019,Banglore,Delhi,BLR → DEL,09:45,12:35,2h 50m,non-stop,No info,5403
Jet Airways,24/06/2019,Delhi,Cochin,DEL → JDH → BOM → COK,11:40,19:00,7h 20m,2 stops,In-flight meal not included,15812
Jet Airways,21/05/2019,Kolkata,Banglore,CCU → BOM → BLR,20:00,08:15 22 May,12h 15m,1 stop,No info,14781
Air India,6/06/2019,Delhi,Cochin,DEL → BLR → COK,13:30,23:00,9h 30m,1 stop,No info,8907
Air India,3/05/2019,Kolkata,Banglore,CCU → BLR,20:45,23:20,2h 35m,non-stop,No info,4145
Jet Airways,9/06/2019,Kolkata,Banglore,CCU → DEL → BLR,20:25,09:45 10 Jun,13h 20m,1 stop,No info,14151
Multiple carriers,27/03/2019,Delhi,Cochin,DEL → BOM → COK,06:00,15:30,9h 30m,1 stop,No info,7845
Multiple carriers,15/05/2019,Delhi,Cochin,DEL → BOM → COK,09:15,19:15,10h,1 stop,No info,8099
Multiple carriers,27/05/2019,Delhi,Cochin,DEL → BOM → COK,15:00,01:30 28 May,10h 30m,1 stop,No info,13377
Air India,12/03/2019,Banglore,New Delhi,BLR → HYD → VGA → DEL,06:50,11:20 13 Mar,28h 30m,2 stops,No info,12734
Jet Airways,3/06/2019,Delhi,Cochin,DEL → BOM → COK,22:50,04:25 04 Jun,5h 35m,1 stop,In-flight meal not included,10262
Jet Airways,15/05/2019,Banglore,Delhi,BLR → DEL,18:55,22:00,3h 5m,non-stop,No info,7229
Vistara,6/03/2019,Mumbai,Hyderabad,BOM → DEL → HYD,08:45,09:25 07 Mar,24h 40m,1 stop,No info,12395
Jet Airways,24/03/2019,Kolkata,Banglore,CCU → BOM → BLR,19:45,09:15 25 Mar,13h 30m,1 stop,In-flight meal not included,11134
Jet Airways,21/03/2019,Delhi,Cochin,DEL → BOM → COK,13:00,18:50,5h 50m,1 stop,In-flight meal not included,6540
Multiple carriers,6/06/2019,Delhi,Cochin,DEL → BOM → COK,06:40,19:15,12h 35m,1 stop,No info,7354
Air India,24/06/2019,Delhi,Cochin,DEL → JAI → BOM → COK,12:00,07:40 25 Jun,19h 40m,2 stops,No info,9548
Vistara,1/05/2019,Kolkata,Banglore,CCU → DEL → BLR,07:10,10:45 02 May,27h 35m,1 stop,No info,9187
IndiGo,9/05/2019,Delhi,Cochin,DEL → HYD → COK,07:35,12:10,4h 35m,1 stop,No info,5054
Air India,9/06/2019,Kolkata,Banglore,CCU → DEL → BLR,10:00,20:25,10h 25m,1 stop,No info,10413
IndiGo,27/05/2019,Kolkata,Banglore,CCU → BLR,21:25,00:05 28 May,2h 40m,non-stop,No info,4804
IndiGo,15/06/2019,Mumbai,Hyderabad,BOM → HYD,06:25,07:55,1h 30m,non-stop,No info,4049
Multiple carriers,27/06/2019,Delhi,Cochin,DEL → BOM → COK,19:00,01:30 28 Jun,6h 30m,1 stop,No info,6795
Air India,21/03/2019,Kolkata,Banglore,CCU → BLR,20:45,23:20,2h 35m,non-stop,No info,4435
Jet Airways,12/06/2019,Kolkata,Banglore,CCU → BOM → BLR,16:30,04:40 13 Jun,12h 10m,1 stop,In-flight meal not included,6224
IndiGo,12/06/2019,Kolkata,Banglore,CCU → BLR,20:20,22:55,2h 35m,non-stop,No info,4804
IndiGo,15/04/2019,Delhi,Cochin,DEL → HYD → COK,05:05,16:10,11h 5m,1 stop,No info,6171
IndiGo,3/06/2019,Delhi,Cochin,DEL → BOM → COK,11:25,21:00,9h 35m,1 stop,No info,6093
IndiGo,12/04/2019,Kolkata,Banglore,CCU → BLR,17:15,19:50,2h 35m,non-stop,No info,4174
IndiGo,6/05/2019,Mumbai,Hyderabad,BOM → HYD,02:35,04:05,1h 30m,non-stop,No info,3342
Multiple carriers,3/06/2019,Delhi,Cochin,DEL → BOM → COK,10:00,21:00,11h,1 stop,No info,13587
Jet Airways,21/05/2019,Delhi,Cochin,DEL → BOM → COK,21:50,04:25 22 May,6h 35m,1 stop,No info,16079
IndiGo,18/04/2019,Delhi,Cochin,DEL → COK,05:35,08:50,3h 15m,non-stop,No info,6015
Jet Airways,24/05/2019,Kolkata,Banglore,CCU → DEL → BLR,17:00,19:10 25 May,26h 10m,1 stop,No info,13067
Multiple carriers,15/05/2019,Delhi,Cochin,DEL → BOM → COK,04:55,12:35,7h 40m,1 stop,No info,9103
Jet Airways,24/05/2019,Kolkata,Banglore,CCU → DEL → BLR,20:25,23:35 25 May,27h 10m,1 stop,No info,14151
Jet Airways,27/03/2019,Delhi,Cochin,DEL → IXC → BOM → COK,06:20,18:50,12h 30m,2 stops,No info,11538
IndiGo,9/03/2019,Delhi,Cochin,DEL → HYD → MAA → COK,08:35,21:20,12h 45m,2 stops,No info,8146
Air India,6/05/2019,Kolkata,Banglore,CCU → HYD → BLR,19:00,04:40 07 May,9h 40m,1 stop,No info,6117
Jet Airways,3/03/2019,Delhi,Cochin,DEL → BOM → COK,02:15,04:25 04 Mar,26h 10m,1 stop,No info,17024
Jet Airways,01/03/2019,Banglore,New Delhi,BLR → BOM → DEL,14:05,07:40 02 Mar,17h 35m,1 stop,1 Long layover,22270
Jet Airways,9/06/2019,Kolkata,Banglore,CCU → DEL → BLR,20:25,21:05 10 Jun,24h 40m,1 stop,No info,12692
Vistara,12/06/2019,Kolkata,Banglore,CCU → DEL → BLR,07:10,20:20,13h 10m,1 stop,No info,8610
Multiple carriers,24/06/2019,Delhi,Cochin,DEL → HYD → COK,07:10,22:30,15h 20m,1 stop,No info,6723
Vistara,12/05/2019,Banglore,Delhi,BLR → DEL,17:00,19:35,2h 35m,non-stop,No info,4878
Jet Airways,06/03/2019,Banglore,New Delhi,BLR → BOM → DEL,20:35,07:40 07 Mar,11h 5m,1 stop,No info,16736
Jet Airways,24/03/2019,Kolkata,Banglore,CCU → BOM → BLR,13:55,09:15 25 Mar,19h 20m,1 stop,In-flight meal not included,11134
IndiGo,3/05/2019,Banglore,Delhi,BLR → DEL,04:00,06:50,2h 50m,non-stop,No info,3943
Multiple carriers,12/06/2019,Delhi,Cochin,DEL → BOM → COK,09:00,21:00,12h,1 stop,No info,13587
Jet Airways,6/03/2019,Delhi,Cochin,DEL → IDR → BOM → COK,05:25,04:25 07 Mar,23h,2 stops,No info,16914
SpiceJet,18/05/2019,Mumbai,Hyderabad,BOM → HYD,22:45,00:15 19 May,1h 30m,non-stop,No check-in baggage included,1965
Multiple carriers,9/05/2019,Delhi,Cochin,DEL → BOM → COK,13:00,21:00,8h,1 stop,No info,8073
IndiGo,3/06/2019,Banglore,Delhi,BLR → DEL,13:00,15:50,2h 50m,non-stop,No info,3943
IndiGo,12/05/2019,Kolkata,Banglore,CCU → HYD → BLR,15:15,20:05,4h 50m,1 stop,No info,5170
GoAir,15/05/2019,Banglore,Delhi,BLR → DEL,11:40,14:30,2h 50m,non-stop,No info,3398
Air Asia,18/04/2019,Kolkata,Banglore,CCU → BLR,10:20,12:55,2h 35m,non-stop,No info,4409
Jet Airways,21/06/2019,Banglore,Delhi,BLR → DEL,17:45,20:45,3h,non-stop,No info,8541
IndiGo,21/03/2019,Banglore,New Delhi,BLR → DEL,04:00,06:50,2h 50m,non-stop,No info,4777
SpiceJet,18/03/2019,Kolkata,Banglore,CCU → BLR,22:20,00:40 19 Mar,2h 20m,non-stop,No info,3847
Jet Airways,1/04/2019,Kolkata,Banglore,CCU → BOM → BLR,18:55,12:00 02 Apr,17h 5m,1 stop,In-flight meal not included,7064
Vistara,27/05/2019,Banglore,Delhi,BLR → DEL,21:00,23:50,2h 50m,non-stop,No info,4668
SpiceJet,18/03/2019,Mumbai,Hyderabad,BOM → HYD,22:45,00:10 19 Mar,1h 25m,non-stop,No check-in baggage included,1965
Jet Airways,21/05/2019,Kolkata,Banglore,CCU → BOM → BLR,06:30,16:20,9h 50m,1 stop,No info,14781
IndiGo,15/06/2019,Mumbai,Hyderabad,BOM → HYD,09:10,10:40,1h 30m,non-stop,No info,4049
Jet Airways,18/05/2019,Kolkata,Banglore,CCU → BOM → BLR,18:55,08:15 19 May,13h 20m,1 stop,No info,13584
Jet Airways,18/05/2019,Delhi,Cochin,DEL → BOM → COK,20:55,12:35 19 May,15h 40m,1 stop,In-flight meal not included,12373
Jet Airways,27/05/2019,Delhi,Cochin,DEL → BOM → COK,16:00,19:00 28 May,27h,1 stop,No info,16079
Jet Airways,24/05/2019,Banglore,Delhi,BLR → DEL,08:20,11:20,3h,non-stop,No info,7229
Jet Airways,06/03/2019,Banglore,New Delhi,BLR → BOM → DEL,21:25,21:20 07 Mar,23h 55m,1 stop,No info,17471
Jet Airways,12/05/2019,Kolkata,Banglore,CCU → BOM → BLR,06:30,16:20,9h 50m,1 stop,No info,14781
Jet Airways,9/06/2019,Kolkata,Banglore,CCU → BOM → BLR,06:30,19:50,13h 20m,1 stop,No info,14571
Multiple carriers,18/05/2019,Delhi,Cochin,DEL → BOM → COK,03:50,12:35,8h 45m,1 stop,No info,10197
SpiceJet,1/06/2019,Delhi,Cochin,DEL → BLR → COK,17:55,22:50,4h 55m,1 stop,No info,5975
Multiple carriers,9/04/2019,Delhi,Cochin,DEL → BOM → COK,17:45,01:30 10 Apr,7h 45m,1 stop,No info,8535
Multiple carriers,27/03/2019,Delhi,Cochin,DEL → BOM → COK,09:55,21:00,11h 5m,1 stop,No info,12537
Air India,24/05/2019,Kolkata,Banglore,CCU → BLR,20:45,23:20,2h 35m,non-stop,No info,4145
IndiGo,15/03/2019,Mumbai,Hyderabad,BOM → HYD,09:10,10:40,1h 30m,non-stop,No info,4049
Air Asia,9/05/2019,Kolkata,Banglore,CCU → DEL → BLR,22:40,10:40 10 May,12h,1 stop,No info,5192
Air India,9/05/2019,Banglore,Delhi,BLR → DEL,21:05,23:55,2h 50m,non-stop,No info,6121
Air India,24/06/2019,Delhi,Cochin,DEL → BOM → COK,03:50,19:15,15h 25m,1 stop,No info,8669
Multiple carriers,18/05/2019,Delhi,Cochin,DEL → BOM → COK,06:00,19:15,13h 15m,1 stop,No info,8476
SpiceJet,21/06/2019,Mumbai,Hyderabad,BOM → HYD,05:45,07:15,1h 30m,non-stop,No check-in baggage included,2647
Jet Airways,6/06/2019,Delhi,Cochin,DEL → BOM → COK,20:55,19:00 07 Jun,22h 5m,1 stop,No info,14714
Air India,6/03/2019,Delhi,Cochin,DEL → BLR → COK,20:30,08:15 07 Mar,11h 45m,1 stop,No info,10566
Jet Airways,15/06/2019,Delhi,Cochin,DEL → BOM → COK,11:30,19:00,7h 30m,1 stop,In-flight meal not included,10262
Multiple carriers,21/03/2019,Delhi,Cochin,DEL → BOM → COK,10:00,01:35 22 Mar,15h 35m,1 stop,No info,8098
Multiple carriers,27/03/2019,Delhi,Cochin,DEL → BOM → COK,10:00,21:00,11h,1 stop,No info,6883
Multiple carriers,15/06/2019,Delhi,Cochin,DEL → BOM → COK,10:00,19:15,9h 15m,1 stop,No info,16108
SpiceJet,18/03/2019,Kolkata,Banglore,CCU → BLR,17:15,19:45,2h 30m,non-stop,No check-in baggage included,4413
Jet Airways,1/06/2019,Delhi,Cochin,DEL → NAG → BOM → COK,14:35,12:35 02 Jun,22h,2 stops,In-flight meal not included,10919
IndiGo,9/05/2019,Kolkata,Banglore,CCU → BLR,21:25,00:05 10 May,2h 40m,non-stop,No info,4804
Jet Airways,6/06/2019,Kolkata,Banglore,CCU → DEL → BLR,20:25,10:55 07 Jun,14h 30m,1 stop,In-flight meal not included,10539
IndiGo,09/03/2019,Banglore,New Delhi,BLR → DEL,22:20,01:10 13 Mar,2h 50m,non-stop,No info,4377
Air India,6/06/2019,Banglore,Delhi,BLR → DEL,06:10,08:55,2h 45m,non-stop,No info,6961
Multiple carriers,27/05/2019,Delhi,Cochin,DEL → BOM → COK,13:00,21:00,8h,1 stop,No info,7408
IndiGo,9/05/2019,Banglore,Delhi,BLR → DEL,18:55,21:50,2h 55m,non-stop,No info,4823
IndiGo,21/03/2019,Kolkata,Banglore,CCU → BLR,14:20,16:55,2h 35m,non-stop,No info,5198
Jet Airways,1/06/2019,Delhi,Cochin,DEL → BOM → COK,17:30,19:00 02 Jun,25h 30m,1 stop,In-flight meal not included,10262
Vistara,27/04/2019,Banglore,Delhi,BLR → DEL,17:00,19:35,2h 35m,non-stop,No info,5613
Jet Airways,12/06/2019,Delhi,Cochin,DEL → BOM → COK,20:55,04:25 13 Jun,7h 30m,1 stop,In-flight meal not included,10262
IndiGo,3/05/2019,Mumbai,Hyderabad,BOM → HYD,09:10,10:40,1h 30m,non-stop,No info,5755
Vistara,21/05/2019,Chennai,Kolkata,MAA → CCU,07:05,09:20,2h 15m,non-stop,No info,3687
Jet Airways,3/06/2019,Mumbai,Hyderabad,BOM → HYD,19:35,21:05,1h 30m,non-stop,No info,5678
Multiple carriers,21/03/2019,Delhi,Cochin,DEL → BOM → COK,18:15,01:35 22 Mar,7h 20m,1 stop,No info,13542
Jet Airways,21/03/2019,Delhi,Cochin,DEL → BOM → COK,19:15,18:50 22 Mar,23h 35m,1 stop,No info,12347
Jet Airways,21/05/2019,Kolkata,Banglore,CCU → DEL → BLR,09:35,19:10,9h 35m,1 stop,In-flight meal not included,12384
Jet Airways,9/04/2019,Delhi,Cochin,DEL → JAI → BOM → COK,05:30,04:25 10 Apr,22h 55m,2 stops,No info,10909
IndiGo,3/06/2019,Banglore,Delhi,BLR → DEL,16:55,19:55,3h,non-stop,No info,4823
IndiGo,12/06/2019,Delhi,Cochin,DEL → BOM → COK,16:00,21:00,5h,1 stop,No info,6069
Jet Airways,21/05/2019,Delhi,Cochin,DEL → BOM → COK,16:00,19:00 22 May,27h,1 stop,In-flight meal not included,12898
IndiGo,15/06/2019,Kolkata,Banglore,CCU → BLR,04:40,07:15,2h 35m,non-stop,No info,4804
Jet Airways,24/03/2019,Kolkata,Banglore,CCU → BOM → BLR,08:25,04:45 25 Mar,20h 20m,1 stop,In-flight meal not included,10031
IndiGo,9/06/2019,Delhi,Cochin,DEL → HYD → COK,07:35,22:30,14h 55m,1 stop,No info,6442
Air India,21/05/2019,Delhi,Cochin,DEL → JAI → BOM → COK,12:00,07:40 22 May,19h 40m,2 stops,No info,9653
Vistara,9/06/2019,Kolkata,Banglore,CCU → DEL → BLR,17:00,20:20 10 Jun,27h 20m,1 stop,No info,8610
Jet Airways,12/06/2019,Delhi,Cochin,DEL → BOM → COK,14:00,19:00,5h,1 stop,No info,14714
Air India,01/03/2019,Banglore,New Delhi,BLR → AMD → DEL,00:30,23:55,23h 25m,1 stop,1 Long layover,12599
Multiple carriers,9/05/2019,Delhi,Cochin,DEL → BOM → COK,04:55,19:00,14h 5m,1 stop,No info,9103
Jet Airways,21/05/2019,Delhi,Cochin,DEL → BOM → COK,22:50,04:25 22 May,5h 35m,1 stop,In-flight meal not included,12898
SpiceJet,6/06/2019,Mumbai,Hyderabad,BOM → HYD,05:45,07:15,1h 30m,non-stop,No check-in baggage included,2647
Jet Airways,3/03/2019,Mumbai,Hyderabad,BOM → HYD,07:10,08:35,1h 25m,non-stop,No info,5678
Jet Airways,18/05/2019,Delhi,Cochin,DEL → BOM → COK,19:15,12:35 19 May,17h 20m,1 stop,In-flight meal not included,12373
SpiceJet,27/03/2019,Kolkata,Banglore,CCU → BLR,17:15,19:45,2h 30m,non-stop,No info,3847
Jet Airways,21/05/2019,Kolkata,Banglore,CCU → DEL → BLR,17:00,18:00 22 May,25h,1 stop,No info,14151
Jet Airways,6/03/2019,Delhi,Cochin,DEL → BOM → COK,08:00,04:25 07 Mar,20h 25m,1 stop,In-flight meal not included,13843
Jet Airways,18/05/2019,Banglore,Delhi,BLR → DEL,15:15,18:10,2h 55m,non-stop,No info,7229
Jet Airways,18/06/2019,Mumbai,Hyderabad,BOM → HYD,02:55,04:20,1h 25m,non-stop,In-flight meal not included,4995
Jet Airways,6/06/2019,Delhi,Cochin,DEL → BOM → COK,20:55,04:25 07 Jun,7h 30m,1 stop,In-flight meal not included,10262
Jet Airways,9/05/2019,Delhi,Cochin,DEL → JAI → BOM → COK,05:30,04:25 10 May,22h 55m,2 stops,In-flight meal not included,13029
Jet Airways,9/03/2019,Delhi,Cochin,DEL → BOM → COK,19:15,04:25 10 Mar,9h 10m,1 stop,In-flight meal not included,14053
Jet Airways,01/03/2019,Banglore,New Delhi,BLR → BOM → DEL,16:55,07:40 02 Mar,14h 45m,1 stop,1 Long layover,26890
SpiceJet,1/04/2019,Kolkata,Banglore,CCU → BLR,17:10,19:40,2h 30m,non-stop,No check-in baggage included,3841
Air India,01/03/2019,Banglore,New Delhi,BLR → VGA → DEL,10:30,22:55,12h 25m,1 stop,No info,11003
Vistara,9/04/2019,Banglore,Delhi,BLR → DEL,11:30,14:20,2h 50m,non-stop,No info,5403
Multiple carriers,3/03/2019,Delhi,Cochin,DEL → BOM → COK,08:00,18:50,10h 50m,1 stop,No info,15342
Air India,12/06/2019,Kolkata,Banglore,CCU → DEL → COK → BLR,20:30,13:45 13 Jun,17h 15m,2 stops,No info,12224
IndiGo,15/03/2019,Chennai,Kolkata,MAA → CCU,19:35,21:55,2h 20m,non-stop,No info,6297
SpiceJet,1/05/2019,Kolkata,Banglore,CCU → IXB → BLR,15:55,21:25,5h 30m,1 stop,No info,8844
Multiple carriers,1/06/2019,Delhi,Cochin,DEL → BOM → COK,14:00,01:30 02 Jun,11h 30m,1 stop,No info,13377
GoAir,09/03/2019,Banglore,New Delhi,BLR → DEL,20:55,23:50,2h 55m,non-stop,No info,5706
Air India,12/06/2019,Delhi,Cochin,DEL → BOM → COK,21:00,07:40 13 Jun,10h 40m,1 stop,No info,8372
IndiGo,27/05/2019,Delhi,Cochin,DEL → BOM → COK,06:40,21:00,14h 20m,1 stop,No info,6526
IndiGo,1/06/2019,Banglore,Delhi,BLR → DEL,16:55,19:45,2h 50m,non-stop,No info,4823
IndiGo,24/06/2019,Mumbai,Hyderabad,BOM → HYD,16:55,18:25,1h 30m,non-stop,No info,3175
Multiple carriers,6/05/2019,Delhi,Cochin,DEL → BOM → COK,09:00,19:00,10h,1 stop,No info,10407
IndiGo,18/04/2019,Banglore,Delhi,BLR → DEL,04:00,06:50,2h 50m,non-stop,No info,4423
Vistara,9/05/2019,Kolkata,Banglore,CCU → DEL → BLR,17:00,20:20 10 May,27h 20m,1 stop,No info,9555
Jet Airways,1/04/2019,Kolkata,Banglore,CCU → BOM → BLR,16:30,16:20 02 Apr,23h 50m,1 stop,No info,12681
Jet Airways,6/06/2019,Kolkata,Banglore,CCU → BOM → BLR,14:05,04:40 07 Jun,14h 35m,1 stop,No info,13059
Jet Airways,9/05/2019,Kolkata,Banglore,CCU → BOM → BLR,16:30,10:05 10 May,17h 35m,1 stop,In-flight meal not included,8586
GoAir,6/04/2019,Banglore,Delhi,BLR → DEL,20:55,23:40,2h 45m,non-stop,No info,3419
SpiceJet,3/06/2019,Kolkata,Banglore,CCU → BLR,17:10,19:40,2h 30m,non-stop,No info,3873
Air India,6/06/2019,Kolkata,Banglore,CCU → DEL → BLR,10:00,20:25,10h 25m,1 stop,No info,10203
Jet Airways,27/05/2019,Delhi,Cochin,DEL → JAI → BOM → COK,19:30,04:25 28 May,8h 55m,2 stops,In-flight meal not included,13029
Jet Airways,15/05/2019,Kolkata,Banglore,CCU → BOM → BLR,16:30,22:35,6h 5m,1 stop,In-flight meal not included,10844
Jet Airways,24/03/2019,Kolkata,Banglore,CCU → BOM → BLR,18:55,08:10 25 Mar,13h 15m,1 stop,In-flight meal not included,11134
Vistara,12/06/2019,Kolkata,Banglore,CCU → DEL → BLR,20:20,18:50 13 Jun,22h 30m,1 stop,No info,8610
IndiGo,15/04/2019,Kolkata,Banglore,CCU → BLR,20:20,22:55,2h 35m,non-stop,No info,4174
Jet Airways,09/03/2019,Banglore,New Delhi,BLR → BOM → DEL,08:00,09:30 13 Mar,25h 30m,1 stop,In-flight meal not included,11087
SpiceJet,18/06/2019,Banglore,Delhi,BLR → DEL,21:10,00:05 19 Jun,2h 55m,non-stop,No info,3971
Jet Airways,9/04/2019,Delhi,Cochin,DEL → BOM → COK,07:05,19:00,11h 55m,1 stop,No info,17531
SpiceJet,6/06/2019,Banglore,Delhi,BLR → DEL,05:55,08:35,2h 40m,non-stop,No check-in baggage included,3573
Air India,1/05/2019,Kolkata,Banglore,CCU → BOM → BLR,09:25,07:55 02 May,22h 30m,1 stop,No info,8366
Air India,3/03/2019,Kolkata,Banglore,CCU → BLR,14:15,16:45,2h 30m,non-stop,No info,13885
Multiple carriers,9/06/2019,Delhi,Cochin,DEL → IXU → BOM → COK,17:50,01:30 10 Jun,7h 40m,2 stops,No info,18485
Air Asia,27/04/2019,Kolkata,Banglore,CCU → BLR,19:55,22:25,2h 30m,non-stop,No info,4409
Vistara,1/05/2019,Kolkata,Banglore,CCU → DEL → BLR,20:20,23:25 02 May,27h 5m,1 stop,No info,8085
Multiple carriers,6/06/2019,Delhi,Cochin,DEL → BOM → COK,17:30,01:30 07 Jun,8h,1 stop,No info,13377
Air India,21/05/2019,Delhi,Cochin,DEL → UDR → BOM → COK,13:20,07:40 22 May,18h 20m,2 stops,No info,13538
Multiple carriers,6/03/2019,Delhi,Cochin,DEL → BOM → COK,19:00,01:35 07 Mar,6h 35m,1 stop,No info,15147
Jet Airways,27/05/2019,Banglore,Delhi,BLR → DEL,11:10,14:05,2h 55m,non-stop,In-flight meal not included,4030
Multiple carriers,6/06/2019,Delhi,Cochin,DEL → BOM → COK,08:00,19:15,11h 15m,1 stop,No info,14848
Jet Airways,18/03/2019,Banglore,New Delhi,BLR → BOM → DEL,22:50,08:15 16 Mar,9h 25m,1 stop,No info,13555
Air India,18/05/2019,Delhi,Cochin,DEL → HYD → MAA → COK,07:05,09:25 19 May,26h 20m,2 stops,No info,10975
Jet Airways,21/05/2019,Delhi,Cochin,DEL → JAI → BOM → COK,09:40,12:35 22 May,26h 55m,2 stops,In-flight meal not included,13029
Jet Airways,12/05/2019,Kolkata,Banglore,CCU → BOM → BLR,08:25,09:20 13 May,24h 55m,1 stop,In-flight meal not included,9663
Jet Airways,1/06/2019,Mumbai,Hyderabad,BOM → HYD,10:20,11:50,1h 30m,non-stop,In-flight meal not included,4050
Jet Airways,3/06/2019,Delhi,Cochin,DEL → BOM → COK,17:30,04:25 04 Jun,10h 55m,1 stop,No info,14714
Air India,01/03/2019,Banglore,New Delhi,BLR → VGA → HYD → DEL,10:30,21:25,10h 55m,2 stops,No info,11213
Jet Airways,9/04/2019,Banglore,Delhi,BLR → DEL,06:00,08:45,2h 45m,non-stop,In-flight meal not included,4544
SpiceJet,15/06/2019,Kolkata,Banglore,CCU → BLR,09:00,11:25,2h 25m,non-stop,No info,3873
Multiple carriers,9/04/2019,Delhi,Cochin,DEL → BOM → COK,13:00,21:00,8h,1 stop,No info,12537
Jet Airways,6/05/2019,Kolkata,Banglore,CCU → DEL → BLR,09:35,19:10,9h 35m,1 stop,No info,13067
Jet Airways,9/05/2019,Delhi,Cochin,DEL → AMD → BOM → COK,23:05,04:25 11 May,29h 20m,2 stops,No info,16704
Air India,15/03/2019,Banglore,New Delhi,BLR → BOM → DEL,06:45,12:15,5h 30m,1 stop,No info,8714
Jet Airways,3/06/2019,Delhi,Cochin,DEL → NAG → BOM → COK,14:35,12:35 04 Jun,22h,2 stops,No info,13376
SpiceJet,27/06/2019,Chennai,Kolkata,MAA → CCU,08:20,10:35,2h 15m,non-stop,No info,3597
Multiple carriers,18/05/2019,Delhi,Cochin,DEL → BOM → COK,12:50,01:30 19 May,12h 40m,1 stop,No info,7670
Air India,24/03/2019,Kolkata,Banglore,CCU → GAU → DEL → BLR,09:50,23:15 25 Mar,37h 25m,2 stops,No info,14410
Air India,15/05/2019,Delhi,Cochin,DEL → MAA → COK,09:45,09:25 16 May,23h 40m,1 stop,No info,7480
Jet Airways,9/05/2019,Kolkata,Banglore,CCU → BOM → BLR,20:00,18:15 10 May,22h 15m,1 stop,No info,13584
Jet Airways,01/03/2019,Banglore,New Delhi,BLR → BOM → DEL,16:55,10:25 02 Mar,17h 30m,1 stop,1 Long layover,25735
Jet Airways,1/04/2019,Banglore,Delhi,BLR → DEL,17:45,20:45,3h,non-stop,In-flight meal not included,4544
Multiple carriers,21/05/2019,Delhi,Cochin,DEL → BOM → COK,09:15,19:15,10h,1 stop,No info,8099
Jet Airways,15/05/2019,Kolkata,Banglore,CCU → BOM → BLR,16:30,04:40 16 May,12h 10m,1 stop,In-flight meal not included,10844
Jet Airways,21/03/2019,Delhi,Cochin,DEL → BOM → COK,19:15,04:25 22 Mar,9h 10m,1 stop,No info,12557
Jet Airways,9/05/2019,Delhi,Cochin,DEL → COK,11:00,14:15,3h 15m,non-stop,No info,9564
Jet Airways,12/03/2019,Banglore,New Delhi,BLR → BOM → DEL,21:25,09:30 13 Mar,12h 5m,1 stop,No info,13817
Jet Airways,18/05/2019,Kolkata,Banglore,CCU → DEL → BLR,09:35,19:10,9h 35m,1 stop,In-flight meal not included,12384
Multiple carriers,21/05/2019,Delhi,Cochin,DEL → BOM → COK,04:55,19:15,14h 20m,1 stop,No info,7575
Air India,6/05/2019,Kolkata,Banglore,CCU → GAU → DEL → BLR,16:45,12:00 07 May,19h 15m,2 stops,No info,14120
Multiple carriers,9/03/2019,Delhi,Cochin,DEL → HYD → COK,07:05,22:20,15h 15m,1 stop,No info,6916
Multiple carriers,27/05/2019,Delhi,Cochin,DEL → HYD → COK,07:10,22:30,15h 20m,1 stop,No info,7878
Jet Airways,18/03/2019,Banglore,New Delhi,BLR → BOM → DEL,22:50,20:20 16 Mar,21h 30m,1 stop,In-flight meal not included,11087
IndiGo,27/04/2019,Kolkata,Banglore,CCU → BLR,14:25,16:55,2h 30m,non-stop,No info,4804
SpiceJet,15/06/2019,Chennai,Kolkata,MAA → CCU,09:45,12:00,2h 15m,non-stop,No info,3597
Air India,15/05/2019,Kolkata,Banglore,CCU → IXR → DEL → BLR,05:50,16:15 16 May,34h 25m,2 stops,No info,12723
IndiGo,15/05/2019,Mumbai,Hyderabad,BOM → HYD,20:05,21:40,1h 35m,non-stop,No info,2227
Air India,24/05/2019,Delhi,Cochin,DEL → BOM → COK,07:00,19:15,12h 15m,1 stop,No info,9929
Jet Airways,9/06/2019,Kolkata,Banglore,CCU → BOM → BLR,21:10,09:20 10 Jun,12h 10m,1 stop,In-flight meal not included,11841
Jet Airways,9/05/2019,Delhi,Cochin,DEL → BOM → COK,11:30,04:25 10 May,16h 55m,1 stop,In-flight meal not included,12373
Jet Airways,21/05/2019,Delhi,Cochin,DEL → BOM → COK,20:55,19:00 22 May,22h 5m,1 stop,In-flight meal not included,12898
Air India,3/03/2019,Delhi,Cochin,DEL → BHO → BOM → COK,05:55,07:40 04 Mar,25h 45m,2 stops,No info,15113
Multiple carriers,18/05/2019,Delhi,Cochin,DEL → BOM → COK,11:40,19:00,7h 20m,1 stop,No info,10529
Air India,27/03/2019,Delhi,Cochin,DEL → HYD → BOM → COK,13:05,07:40 28 Mar,18h 35m,2 stops,No info,8875
Jet Airways,15/05/2019,Kolkata,Banglore,CCU → BOM → BLR,08:25,20:45,12h 20m,1 stop,In-flight meal not included,10844
Air India,01/03/2019,Banglore,New Delhi,BLR → DEL,06:10,08:55,2h 45m,non-stop,No info,15676
Jet Airways,1/04/2019,Kolkata,Banglore,CCU → BOM → BLR,08:25,23:35,15h 10m,1 stop,In-flight meal not included,7064
Jet Airways,9/06/2019,Kolkata,Banglore,CCU → BOM → BLR,08:25,19:50,11h 25m,1 stop,In-flight meal not included,10844
Jet Airways,6/03/2019,Mumbai,Hyderabad,BOM → DEL → HYD,14:00,16:50 07 Mar,26h 50m,1 stop,No info,19595
Jet Airways,1/05/2019,Kolkata,Banglore,CCU → BOM → BLR,14:05,08:15 02 May,18h 10m,1 stop,No info,13941
IndiGo,21/03/2019,Delhi,Cochin,DEL → HYD → COK,08:35,16:10,7h 35m,1 stop,No info,6790
SpiceJet,27/04/2019,Kolkata,Banglore,CCU → BLR,09:00,11:25,2h 25m,non-stop,No check-in baggage included,3841
Jet Airways,18/03/2019,Banglore,New Delhi,BLR → BOM → DEL,11:40,09:00 16 Mar,21h 20m,1 stop,In-flight meal not included,11087
Air India,15/05/2019,Delhi,Cochin,DEL → AMD → BOM → COK,19:45,19:15 16 May,23h 30m,2 stops,No info,11491
IndiGo,9/04/2019,Banglore,Delhi,BLR → DEL,05:30,08:20,2h 50m,non-stop,No info,3943
Jet Airways,01/03/2019,Banglore,New Delhi,BLR → BOM → DEL,11:40,07:40 02 Mar,20h,1 stop,No info,22270
Vistara,9/06/2019,Banglore,Delhi,BLR → DEL,17:00,19:35,2h 35m,non-stop,No info,4878
Jet Airways,9/06/2019,Delhi,Cochin,DEL → BOM → COK,22:50,04:25 10 Jun,5h 35m,1 stop,No info,14714
Multiple carriers,24/06/2019,Delhi,Cochin,DEL → BOM → COK,06:40,19:00,12h 20m,1 stop,No info,10877
Air India,15/06/2019,Delhi,Cochin,DEL → AMD → BOM → COK,19:45,19:15 16 Jun,23h 30m,2 stops,No info,9653
Jet Airways,24/05/2019,Kolkata,Banglore,CCU → BOM → BLR,20:00,12:00 25 May,16h,1 stop,No info,14571
Jet Airways,1/04/2019,Kolkata,Banglore,CCU → BOM → BLR,18:55,20:45 02 Apr,25h 50m,1 stop,In-flight meal not included,7064
IndiGo,6/03/2019,Kolkata,Banglore,CCU → BLR,15:20,17:55,2h 35m,non-stop,No info,5618
Multiple carriers,15/05/2019,Delhi,Cochin,DEL → BOM → COK,14:00,01:30 16 May,11h 30m,1 stop,No info,13727
Vistara,1/04/2019,Delhi,Cochin,DEL → COK,14:40,17:50,3h 10m,non-stop,No info,4851
Air India,24/03/2019,Kolkata,Banglore,CCU → BBI → BOM → BLR,09:10,21:50,12h 40m,2 stops,No info,15187
GoAir,15/05/2019,Banglore,Delhi,BLR → DEL,07:45,10:40,2h 55m,non-stop,No info,3419
IndiGo,1/04/2019,Banglore,Delhi,BLR → DEL,06:05,08:50,2h 45m,non-stop,No info,3943
Jet Airways,18/05/2019,Delhi,Cochin,DEL → JAI → BOM → COK,09:40,12:35 19 May,26h 55m,2 stops,No info,15129
IndiGo,21/06/2019,Banglore,Delhi,BLR → DEL,00:25,03:15,2h 50m,non-stop,No info,3419
Air India,21/05/2019,Delhi,Cochin,DEL → BHO → BOM → COK,20:00,19:15 22 May,23h 15m,2 stops,No info,10861
IndiGo,21/04/2019,Delhi,Cochin,DEL → BLR → COK,05:10,10:05,4h 55m,1 stop,No info,7074
Air India,6/05/2019,Kolkata,Banglore,CCU → BOM → COK → BLR,09:25,15:05 07 May,29h 40m,2 stops,No info,11542
IndiGo,21/04/2019,Delhi,Cochin,DEL → HYD → COK,06:50,12:10,5h 20m,1 stop,No info,6968
Jet Airways,12/06/2019,Banglore,Delhi,BLR → DEL,17:45,20:45,3h,non-stop,In-flight meal not included,5769
Vistara,12/06/2019,Kolkata,Banglore,CCU → DEL → BLR,20:20,22:40 13 Jun,26h 20m,1 stop,No info,7927
Jet Airways,12/06/2019,Kolkata,Banglore,CCU → BOM → BLR,18:55,08:15 13 Jun,13h 20m,1 stop,No info,13044
Jet Airways,21/05/2019,Delhi,Cochin,DEL → AMD → BOM → COK,23:05,12:35 22 May,13h 30m,2 stops,No info,15129
SpiceJet,1/05/2019,Kolkata,Banglore,CCU → BLR,09:00,11:25,2h 25m,non-stop,No check-in baggage included,3841
IndiGo,24/06/2019,Kolkata,Banglore,CCU → BLR,20:20,22:55,2h 35m,non-stop,No info,4804
SpiceJet,12/04/2019,Banglore,Delhi,BLR → DEL,05:55,08:35,2h 40m,non-stop,No check-in baggage included,4319
Jet Airways,27/05/2019,Delhi,Cochin,DEL → BOM → COK,21:50,19:00 28 May,21h 10m,1 stop,No info,16079
Jet Airways,18/03/2019,Banglore,New Delhi,BLR → BOM → DEL,22:50,05:05 16 Mar,6h 15m,1 stop,No info,54826
IndiGo,9/03/2019,Delhi,Cochin,DEL → BOM → COK,17:30,01:35 10 Mar,8h 5m,1 stop,No info,12351
Jet Airways,6/05/2019,Kolkata,Banglore,CCU → DEL → BLR,17:00,19:10 07 May,26h 10m,1 stop,No info,13067
Jet Airways,12/03/2019,Banglore,New Delhi,BLR → BOM → DEL,18:55,07:40 13 Mar,12h 45m,1 stop,No info,13817
SpiceJet,21/05/2019,Banglore,Delhi,BLR → DEL,21:10,00:05 22 May,2h 55m,non-stop,No info,3625
Air India,12/03/2019,Mumbai,Hyderabad,BOM → JDH → JAI → DEL → HYD,09:40,15:15 13 Mar,29h 35m,3 stops,No info,18293
Vistara,1/04/2019,Banglore,Delhi,BLR → DEL,19:30,22:15,2h 45m,non-stop,No info,5613
Air India,6/03/2019,Delhi,Cochin,DEL → BLR → COK,06:10,08:15 07 Mar,26h 5m,1 stop,No info,11038
IndiGo,3/04/2019,Banglore,Delhi,BLR → DEL,06:05,08:50,2h 45m,non-stop,No info,4077
Multiple carriers,27/03/2019,Delhi,Cochin,DEL → BOM → COK,08:00,21:00,13h,1 stop,No info,6883
Air India,03/03/2019,Banglore,New Delhi,BLR → DEL,17:00,19:45,2h 45m,non-stop,No info,19508
Air India,15/03/2019,Banglore,New Delhi,BLR → BOM → DEL,08:50,23:15,14h 25m,1 stop,No info,8714
IndiGo,1/05/2019,Kolkata,Banglore,CCU → BLR,04:40,07:15,2h 35m,non-stop,No info,4804
Multiple carriers,3/03/2019,Delhi,Cochin,DEL → BOM → COK,08:00,15:30,7h 30m,1 stop,No info,15078
SpiceJet,21/04/2019,Kolkata,Banglore,CCU → BLR,17:10,19:40,2h 30m,non-stop,No check-in baggage included,4807
Multiple carriers,6/03/2019,Delhi,Cochin,DEL → GWL → IDR → BOM → COK,11:35,21:00,9h 25m,3 stops,No info,21829
Vistara,24/03/2019,Banglore,New Delhi,BLR → DEL,11:30,14:10,2h 40m,non-stop,No info,5403
Jet Airways,01/03/2019,Banglore,New Delhi,BLR → BOM → DEL,07:00,16:10,9h 10m,1 stop,No info,26890
GoAir,18/05/2019,Kolkata,Banglore,CCU → BOM → BLR,23:30,07:45 19 May,8h 15m,1 stop,No info,7335
Jet Airways,27/03/2019,Delhi,Cochin,DEL → MAA → BOM → COK,17:35,04:25 28 Mar,10h 50m,2 stops,In-flight meal not included,9412
Jet Airways,21/05/2019,Kolkata,Banglore,CCU → BOM → BLR,08:25,19:50,11h 25m,1 stop,In-flight meal not included,10844
IndiGo,6/06/2019,Banglore,Delhi,BLR → DEL,18:55,21:50,2h 55m,non-stop,No info,4990
Jet Airways,27/05/2019,Delhi,Cochin,DEL → AMD → BOM → COK,23:05,04:25 29 May,29h 20m,2 stops,No info,16704
Air India,9/04/2019,Delhi,Cochin,DEL → NAG → BOM → COK,05:55,19:15 10 Apr,37h 20m,2 stops,No info,7711
Jet Airways,3/06/2019,Delhi,Cochin,DEL → BOM → COK,17:30,04:25 04 Jun,10h 55m,1 stop,In-flight meal not included,10262
Multiple carriers,24/06/2019,Delhi,Cochin,DEL → BOM → COK,12:50,21:00,8h 10m,1 stop,In-flight meal not included,6007
Air India,1/04/2019,Kolkata,Banglore,CCU → BOM → AMD → BLR,09:25,05:25 02 Apr,20h,2 stops,No info,12219
GoAir,1/05/2019,Banglore,Delhi,BLR → DEL,20:55,23:40,2h 45m,non-stop,No info,3898
Jet Airways,6/05/2019,Kolkata,Banglore,CCU → DEL → BLR,17:00,22:05 07 May,29h 5m,1 stop,No info,11467
Air India,18/05/2019,Kolkata,Banglore,CCU → JAI → DEL → BLR,08:20,20:25,12h 5m,2 stops,No info,12534
Jet Airways,6/06/2019,Kolkata,Banglore,CCU → BOM → BLR,08:25,18:15,9h 50m,1 stop,In-flight meal not included,10844
SpiceJet,24/03/2019,Banglore,New Delhi,BLR → DEL,05:45,08:35,2h 50m,non-stop,No info,4377
Vistara,9/06/2019,Chennai,Kolkata,MAA → CCU,17:45,20:05,2h 20m,non-stop,No info,11982
SpiceJet,9/06/2019,Banglore,Delhi,BLR → DEL,09:30,12:20,2h 50m,non-stop,No info,4423
Jet Airways,3/03/2019,Delhi,Cochin,DEL → BOM → COK,19:15,04:25 04 Mar,9h 10m,1 stop,No info,17234
Vistara,1/04/2019,Kolkata,Banglore,CCU → DEL → BLR,07:10,22:55,15h 45m,1 stop,No info,8295
Jet Airways,6/03/2019,Delhi,Cochin,DEL → JAI → BOM → COK,05:30,19:45 07 Mar,38h 15m,2 stops,In-flight meal not included,15864
GoAir,27/05/2019,Banglore,Delhi,BLR → DEL,11:40,14:30,2h 50m,non-stop,No info,3398
Multiple carriers,9/06/2019,Delhi,Cochin,DEL → BOM → COK,13:00,01:30 10 Jun,12h 30m,1 stop,No info,7198
Jet Airways,6/04/2019,Banglore,Delhi,BLR → DEL,06:00,08:45,2h 45m,non-stop,No info,7229
Jet Airways,12/06/2019,Delhi,Cochin,DEL → JAI → BOM → COK,05:30,04:25 13 Jun,22h 55m,2 stops,No info,13014
Air India,9/05/2019,Kolkata,Banglore,CCU → MAA → BLR,14:35,14:35 10 May,24h,1 stop,No info,6528
Jet Airways,12/06/2019,Delhi,Cochin,DEL → IDR → BOM → COK,09:35,12:35 13 Jun,27h,2 stops,No info,13292
Jet Airways,21/05/2019,Delhi,Cochin,DEL → AMD → BOM → COK,19:10,19:00 22 May,23h 50m,2 stops,No info,15129
Air India,15/06/2019,Delhi,Cochin,DEL → BHO → BOM → COK,20:00,19:15 16 Jun,23h 15m,2 stops,No info,11071
SpiceJet,21/04/2019,Kolkata,Banglore,CCU → BLR,06:55,09:30,2h 35m,non-stop,No info,4174
Multiple carriers,27/03/2019,Delhi,Cochin,DEL → BOM → COK,04:00,18:50,14h 50m,1 stop,No info,11299
Jet Airways,18/05/2019,Delhi,Cochin,DEL → BOM → COK,19:45,12:35 19 May,16h 50m,1 stop,In-flight meal not included,12373
Air India,01/03/2019,Banglore,New Delhi,BLR → CCU → DEL,05:50,09:15 02 Mar,27h 25m,1 stop,No info,13439
IndiGo,1/05/2019,Kolkata,Banglore,CCU → BLR,20:20,22:55,2h 35m,non-stop,No info,4804
Air India,12/05/2019,Kolkata,Banglore,CCU → BOM → GOI → BLR,09:25,05:35 13 May,20h 10m,2 stops,No info,11642
IndiGo,18/06/2019,Banglore,Delhi,BLR → DEL,00:25,03:15,2h 50m,non-stop,No info,3419
IndiGo,21/05/2019,Kolkata,Banglore,CCU → RPR → HYD → BLR,06:35,12:10,5h 35m,2 stops,No info,6103
Air India,9/05/2019,Kolkata,Banglore,CCU → DEL → COK → BLR,07:00,01:20 10 May,18h 20m,2 stops,No info,13033
Jet Airways,18/03/2019,Banglore,New Delhi,BLR → BOM → JDH → DEL,08:55,15:55,7h,2 stops,In-flight meal not included,11245
Jet Airways,1/04/2019,Kolkata,Banglore,CCU → BOM → BLR,06:30,12:00,5h 30m,1 stop,In-flight meal not included,10056
Jet Airways,6/06/2019,Kolkata,Banglore,CCU → DEL → BLR,20:25,14:25 07 Jun,18h,1 stop,In-flight meal not included,10539
IndiGo,18/03/2019,Chennai,Kolkata,MAA → CCU,22:05,00:25 19 Mar,2h 20m,non-stop,No info,5277
Air India,21/05/2019,Kolkata,Banglore,CCU → DEL → BLR,10:00,23:15,13h 15m,1 stop,No info,11936
Jet Airways,9/06/2019,Delhi,Cochin,DEL → JAI → BOM → COK,05:30,04:25 10 Jun,22h 55m,2 stops,No info,13014
Vistara,6/06/2019,Kolkata,Banglore,CCU → DEL → BLR,17:00,20:20 07 Jun,27h 20m,1 stop,No info,8820
Jet Airways,9/05/2019,Delhi,Cochin,DEL → BOM → COK,15:00,12:35 10 May,21h 35m,1 stop,In-flight meal not included,12373
Jet Airways,1/06/2019,Delhi,Cochin,DEL → BOM → COK,09:00,12:35 02 Jun,27h 35m,1 stop,In-flight meal not included,10262
Jet Airways,3/06/2019,Mumbai,Hyderabad,BOM → HYD,07:05,08:30,1h 25m,non-stop,In-flight meal not included,4995
Jet Airways,27/03/2019,Delhi,Cochin,DEL → BOM → COK,21:50,19:45 28 Mar,21h 55m,1 stop,In-flight meal not included,7438
IndiGo,21/03/2019,Kolkata,Banglore,CCU → BLR,05:30,08:20,2h 50m,non-stop,No info,4148
IndiGo,27/05/2019,Chennai,Kolkata,MAA → CCU,14:45,17:05,2h 20m,non-stop,No info,3597
Air Asia,1/05/2019,Kolkata,Banglore,CCU → DEL → BLR,07:35,23:30,15h 55m,1 stop,No info,5192
Jet Airways,06/03/2019,Banglore,New Delhi,BLR → BOM → DEL,08:00,20:20,12h 20m,1 stop,No info,16736
Multiple carriers,1/06/2019,Delhi,Cochin,DEL → BOM → COK,13:00,21:00,8h,1 stop,No info,7933
Air India,18/05/2019,Delhi,Cochin,DEL → BOM → COK,08:00,19:15,11h 15m,1 stop,No info,8879
IndiGo,12/05/2019,Delhi,Cochin,DEL → COK,14:25,17:40,3h 15m,non-stop,No info,5000
Vistara,6/05/2019,Kolkata,Banglore,CCU → DEL → BLR,17:00,09:05 07 May,16h 5m,1 stop,No info,8137
Air India,9/03/2019,Delhi,Cochin,DEL → CCU → BOM → COK,16:55,19:15 10 Mar,26h 20m,2 stops,No info,22096
SpiceJet,24/03/2019,Banglore,New Delhi,BLR → DEL,05:45,08:35,2h 50m,non-stop,No check-in baggage included,4273
Jet Airways,01/03/2019,Banglore,New Delhi,BLR → BOM → DEL,18:40,00:45 02 Mar,6h 5m,1 stop,No info,35185
IndiGo,15/04/2019,Kolkata,Banglore,CCU → BBI → BLR,19:35,23:15,3h 40m,1 stop,No info,4226
Jet Airways,1/05/2019,Kolkata,Banglore,CCU → BOM → BLR,08:25,16:20,7h 55m,1 stop,In-flight meal not included,10844
IndiGo,12/06/2019,Mumbai,Hyderabad,BOM → HYD,12:00,13:30,1h 30m,non-stop,No info,2754
IndiGo,6/06/2019,Kolkata,Banglore,CCU → VTZ → BLR,10:30,16:05,5h 35m,1 stop,No info,6301
Air India,18/05/2019,Kolkata,Banglore,CCU → BOM → COK → BLR,09:25,13:45 19 May,28h 20m,2 stops,No info,13222
Jet Airways,21/05/2019,Delhi,Cochin,DEL → BOM → COK,17:30,12:35 22 May,19h 5m,1 stop,In-flight meal not included,12898
Air India,12/03/2019,Banglore,New Delhi,BLR → BOM → DEL,06:45,20:35,13h 50m,1 stop,No info,12127
Jet Airways,21/05/2019,Kolkata,Banglore,CCU → DEL → BLR,20:25,22:05 22 May,25h 40m,1 stop,No info,13067
Air India,1/04/2019,Kolkata,Banglore,CCU → GAU → DEL → BLR,16:45,20:25 02 Apr,27h 40m,2 stops,No info,9920
GoAir,1/04/2019,Banglore,Delhi,BLR → DEL,07:45,10:40,2h 55m,non-stop,No info,4239
Jet Airways,6/06/2019,Delhi,Cochin,DEL → BOM → COK,21:50,19:00 07 Jun,21h 10m,1 stop,No info,14714
IndiGo,6/05/2019,Kolkata,Banglore,CCU → NAG → BLR,18:05,23:30,5h 25m,1 stop,No info,6218
IndiGo,1/03/2019,Chennai,Kolkata,MAA → CCU,05:15,07:35,2h 20m,non-stop,No info,7295
Multiple carriers,9/06/2019,Delhi,Cochin,DEL → BOM → COK,03:50,11:30,7h 40m,1 stop,No info,7408
Jet Airways,9/06/2019,Kolkata,Banglore,CCU → DEL → BLR,09:35,18:00,8h 25m,1 stop,In-flight meal not included,13994
IndiGo,15/05/2019,Kolkata,Banglore,CCU → BLR,14:25,16:55,2h 30m,non-stop,No info,5224
SpiceJet,9/03/2019,Mumbai,Hyderabad,BOM → HYD,05:45,07:05,1h 20m,non-stop,No info,4391
Air India,18/05/2019,Kolkata,Banglore,CCU → DEL → AMD → BLR,10:00,05:25 19 May,19h 25m,2 stops,No info,14109
SpiceJet,27/04/2019,Banglore,Delhi,BLR → DEL,09:30,12:20,2h 50m,non-stop,No check-in baggage included,4885
Jet Airways,1/06/2019,Banglore,Delhi,BLR → DEL,08:20,11:20,3h,non-stop,No info,8016
Multiple carriers,24/06/2019,Delhi,Cochin,DEL → BOM → COK,06:00,12:35,6h 35m,1 stop,No info,12524
Jet Airways,27/03/2019,Delhi,Cochin,DEL → BOM → COK,02:15,18:50,16h 35m,1 stop,In-flight meal not included,6017
Air India,9/05/2019,Delhi,Cochin,DEL → GOI → BOM → COK,22:00,19:15 10 May,21h 15m,2 stops,No info,10441
SpiceJet,1/04/2019,Banglore,Delhi,BLR → DEL,21:10,00:05 02 Apr,2h 55m,non-stop,No info,3625
Air India,9/03/2019,Delhi,Cochin,DEL → RPR → NAG → BOM → COK,05:15,19:15 10 Mar,38h,3 stops,No info,15586
Air India,27/03/2019,Delhi,Cochin,DEL → BOM → COK,08:00,19:15,11h 15m,1 stop,No info,7199
Jet Airways,21/03/2019,Delhi,Cochin,DEL → IXC → BOM → COK,06:20,04:25 22 Mar,22h 5m,2 stops,No info,12273
Multiple carriers,6/06/2019,Delhi,Cochin,DEL → BOM → COK,19:00,01:30 07 Jun,6h 30m,1 stop,No info,7530
Jet Airways,21/05/2019,Mumbai,Hyderabad,BOM → HYD,19:35,21:05,1h 30m,non-stop,No info,5678
Air India,24/06/2019,Delhi,Cochin,DEL → GOI → BOM → COK,10:55,07:40 25 Jun,20h 45m,2 stops,No info,11753
SpiceJet,21/05/2019,Mumbai,Hyderabad,BOM → HYD,22:45,00:15 22 May,1h 30m,non-stop,No check-in baggage included,1965
IndiGo,21/03/2019,Delhi,Cochin,DEL → BOM → COK,06:40,13:20,6h 40m,1 stop,No info,10208
IndiGo,21/05/2019,Delhi,Cochin,DEL → BOM → COK,20:25,01:30 22 May,5h 5m,1 stop,No info,5054
IndiGo,3/03/2019,Delhi,Cochin,DEL → BOM → COK,08:25,15:30,7h 5m,1 stop,No info,14871
Jet Airways,18/05/2019,Delhi,Cochin,DEL → BOM → COK,07:05,19:00,11h 55m,1 stop,In-flight meal not included,12373
SpiceJet,15/06/2019,Mumbai,Hyderabad,BOM → HYD,22:45,00:15 16 Jun,1h 30m,non-stop,No info,2017
Jet Airways,24/03/2019,Kolkata,Banglore,CCU → BOM → BLR,13:55,04:45 25 Mar,14h 50m,1 stop,In-flight meal not included,10661
Multiple carriers,9/05/2019,Delhi,Cochin,DEL → BOM → COK,10:20,19:00,8h 40m,1 stop,No info,9794
Jet Airways,9/05/2019,Kolkata,Banglore,CCU → DEL → BLR,20:25,23:35 10 May,27h 10m,1 stop,No info,13067
SpiceJet,3/03/2019,Chennai,Kolkata,MAA → CCU,17:45,20:05,2h 20m,non-stop,No info,7298
IndiGo,03/03/2019,Banglore,New Delhi,BLR → DEL,10:05,13:00,2h 55m,non-stop,No info,7648
Air India,12/05/2019,Kolkata,Banglore,CCU → BBI → BOM → BLR,12:00,21:50,9h 50m,2 stops,No info,10676
Air India,3/06/2019,Banglore,Delhi,BLR → DEL,10:00,12:45,2h 45m,non-stop,No info,6961
IndiGo,15/05/2019,Delhi,Cochin,DEL → BOM → COK,11:25,01:30 16 May,14h 5m,1 stop,No info,6979
Multiple carriers,27/05/2019,Delhi,Cochin,DEL → BOM → COK,09:00,21:00,12h,1 stop,No info,13587
Jet Airways,24/05/2019,Kolkata,Banglore,CCU → BOM → BLR,14:05,23:35,9h 30m,1 stop,In-flight meal not included,10844
IndiGo,12/05/2019,Banglore,Delhi,BLR → DEL,10:10,13:00,2h 50m,non-stop,No info,3943
IndiGo,12/06/2019,Delhi,Cochin,DEL → BOM → COK,09:15,21:00,11h 45m,1 stop,No info,6838
Jet Airways,15/04/2019,Delhi,Cochin,DEL → BOM → COK,13:00,19:00,6h,1 stop,In-flight meal not included,6542
Jet Airways,21/05/2019,Delhi,Cochin,DEL → BOM → COK,07:05,19:00,11h 55m,1 stop,In-flight meal not included,12239
Jet Airways,12/05/2019,Kolkata,Banglore,CCU → BOM → BLR,16:30,04:40 13 May,12h 10m,1 stop,No info,14388
IndiGo,12/03/2019,Kolkata,Banglore,CCU → BLR,05:30,08:20,2h 50m,non-stop,No info,4148
Multiple carriers,18/05/2019,Delhi,Cochin,DEL → IDR → BOM → COK,15:05,01:30 19 May,10h 25m,2 stops,No info,16840
Multiple carriers,3/06/2019,Delhi,Cochin,DEL → HYD → COK,09:45,22:30,12h 45m,1 stop,No info,9646
Jet Airways,9/06/2019,Kolkata,Banglore,CCU → BOM → BLR,21:10,18:15 10 Jun,21h 5m,1 stop,No info,14571
IndiGo,15/05/2019,Delhi,Cochin,DEL → BOM → COK,16:00,01:30 16 May,9h 30m,1 stop,No info,7923
Jet Airways,12/05/2019,Kolkata,Banglore,CCU → BOM → BLR,20:00,04:40 13 May,8h 40m,1 stop,In-flight meal not included,8586
Multiple carriers,3/06/2019,Delhi,Cochin,DEL → HYD → COK,13:15,22:30,9h 15m,1 stop,No info,9646
Jet Airways,18/05/2019,Kolkata,Banglore,CCU → BOM → BLR,14:05,12:00 19 May,21h 55m,1 stop,No info,14388
Jet Airways,12/06/2019,Kolkata,Banglore,CCU → BOM → BLR,16:30,16:20 13 Jun,23h 50m,1 stop,No info,13044
Multiple carriers,21/05/2019,Delhi,Cochin,DEL → BOM → COK,10:00,19:00,9h,1 stop,No info,10197
Jet Airways,1/06/2019,Delhi,Cochin,DEL → BOM → COK,19:45,19:00 02 Jun,23h 15m,1 stop,No info,14714
Air India,1/06/2019,Delhi,Cochin,DEL → BOM → COK,10:00,19:15,9h 15m,1 stop,No info,9929
Jet Airways,21/03/2019,Delhi,Cochin,DEL → BOM → COK,22:50,04:25 22 Mar,5h 35m,1 stop,In-flight meal not included,6017
SpiceJet,27/06/2019,Chennai,Kolkata,MAA → CCU,09:45,12:00,2h 15m,non-stop,No info,3597
Air India,21/03/2019,Delhi,Cochin,DEL → BLR → COK,13:30,23:00,9h 30m,1 stop,No info,5704
Jet Airways,3/06/2019,Delhi,Cochin,DEL → BOM → COK,19:45,04:25 04 Jun,8h 40m,1 stop,No info,14714
Air India,12/05/2019,Banglore,Delhi,BLR → DEL,10:00,12:45,2h 45m,non-stop,No info,5228
Jet Airways,1/04/2019,Kolkata,Banglore,CCU → DEL → BLR,09:35,10:55 02 Apr,25h 20m,1 stop,No info,11467
Vistara,6/06/2019,Banglore,Delhi,BLR → DEL,09:45,12:35,2h 50m,non-stop,No info,4668
IndiGo,18/04/2019,Banglore,Delhi,BLR → DEL,21:15,00:15 19 Apr,3h,non-stop,No info,4591
IndiGo,12/05/2019,Banglore,Delhi,BLR → DEL,21:15,00:15 13 May,3h,non-stop,No info,3943
Air India,21/04/2019,Banglore,Delhi,BLR → DEL,10:00,12:45,2h 45m,non-stop,No info,5228
Jet Airways,27/03/2019,Delhi,Cochin,DEL → BOM → COK,02:15,18:50,16h 35m,1 stop,No info,12242
Air India,9/06/2019,Delhi,Cochin,DEL → HYD → MAA → COK,07:05,09:25 10 Jun,26h 20m,2 stops,No info,11185
IndiGo,9/04/2019,Delhi,Cochin,DEL → BOM → COK,09:15,01:30 10 Apr,16h 15m,1 stop,No info,6573
Jet Airways,15/05/2019,Kolkata,Banglore,CCU → BOM → BLR,16:30,22:35,6h 5m,1 stop,No info,14781
Air India,12/06/2019,Kolkata,Banglore,CCU → GAU → DEL → BLR,16:45,08:55 13 Jun,16h 10m,2 stops,No info,14960
IndiGo,15/05/2019,Chennai,Kolkata,MAA → CCU,11:35,14:00,2h 25m,non-stop,No info,4332
Air Asia,03/03/2019,Banglore,New Delhi,BLR → DEL,05:50,08:40,2h 50m,non-stop,No info,7652
Jet Airways,24/05/2019,Kolkata,Banglore,CCU → DEL → BLR,09:35,21:05,11h 30m,1 stop,No info,14151
SpiceJet,12/06/2019,Banglore,Delhi,BLR → DEL,09:30,12:20,2h 50m,non-stop,No check-in baggage included,4319
Jet Airways,21/03/2019,Delhi,Cochin,DEL → AMD → BOM → COK,19:10,18:50 22 Mar,23h 40m,2 stops,No info,10929
Air India,24/03/2019,Kolkata,Banglore,CCU → DEL → VGA → BLR,07:00,10:00 25 Mar,27h,2 stops,No info,11491
IndiGo,18/04/2019,Delhi,Cochin,DEL → COK,14:20,17:35,3h 15m,non-stop,No info,6015
Jet Airways,12/06/2019,Kolkata,Banglore,CCU → DEL → BLR,09:35,21:05,11h 30m,1 stop,No info,12692
Air Asia,9/03/2019,Kolkata,Banglore,CCU → BLR,22:50,01:20 10 Mar,2h 30m,non-stop,No info,4384
IndiGo,3/06/2019,Banglore,Delhi,BLR → DEL,06:05,08:50,2h 45m,non-stop,No info,3943
Jet Airways,18/05/2019,Delhi,Cochin,DEL → BOM → COK,09:00,19:00,10h,1 stop,In-flight meal not included,12373
Jet Airways,06/03/2019,Banglore,New Delhi,BLR → BOM → DEL,08:00,13:15,5h 15m,1 stop,No info,19225
Jet Airways,9/03/2019,Delhi,Cochin,DEL → BOM → COK,19:45,18:50 10 Mar,23h 5m,1 stop,In-flight meal not included,14053
Air India,12/04/2019,Banglore,Delhi,BLR → DEL,13:20,16:10,2h 50m,non-stop,No info,5911
Multiple carriers,9/06/2019,Delhi,Cochin,DEL → BOM → COK,06:40,19:00,12h 20m,1 stop,No info,10877
Jet Airways,6/06/2019,Kolkata,Banglore,CCU → BOM → BLR,18:55,04:40 07 Jun,9h 45m,1 stop,In-flight meal not included,7757
IndiGo,21/03/2019,Delhi,Cochin,DEL → HYD → COK,07:35,16:10,8h 35m,1 stop,No info,6558
IndiGo,21/04/2019,Kolkata,Banglore,CCU → BLR,09:35,12:20,2h 45m,non-stop,No info,4804
Jet Airways,18/03/2019,Mumbai,Hyderabad,BOM → HYD,15:50,17:20,1h 30m,non-stop,No info,5678
Jet Airways,9/05/2019,Delhi,Cochin,DEL → BOM → COK,10:00,04:25 10 May,18h 25m,1 stop,In-flight meal not included,12373
Jet Airways,6/05/2019,Banglore,Delhi,BLR → DEL,06:00,08:45,2h 45m,non-stop,In-flight meal not included,5198
IndiGo,1/06/2019,Kolkata,Banglore,CCU → BLR,14:25,16:55,2h 30m,non-stop,No info,6064
Jet Airways,9/03/2019,Delhi,Cochin,DEL → BOM → COK,21:50,04:25 10 Mar,6h 35m,1 stop,No info,15029
Jet Airways,9/04/2019,Delhi,Cochin,DEL → JAI → BOM → COK,05:30,19:00,13h 30m,2 stops,No info,10909
Multiple carriers,9/03/2019,Delhi,Cochin,DEL → BOM → COK,08:40,19:45,11h 5m,1 stop,No info,18492
Jet Airways,24/06/2019,Delhi,Cochin,DEL → BOM → COK,02:15,04:25 25 Jun,26h 10m,1 stop,In-flight meal not included,10262
Jet Airways,18/05/2019,Kolkata,Banglore,CCU → GAU → BLR,11:50,17:35,5h 45m,1 stop,No info,8781
IndiGo,27/05/2019,Delhi,Cochin,DEL → HYD → COK,08:35,16:10,7h 35m,1 stop,No info,6442
Jet Airways,12/03/2019,Mumbai,Hyderabad,BOM → DEL → HYD,09:50,16:35,6h 45m,1 stop,No info,20120
Vistara,27/05/2019,Banglore,Delhi,BLR → DEL,19:30,22:15,2h 45m,non-stop,No info,4878
Jet Airways,06/03/2019,Banglore,New Delhi,BLR → BOM → DEL,05:45,18:25,12h 40m,1 stop,No info,16736
SpiceJet,24/05/2019,Kolkata,Banglore,CCU → IXB → BLR,11:15,18:30,7h 15m,1 stop,No info,9630
Vistara,9/05/2019,Kolkata,Banglore,CCU → DEL → BLR,07:10,18:50,11h 40m,1 stop,No info,8610
Vistara,27/06/2019,Chennai,Kolkata,MAA → CCU,07:05,09:20,2h 15m,non-stop,No info,3687
Vistara,15/05/2019,Kolkata,Banglore,CCU → DEL → BLR,20:20,09:05 16 May,12h 45m,1 stop,No info,8452
IndiGo,18/05/2019,Banglore,Delhi,BLR → DEL,10:30,13:20,2h 50m,non-stop,No info,3943
IndiGo,15/03/2019,Mumbai,Hyderabad,BOM → HYD,06:20,07:45,1h 25m,non-stop,No info,3342
Jet Airways,12/05/2019,Kolkata,Banglore,CCU → DEL → BLR,20:25,14:25 13 May,18h,1 stop,No info,13067
Vistara,6/05/2019,Banglore,Delhi,BLR → DEL,19:30,22:15,2h 45m,non-stop,No info,4878
Jet Airways,9/05/2019,Kolkata,Banglore,CCU → BOM → BLR,21:10,10:05 10 May,12h 55m,1 stop,No info,14388
Jet Airways,27/05/2019,Delhi,Cochin,DEL → AMD → BOM → COK,13:25,04:25 28 May,15h,2 stops,No info,16704
Air India,21/05/2019,Mumbai,Hyderabad,BOM → HYD,19:30,20:45,1h 15m,non-stop,No info,3100
Air India,12/03/2019,Banglore,New Delhi,BLR → BOM → IDR → GWL → DEL,17:25,18:05 13 Mar,24h 40m,3 stops,No info,13387
IndiGo,9/06/2019,Mumbai,Hyderabad,BOM → HYD,09:10,10:40,1h 30m,non-stop,No info,4049
Jet Airways,18/05/2019,Delhi,Cochin,DEL → JAI → BOM → COK,05:30,19:00,13h 30m,2 stops,In-flight meal not included,13029
SpiceJet,9/04/2019,Banglore,Delhi,BLR → DEL,21:10,00:05 10 Apr,2h 55m,non-stop,No check-in baggage included,3919
IndiGo,3/05/2019,Chennai,Kolkata,MAA → CCU,05:15,07:40,2h 25m,non-stop,No info,3850
Air India,24/06/2019,Delhi,Cochin,DEL → HYD → MAA → COK,13:15,09:25 25 Jun,20h 10m,2 stops,No info,8839
Jet Airways,1/04/2019,Kolkata,Banglore,CCU → BOM → BLR,16:30,04:40 02 Apr,12h 10m,1 stop,In-flight meal not included,7064
Jet Airways,12/05/2019,Kolkata,Banglore,CCU → BOM → BLR,20:00,08:15 13 May,12h 15m,1 stop,No info,13941
Air India,24/05/2019,Kolkata,Banglore,CCU → DEL → COK → TRV → BLR,10:00,10:30 25 May,24h 30m,3 stops,No info,13007
Jet Airways,18/05/2019,Kolkata,Banglore,CCU → BOM → BLR,14:05,22:35,8h 30m,1 stop,No info,14781
Jet Airways,18/03/2019,Mumbai,Hyderabad,BOM → HYD,19:35,21:05,1h 30m,non-stop,In-flight meal not included,2071
Jet Airways,21/06/2019,Delhi,Cochin,DEL → COK,11:00,14:15,3h 15m,non-stop,In-flight meal not included,4256
Vistara,09/03/2019,Banglore,New Delhi,BLR → DEL,16:00,18:35,2h 35m,non-stop,No info,7923
Air Asia,15/03/2019,Kolkata,Banglore,CCU → BLR,22:50,01:20 16 Mar,2h 30m,non-stop,No info,3782
Jet Airways,15/05/2019,Kolkata,Banglore,CCU → DEL → BLR,20:25,09:45 16 May,13h 20m,1 stop,In-flight meal not included,12384
Multiple carriers,21/03/2019,Delhi,Cochin,DEL → BOM → COK,10:00,01:35 22 Mar,15h 35m,1 stop,In-flight meal not included,8565
IndiGo,21/03/2019,Delhi,Cochin,DEL → BOM → COK,16:00,21:00,5h,1 stop,No info,6232
IndiGo,09/03/2019,Banglore,New Delhi,BLR → DEL,05:30,08:20,2h 50m,non-stop,No info,4777
Air India,1/06/2019,Kolkata,Banglore,CCU → BLR,20:45,23:20,2h 35m,non-stop,No info,4145
Air Asia,15/05/2019,Kolkata,Banglore,CCU → DEL → BLR,22:40,10:40 16 May,12h,1 stop,No info,5192
Air India,1/04/2019,Delhi,Cochin,DEL → COK,05:10,08:00,2h 50m,non-stop,No info,4729
IndiGo,3/06/2019,Delhi,Cochin,DEL → BOM → COK,06:40,21:00,14h 20m,1 stop,No info,6093
Air India,1/05/2019,Kolkata,Banglore,CCU → BOM → BLR,09:25,18:30,9h 5m,1 stop,No info,8891
Jet Airways,27/03/2019,Delhi,Cochin,DEL → BOM → COK,16:00,04:25 28 Mar,12h 25m,1 stop,No info,12242
Jet Airways,1/05/2019,Kolkata,Banglore,CCU → DEL → BLR,17:00,18:00 02 May,25h,1 stop,No info,11467
Jet Airways,21/05/2019,Kolkata,Banglore,CCU → BOM → BLR,21:10,09:20 22 May,12h 10m,1 stop,No info,14781
Multiple carriers,18/05/2019,Delhi,Cochin,DEL → BOM → COK,07:00,19:00,12h,1 stop,No info,10197
Jet Airways,06/03/2019,Banglore,New Delhi,BLR → BOM → DEL,21:25,09:30 07 Mar,12h 5m,1 stop,No info,17261
Air India,1/05/2019,Delhi,Cochin,DEL → MAA → COK,20:40,09:25 02 May,12h 45m,1 stop,No info,7480
IndiGo,21/05/2019,Kolkata,Banglore,CCU → BLR,15:30,18:05,2h 35m,non-stop,No info,4804
SpiceJet,21/04/2019,Kolkata,Banglore,CCU → BLR,09:00,11:25,2h 25m,non-stop,No check-in baggage included,4439
Jet Airways,6/06/2019,Delhi,Cochin,DEL → JAI → BOM → COK,05:30,04:25 07 Jun,22h 55m,2 stops,In-flight meal not included,10368
SpiceJet,21/03/2019,Delhi,Cochin,DEL → MAA → COK,06:10,11:20,5h 10m,1 stop,No info,6065
Jet Airways,24/05/2019,Kolkata,Banglore,CCU → BOM → BLR,18:55,04:40 25 May,9h 45m,1 stop,In-flight meal not included,8586
IndiGo,18/03/2019,Delhi,Cochin,DEL → COK,14:30,17:35,3h 5m,non-stop,No info,5406
Jet Airways,6/06/2019,Delhi,Cochin,DEL → BDQ → BOM → COK,18:25,04:25 07 Jun,10h,2 stops,In-flight meal not included,12142
Jet Airways,6/06/2019,Delhi,Cochin,DEL → BOM → COK,02:15,12:35,10h 20m,1 stop,No info,14714
Jet Airways,15/06/2019,Delhi,Cochin,DEL → BOM → COK,02:15,04:25 16 Jun,26h 10m,1 stop,In-flight meal not included,10262
Air India,06/03/2019,Banglore,New Delhi,BLR → MAA → DEL,11:50,23:55,12h 5m,1 stop,No info,15434
Air India,18/05/2019,Kolkata,Banglore,CCU → BBI → BOM → BLR,12:00,11:10 19 May,23h 10m,2 stops,No info,10676
IndiGo,21/04/2019,Kolkata,Banglore,CCU → BLR,20:20,22:55,2h 35m,non-stop,No info,4804
Jet Airways,9/06/2019,Delhi,Cochin,DEL → JAI → BOM → COK,19:30,12:35 10 Jun,17h 5m,2 stops,No info,13014
IndiGo,3/05/2019,Banglore,Delhi,BLR → DEL,10:10,13:00,2h 50m,non-stop,No info,3943
Air India,6/03/2019,Mumbai,Hyderabad,BOM → COK → MAA → HYD,05:30,22:00,16h 30m,2 stops,No info,9678
Jet Airways,15/05/2019,Kolkata,Banglore,CCU → BOM → BLR,08:25,19:50,11h 25m,1 stop,No info,14781
Multiple carriers,15/05/2019,Delhi,Cochin,DEL → BOM → COK,09:00,19:00,10h,1 stop,No info,10197
Air India,9/05/2019,Delhi,Cochin,DEL → BHO → BOM → COK,05:55,19:15,13h 20m,2 stops,No info,10861
Jet Airways,1/05/2019,Kolkata,Banglore,CCU → BOM → BLR,21:10,04:40 02 May,7h 30m,1 stop,In-flight meal not included,10844
Air India,21/05/2019,Delhi,Cochin,DEL → MAA → COK,17:20,09:25 22 May,16h 5m,1 stop,No info,7480
IndiGo,24/06/2019,Delhi,Cochin,DEL → BOM → COK,17:10,01:30 25 Jun,8h 20m,1 stop,No info,5684
Jet Airways,6/06/2019,Delhi,Cochin,DEL → BOM → COK,16:00,19:00 07 Jun,27h,1 stop,No info,14714
Jet Airways,1/04/2019,Kolkata,Banglore,CCU → DEL → BLR,09:35,18:00,8h 25m,1 stop,In-flight meal not included,9314
Air India,15/03/2019,Kolkata,Banglore,CCU → BLR,20:45,23:20,2h 35m,non-stop,No info,4435
Multiple carriers,27/06/2019,Delhi,Cochin,DEL → BOM → COK,07:30,19:00,11h 30m,1 stop,No info,11789
SpiceJet,3/04/2019,Banglore,Delhi,BLR → DEL,21:10,00:05 04 Apr,2h 55m,non-stop,No check-in baggage included,3919
Jet Airways,6/04/2019,Banglore,Delhi,BLR → DEL,15:15,18:10,2h 55m,non-stop,In-flight meal not included,5198
SpiceJet,24/03/2019,Banglore,New Delhi,BLR → DEL,05:45,08:35,2h 50m,non-stop,No check-in baggage included,4273
Vistara,9/05/2019,Kolkata,Banglore,CCU → DEL → BLR,17:00,18:50 10 May,25h 50m,1 stop,No info,8820
IndiGo,6/05/2019,Mumbai,Hyderabad,BOM → HYD,12:00,13:30,1h 30m,non-stop,No info,2754
Vistara,9/06/2019,Kolkata,Banglore,CCU → DEL → BLR,20:20,23:25 10 Jun,27h 5m,1 stop,No info,8085
Jet Airways,9/06/2019,Kolkata,Banglore,CCU → DEL → BLR,20:25,21:05 10 Jun,24h 40m,1 stop,In-flight meal not included,10539
Jet Airways,9/06/2019,Kolkata,Banglore,CCU → DEL → BLR,09:35,22:05,12h 30m,1 stop,No info,14676
Jet Airways,27/03/2019,Delhi,Cochin,DEL → BOM → COK,02:15,04:25 28 Mar,26h 10m,1 stop,In-flight meal not included,6017
Jet Airways,1/04/2019,Banglore,Delhi,BLR → DEL,18:55,22:00,3h 5m,non-stop,In-flight meal not included,4544
Trujet,6/03/2019,Mumbai,Hyderabad,BOM → NDC → HYD,13:05,16:20,3h 15m,1 stop,No info,4140
Jet Airways,3/05/2019,Banglore,Delhi,BLR → DEL,11:10,14:05,2h 55m,non-stop,No info,7229
Air India,9/03/2019,Delhi,Cochin,DEL → GOI → BOM → COK,22:00,19:15 10 Mar,21h 15m,2 stops,No info,16373
Air India,1/05/2019,Kolkata,Banglore,CCU → IXR → DEL → BLR,05:50,23:15,17h 25m,2 stops,No info,10991
Jet Airways,18/05/2019,Kolkata,Banglore,CCU → BOM → BLR,14:05,12:00 19 May,21h 55m,1 stop,In-flight meal not included,9663
Air India,01/03/2019,Banglore,New Delhi,BLR → COK → DEL,22:00,23:20 02 Mar,25h 20m,1 stop,Change airports,14305
Air Asia,15/05/2019,Delhi,Cochin,DEL → BLR → COK,16:45,07:10 16 May,14h 25m,1 stop,No info,6752
Jet Airways,12/06/2019,Kolkata,Banglore,CCU → BOM → BLR,16:30,09:20 13 Jun,16h 50m,1 stop,In-flight meal not included,8529
IndiGo,27/03/2019,Delhi,Cochin,DEL → COK,05:35,08:50,3h 15m,non-stop,No info,4729
Multiple carriers,18/05/2019,Delhi,Cochin,DEL → BOM → COK,08:45,21:00,12h 15m,1 stop,No info,7670
Jet Airways,3/05/2019,Mumbai,Hyderabad,BOM → HYD,10:20,11:50,1h 30m,non-stop,In-flight meal not included,4995
Jet Airways,1/05/2019,Banglore,Delhi,BLR → DEL,08:20,11:20,3h,non-stop,No info,7229
IndiGo,27/04/2019,Banglore,Delhi,BLR → DEL,07:10,10:05,2h 55m,non-stop,No info,4823
Air Asia,27/03/2019,Kolkata,Banglore,CCU → BLR,19:35,22:05,2h 30m,non-stop,No info,3782
Jet Airways,21/05/2019,Delhi,Cochin,DEL → BOM → COK,18:15,19:00 22 May,24h 45m,1 stop,In-flight meal not included,12898
SpiceJet,24/05/2019,Kolkata,Banglore,CCU → BLR,22:20,00:40 25 May,2h 20m,non-stop,No check-in baggage included,3841
Multiple carriers,18/05/2019,Delhi,Cochin,DEL → BOM → COK,10:35,19:00,8h 25m,1 stop,No info,9627
Jet Airways,9/06/2019,Kolkata,Banglore,CCU → BOM → BLR,21:10,12:00 10 Jun,14h 50m,1 stop,No info,14571
IndiGo,24/03/2019,Kolkata,Banglore,CCU → BLR,15:20,17:55,2h 35m,non-stop,No info,6985
Jet Airways,21/06/2019,Mumbai,Hyderabad,BOM → HYD,07:05,08:30,1h 25m,non-stop,No info,8040
IndiGo,21/06/2019,Kolkata,Banglore,CCU → BLR,22:15,00:50 22 Jun,2h 35m,non-stop,No info,4804
Multiple carriers,27/06/2019,Delhi,Cochin,DEL → BOM → COK,04:55,19:00,14h 5m,1 stop,No info,10678
Jet Airways,24/03/2019,Kolkata,Banglore,CCU → BOM → BLR,16:55,18:10 25 Mar,25h 15m,1 stop,No info,14231
Jet Airways,12/06/2019,Kolkata,Banglore,CCU → BOM → BLR,20:00,16:20 13 Jun,20h 20m,1 stop,In-flight meal not included,8529
Air India,24/06/2019,Delhi,Cochin,DEL → GOI → BOM → COK,10:55,19:15,8h 20m,2 stops,No info,11753
Jet Airways,18/05/2019,Delhi,Cochin,DEL → AMD → BOM → COK,23:05,04:25 20 May,29h 20m,2 stops,No info,16704
Jet Airways,6/06/2019,Kolkata,Banglore,CCU → BOM → BLR,18:55,04:40 07 Jun,9h 45m,1 stop,No info,13374
Air India,1/05/2019,Mumbai,Hyderabad,BOM → HYD,21:05,22:25,1h 20m,non-stop,No info,3625
Jet Airways,21/05/2019,Delhi,Cochin,DEL → BOM → COK,16:00,19:00 22 May,27h,1 stop,No info,16079
Jet Airways,27/06/2019,Delhi,Cochin,DEL → BOM → COK,20:55,12:35 28 Jun,15h 40m,1 stop,In-flight meal not included,10262
Jet Airways,15/05/2019,Kolkata,Banglore,CCU → BOM → BLR,06:30,12:00,5h 30m,1 stop,In-flight meal not included,9663
Multiple carriers,18/05/2019,Delhi,Cochin,DEL → BOM → COK,18:00,01:30 19 May,7h 30m,1 stop,No info,9595
IndiGo,24/06/2019,Kolkata,Banglore,CCU → BLR,17:15,19:50,2h 35m,non-stop,No info,4804
Air India,9/06/2019,Kolkata,Banglore,CCU → DEL → AMD → BLR,10:00,05:25 10 Jun,19h 25m,2 stops,No info,12744
Air India,1/06/2019,Banglore,Delhi,BLR → DEL,13:20,16:10,2h 50m,non-stop,No info,6961
Jet Airways,6/05/2019,Kolkata,Banglore,CCU → BOM → BLR,14:05,04:40 07 May,14h 35m,1 stop,In-flight meal not included,9663
Multiple carriers,21/05/2019,Delhi,Cochin,DEL → BOM → COK,10:35,19:15,8h 40m,1 stop,No info,7575
Air India,03/03/2019,Banglore,New Delhi,BLR → BOM → NAG → DEL,19:10,10:35 07 Mar,15h 25m,2 stops,No info,13355
Air India,24/05/2019,Kolkata,Banglore,CCU → BOM → COK → BLR,09:25,13:45 25 May,28h 20m,2 stops,No info,12592
Air India,1/06/2019,Mumbai,Hyderabad,BOM → HYD,13:55,15:25,1h 30m,non-stop,No info,3625
Jet Airways,24/06/2019,Delhi,Cochin,DEL → BOM → COK,15:00,04:25 25 Jun,13h 25m,1 stop,In-flight meal not included,10262
Air India,21/05/2019,Delhi,Cochin,DEL → AMD → BOM → COK,19:45,19:15 22 May,23h 30m,2 stops,No info,9443
Air India,9/03/2019,Delhi,Cochin,DEL → BOM → COK,08:40,19:15,10h 35m,1 stop,No info,18959
IndiGo,3/03/2019,Mumbai,Hyderabad,BOM → HYD,06:20,07:45,1h 25m,non-stop,No info,4784
Air India,1/04/2019,Kolkata,Banglore,CCU → DEL → BLR,17:30,12:00 02 Apr,18h 30m,1 stop,No info,7893
Air India,27/06/2019,Delhi,Cochin,DEL → CCU → BOM → COK,06:50,07:40 28 Jun,24h 50m,2 stops,No info,14431
Jet Airways Business,01/03/2019,Banglore,New Delhi,BLR → BOM → DEL,05:45,11:25,5h 40m,1 stop,Business class,79512
Jet Airways,24/05/2019,Mumbai,Hyderabad,BOM → HYD,19:35,21:05,1h 30m,non-stop,In-flight meal not included,3210
Multiple carriers,9/03/2019,Delhi,Cochin,DEL → BOM → COK,06:00,21:00,15h,1 stop,No info,13677
Air India,27/05/2019,Delhi,Cochin,DEL → MAA → COK,06:05,09:25 28 May,27h 20m,1 stop,No info,7480
Air India,24/06/2019,Delhi,Cochin,DEL → BOM → COK,19:00,07:40 25 Jun,12h 40m,1 stop,No info,8372
Jet Airways,27/03/2019,Delhi,Cochin,DEL → IDR → BOM → COK,05:25,04:25 28 Mar,23h,2 stops,No info,11664
Air India,18/06/2019,Banglore,Delhi,BLR → DEL,10:00,12:45,2h 45m,non-stop,No info,6961
Air India,24/04/2019,Banglore,Delhi,BLR → DEL,17:00,19:45,2h 45m,non-stop,No info,6121
Air India,12/04/2019,Banglore,Delhi,BLR → DEL,06:10,08:55,2h 45m,non-stop,No info,5911
GoAir,6/05/2019,Banglore,Delhi,BLR → DEL,11:40,14:30,2h 50m,non-stop,No info,3398
Multiple carriers,9/06/2019,Delhi,Cochin,DEL → BOM → COK,19:00,01:30 10 Jun,6h 30m,1 stop,No info,7530
GoAir,24/05/2019,Banglore,Delhi,BLR → DEL,20:55,23:40,2h 45m,non-stop,No info,3419
Vistara,24/03/2019,Banglore,New Delhi,BLR → DEL,21:10,00:05 25 Mar,2h 55m,non-stop,No info,6558
Air India,9/06/2019,Kolkata,Banglore,CCU → DEL → BLR,20:30,20:25 10 Jun,23h 55m,1 stop,No info,10203
Jet Airways,12/03/2019,Banglore,New Delhi,BLR → BOM → DEL,18:55,20:20 13 Mar,25h 25m,1 stop,In-flight meal not included,11087
SpiceJet,24/03/2019,Banglore,New Delhi,BLR → DEL,20:30,23:20,2h 50m,non-stop,No info,5575
Air Asia,24/04/2019,Delhi,Cochin,DEL → BLR → COK,07:55,22:25,14h 30m,1 stop,No info,6152
Jet Airways,9/05/2019,Kolkata,Banglore,CCU → GAU → BLR,10:20,17:35,7h 15m,1 stop,In-flight meal not included,5608
Jet Airways,06/03/2019,Banglore,New Delhi,BLR → BOM → DEL,11:40,10:25 07 Mar,22h 45m,1 stop,No info,17261
Jet Airways,9/05/2019,Delhi,Cochin,DEL → JAI → BOM → COK,09:40,12:35 10 May,26h 55m,2 stops,No info,15129
GoAir,6/05/2019,Banglore,Delhi,BLR → DEL,20:55,23:40,2h 45m,non-stop,No info,3419
IndiGo,21/03/2019,Delhi,Cochin,DEL → BOM → COK,10:45,15:30,4h 45m,1 stop,No info,6218
Jet Airways,3/06/2019,Delhi,Cochin,DEL → BOM → COK,02:15,12:35,10h 20m,1 stop,No info,14714
Multiple carriers,3/06/2019,Delhi,Cochin,DEL → BOM → COK,11:30,19:15,7h 45m,1 stop,No info,14848
Jet Airways,12/05/2019,Kolkata,Banglore,CCU → GAU → BLR,10:20,17:35,7h 15m,1 stop,No info,9358
Air India,6/05/2019,Kolkata,Banglore,CCU → BOM → BLR,09:25,07:55 07 May,22h 30m,1 stop,No info,8366
Multiple carriers,6/03/2019,Delhi,Cochin,DEL → BOM → COK,11:30,19:15,7h 45m,1 stop,In-flight meal not included,15342
Jet Airways,21/03/2019,Mumbai,Hyderabad,BOM → HYD,03:05,04:25,1h 20m,non-stop,No info,5678
IndiGo,6/05/2019,Kolkata,Banglore,CCU → BLR,22:15,00:50 07 May,2h 35m,non-stop,No info,4804
Jet Airways,24/05/2019,Kolkata,Banglore,CCU → BOM → BLR,08:25,16:20,7h 55m,1 stop,No info,14571
Jet Airways,1/04/2019,Kolkata,Banglore,CCU → BOM → BLR,08:25,20:45,12h 20m,1 stop,No info,12681
Jet Airways,06/03/2019,Banglore,New Delhi,BLR → BOM → DEL,21:25,10:25 07 Mar,13h,1 stop,No info,17261
Vistara,9/06/2019,Kolkata,Banglore,CCU → DEL → BLR,17:00,10:45 10 Jun,17h 45m,1 stop,No info,9922
Jet Airways,18/05/2019,Kolkata,Banglore,CCU → BOM → BLR,18:55,12:00 19 May,17h 5m,1 stop,In-flight meal not included,10844
SpiceJet,21/04/2019,Banglore,Delhi,BLR → DEL,05:55,08:35,2h 40m,non-stop,No info,4423
IndiGo,24/05/2019,Banglore,Delhi,BLR → DEL,01:30,04:15,2h 45m,non-stop,No info,3419
Jet Airways,24/06/2019,Delhi,Cochin,DEL → BOM → COK,22:50,04:25 25 Jun,5h 35m,1 stop,No info,14714
Jet Airways,09/03/2019,Banglore,New Delhi,BLR → BOM → DEL,05:45,11:25,5h 40m,1 stop,In-flight meal not included,11087
IndiGo,27/06/2019,Delhi,Cochin,DEL → BOM → COK,16:00,01:30 28 Jun,9h 30m,1 stop,No info,6316
SpiceJet,27/05/2019,Chennai,Kolkata,MAA → CCU,09:45,12:00,2h 15m,non-stop,No check-in baggage included,3543
Jet Airways,6/06/2019,Kolkata,Banglore,CCU → BOM → BLR,18:55,12:00 07 Jun,17h 5m,1 stop,No info,14571
Jet Airways,9/06/2019,Kolkata,Banglore,CCU → DEL → BLR,09:35,18:00,8h 25m,1 stop,No info,14676
Jet Airways,06/03/2019,Banglore,New Delhi,BLR → BOM → DEL,16:55,09:30 07 Mar,16h 35m,1 stop,No info,17261
Jet Airways,15/05/2019,Kolkata,Banglore,CCU → BOM → BLR,08:25,23:35,15h 10m,1 stop,No info,13941
Air India,3/03/2019,Delhi,Cochin,DEL → BLR → COK,06:10,08:15 04 Mar,26h 5m,1 stop,No info,13348
Jet Airways,18/06/2019,Banglore,Delhi,BLR → DEL,11:10,14:05,2h 55m,non-stop,No info,8016
Jet Airways,27/05/2019,Delhi,Cochin,DEL → BOM → COK,07:05,12:35,5h 30m,1 stop,In-flight meal not included,12898
Jet Airways,9/04/2019,Banglore,Delhi,BLR → DEL,18:55,22:00,3h 5m,non-stop,No info,7229
SpiceJet,27/06/2019,Mumbai,Hyderabad,BOM → HYD,05:45,07:15,1h 30m,non-stop,No info,2017
Jet Airways,06/03/2019,Banglore,New Delhi,BLR → BOM → DEL,08:00,19:10,11h 10m,1 stop,No info,16736
SpiceJet,18/06/2019,Kolkata,Banglore,CCU → BLR,17:10,19:40,2h 30m,non-stop,No info,3873
IndiGo,9/05/2019,Delhi,Cochin,DEL → HYD → COK,14:20,22:30,8h 10m,1 stop,No info,6704
Jet Airways,6/06/2019,Kolkata,Banglore,CCU → BOM → BLR,18:55,19:50 07 Jun,24h 55m,1 stop,In-flight meal not included,10844
Vistara,09/03/2019,Banglore,New Delhi,BLR → DEL,19:40,22:20,2h 40m,non-stop,No info,7450
Jet Airways,06/03/2019,Banglore,New Delhi,BLR → BOM → DEL,16:55,05:05 07 Mar,12h 10m,1 stop,No info,16736
Jet Airways,15/06/2019,Delhi,Cochin,DEL → BOM → COK,15:00,12:35 16 Jun,21h 35m,1 stop,In-flight meal not included,10262
Air India,1/05/2019,Kolkata,Banglore,CCU → IXR → DEL → BLR,05:50,16:15 02 May,34h 25m,2 stops,No info,10991
SpiceJet,6/06/2019,Banglore,Delhi,BLR → DEL,21:10,00:05 07 Jun,2h 55m,non-stop,No info,3311
IndiGo,24/05/2019,Delhi,Cochin,DEL → BOM → COK,10:35,01:30 25 May,14h 55m,1 stop,No info,7081
IndiGo,27/04/2019,Banglore,Delhi,BLR → DEL,21:15,00:15 28 Apr,3h,non-stop,No info,3943
Air India,21/05/2019,Delhi,Cochin,DEL → BOM → COK,13:00,19:15,6h 15m,1 stop,No info,8372
Air India,9/03/2019,Delhi,Cochin,DEL → AMD → BOM → COK,19:45,19:15 10 Mar,23h 30m,2 stops,No info,11701
Jet Airways,3/06/2019,Banglore,Delhi,BLR → DEL,15:15,18:10,2h 55m,non-stop,In-flight meal not included,5769
Multiple carriers,12/06/2019,Delhi,Cochin,DEL → IDR → BOM → COK,15:05,01:30 13 Jun,10h 25m,2 stops,No info,15965
SpiceJet,12/06/2019,Banglore,Delhi,BLR → DEL,09:30,12:20,2h 50m,non-stop,No info,4423
Jet Airways,15/03/2019,Banglore,New Delhi,BLR → MAA → DEL,09:45,14:25,4h 40m,1 stop,In-flight meal not included,6136
Jet Airways,12/03/2019,Banglore,New Delhi,BLR → BOM → DEL,16:55,23:00,6h 5m,1 stop,In-flight meal not included,11087
IndiGo,3/06/2019,Chennai,Kolkata,MAA → CCU,05:15,07:40,2h 25m,non-stop,No info,3540
Jet Airways,21/05/2019,Delhi,Cochin,DEL → BOM → COK,14:00,04:25 22 May,14h 25m,1 stop,In-flight meal not included,12898
IndiGo,18/04/2019,Banglore,Delhi,BLR → DEL,06:05,08:50,2h 45m,non-stop,No info,4591
Air India,24/03/2019,Delhi,Cochin,DEL → BOM → COK,04:00,07:40 25 Mar,27h 40m,1 stop,No info,8635
Jet Airways,27/06/2019,Delhi,Cochin,DEL → BOM → COK,09:00,19:00,10h,1 stop,No info,14714
Jet Airways,18/05/2019,Kolkata,Banglore,CCU → DEL → BLR,20:25,19:10 19 May,22h 45m,1 stop,No info,14151
Multiple carriers,1/06/2019,Delhi,Cochin,DEL → BOM → COK,04:55,19:15,14h 20m,1 stop,No info,8835
Air India,21/05/2019,Kolkata,Banglore,CCU → DEL → BLR,17:30,08:55 22 May,15h 25m,1 stop,No info,11936
Jet Airways,9/06/2019,Delhi,Cochin,DEL → LKO → BOM → COK,21:35,12:35 10 Jun,15h,2 stops,No info,13882
Air India,1/04/2019,Delhi,Cochin,DEL → MAA → COK,17:20,09:25 02 Apr,16h 5m,1 stop,No info,5117
Jet Airways,24/05/2019,Banglore,Delhi,BLR → DEL,15:15,18:10,2h 55m,non-stop,In-flight meal not included,4544
IndiGo,15/05/2019,Delhi,Cochin,DEL → HYD → COK,06:50,22:30,15h 40m,1 stop,No info,6442
Air India,9/05/2019,Delhi,Cochin,DEL → GOI → BOM → COK,22:00,19:15 10 May,21h 15m,2 stops,No info,10441
IndiGo,21/05/2019,Mumbai,Hyderabad,BOM → HYD,20:05,21:40,1h 35m,non-stop,No info,2227
Jet Airways,15/04/2019,Banglore,Delhi,BLR → DEL,06:00,08:45,2h 45m,non-stop,No info,7229
Jet Airways,1/06/2019,Delhi,Cochin,DEL → BOM → COK,13:00,19:00,6h,1 stop,In-flight meal not included,10262
Jet Airways,12/03/2019,Banglore,New Delhi,BLR → BOM → DEL,08:00,21:20,13h 20m,1 stop,No info,13817
SpiceJet,21/05/2019,Delhi,Cochin,DEL → BLR → COK,17:55,22:50,4h 55m,1 stop,No info,5975
IndiGo,21/03/2019,Kolkata,Banglore,CCU → BLR,21:25,00:05 22 Mar,2h 40m,non-stop,No info,4148
Multiple carriers,6/06/2019,Delhi,Cochin,DEL → BOM → COK,11:30,21:00,9h 30m,1 stop,No info,13587
Jet Airways,21/03/2019,Mumbai,Hyderabad,BOM → HYD,03:05,04:25,1h 20m,non-stop,In-flight meal not included,2759
Jet Airways,15/05/2019,Banglore,Delhi,BLR → DEL,19:50,22:50,3h,non-stop,No info,7229
Air India,9/05/2019,Delhi,Cochin,DEL → HYD → BOM → COK,07:05,07:40 10 May,24h 35m,2 stops,No info,13547
SpiceJet,21/06/2019,Kolkata,Banglore,CCU → BLR,06:55,09:30,2h 35m,non-stop,No info,3873
Jet Airways,21/05/2019,Kolkata,Banglore,CCU → BOM → BLR,16:30,04:40 22 May,12h 10m,1 stop,No info,14388
Jet Airways,24/05/2019,Kolkata,Banglore,CCU → BOM → BLR,18:55,10:05 25 May,15h 10m,1 stop,No info,13731
SpiceJet,27/03/2019,Kolkata,Banglore,CCU → BLR,06:55,09:35,2h 40m,non-stop,No check-in baggage included,3815
Jet Airways,15/03/2019,Mumbai,Hyderabad,BOM → HYD,15:50,17:20,1h 30m,non-stop,No info,5678
Jet Airways,9/05/2019,Kolkata,Banglore,CCU → BOM → BLR,08:25,09:20 10 May,24h 55m,1 stop,In-flight meal not included,9663
GoAir,21/05/2019,Kolkata,Banglore,CCU → AMD → BLR,16:40,00:15 22 May,7h 35m,1 stop,No info,8855
Jet Airways,9/05/2019,Delhi,Cochin,DEL → JAI → BOM → COK,09:40,04:25 10 May,18h 45m,2 stops,No info,15129
Jet Airways,18/03/2019,Banglore,New Delhi,BLR → BOM → DEL,16:55,23:00,6h 5m,1 stop,No info,13555
Jet Airways,21/05/2019,Kolkata,Banglore,CCU → BOM → BLR,21:10,08:15 22 May,11h 5m,1 stop,In-flight meal not included,10844
Jet Airways,21/03/2019,Banglore,New Delhi,BLR → BOM → DEL,11:40,21:20,9h 40m,1 stop,In-flight meal not included,7832
Jet Airways,27/06/2019,Delhi,Cochin,DEL → AMD → BOM → COK,23:05,12:35 28 Jun,13h 30m,2 stops,In-flight meal not included,11150
Vistara,9/05/2019,Kolkata,Banglore,CCU → DEL → BLR,20:20,10:45 10 May,14h 25m,1 stop,No info,8452
Multiple carriers,9/06/2019,Delhi,Cochin,DEL → HYD → COK,09:45,16:10,6h 25m,1 stop,No info,9646
IndiGo,24/06/2019,Banglore,Delhi,BLR → DEL,10:10,13:00,2h 50m,non-stop,No info,3943
GoAir,12/06/2019,Delhi,Cochin,DEL → BOM → COK,07:00,12:55,5h 55m,1 stop,No info,5281
Air India,1/06/2019,Delhi,Cochin,DEL → HYD → BOM → COK,17:15,07:40 02 Jun,14h 25m,2 stops,No info,14667
Jet Airways,24/05/2019,Kolkata,Banglore,CCU → BOM → BLR,20:00,09:20 25 May,13h 20m,1 stop,No info,14571
Jet Airways,01/03/2019,Banglore,New Delhi,BLR → BDQ → DEL,05:50,12:20,6h 30m,1 stop,Business class,28097
Jet Airways,06/03/2019,Banglore,New Delhi,BLR → BOM → DEL,20:35,19:10 07 Mar,22h 35m,1 stop,No info,17471
Jet Airways,12/06/2019,Delhi,Cochin,DEL → BOM → COK,08:00,19:00,11h,1 stop,In-flight meal not included,10577
Multiple carriers,24/06/2019,Delhi,Cochin,DEL → BOM → COK,11:30,19:15,7h 45m,1 stop,No info,14848
IndiGo,15/04/2019,Banglore,Delhi,BLR → DEL,23:30,02:20 16 Apr,2h 50m,non-stop,No info,4591
IndiGo,18/05/2019,Chennai,Kolkata,MAA → CCU,19:35,21:55,2h 20m,non-stop,No info,3597
IndiGo,27/05/2019,Delhi,Cochin,DEL → HYD → COK,16:10,22:30,6h 20m,1 stop,No info,6938
Air Asia,24/06/2019,Kolkata,Banglore,CCU → BLR,19:55,22:25,2h 30m,non-stop,No info,3807
Jet Airways,12/06/2019,Delhi,Cochin,DEL → BOM → COK,09:00,19:00,10h,1 stop,In-flight meal not included,10262
Air India,9/05/2019,Kolkata,Banglore,CCU → JAI → DEL → BLR,08:20,20:25,12h 5m,2 stops,No info,11432
Jet Airways,21/03/2019,Banglore,New Delhi,BLR → DEL,19:55,22:35,2h 40m,non-stop,No info,7229
Multiple carriers,21/05/2019,Delhi,Cochin,DEL → BOM → COK,11:30,19:15,7h 45m,1 stop,No info,14848
Jet Airways,15/05/2019,Kolkata,Banglore,CCU → BOM → BLR,06:30,23:35,17h 5m,1 stop,In-flight meal not included,8586
Multiple carriers,9/04/2019,Delhi,Cochin,DEL → BOM → COK,10:35,19:15,8h 40m,1 stop,No info,6106
SpiceJet,3/05/2019,Kolkata,Banglore,CCU → BLR,22:20,00:40 04 May,2h 20m,non-stop,No info,3873
Jet Airways,15/06/2019,Delhi,Cochin,DEL → JDH → BOM → COK,11:40,19:00,7h 20m,2 stops,In-flight meal not included,15812
Jet Airways,24/05/2019,Kolkata,Banglore,CCU → DEL → BLR,20:25,14:25 25 May,18h,1 stop,No info,12121
Jet Airways,12/05/2019,Kolkata,Banglore,CCU → BOM → BLR,06:30,19:50,13h 20m,1 stop,In-flight meal not included,8586
Multiple carriers,12/06/2019,Delhi,Cochin,DEL → BOM → COK,07:30,19:15,11h 45m,1 stop,No info,7354
IndiGo,6/03/2019,Kolkata,Banglore,CCU → BLR,21:25,00:05 07 Mar,2h 40m,non-stop,No info,4778
IndiGo,9/06/2019,Delhi,Cochin,DEL → BOM → COK,08:30,21:00,12h 30m,1 stop,No info,6838
Multiple carriers,6/03/2019,Delhi,Cochin,DEL → HYD → COK,09:45,22:20,12h 35m,1 stop,No info,10276
Jet Airways,18/06/2019,Banglore,Delhi,BLR → DEL,08:20,11:20,3h,non-stop,No info,8016
Air India,21/03/2019,Banglore,New Delhi,BLR → HYD → DEL,08:15,18:30,10h 15m,1 stop,No info,4943
IndiGo,24/06/2019,Banglore,Delhi,BLR → DEL,08:30,11:20,2h 50m,non-stop,No info,4823
Jet Airways,1/04/2019,Kolkata,Banglore,CCU → BOM → BLR,08:25,16:20,7h 55m,1 stop,No info,12996
Air India,27/05/2019,Delhi,Cochin,DEL → BOM → COK,09:00,19:15,10h 15m,1 stop,No info,9929
Multiple carriers,3/06/2019,Delhi,Cochin,DEL → BOM → COK,10:00,01:30 04 Jun,15h 30m,1 stop,No info,9508
Air India,21/03/2019,Delhi,Cochin,DEL → COK,18:05,21:10,3h 5m,non-stop,No info,5674
IndiGo,18/06/2019,Chennai,Kolkata,MAA → CCU,11:35,14:00,2h 25m,non-stop,No info,3858
IndiGo,24/05/2019,Kolkata,Banglore,CCU → BLR,22:15,00:50 25 May,2h 35m,non-stop,No info,4804
Multiple carriers,27/05/2019,Delhi,Cochin,DEL → BOM → COK,14:00,01:30 28 May,11h 30m,1 stop,No info,13377
Jet Airways,27/05/2019,Delhi,Cochin,DEL → BOM → COK,15:00,04:25 28 May,13h 25m,1 stop,In-flight meal not included,12898
Air Asia,1/06/2019,Kolkata,Banglore,CCU → BLR,10:20,12:55,2h 35m,non-stop,No info,4409
Air Asia,1/06/2019,Delhi,Cochin,DEL → BLR → COK,07:55,22:25,14h 30m,1 stop,No info,8759
Air India,03/03/2019,Banglore,New Delhi,BLR → AMD → DEL,00:30,23:55,23h 25m,1 stop,No info,10394
IndiGo,18/03/2019,Chennai,Kolkata,MAA → CCU,11:35,14:00,2h 25m,non-stop,No info,3858
Air Asia,15/06/2019,Delhi,Cochin,DEL → BLR → COK,07:55,13:25,5h 30m,1 stop,No info,6253
Jet Airways,27/05/2019,Delhi,Cochin,DEL → AMD → BOM → COK,19:10,12:35 28 May,17h 25m,2 stops,No info,15129
GoAir,24/03/2019,Kolkata,Banglore,CCU → HYD → BLR,06:35,14:25,7h 50m,1 stop,No info,4773
Jet Airways,21/05/2019,Kolkata,Banglore,CCU → BOM → BLR,06:30,09:20 22 May,26h 50m,1 stop,In-flight meal not included,9663
Jet Airways,12/06/2019,Kolkata,Banglore,CCU → DEL → BLR,17:00,09:45 13 Jun,16h 45m,1 stop,No info,12692
IndiGo,6/06/2019,Banglore,Delhi,BLR → DEL,01:30,04:15,2h 45m,non-stop,No info,3943
Jet Airways,12/05/2019,Kolkata,Banglore,CCU → DEL → BLR,17:00,21:05 13 May,28h 5m,1 stop,In-flight meal not included,10703
IndiGo,27/03/2019,Delhi,Cochin,DEL → BOM → COK,06:40,21:00,14h 20m,1 stop,No info,8784
Multiple carriers,9/06/2019,Delhi,Cochin,DEL → BOM → COK,09:15,19:00,9h 45m,1 stop,No info,11622
IndiGo,24/05/2019,Chennai,Kolkata,MAA → CCU,22:05,00:25 25 May,2h 20m,non-stop,No info,5277
Air Asia,21/05/2019,Delhi,Cochin,DEL → BLR → COK,16:45,07:10 22 May,14h 25m,1 stop,No info,8327
IndiGo,9/03/2019,Delhi,Cochin,DEL → COK,05:35,08:50,3h 15m,non-stop,No info,6885
Jet Airways,12/06/2019,Banglore,Delhi,BLR → DEL,17:45,20:45,3h,non-stop,No info,8016
IndiGo,1/06/2019,Delhi,Cochin,DEL → PNQ → COK,23:30,04:35 02 Jun,5h 5m,1 stop,No info,10112
IndiGo,6/03/2019,Delhi,Cochin,DEL → BOM → COK,17:30,01:35 07 Mar,8h 5m,1 stop,No info,14871
Jet Airways,9/06/2019,Delhi,Cochin,DEL → BOM → COK,09:00,19:00,10h,1 stop,In-flight meal not included,10262
Jet Airways,24/03/2019,Mumbai,Hyderabad,BOM → HYD,19:35,21:05,1h 30m,non-stop,In-flight meal not included,2470
Air India,9/03/2019,Delhi,Cochin,DEL → HYD → MAA → COK,13:15,09:25 10 Mar,20h 10m,2 stops,No info,11622
Vistara,6/05/2019,Kolkata,Banglore,CCU → DEL → BLR,20:20,10:45 07 May,14h 25m,1 stop,No info,8662
Air India,24/06/2019,Delhi,Cochin,DEL → HYD → BOM → COK,17:15,19:15 25 Jun,26h,2 stops,No info,11972
Jet Airways,6/06/2019,Delhi,Cochin,DEL → LKO → BOM → COK,09:25,04:25 07 Jun,19h,2 stops,In-flight meal not included,11992
Jet Airways,18/05/2019,Delhi,Cochin,DEL → BOM → COK,10:00,04:25 19 May,18h 25m,1 stop,In-flight meal not included,12373
Multiple carriers,1/06/2019,Delhi,Cochin,DEL → BOM → COK,10:00,01:30 02 Jun,15h 30m,1 stop,No info,7198
Jet Airways,15/06/2019,Delhi,Cochin,DEL → BOM → COK,07:05,12:35,5h 30m,1 stop,No info,14714
IndiGo,9/06/2019,Delhi,Cochin,DEL → BOM → COK,16:00,01:30 10 Jun,9h 30m,1 stop,No info,6316
Air India,27/03/2019,Delhi,Cochin,DEL → BLR → COK,17:40,08:15 28 Mar,14h 35m,1 stop,No info,5998
Jet Airways,12/06/2019,Kolkata,Banglore,CCU → BOM → BLR,18:55,16:20 13 Jun,21h 25m,1 stop,No info,13044
Multiple carriers,12/06/2019,Delhi,Cochin,DEL → HYD → COK,13:05,22:30,9h 25m,1 stop,No info,9646
Air Asia,27/06/2019,Delhi,Cochin,DEL → BLR → COK,16:45,07:10 28 Jun,14h 25m,1 stop,No info,6451
GoAir,24/06/2019,Delhi,Cochin,DEL → BOM → COK,07:00,12:55,5h 55m,1 stop,No info,5281
Jet Airways,1/05/2019,Mumbai,Hyderabad,BOM → HYD,19:35,21:05,1h 30m,non-stop,In-flight meal not included,2228
IndiGo,1/06/2019,Banglore,Delhi,BLR → DEL,06:05,08:50,2h 45m,non-stop,No info,3943
Air India,15/06/2019,Delhi,Cochin,DEL → GOI → BOM → COK,10:55,07:40 16 Jun,20h 45m,2 stops,No info,11753
Jet Airways,24/06/2019,Delhi,Cochin,DEL → AMD → BOM → COK,23:05,12:35 25 Jun,13h 30m,2 stops,No info,12819
Jet Airways,21/03/2019,Delhi,Cochin,DEL → MAA → BOM → COK,13:55,18:50 22 Mar,28h 55m,2 stops,In-flight meal not included,8728
SpiceJet,9/05/2019,Delhi,Cochin,DEL → PNQ → COK,08:45,13:15,4h 30m,1 stop,No info,4812
Jet Airways,1/05/2019,Kolkata,Banglore,CCU → DEL → BLR,17:00,22:05 02 May,29h 5m,1 stop,No info,14151
Vistara,1/05/2019,Kolkata,Banglore,CCU → DEL → BLR,20:20,09:05 02 May,12h 45m,1 stop,No info,8452
IndiGo,24/03/2019,Kolkata,Banglore,CCU → HYD → BLR,15:10,20:15,5h 5m,1 stop,No info,6762
Jet Airways,12/03/2019,Banglore,New Delhi,BLR → BOM → DEL,18:55,13:15 13 Mar,18h 20m,1 stop,No info,13817
Jet Airways,21/05/2019,Delhi,Cochin,DEL → BOM → COK,14:00,12:35 22 May,22h 35m,1 stop,In-flight meal not included,12898
IndiGo,6/04/2019,Kolkata,Banglore,CCU → HYD → BLR,19:20,23:45,4h 25m,1 stop,No info,3480
Jet Airways,01/03/2019,Banglore,New Delhi,BLR → BOM → DEL,11:40,21:20,9h 40m,1 stop,1 Long layover,27992
Jet Airways,21/03/2019,Delhi,Cochin,DEL → BDQ → BOM → COK,18:25,04:25 22 Mar,10h,2 stops,In-flight meal not included,7791
Air India,21/03/2019,Delhi,Cochin,DEL → BLR → COK,06:10,23:00,16h 50m,1 stop,No info,5704
IndiGo,21/05/2019,Kolkata,Banglore,CCU → MAA → BLR,16:35,22:15,5h 40m,1 stop,No info,5268
GoAir,6/06/2019,Banglore,Delhi,BLR → DEL,11:40,14:30,2h 50m,non-stop,No info,3898
SpiceJet,15/03/2019,Kolkata,Banglore,CCU → BLR,09:00,11:30,2h 30m,non-stop,No info,3847
Multiple carriers,12/06/2019,Delhi,Cochin,DEL → BOM → COK,07:30,19:00,11h 30m,1 stop,No info,10877
Multiple carriers,9/04/2019,Delhi,Cochin,DEL → BOM → COK,08:45,19:15,10h 30m,1 stop,No info,8371
Multiple carriers,6/06/2019,Delhi,Cochin,DEL → HYD → COK,07:10,22:30,15h 20m,1 stop,No info,7038
Jet Airways,9/06/2019,Kolkata,Banglore,CCU → BOM → BLR,06:30,16:20,9h 50m,1 stop,No info,14571
Jet Airways,9/06/2019,Kolkata,Banglore,CCU → BOM → BLR,20:00,09:20 10 Jun,13h 20m,1 stop,In-flight meal not included,11841
Jet Airways,18/05/2019,Delhi,Cochin,DEL → AMD → BOM → COK,13:25,12:35 19 May,23h 10m,2 stops,No info,15129
SpiceJet,15/06/2019,Kolkata,Banglore,CCU → BLR,22:20,00:40 16 Jun,2h 20m,non-stop,No check-in baggage included,3841
Jet Airways,24/06/2019,Delhi,Cochin,DEL → BOM → COK,11:30,12:35 25 Jun,25h 5m,1 stop,In-flight meal not included,10262
Air India,6/04/2019,Kolkata,Banglore,CCU → BLR,20:45,23:20,2h 35m,non-stop,No info,4460
IndiGo,03/03/2019,Banglore,New Delhi,BLR → DEL,18:25,21:20,2h 55m,non-stop,No info,7648
Vistara,6/06/2019,Kolkata,Banglore,CCU → DEL → BLR,07:10,20:20,13h 10m,1 stop,No info,8610
IndiGo,18/06/2019,Chennai,Kolkata,MAA → CCU,13:15,15:35,2h 20m,non-stop,No info,3597
IndiGo,24/06/2019,Delhi,Cochin,DEL → HYD → COK,07:35,16:10,8h 35m,1 stop,No info,6442
IndiGo,9/03/2019,Delhi,Cochin,DEL → BOM → COK,06:40,21:00,14h 20m,1 stop,No info,12351
Multiple carriers,21/05/2019,Delhi,Cochin,DEL → BOM → COK,17:30,01:30 22 May,8h,1 stop,No info,14067
IndiGo,15/05/2019,Banglore,Delhi,BLR → DEL,20:00,22:50,2h 50m,non-stop,No info,4823
Vistara,24/03/2019,Kolkata,Banglore,CCU → DEL → BLR,17:00,22:10 25 Mar,29h 10m,1 stop,No info,12102
Jet Airways,24/05/2019,Mumbai,Hyderabad,BOM → HYD,07:05,08:30,1h 25m,non-stop,No info,8040
IndiGo,03/03/2019,Banglore,New Delhi,BLR → DEL,10:05,13:00,2h 55m,non-stop,No info,7648
IndiGo,9/05/2019,Delhi,Cochin,DEL → MAA → COK,02:00,07:25,5h 25m,1 stop,No info,6582
Vistara,12/06/2019,Banglore,Delhi,BLR → DEL,11:30,14:20,2h 50m,non-stop,No info,4668
IndiGo,1/04/2019,Banglore,Delhi,BLR → DEL,20:00,22:50,2h 50m,non-stop,No info,4823
SpiceJet,1/05/2019,Kolkata,Banglore,CCU → BLR,22:20,00:40 02 May,2h 20m,non-stop,No info,3873
Multiple carriers,18/05/2019,Delhi,Cochin,DEL → BOM → COK,10:20,19:15,8h 55m,1 stop,No info,8476
IndiGo,27/05/2019,Delhi,Cochin,DEL → MAA → COK,07:15,12:30,5h 15m,1 stop,No info,5636
Jet Airways,12/05/2019,Kolkata,Banglore,CCU → BOM → BLR,08:25,19:50,11h 25m,1 stop,In-flight meal not included,8586
IndiGo,6/06/2019,Banglore,Delhi,BLR → DEL,18:25,21:20,2h 55m,non-stop,No info,4823
Air India,6/03/2019,Delhi,Cochin,DEL → COK,05:10,08:00,2h 50m,non-stop,No info,6881
Jet Airways,9/05/2019,Kolkata,Banglore,CCU → BOM → BLR,14:05,22:35,8h 30m,1 stop,In-flight meal not included,10844
IndiGo,24/04/2019,Kolkata,Banglore,CCU → BBI → BLR,19:35,23:15,3h 40m,1 stop,No info,4226
Jet Airways,9/05/2019,Delhi,Cochin,DEL → BOM → COK,19:15,19:00 10 May,23h 45m,1 stop,In-flight meal not included,12373
Air India,6/06/2019,Kolkata,Banglore,CCU → JAI → BOM → BLR,08:20,21:50,13h 30m,2 stops,No info,10697
Jet Airways,3/06/2019,Mumbai,Hyderabad,BOM → HYD,10:20,11:50,1h 30m,non-stop,In-flight meal not included,4995
Air India,24/06/2019,Delhi,Cochin,DEL → AMD → BOM → COK,16:40,19:15 25 Jun,26h 35m,2 stops,No info,9443
Jet Airways,18/05/2019,Delhi,Cochin,DEL → JAI → BOM → COK,05:30,04:25 19 May,22h 55m,2 stops,In-flight meal not included,13029
Jet Airways,21/03/2019,Delhi,Cochin,DEL → BDQ → BOM → COK,18:25,04:25 23 Mar,34h,2 stops,No info,12347
Multiple carriers,9/06/2019,Delhi,Cochin,DEL → BOM → COK,13:00,21:00,8h,1 stop,No info,7408
Jet Airways,1/04/2019,Kolkata,Banglore,CCU → BOM → BLR,18:55,09:20 02 Apr,14h 25m,1 stop,In-flight meal not included,7064
Jet Airways,6/03/2019,Delhi,Cochin,DEL → BOM → COK,13:00,04:25 07 Mar,15h 25m,1 stop,In-flight meal not included,13843
IndiGo,12/04/2019,Kolkata,Banglore,CCU → BLR,15:30,18:05,2h 35m,non-stop,No info,4174
Multiple carriers,15/05/2019,Delhi,Cochin,DEL → GWL → IDR → BOM → COK,11:35,21:00,9h 25m,3 stops,No info,16294
SpiceJet,18/05/2019,Kolkata,Banglore,CCU → BLR,06:55,09:30,2h 35m,non-stop,No check-in baggage included,3841
IndiGo,15/06/2019,Banglore,Delhi,BLR → DEL,04:00,06:50,2h 50m,non-stop,No info,4423
Air India,12/06/2019,Delhi,Cochin,DEL → COK,05:10,08:00,2h 50m,non-stop,No info,5201
Air India,03/03/2019,Banglore,New Delhi,BLR → BOM → IDR → DEL,06:45,11:10 07 Mar,28h 25m,2 stops,No info,12599
IndiGo,21/05/2019,Mumbai,Hyderabad,BOM → HYD,06:25,07:55,1h 30m,non-stop,No info,4049
Air India,24/05/2019,Kolkata,Banglore,CCU → BOM → TRV → BLR,09:25,10:30 25 May,25h 5m,2 stops,No info,12797
Jet Airways,24/05/2019,Kolkata,Banglore,CCU → DEL → BLR,20:25,10:55 25 May,14h 30m,1 stop,No info,13067
Vistara,24/05/2019,Kolkata,Banglore,CCU → DEL → BLR,20:20,18:50 25 May,22h 30m,1 stop,No info,9345
IndiGo,21/05/2019,Delhi,Cochin,DEL → HYD → COK,05:05,12:10,7h 5m,1 stop,No info,6818
Jet Airways,3/05/2019,Mumbai,Hyderabad,BOM → HYD,10:20,11:50,1h 30m,non-stop,No info,8040
Jet Airways,12/06/2019,Delhi,Cochin,DEL → ATQ → BOM → COK,18:20,12:35 13 Jun,18h 15m,2 stops,No info,14300
Multiple carriers,15/05/2019,Delhi,Cochin,DEL → BOM → COK,18:15,01:30 16 May,7h 15m,1 stop,No info,13727
Jet Airways,21/03/2019,Banglore,New Delhi,BLR → BOM → DEL,16:55,10:25 19 Mar,17h 30m,1 stop,In-flight meal not included,7832
Multiple carriers,9/03/2019,Delhi,Cochin,DEL → BOM → COK,04:00,12:55,8h 55m,1 stop,No info,16259
IndiGo,27/06/2019,Banglore,Delhi,BLR → DEL,08:30,11:20,2h 50m,non-stop,No info,4823
Jet Airways,06/03/2019,Banglore,New Delhi,BLR → BOM → DEL,11:40,08:15 07 Mar,20h 35m,1 stop,No info,16736
Air India,6/06/2019,Kolkata,Banglore,CCU → BOM → AMD → BLR,09:25,05:25 07 Jun,20h,2 stops,No info,13217
Multiple carriers,27/03/2019,Delhi,Cochin,DEL → BOM → COK,12:50,21:00,8h 10m,1 stop,No info,6637
Jet Airways,9/06/2019,Kolkata,Banglore,CCU → BOM → BLR,18:55,12:00 10 Jun,17h 5m,1 stop,In-flight meal not included,10844
Multiple carriers,21/03/2019,Delhi,Cochin,DEL → BOM → COK,10:00,19:15,9h 15m,1 stop,In-flight meal not included,8401
SpiceJet,12/04/2019,Kolkata,Banglore,CCU → BLR,09:00,11:25,2h 25m,non-stop,No info,3873
Jet Airways,24/06/2019,Delhi,Cochin,DEL → ATQ → BOM → COK,20:00,04:25 25 Jun,8h 25m,2 stops,In-flight meal not included,12410
Jet Airways,18/05/2019,Delhi,Cochin,DEL → AMD → BOM → COK,23:05,12:35 19 May,13h 30m,2 stops,No info,15129
IndiGo,1/05/2019,Banglore,Delhi,BLR → DEL,13:00,15:50,2h 50m,non-stop,No info,4423
Jet Airways,27/05/2019,Delhi,Cochin,DEL → BOM → COK,13:00,19:00,6h,1 stop,No info,16079
Air India,6/06/2019,Kolkata,Banglore,CCU → VNS → DEL → BLR,14:30,08:55 07 Jun,18h 25m,2 stops,No info,15894
Multiple carriers,15/05/2019,Delhi,Cochin,DEL → BOM → COK,04:55,19:00,14h 5m,1 stop,No info,9103
Air India,12/06/2019,Delhi,Cochin,DEL → BLR → COK,09:45,08:15 13 Jun,22h 30m,1 stop,No info,8991
Air India,1/04/2019,Kolkata,Banglore,CCU → BOM → HBX → BLR,16:50,18:20 02 Apr,25h 30m,2 stops,No info,7893
IndiGo,3/03/2019,Mumbai,Hyderabad,BOM → HYD,02:30,04:00,1h 30m,non-stop,No info,4575
SpiceJet,3/05/2019,Kolkata,Banglore,CCU → BLR,09:00,11:25,2h 25m,non-stop,No info,3873
Jet Airways,21/03/2019,Banglore,New Delhi,BLR → BOM → DEL,05:45,21:20,15h 35m,1 stop,In-flight meal not included,7832
IndiGo,1/05/2019,Chennai,Kolkata,MAA → CCU,14:45,17:05,2h 20m,non-stop,No info,3597
Jet Airways,24/03/2019,Kolkata,Banglore,CCU → BOM → BLR,21:10,23:25 25 Mar,26h 15m,1 stop,No info,13759
Jet Airways,27/05/2019,Banglore,Delhi,BLR → DEL,18:55,22:00,3h 5m,non-stop,No info,7229
SpiceJet,15/04/2019,Kolkata,Banglore,CCU → BLR,06:55,09:30,2h 35m,non-stop,No info,3873
Multiple carriers,15/05/2019,Delhi,Cochin,DEL → BOM → COK,06:00,19:00,13h,1 stop,No info,9794
Air India,27/03/2019,Delhi,Cochin,DEL → BLR → COK,13:30,08:15 28 Mar,18h 45m,1 stop,No info,6681
IndiGo,21/04/2019,Banglore,Delhi,BLR → DEL,21:15,00:15 22 Apr,3h,non-stop,No info,4423
Jet Airways,15/05/2019,Kolkata,Banglore,CCU → BOM → BLR,08:25,19:50,11h 25m,1 stop,In-flight meal not included,10844
IndiGo,1/06/2019,Delhi,Cochin,DEL → BOM → COK,09:15,21:00,11h 45m,1 stop,No info,7258
Jet Airways,12/06/2019,Mumbai,Hyderabad,BOM → HYD,10:20,11:50,1h 30m,non-stop,In-flight meal not included,4995
Jet Airways,9/06/2019,Delhi,Cochin,DEL → BOM → COK,20:55,19:00 10 Jun,22h 5m,1 stop,No info,14924
Vistara,15/03/2019,Banglore,New Delhi,BLR → AMD → DEL,06:40,10:25 16 Mar,27h 45m,1 stop,No info,6590
Jet Airways,3/06/2019,Delhi,Cochin,DEL → BOM → COK,20:55,12:35 04 Jun,15h 40m,1 stop,In-flight meal not included,10262
SpiceJet,9/03/2019,Kolkata,Banglore,CCU → BLR,09:00,11:30,2h 30m,non-stop,No info,5515
Jet Airways,27/03/2019,Delhi,Cochin,DEL → AMD → BOM → COK,19:10,19:45 28 Mar,24h 35m,2 stops,In-flight meal not included,6643
IndiGo,24/06/2019,Mumbai,Hyderabad,BOM → HYD,19:05,20:35,1h 30m,non-stop,No info,2754
IndiGo,9/06/2019,Delhi,Cochin,DEL → BLR → COK,17:05,22:15,5h 10m,1 stop,No info,6493
IndiGo,24/05/2019,Kolkata,Banglore,CCU → NAG → BLR,18:05,23:30,5h 25m,1 stop,No info,6218
Air India,6/06/2019,Delhi,Cochin,DEL → BHO → BOM → COK,05:55,19:15,13h 20m,2 stops,No info,10861
IndiGo,6/03/2019,Delhi,Cochin,DEL → HYD → COK,07:35,16:10,8h 35m,1 stop,No info,7094
SpiceJet,24/03/2019,Mumbai,Hyderabad,BOM → HYD,22:45,00:10 25 Mar,1h 25m,non-stop,No info,2227
Jet Airways,21/04/2019,Banglore,Delhi,BLR → DEL,19:50,22:50,3h,non-stop,In-flight meal not included,4544
Air India,21/03/2019,Banglore,New Delhi,BLR → CCU → BBI → DEL,05:50,16:20,10h 30m,2 stops,No info,7664
Jet Airways,27/06/2019,Banglore,Delhi,BLR → DEL,17:45,20:45,3h,non-stop,No info,8016
Air Asia,27/05/2019,Kolkata,Banglore,CCU → BLR,22:50,01:20 28 May,2h 30m,non-stop,No info,3807
Air India,3/06/2019,Delhi,Cochin,DEL → LKO → BOM → COK,07:10,19:15,12h 5m,2 stops,No info,12698
Jet Airways,24/05/2019,Kolkata,Banglore,CCU → BOM → BLR,06:30,04:40 25 May,22h 10m,1 stop,In-flight meal not included,8586
Jet Airways,1/04/2019,Kolkata,Banglore,CCU → BOM → BLR,06:30,04:40 02 Apr,22h 10m,1 stop,In-flight meal not included,7064
IndiGo,9/06/2019,Delhi,Cochin,DEL → COK,05:35,08:50,3h 15m,non-stop,No info,5601
SpiceJet,21/05/2019,Delhi,Cochin,DEL → MAA → COK,15:45,22:05,6h 20m,1 stop,No info,7317
Air India,6/05/2019,Kolkata,Banglore,CCU → DEL → COK → TRV → BLR,10:00,10:30 07 May,24h 30m,3 stops,No info,12797
IndiGo,6/04/2019,Kolkata,Banglore,CCU → MAA → BLR,06:15,10:30,4h 15m,1 stop,No info,4226
Jet Airways,12/05/2019,Kolkata,Banglore,CCU → DEL → BLR,17:00,23:35,6h 35m,1 stop,No info,14151
IndiGo,27/03/2019,Delhi,Cochin,DEL → BOM → COK,10:45,01:35 28 Mar,14h 50m,1 stop,No info,6628
IndiGo,09/03/2019,Banglore,New Delhi,BLR → DEL,04:00,06:50,2h 50m,non-stop,No info,8033
Multiple carriers,1/06/2019,Delhi,Cochin,DEL → BOM → COK,10:35,19:00,8h 25m,1 stop,No info,11200
IndiGo,24/06/2019,Kolkata,Banglore,CCU → BLR,15:30,18:05,2h 35m,non-stop,No info,4804
Air Asia,12/06/2019,Kolkata,Banglore,CCU → DEL → BLR,22:40,10:40 13 Jun,12h,1 stop,No info,5192
Jet Airways,12/06/2019,Delhi,Cochin,DEL → JAI → BOM → COK,09:40,04:25 13 Jun,18h 45m,2 stops,No info,13014
Jet Airways,21/05/2019,Kolkata,Banglore,CCU → BOM → BLR,21:10,22:35 22 May,25h 25m,1 stop,In-flight meal not included,10844
Multiple carriers,6/03/2019,Delhi,Cochin,DEL → BOM → COK,07:00,15:30,8h 30m,1 stop,No info,15603
GoAir,3/04/2019,Banglore,Delhi,BLR → DEL,07:45,10:40,2h 55m,non-stop,No info,4239
Jet Airways,12/06/2019,Kolkata,Banglore,CCU → BOM → BLR,14:05,10:05 13 Jun,20h,1 stop,No info,13044
Jet Airways,27/05/2019,Delhi,Cochin,DEL → BOM → COK,18:15,19:00 28 May,24h 45m,1 stop,In-flight meal not included,12898
SpiceJet,1/04/2019,Kolkata,Banglore,CCU → PNQ → BLR,08:35,17:15,8h 40m,1 stop,No info,6013
Jet Airways,6/05/2019,Kolkata,Banglore,CCU → BOM → BLR,16:30,22:35,6h 5m,1 stop,No info,14781
Jet Airways,21/03/2019,Delhi,Cochin,DEL → BOM → COK,17:30,04:25 22 Mar,10h 55m,1 stop,No info,12557
Multiple carriers,6/03/2019,Delhi,Cochin,DEL → BOM → COK,04:45,18:50,14h 5m,1 stop,No info,13875
Jet Airways,15/06/2019,Delhi,Cochin,DEL → IDR → BOM → COK,09:35,04:25 16 Jun,18h 50m,2 stops,In-flight meal not included,11507
Air India,18/06/2019,Kolkata,Banglore,CCU → BLR,14:15,16:45,2h 30m,non-stop,No info,5510
GoAir,24/03/2019,Kolkata,Banglore,CCU → AMD → BLR,16:25,00:05 25 Mar,7h 40m,1 stop,No info,10198
Jet Airways,12/06/2019,Kolkata,Banglore,CCU → GAU → BLR,10:20,17:35,7h 15m,1 stop,No info,8355
Jet Airways,1/06/2019,Banglore,Delhi,BLR → DEL,18:55,22:00,3h 5m,non-stop,No info,8016
IndiGo,27/05/2019,Delhi,Cochin,DEL → BOM → COK,10:35,21:00,10h 25m,1 stop,No info,6314
Air India,9/03/2019,Delhi,Cochin,DEL → COK,05:10,08:00,2h 50m,non-stop,No info,5831
Jet Airways,24/06/2019,Delhi,Cochin,DEL → BOM → COK,19:15,04:25 25 Jun,9h 10m,1 stop,In-flight meal not included,10262
Multiple carriers,6/03/2019,Delhi,Cochin,DEL → BOM → COK,13:55,01:35 07 Mar,11h 40m,1 stop,In-flight meal not included,15136
Jet Airways,21/03/2019,Banglore,New Delhi,BLR → BOM → DEL,20:35,10:25 19 Mar,13h 50m,1 stop,In-flight meal not included,7832
SpiceJet,24/03/2019,Chennai,Kolkata,MAA → CCU,08:20,10:35,2h 15m,non-stop,No info,3859
IndiGo,6/04/2019,Kolkata,Banglore,CCU → BLR,15:15,17:45,2h 30m,non-stop,No info,4174
Jet Airways,06/03/2019,Banglore,New Delhi,BLR → BOM → DEL,05:45,11:25,5h 40m,1 stop,No info,19225
IndiGo,9/03/2019,Delhi,Cochin,DEL → BOM → COK,04:45,21:00,16h 15m,1 stop,No info,10518
IndiGo,6/04/2019,Banglore,Delhi,BLR → DEL,07:10,10:05,2h 55m,non-stop,No info,4823
Air India,24/03/2019,Banglore,New Delhi,BLR → DEL,10:00,12:45,2h 45m,non-stop,No info,7276
Multiple carriers,9/06/2019,Delhi,Cochin,DEL → BOM → COK,10:00,19:00,9h,1 stop,No info,12192
Air Asia,1/06/2019,Delhi,Cochin,DEL → BLR → COK,16:45,07:10 02 Jun,14h 25m,1 stop,No info,11410
Air India,21/05/2019,Kolkata,Banglore,CCU → DEL → COK → BLR,10:00,01:20 22 May,15h 20m,2 stops,No info,13033
Jet Airways,01/03/2019,Banglore,New Delhi,BLR → BOM → DEL,05:45,15:15,9h 30m,1 stop,No info,26890
IndiGo,27/06/2019,Kolkata,Banglore,CCU → BLR,15:15,17:45,2h 30m,non-stop,No info,4804
Jet Airways,15/05/2019,Kolkata,Banglore,CCU → BOM → BLR,18:55,20:45 16 May,25h 50m,1 stop,In-flight meal not included,10844
Air India,12/06/2019,Delhi,Cochin,DEL → JDH → BOM → COK,12:55,19:15 13 Jun,30h 20m,2 stops,No info,12436
IndiGo,21/06/2019,Banglore,Delhi,BLR → DEL,07:10,10:05,2h 55m,non-stop,No info,4823
IndiGo,3/06/2019,Mumbai,Hyderabad,BOM → HYD,21:20,22:50,1h 30m,non-stop,No info,2227
Jet Airways,1/06/2019,Delhi,Cochin,DEL → BOM → COK,20:55,12:35 02 Jun,15h 40m,1 stop,In-flight meal not included,10262
Jet Airways,3/03/2019,Delhi,Cochin,DEL → BOM → COK,08:00,04:25 04 Mar,20h 25m,1 stop,No info,17024
Jet Airways,27/03/2019,Delhi,Cochin,DEL → IXC → BOM → COK,06:20,04:25 28 Mar,22h 5m,2 stops,In-flight meal not included,9296
Air India,6/06/2019,Delhi,Cochin,DEL → COK,18:05,21:10,3h 5m,non-stop,No info,6094
Jet Airways,9/06/2019,Kolkata,Banglore,CCU → BOM → BLR,08:25,04:40 10 Jun,20h 15m,1 stop,In-flight meal not included,8586
Jet Airways,15/06/2019,Delhi,Cochin,DEL → NAG → BOM → COK,06:45,04:25 16 Jun,21h 40m,2 stops,In-flight meal not included,10919
GoAir,9/06/2019,Kolkata,Banglore,CCU → AMD → BLR,16:40,00:15 10 Jun,7h 35m,1 stop,No info,9495
Jet Airways,12/06/2019,Delhi,Cochin,DEL → BOM → COK,21:50,04:25 13 Jun,6h 35m,1 stop,No info,14714
Air India,24/06/2019,Delhi,Cochin,DEL → COK,14:10,17:10,3h,non-stop,No info,5201
Air India,27/03/2019,Delhi,Cochin,DEL → HYD → MAA → COK,09:45,09:25 28 Mar,23h 40m,2 stops,No info,7090
IndiGo,15/05/2019,Mumbai,Hyderabad,BOM → HYD,09:10,10:40,1h 30m,non-stop,No info,4575
Multiple carriers,15/05/2019,Delhi,Cochin,DEL → HYD → COK,07:05,16:10,9h 5m,1 stop,No info,9646
IndiGo,12/06/2019,Delhi,Cochin,DEL → MAA → COK,02:00,07:25,5h 25m,1 stop,No info,5636
Multiple carriers,15/06/2019,Delhi,Cochin,DEL → HYD → COK,07:05,16:10,9h 5m,1 stop,No info,9646
Jet Airways,9/03/2019,Mumbai,Hyderabad,BOM → HYD,19:40,21:10,1h 30m,non-stop,In-flight meal not included,4050
Jet Airways,9/06/2019,Delhi,Cochin,DEL → BOM → COK,21:50,19:00 10 Jun,21h 10m,1 stop,No info,14714
IndiGo,18/06/2019,Kolkata,Banglore,CCU → BLR,15:15,17:45,2h 30m,non-stop,No info,4804
Jet Airways,9/06/2019,Delhi,Cochin,DEL → BOM → COK,18:15,19:00 10 Jun,24h 45m,1 stop,In-flight meal not included,10577
GoAir,15/06/2019,Banglore,Delhi,BLR → DEL,20:55,23:40,2h 45m,non-stop,No info,3898
Jet Airways,6/06/2019,Kolkata,Banglore,CCU → BOM → BLR,20:00,12:00 07 Jun,16h,1 stop,No info,14571
Jet Airways,15/06/2019,Delhi,Cochin,DEL → NAG → BOM → COK,06:45,04:25 16 Jun,21h 40m,2 stops,In-flight meal not included,10919
Jet Airways,18/06/2019,Banglore,Delhi,BLR → DEL,06:00,08:45,2h 45m,non-stop,No info,8016
IndiGo,21/03/2019,Delhi,Cochin,DEL → HYD → COK,04:55,12:00,7h 5m,1 stop,No info,6287
Air India,6/06/2019,Kolkata,Banglore,CCU → BOM → BLR,16:50,07:55 07 Jun,15h 5m,1 stop,No info,8366
Jet Airways,6/03/2019,Delhi,Cochin,DEL → BOM → COK,11:30,18:50,7h 20m,1 stop,In-flight meal not included,15400
Vistara,03/03/2019,Banglore,New Delhi,BLR → DEL,19:40,22:20,2h 40m,non-stop,No info,8553
SpiceJet,9/04/2019,Kolkata,Banglore,CCU → BLR,06:55,09:30,2h 35m,non-stop,No check-in baggage included,3841
Air India,9/04/2019,Delhi,Cochin,DEL → BHO → BOM → COK,05:55,07:40 10 Apr,25h 45m,2 stops,No info,10021
SpiceJet,24/06/2019,Chennai,Kolkata,MAA → CCU,17:45,20:05,2h 20m,non-stop,No info,3597
IndiGo,24/05/2019,Chennai,Kolkata,MAA → CCU,11:35,14:00,2h 25m,non-stop,No info,4332
GoAir,21/06/2019,Banglore,Delhi,BLR → DEL,20:55,23:40,2h 45m,non-stop,No info,3898
Jet Airways,6/03/2019,Mumbai,Hyderabad,BOM → BDQ → DEL → HYD,13:05,16:50 07 Mar,27h 45m,2 stops,No info,21375
Vistara,6/06/2019,Kolkata,Banglore,CCU → DEL → BLR,07:10,23:25,16h 15m,1 stop,No info,8610
IndiGo,15/06/2019,Kolkata,Banglore,CCU → BLR,17:15,19:50,2h 35m,non-stop,No info,4804
Air India,1/06/2019,Delhi,Cochin,DEL → CCU → BOM → COK,14:25,19:15 02 Jun,28h 50m,2 stops,No info,13591
Jet Airways,6/05/2019,Kolkata,Banglore,CCU → BOM → BLR,06:30,16:20,9h 50m,1 stop,No info,14781
Jet Airways,15/03/2019,Banglore,New Delhi,BLR → BOM → DEL,08:00,13:15,5h 15m,1 stop,In-flight meal not included,9134
Air India,9/06/2019,Delhi,Cochin,DEL → NAG → BOM → COK,05:55,07:40 10 Jun,25h 45m,2 stops,No info,10493
Jet Airways,24/03/2019,Banglore,New Delhi,BLR → BOM → DEL,11:40,09:00 19 Mar,21h 20m,1 stop,In-flight meal not included,8147
SpiceJet,21/06/2019,Kolkata,Banglore,CCU → BLR,22:20,00:40 22 Jun,2h 20m,non-stop,No info,3873
Jet Airways,9/06/2019,Kolkata,Banglore,CCU → BOM → BLR,18:55,12:00 10 Jun,17h 5m,1 stop,No info,14571
Air India,03/03/2019,Banglore,New Delhi,BLR → VGA → HYD → DEL,10:30,21:25,10h 55m,2 stops,No info,11003
Jet Airways,3/06/2019,Delhi,Cochin,DEL → BOM → COK,19:15,04:25 04 Jun,9h 10m,1 stop,In-flight meal not included,10262
Jet Airways,21/03/2019,Delhi,Cochin,DEL → BOM → COK,02:15,18:50,16h 35m,1 stop,No info,12719
Jet Airways,24/06/2019,Delhi,Cochin,DEL → BOM → COK,20:55,19:00 25 Jun,22h 5m,1 stop,In-flight meal not included,10262
Air India,21/06/2019,Banglore,Delhi,BLR → DEL,17:00,19:45,2h 45m,non-stop,No info,7171
SpiceJet,27/04/2019,Banglore,Delhi,BLR → DEL,05:55,08:35,2h 40m,non-stop,No info,4423
Multiple carriers,9/03/2019,Delhi,Cochin,DEL → BOM → COK,17:25,01:35 10 Mar,8h 10m,1 stop,In-flight meal not included,12616
Air India,1/06/2019,Delhi,Cochin,DEL → HYD → BOM → COK,17:15,19:15 02 Jun,26h,2 stops,No info,12970
Jet Airways,24/03/2019,Kolkata,Banglore,CCU → BOM → BLR,21:10,10:05 25 Mar,12h 55m,1 stop,No info,14914
Jet Airways,6/05/2019,Mumbai,Hyderabad,BOM → HYD,02:55,04:20,1h 25m,non-stop,In-flight meal not included,3210
GoAir,21/04/2019,Banglore,Delhi,BLR → DEL,07:45,10:40,2h 55m,non-stop,No info,4632
Jet Airways,9/05/2019,Delhi,Cochin,DEL → BOM → COK,17:30,04:25 10 May,10h 55m,1 stop,In-flight meal not included,12373
IndiGo,15/06/2019,Kolkata,Banglore,CCU → BLR,14:25,16:55,2h 30m,non-stop,No info,4804
Multiple carriers,3/03/2019,Delhi,Cochin,DEL → GWL → IDR → BOM → COK,11:35,21:00,9h 25m,3 stops,No info,21829
Multiple carriers,1/06/2019,Delhi,Cochin,DEL → BOM → COK,08:00,21:00,13h,1 stop,No info,13587
Jet Airways,27/06/2019,Delhi,Cochin,DEL → AMD → BOM → COK,23:05,04:25 29 Jun,29h 20m,2 stops,No info,12819
Air Asia,27/03/2019,Delhi,Cochin,DEL → BLR → COK,20:10,07:10 28 Mar,11h,1 stop,No info,6151
Jet Airways,1/06/2019,Banglore,Delhi,BLR → DEL,15:15,18:10,2h 55m,non-stop,No info,8016
Multiple carriers,6/03/2019,Delhi,Cochin,DEL → BOM → COK,07:30,18:50,11h 20m,1 stop,No info,15135
IndiGo,21/05/2019,Delhi,Cochin,DEL → BOM → COK,17:10,01:30 22 May,8h 20m,1 stop,No info,6794
Vistara,15/05/2019,Kolkata,Banglore,CCU → DEL → BLR,17:00,20:20 16 May,27h 20m,1 stop,No info,8610
Air India,18/05/2019,Kolkata,Banglore,CCU → IXR → DEL → BLR,05:50,12:30 19 May,30h 40m,2 stops,No info,12723
Air India,6/06/2019,Kolkata,Banglore,CCU → BBI → BLR,12:00,13:15 07 Jun,25h 15m,1 stop,No info,7662
Multiple carriers,9/03/2019,Delhi,Cochin,DEL → BOM → COK,17:00,01:35 10 Mar,8h 35m,1 stop,No info,14343
Multiple carriers,1/06/2019,Delhi,Cochin,DEL → BOM → COK,10:20,01:30 02 Jun,15h 10m,1 stop,No info,6795
SpiceJet,9/05/2019,Kolkata,Banglore,CCU → BLR,22:20,00:40 10 May,2h 20m,non-stop,No info,3873
IndiGo,12/06/2019,Mumbai,Hyderabad,BOM → HYD,19:05,20:35,1h 30m,non-stop,No info,2754
Air India,6/03/2019,Mumbai,Hyderabad,BOM → CCU → HYD,06:10,21:15,15h 5m,1 stop,No info,16666
Multiple carriers,1/06/2019,Delhi,Cochin,DEL → BOM → COK,04:55,12:35,7h 40m,1 stop,No info,11098
Jet Airways,9/06/2019,Kolkata,Banglore,CCU → DEL → BLR,17:00,22:05 10 Jun,29h 5m,1 stop,In-flight meal not included,10539
Air India,27/05/2019,Delhi,Cochin,DEL → BOM → COK,07:00,19:15,12h 15m,1 stop,No info,9929
Jet Airways,12/05/2019,Kolkata,Banglore,CCU → BOM → BLR,16:30,16:20 13 May,23h 50m,1 stop,In-flight meal not included,10844
Jet Airways,6/06/2019,Kolkata,Banglore,CCU → DEL → BLR,09:35,14:25 07 Jun,28h 50m,1 stop,No info,12692
Jet Airways,21/03/2019,Delhi,Cochin,DEL → BOM → COK,20:50,04:25 22 Mar,7h 35m,1 stop,In-flight meal not included,9212
Multiple carriers,15/05/2019,Delhi,Cochin,DEL → BOM → COK,15:00,01:30 16 May,10h 30m,1 stop,No info,13727
Air Asia,15/06/2019,Banglore,Delhi,BLR → DEL,04:55,07:45,2h 50m,non-stop,No info,4282
Jet Airways,24/05/2019,Kolkata,Banglore,CCU → BOM → BLR,18:55,16:20 25 May,21h 25m,1 stop,In-flight meal not included,10844
Air India,27/06/2019,Delhi,Cochin,DEL → MAA → COK,17:20,09:25 28 Jun,16h 5m,1 stop,No info,7480
IndiGo,1/05/2019,Banglore,Delhi,BLR → DEL,16:55,19:55,3h,non-stop,No info,4823
Jet Airways,18/05/2019,Delhi,Cochin,DEL → BOM → COK,22:50,12:35 19 May,13h 45m,1 stop,In-flight meal not included,12373
Multiple carriers,21/03/2019,Delhi,Cochin,DEL → BOM → COK,11:40,21:00,9h 20m,1 stop,No info,7215
Air India,9/05/2019,Delhi,Cochin,DEL → MAA → COK,06:05,09:25 10 May,27h 20m,1 stop,No info,7480
Multiple carriers,24/06/2019,Delhi,Cochin,DEL → BOM → COK,09:00,21:00,12h,1 stop,No info,8143
IndiGo,3/05/2019,Banglore,Delhi,BLR → DEL,18:25,21:20,2h 55m,non-stop,No info,4823
Jet Airways,6/06/2019,Kolkata,Banglore,CCU → BOM → BLR,20:00,08:15 07 Jun,12h 15m,1 stop,In-flight meal not included,10844
SpiceJet,12/04/2019,Banglore,Delhi,BLR → DEL,21:10,00:05 13 Apr,2h 55m,non-stop,No info,5621
Vistara,18/05/2019,Kolkata,Banglore,CCU → DEL → BLR,20:20,20:20 19 May,24h,1 stop,No info,9555
IndiGo,21/03/2019,Banglore,New Delhi,BLR → DEL,01:30,04:15,2h 45m,non-stop,No info,4777
SpiceJet,03/03/2019,Banglore,New Delhi,BLR → DEL,09:35,12:30,2h 55m,non-stop,No info,7648
IndiGo,1/04/2019,Kolkata,Banglore,CCU → PAT → BLR,09:20,14:15,4h 55m,1 stop,No info,10308
Jet Airways,24/05/2019,Delhi,Cochin,DEL → JDH → BOM → COK,11:40,19:00,7h 20m,2 stops,No info,21219
IndiGo,6/05/2019,Kolkata,Banglore,CCU → PAT → BLR,09:20,14:15,4h 55m,1 stop,No info,11319
Jet Airways,15/05/2019,Kolkata,Banglore,CCU → BOM → BLR,21:10,20:45 16 May,23h 35m,1 stop,In-flight meal not included,10844
Multiple carriers,9/05/2019,Delhi,Cochin,DEL → BOM → COK,18:15,01:30 10 May,7h 15m,1 stop,No info,15078
SpiceJet,1/05/2019,Mumbai,Hyderabad,BOM → HYD,22:45,00:15 02 May,1h 30m,non-stop,No info,2017
Air Asia,1/06/2019,Kolkata,Banglore,CCU → BLR,22:50,01:20 02 Jun,2h 30m,non-stop,No info,4409
IndiGo,9/06/2019,Delhi,Cochin,DEL → HYD → COK,07:35,12:10,4h 35m,1 stop,No info,5054
Air India,15/03/2019,Banglore,New Delhi,BLR → CCU → GAU → DEL,05:50,22:10,16h 20m,2 stops,No info,10111
SpiceJet,18/03/2019,Banglore,New Delhi,BLR → DEL,20:30,23:20,2h 50m,non-stop,No check-in baggage included,4273
Jet Airways,21/03/2019,Delhi,Cochin,DEL → MAA → BOM → COK,13:55,18:50 22 Mar,28h 55m,2 stops,In-flight meal not included,8728
Air India,24/05/2019,Kolkata,Banglore,CCU → BOM → BLR,16:50,07:55 25 May,15h 5m,1 stop,No info,8576
Jet Airways,3/06/2019,Banglore,Delhi,BLR → DEL,17:45,20:45,3h,non-stop,No info,8016
Jet Airways,9/06/2019,Banglore,Delhi,BLR → DEL,15:15,18:10,2h 55m,non-stop,No info,8016
Jet Airways,18/05/2019,Kolkata,Banglore,CCU → DEL → BLR,20:25,23:35 19 May,27h 10m,1 stop,No info,14151
IndiGo,15/04/2019,Banglore,Delhi,BLR → DEL,06:05,08:50,2h 45m,non-stop,No info,4423
Jet Airways,15/06/2019,Mumbai,Hyderabad,BOM → HYD,07:05,08:30,1h 25m,non-stop,In-flight meal not included,4050
Jet Airways,6/05/2019,Kolkata,Banglore,CCU → BOM → BLR,14:05,19:50,5h 45m,1 stop,No info,14781
Jet Airways,15/05/2019,Kolkata,Banglore,CCU → BOM → BLR,20:00,08:15 16 May,12h 15m,1 stop,In-flight meal not included,8586
Air Asia,21/05/2019,Kolkata,Banglore,CCU → BBI → BLR,19:55,23:30,3h 35m,1 stop,No info,5162
Jet Airways,9/06/2019,Kolkata,Banglore,CCU → BOM → BLR,21:10,04:40 10 Jun,7h 30m,1 stop,No info,13731
Jet Airways,21/03/2019,Delhi,Cochin,DEL → BOM → COK,13:00,04:25 22 Mar,15h 25m,1 stop,In-flight meal not included,7438
Jet Airways,15/05/2019,Kolkata,Banglore,CCU → DEL → BLR,09:35,10:55 16 May,25h 20m,1 stop,No info,14151
Vistara,12/04/2019,Banglore,Delhi,BLR → DEL,21:00,23:50,2h 50m,non-stop,No info,5613
IndiGo,15/05/2019,Kolkata,Banglore,CCU → HYD → BLR,15:15,20:05,4h 50m,1 stop,No info,5380
Jet Airways,21/03/2019,Delhi,Cochin,DEL → BOM → COK,11:30,04:25 22 Mar,16h 55m,1 stop,In-flight meal not included,7438
Multiple carriers,1/06/2019,Delhi,Cochin,DEL → HYD → COK,07:05,22:30,15h 25m,1 stop,No info,9646
Air Asia,15/05/2019,Delhi,Cochin,DEL → BLR → COK,20:45,07:10 16 May,10h 25m,1 stop,No info,6853
Jet Airways,18/03/2019,Banglore,New Delhi,BLR → BOM → DEL,14:05,20:20,6h 15m,1 stop,No info,13555
IndiGo,15/06/2019,Delhi,Cochin,DEL → BOM → COK,17:30,01:30 16 Jun,8h,1 stop,No info,5883
IndiGo,9/03/2019,Delhi,Cochin,DEL → HYD → COK,04:55,12:00,7h 5m,1 stop,No info,6171
IndiGo,21/05/2019,Mumbai,Hyderabad,BOM → HYD,16:55,18:25,1h 30m,non-stop,No info,3175
IndiGo,27/03/2019,Delhi,Cochin,DEL → AMD → COK,07:45,13:40,5h 55m,1 stop,No info,4832
Multiple carriers,1/06/2019,Delhi,Cochin,DEL → BOM → COK,16:00,01:30 02 Jun,9h 30m,1 stop,No info,13377
Jet Airways,24/06/2019,Delhi,Cochin,DEL → BOM → COK,19:45,04:25 25 Jun,8h 40m,1 stop,In-flight meal not included,10262
Jet Airways,1/06/2019,Delhi,Cochin,DEL → BOM → COK,18:15,12:35 02 Jun,18h 20m,1 stop,In-flight meal not included,10262
Air India,18/05/2019,Delhi,Cochin,DEL → JAI → BOM → COK,12:00,07:40 19 May,19h 40m,2 stops,No info,8603
Jet Airways,6/06/2019,Kolkata,Banglore,CCU → BOM → BLR,06:30,04:40 07 Jun,22h 10m,1 stop,In-flight meal not included,8586
Vistara,21/05/2019,Kolkata,Banglore,CCU → DEL → BLR,20:20,09:05 22 May,12h 45m,1 stop,No info,8452
Jet Airways,24/03/2019,Kolkata,Banglore,CCU → BOM → BLR,18:55,18:10 25 Mar,23h 15m,1 stop,No info,14231
Jet Airways,21/05/2019,Delhi,Cochin,DEL → BOM → COK,08:00,19:00,11h,1 stop,No info,16289
SpiceJet,03/03/2019,Banglore,New Delhi,BLR → DEL,09:35,12:30,2h 55m,non-stop,No info,6860
IndiGo,9/05/2019,Mumbai,Hyderabad,BOM → HYD,02:35,04:05,1h 30m,non-stop,No info,2754
Multiple carriers,9/06/2019,Delhi,Cochin,DEL → HYD → COK,07:05,22:30,15h 25m,1 stop,No info,9646
Air India,27/05/2019,Chennai,Kolkata,MAA → CCU,11:40,13:55,2h 15m,non-stop,No info,4667
IndiGo,21/04/2019,Kolkata,Banglore,CCU → BLR,15:30,18:05,2h 35m,non-stop,No info,4804
IndiGo,09/03/2019,Banglore,New Delhi,BLR → DEL,01:30,04:15,2h 45m,non-stop,No info,4545
Jet Airways,01/03/2019,Banglore,New Delhi,BLR → BOM → DEL,22:50,20:20 02 Mar,21h 30m,1 stop,No info,25735
Jet Airways,21/03/2019,Delhi,Cochin,DEL → JAI → BOM → COK,05:30,04:25 22 Mar,22h 55m,2 stops,No info,12647
Jet Airways,1/05/2019,Kolkata,Banglore,CCU → BOM → BLR,14:05,08:15 02 May,18h 10m,1 stop,In-flight meal not included,8586
IndiGo,9/06/2019,Chennai,Kolkata,MAA → CCU,22:05,00:25 10 Jun,2h 20m,non-stop,No info,5277
IndiGo,27/03/2019,Delhi,Cochin,DEL → BOM → COK,11:30,01:35 28 Mar,14h 5m,1 stop,No info,6206
Air Asia,12/04/2019,Banglore,Delhi,BLR → DEL,11:10,13:55,2h 45m,non-stop,No info,4483
Vistara,24/05/2019,Kolkata,Banglore,CCU → DEL → BLR,17:00,18:50 25 May,25h 50m,1 stop,No info,9870
SpiceJet,27/06/2019,Kolkata,Banglore,CCU → BLR,17:10,19:40,2h 30m,non-stop,No check-in baggage included,3841
SpiceJet,27/03/2019,Kolkata,Banglore,CCU → BLR,09:00,11:30,2h 30m,non-stop,No check-in baggage included,3815
IndiGo,24/03/2019,Banglore,New Delhi,BLR → DEL,23:30,02:20 25 Mar,2h 50m,non-stop,No info,6860
Jet Airways,1/05/2019,Kolkata,Banglore,CCU → DEL → BLR,20:25,10:55 02 May,14h 30m,1 stop,No info,12121
Jet Airways,27/03/2019,Delhi,Cochin,DEL → BOM → COK,09:55,18:50,8h 55m,1 stop,In-flight meal not included,5963
SpiceJet,6/06/2019,Banglore,Delhi,BLR → DEL,05:55,08:35,2h 40m,non-stop,No info,3625
SpiceJet,15/06/2019,Kolkata,Banglore,CCU → BLR,09:00,11:25,2h 25m,non-stop,No check-in baggage included,3841
IndiGo,12/06/2019,Banglore,Delhi,BLR → DEL,20:00,22:50,2h 50m,non-stop,No info,4823
Multiple carriers,12/06/2019,Delhi,Cochin,DEL → HYD → COK,09:45,16:10,6h 25m,1 stop,No info,9646
Jet Airways,27/05/2019,Delhi,Cochin,DEL → BOM → COK,02:15,12:35,10h 20m,1 stop,In-flight meal not included,10152
IndiGo,3/06/2019,Delhi,Cochin,DEL → HYD → COK,06:50,22:30,15h 40m,1 stop,No info,7514
Jet Airways,06/03/2019,Banglore,New Delhi,BLR → BOM → DEL,07:00,18:25,11h 25m,1 stop,No info,16736
Jet Airways,6/05/2019,Kolkata,Banglore,CCU → BOM → BLR,18:55,10:05 07 May,15h 10m,1 stop,No info,13584
Air India,21/05/2019,Kolkata,Banglore,CCU → JAI → BOM → BLR,08:20,07:55 22 May,23h 35m,2 stops,No info,11222
IndiGo,1/05/2019,Chennai,Kolkata,MAA → CCU,07:55,10:15,2h 20m,non-stop,No info,3850
Vistara,24/03/2019,Banglore,New Delhi,BLR → DEL,12:00,14:40,2h 40m,non-stop,No info,7608
Jet Airways,12/05/2019,Kolkata,Banglore,CCU → BOM → BLR,20:00,16:20 13 May,20h 20m,1 stop,In-flight meal not included,10844
Multiple carriers,9/06/2019,Delhi,Cochin,DEL → BOM → COK,17:00,01:30 10 Jun,8h 30m,1 stop,No info,7408
Vistara,18/05/2019,Chennai,Kolkata,MAA → CCU,07:05,09:20,2h 15m,non-stop,No info,3687
SpiceJet,3/03/2019,Delhi,Cochin,DEL → BLR → COK,16:35,22:50,6h 15m,1 stop,No info,11726
Jet Airways,6/05/2019,Kolkata,Banglore,CCU → BOM → BLR,06:30,09:20 07 May,26h 50m,1 stop,In-flight meal not included,9663
Air India,24/03/2019,Kolkata,Banglore,CCU → DEL → COK → BLR,07:00,13:45 25 Mar,30h 45m,2 stops,No info,12829
IndiGo,27/06/2019,Delhi,Cochin,DEL → BOM → COK,16:00,21:00,5h,1 stop,No info,6069
Jet Airways,12/06/2019,Kolkata,Banglore,CCU → BOM → BLR,16:30,19:50 13 Jun,27h 20m,1 stop,In-flight meal not included,8529
Vistara,9/05/2019,Kolkata,Banglore,CCU → DEL → BLR,17:00,23:25,6h 25m,1 stop,No info,8085
Vistara,15/05/2019,Banglore,Delhi,BLR → DEL,19:30,22:15,2h 45m,non-stop,No info,4878
IndiGo,3/04/2019,Banglore,Delhi,BLR → DEL,13:00,15:50,2h 50m,non-stop,No info,4077
IndiGo,9/05/2019,Kolkata,Banglore,CCU → PNQ → BLR,21:00,02:15 10 May,5h 15m,1 stop,No info,7605
Jet Airways,15/06/2019,Delhi,Cochin,DEL → JAI → BOM → COK,05:30,04:25 16 Jun,22h 55m,2 stops,No info,13014
IndiGo,3/03/2019,Delhi,Cochin,DEL → HYD → COK,07:35,22:20,14h 45m,1 stop,No info,11600
Jet Airways,12/05/2019,Kolkata,Banglore,CCU → DEL → BLR,17:00,09:45 13 May,16h 45m,1 stop,No info,14151
Air India,24/06/2019,Delhi,Cochin,DEL → HYD → BOM → COK,13:15,07:40 25 Jun,18h 25m,2 stops,No info,12497
Jet Airways,6/03/2019,Delhi,Cochin,DEL → BOM → COK,02:15,18:50,16h 35m,1 stop,No info,17024
SpiceJet,9/03/2019,Chennai,Kolkata,MAA → CCU,09:30,12:05,2h 35m,non-stop,No info,6300
Multiple carriers,6/03/2019,Delhi,Cochin,DEL → BOM → COK,17:45,01:35 07 Mar,7h 50m,1 stop,No info,15147
Multiple carriers,1/06/2019,Delhi,Cochin,DEL → BOM → COK,12:50,01:30 02 Jun,12h 40m,1 stop,No info,6795
IndiGo,3/03/2019,Mumbai,Hyderabad,BOM → HYD,19:05,20:30,1h 25m,non-stop,No info,5755
Air India,12/05/2019,Kolkata,Banglore,CCU → DEL → BLR,20:30,16:15 13 May,19h 45m,1 stop,No info,10203
Jet Airways,6/06/2019,Delhi,Cochin,DEL → BOM → COK,11:30,04:25 07 Jun,16h 55m,1 stop,No info,14714
IndiGo,18/03/2019,Banglore,New Delhi,BLR → DEL,22:20,01:10 19 Mar,2h 50m,non-stop,No info,4545
Jet Airways,15/05/2019,Kolkata,Banglore,CCU → BOM → BLR,06:30,20:45,14h 15m,1 stop,No info,14781
Air India,12/03/2019,Banglore,New Delhi,BLR → TRV → COK → DEL,07:30,11:05 13 Mar,27h 35m,2 stops,No info,11602
IndiGo,6/05/2019,Mumbai,Hyderabad,BOM → HYD,06:25,07:55,1h 30m,non-stop,No info,4049
Jet Airways,9/05/2019,Delhi,Cochin,DEL → JAI → BOM → COK,05:30,04:25 10 May,22h 55m,2 stops,In-flight meal not included,13029
Jet Airways,9/06/2019,Kolkata,Banglore,CCU → BOM → BLR,08:25,20:45,12h 20m,1 stop,No info,14571
Air India,9/06/2019,Banglore,Delhi,BLR → DEL,06:10,08:55,2h 45m,non-stop,No info,6961
SpiceJet,15/05/2019,Kolkata,Banglore,CCU → PNQ → BLR,08:35,17:15,8h 40m,1 stop,No info,6381
SpiceJet,1/04/2019,Kolkata,Banglore,CCU → BLR,06:55,09:30,2h 35m,non-stop,No check-in baggage included,3841
Jet Airways,21/03/2019,Delhi,Cochin,DEL → IXC → BOM → COK,06:20,04:25 22 Mar,22h 5m,2 stops,No info,11538
Vistara,6/05/2019,Kolkata,Banglore,CCU → DEL → BLR,20:20,20:20 07 May,24h,1 stop,No info,8610
Air India,6/03/2019,Delhi,Cochin,DEL → HYD → BOM → COK,07:05,19:15 07 Mar,36h 10m,2 stops,No info,11552
Multiple carriers,1/06/2019,Delhi,Cochin,DEL → BOM → COK,07:00,21:00,14h,1 stop,No info,7408
Jet Airways,27/06/2019,Delhi,Cochin,DEL → BOM → COK,19:45,12:35 28 Jun,16h 50m,1 stop,In-flight meal not included,10262
Air India,6/05/2019,Kolkata,Banglore,CCU → IXR → DEL → BLR,05:50,08:55 07 May,27h 5m,2 stops,No info,10991
Multiple carriers,9/06/2019,Delhi,Cochin,DEL → BOM → COK,18:15,01:30 10 Jun,7h 15m,1 stop,No info,13587
Air India,15/05/2019,Delhi,Cochin,DEL → MAA → COK,12:30,09:25 16 May,20h 55m,1 stop,No info,7480
IndiGo,09/03/2019,Banglore,New Delhi,BLR → IDR → DEL,17:55,22:55,5h,1 stop,No info,6351
Multiple carriers,27/05/2019,Delhi,Cochin,DEL → BOM → COK,14:00,21:00,7h,1 stop,In-flight meal not included,7153
Air Asia,6/05/2019,Kolkata,Banglore,CCU → BLR,19:55,22:25,2h 30m,non-stop,No info,4409
IndiGo,15/05/2019,Kolkata,Banglore,CCU → PNQ → BLR,21:00,02:15 16 May,5h 15m,1 stop,No info,7228
Multiple carriers,27/03/2019,Delhi,Cochin,DEL → BOM → COK,08:00,18:50,10h 50m,1 stop,No info,11667
SpiceJet,12/06/2019,Kolkata,Banglore,CCU → MAA → BLR,15:05,20:20,5h 15m,1 stop,No info,4649
Air India,9/05/2019,Kolkata,Banglore,CCU → BOM → COK → BLR,16:50,13:45 10 May,20h 55m,2 stops,No info,12592
Multiple carriers,12/06/2019,Delhi,Cochin,DEL → BOM → COK,10:20,19:00,8h 40m,1 stop,No info,11789
Air India,1/06/2019,Chennai,Kolkata,MAA → CCU,11:40,13:55,2h 15m,non-stop,No info,4667
Air Asia,21/05/2019,Kolkata,Banglore,CCU → DEL → BLR,22:40,10:40 22 May,12h,1 stop,No info,9719
Air India,27/03/2019,Delhi,Cochin,DEL → BOM → COK,13:00,19:15,6h 15m,1 stop,No info,6902
Jet Airways,21/05/2019,Kolkata,Banglore,CCU → BOM → BLR,20:00,04:40 22 May,8h 40m,1 stop,No info,14781
Jet Airways,18/05/2019,Kolkata,Banglore,CCU → BOM → BLR,08:25,22:35,14h 10m,1 stop,In-flight meal not included,10844
Air India,24/03/2019,Kolkata,Banglore,CCU → IXZ → MAA → BLR,05:40,14:35 25 Mar,32h 55m,2 stops,No info,11522
Air India,21/04/2019,Banglore,Delhi,BLR → DEL,13:20,16:10,2h 50m,non-stop,No info,6121
Vistara,6/06/2019,Kolkata,Banglore,CCU → DEL → BLR,17:00,23:25,6h 25m,1 stop,No info,8610
Air Asia,24/03/2019,Kolkata,Banglore,CCU → BLR,22:50,01:20 25 Mar,2h 30m,non-stop,No info,5620
IndiGo,27/05/2019,Kolkata,Banglore,CCU → BLR,15:15,17:45,2h 30m,non-stop,No info,4804
Multiple carriers,27/05/2019,Delhi,Cochin,DEL → BOM → COK,10:20,21:00,10h 40m,1 stop,No info,7005
Jet Airways,1/05/2019,Delhi,Cochin,DEL → AMD → BOM → COK,23:05,19:00 02 May,19h 55m,2 stops,No info,15129
Jet Airways,24/05/2019,Kolkata,Banglore,CCU → BOM → BLR,20:00,04:40 25 May,8h 40m,1 stop,In-flight meal not included,8586
Multiple carriers,18/05/2019,Delhi,Cochin,DEL → BOM → COK,08:00,19:00,11h,1 stop,No info,10197
Multiple carriers,27/03/2019,Delhi,Cochin,DEL → BOM → COK,09:10,19:15,10h 5m,1 stop,No info,10667
IndiGo,12/06/2019,Kolkata,Banglore,CCU → PAT → BLR,09:20,14:15,4h 55m,1 stop,No info,11160
Air India,27/05/2019,Delhi,Cochin,DEL → LKO → BOM → COK,12:20,19:15 28 May,30h 55m,2 stops,No info,12488
Jet Airways,18/05/2019,Kolkata,Banglore,CCU → BOM → BLR,08:25,19:50,11h 25m,1 stop,In-flight meal not included,10844
Air India,3/06/2019,Delhi,Cochin,DEL → AMD → BOM → COK,16:40,19:15 04 Jun,26h 35m,2 stops,No info,9968
Jet Airways,18/05/2019,Banglore,Delhi,BLR → DEL,18:55,22:00,3h 5m,non-stop,In-flight meal not included,5198
Jet Airways,1/05/2019,Kolkata,Banglore,CCU → BOM → BLR,14:05,04:40 02 May,14h 35m,1 stop,In-flight meal not included,8586
IndiGo,18/05/2019,Chennai,Kolkata,MAA → CCU,11:35,14:00,2h 25m,non-stop,No info,4332
IndiGo,6/05/2019,Kolkata,Banglore,CCU → MAA → BLR,08:10,13:00,4h 50m,1 stop,No info,5069
Jet Airways,6/05/2019,Banglore,Delhi,BLR → DEL,08:20,11:20,3h,non-stop,In-flight meal not included,4544
Multiple carriers,3/03/2019,Delhi,Cochin,DEL → BOM → COK,04:00,15:30,11h 30m,1 stop,No info,14973
Air India,12/03/2019,Banglore,New Delhi,BLR → BOM → IDR → GWL → DEL,06:45,18:05 13 Mar,35h 20m,3 stops,No info,13387
SpiceJet,9/06/2019,Banglore,Delhi,BLR → DEL,05:55,08:35,2h 40m,non-stop,No info,3625
Jet Airways,24/05/2019,Kolkata,Banglore,CCU → DEL → BLR,09:35,14:25 25 May,28h 50m,1 stop,In-flight meal not included,10703
IndiGo,24/03/2019,Kolkata,Banglore,CCU → BLR,15:10,17:45,2h 35m,non-stop,No info,7615
IndiGo,27/05/2019,Banglore,Delhi,BLR → DEL,18:25,21:20,2h 55m,non-stop,No info,4823
Jet Airways,06/03/2019,Banglore,New Delhi,BLR → BOM → DEL,11:40,05:05 07 Mar,17h 25m,1 stop,No info,16736
Jet Airways,9/05/2019,Kolkata,Banglore,CCU → BOM → BLR,21:10,12:00 10 May,14h 50m,1 stop,In-flight meal not included,9663
Multiple carriers,18/05/2019,Delhi,Cochin,DEL → BOM → COK,08:30,19:00,10h 30m,1 stop,No info,9205
Jet Airways,9/05/2019,Delhi,Cochin,DEL → BOM → COK,22:50,04:25 10 May,5h 35m,1 stop,No info,15554
SpiceJet,15/05/2019,Mumbai,Hyderabad,BOM → HYD,22:45,00:15 16 May,1h 30m,non-stop,No check-in baggage included,1965
Air India,15/06/2019,Kolkata,Banglore,CCU → BLR,14:15,16:45,2h 30m,non-stop,No info,5510
Multiple carriers,9/05/2019,Delhi,Cochin,DEL → BOM → COK,10:20,19:15,8h 55m,1 stop,No info,8266
IndiGo,27/05/2019,Mumbai,Hyderabad,BOM → HYD,16:55,18:25,1h 30m,non-stop,No info,3175
SpiceJet,9/05/2019,Delhi,Cochin,DEL → PNQ → COK,08:45,13:15,4h 30m,1 stop,No check-in baggage included,4760
Multiple carriers,27/05/2019,Delhi,Cochin,DEL → BOM → COK,08:45,21:00,12h 15m,1 stop,No info,7740
Jet Airways,15/05/2019,Kolkata,Banglore,CCU → BOM → BLR,14:05,23:35,9h 30m,1 stop,No info,13941
Air Asia,6/06/2019,Delhi,Cochin,DEL → BLR → COK,16:45,07:10 07 Jun,14h 25m,1 stop,No info,11410
Jet Airways,1/04/2019,Kolkata,Banglore,CCU → BOM → BLR,16:30,19:50 02 Apr,27h 20m,1 stop,No info,12681
Jet Airways,6/05/2019,Delhi,Cochin,DEL → JAI → BOM → COK,09:40,12:35 07 May,26h 55m,2 stops,No info,15129
Jet Airways,12/06/2019,Delhi,Cochin,DEL → JAI → BOM → COK,05:30,19:00,13h 30m,2 stops,In-flight meal not included,10368
Air India,21/05/2019,Kolkata,Banglore,CCU → JAI → DEL → BLR,08:20,20:25,12h 5m,2 stops,No info,12324
SpiceJet,15/04/2019,Kolkata,Banglore,CCU → BLR,17:10,19:40,2h 30m,non-stop,No check-in baggage included,3841
Jet Airways,24/06/2019,Delhi,Cochin,DEL → JAI → BOM → COK,05:30,04:25 25 Jun,22h 55m,2 stops,No info,13014
IndiGo,27/06/2019,Delhi,Cochin,DEL → HYD → COK,06:50,22:30,15h 40m,1 stop,No info,6442
Jet Airways,18/05/2019,Delhi,Cochin,DEL → BOM → COK,14:00,19:00,5h,1 stop,In-flight meal not included,12373
Jet Airways,12/03/2019,Banglore,New Delhi,BLR → BOM → DEL,08:55,23:00,14h 5m,1 stop,No info,13817
IndiGo,24/06/2019,Banglore,Delhi,BLR → DEL,18:55,21:50,2h 55m,non-stop,No info,4823
Jet Airways,27/03/2019,Delhi,Cochin,DEL → MAA → BOM → COK,05:10,04:25 28 Mar,23h 15m,2 stops,In-flight meal not included,9412
Air India,27/05/2019,Delhi,Cochin,DEL → GOI → BOM → COK,22:00,19:15 28 May,21h 15m,2 stops,No info,10231
Jet Airways,9/04/2019,Banglore,Delhi,BLR → DEL,15:50,18:45,2h 55m,non-stop,No info,7229
SpiceJet,24/03/2019,Banglore,New Delhi,BLR → DEL,09:35,12:30,2h 55m,non-stop,No check-in baggage included,4273
Jet Airways,18/05/2019,Kolkata,Banglore,CCU → BOM → BLR,18:55,20:45 19 May,25h 50m,1 stop,In-flight meal not included,10844
IndiGo,27/05/2019,Delhi,Cochin,DEL → MAA → COK,02:00,07:25,5h 25m,1 stop,No info,7164
Jet Airways,27/06/2019,Banglore,Delhi,BLR → DEL,07:10,10:10,3h,non-stop,In-flight meal not included,6478
Jet Airways,12/05/2019,Banglore,Delhi,BLR → DEL,07:10,10:10,3h,non-stop,In-flight meal not included,5198
SpiceJet,27/04/2019,Banglore,Delhi,BLR → DEL,05:55,08:35,2h 40m,non-stop,No check-in baggage included,4319
Jet Airways,27/06/2019,Delhi,Cochin,DEL → BOM → COK,19:15,12:35 28 Jun,17h 20m,1 stop,In-flight meal not included,10262
Vistara,18/05/2019,Delhi,Cochin,DEL → COK,14:40,17:50,3h 10m,non-stop,No info,6741
Jet Airways,6/06/2019,Kolkata,Banglore,CCU → BOM → BLR,14:05,22:35,8h 30m,1 stop,No info,14571
Air India,01/03/2019,Banglore,New Delhi,BLR → MAA → DEL,11:50,23:55,12h 5m,1 stop,Change airports,26092
Air India,27/06/2019,Delhi,Cochin,DEL → GOI → BOM → COK,10:55,19:15,8h 20m,2 stops,No info,11753
Jet Airways,21/03/2019,Banglore,New Delhi,BLR → BOM → DEL,08:00,23:00,15h,1 stop,In-flight meal not included,7832
Vistara,1/05/2019,Kolkata,Banglore,CCU → DEL → BLR,07:10,20:20,13h 10m,1 stop,No info,8610
Jet Airways,12/06/2019,Kolkata,Banglore,CCU → BOM → BLR,14:05,22:35,8h 30m,1 stop,No info,13626
Jet Airways,9/06/2019,Delhi,Cochin,DEL → JAI → BOM → COK,09:40,12:35 10 Jun,26h 55m,2 stops,In-flight meal not included,10368
IndiGo,18/06/2019,Mumbai,Hyderabad,BOM → HYD,02:35,04:05,1h 30m,non-stop,No info,2754
Jet Airways,6/06/2019,Kolkata,Banglore,CCU → DEL → BLR,17:00,18:00 07 Jun,25h,1 stop,No info,12692
IndiGo,01/03/2019,Banglore,New Delhi,BLR → DEL,10:05,13:00,2h 55m,non-stop,No info,10067
GoAir,3/06/2019,Delhi,Cochin,DEL → BOM → COK,10:35,19:35,9h,1 stop,No info,4959
Air India,01/03/2019,Banglore,New Delhi,BLR → BOM → IDR → DEL,08:50,11:10 02 Mar,26h 20m,2 stops,No info,19372
Air India,18/05/2019,Mumbai,Hyderabad,BOM → HYD,06:20,07:40,1h 20m,non-stop,No info,3100
Multiple carriers,15/05/2019,Delhi,Cochin,DEL → BOM → COK,07:30,21:00,13h 30m,1 stop,No info,8405
Multiple carriers,27/05/2019,Delhi,Cochin,DEL → BOM → COK,11:30,21:00,9h 30m,1 stop,In-flight meal not included,6943
SpiceJet,27/04/2019,Kolkata,Banglore,CCU → BLR,17:10,19:40,2h 30m,non-stop,No check-in baggage included,3841
SpiceJet,6/06/2019,Mumbai,Hyderabad,BOM → HYD,22:45,00:15 07 Jun,1h 30m,non-stop,No info,2017
Vistara,1/05/2019,Kolkata,Banglore,CCU → DEL → BLR,17:00,10:45 02 May,17h 45m,1 stop,No info,9187
Jet Airways,12/05/2019,Kolkata,Banglore,CCU → BOM → BLR,08:25,19:50,11h 25m,1 stop,No info,13941
Jet Airways,21/03/2019,Delhi,Cochin,DEL → MAA → BOM → COK,19:15,18:50 22 Mar,23h 35m,2 stops,In-flight meal not included,8938
SpiceJet,18/05/2019,Banglore,Delhi,BLR → DEL,09:30,12:20,2h 50m,non-stop,No check-in baggage included,4319
SpiceJet,1/04/2019,Banglore,Delhi,BLR → DEL,21:10,00:05 02 Apr,2h 55m,non-stop,No check-in baggage included,3573
SpiceJet,3/05/2019,Kolkata,Banglore,CCU → BLR,09:00,11:25,2h 25m,non-stop,No check-in baggage included,3841
Jet Airways,27/06/2019,Delhi,Cochin,DEL → COK,11:00,14:15,3h 15m,non-stop,In-flight meal not included,7202
Vistara,9/06/2019,Kolkata,Banglore,CCU → DEL → BLR,17:00,22:55,5h 55m,1 stop,No info,9187
GoAir,3/06/2019,Delhi,Cochin,DEL → AMD → COK,07:25,13:35,6h 10m,1 stop,No info,6976
Jet Airways,21/05/2019,Delhi,Cochin,DEL → BOM → COK,18:15,12:35 22 May,18h 20m,1 stop,In-flight meal not included,12898
Jet Airways,27/05/2019,Delhi,Cochin,DEL → BOM → COK,02:15,04:25 28 May,26h 10m,1 stop,In-flight meal not included,12898
Jet Airways,15/06/2019,Delhi,Cochin,DEL → IDR → BOM → COK,21:25,19:00 16 Jun,21h 35m,2 stops,In-flight meal not included,10588
Air India,24/06/2019,Delhi,Cochin,DEL → GOI → BOM → COK,22:00,19:15 25 Jun,21h 15m,2 stops,No info,9181
Jet Airways,03/03/2019,Banglore,New Delhi,BLR → BOM → DEL,05:45,05:05 07 Mar,23h 20m,1 stop,In-flight meal not included,11087
Jet Airways,27/06/2019,Delhi,Cochin,DEL → BOM → COK,07:05,12:35,5h 30m,1 stop,In-flight meal not included,10262
Jet Airways,6/04/2019,Delhi,Cochin,DEL → COK,11:00,14:15,3h 15m,non-stop,In-flight meal not included,4886
IndiGo,21/03/2019,Delhi,Cochin,DEL → BBI → COK,02:35,08:30,5h 55m,1 stop,No info,8470
Air India,21/05/2019,Kolkata,Banglore,CCU → GAU → IMF → DEL → BLR,09:50,23:15,13h 25m,3 stops,No info,14960
SpiceJet,9/05/2019,Kolkata,Banglore,CCU → BLR,06:55,09:30,2h 35m,non-stop,No info,3873
Air India,9/03/2019,Delhi,Cochin,DEL → AMD → BOM → COK,16:40,19:15 10 Mar,26h 35m,2 stops,No info,11911
Air India,15/06/2019,Delhi,Cochin,DEL → BLR → COK,09:45,23:00,13h 15m,1 stop,No info,8907
SpiceJet,9/05/2019,Chennai,Kolkata,MAA → CCU,08:20,10:35,2h 15m,non-stop,No check-in baggage included,3859
Air Asia,24/06/2019,Kolkata,Banglore,CCU → BLR,22:50,01:20 25 Jun,2h 30m,non-stop,No info,3807
Air Asia,6/03/2019,Kolkata,Banglore,CCU → BLR,10:20,12:55,2h 35m,non-stop,No info,4384
Multiple carriers,3/06/2019,Delhi,Cochin,DEL → BOM → COK,04:55,12:35,7h 40m,1 stop,No info,11622
Vistara,24/03/2019,Banglore,New Delhi,BLR → DEL,19:40,22:20,2h 40m,non-stop,No info,4563
SpiceJet,1/04/2019,Mumbai,Hyderabad,BOM → HYD,13:15,14:45,1h 30m,non-stop,No check-in baggage included,1965
Air India,24/04/2019,Kolkata,Banglore,CCU → BLR,20:45,23:20,2h 35m,non-stop,No info,4145
Jet Airways,24/03/2019,Kolkata,Banglore,CCU → BOM → BLR,21:10,20:40 25 Mar,23h 30m,1 stop,In-flight meal not included,10031
Air India,01/03/2019,Banglore,New Delhi,BLR → HYD → DEL,17:00,23:10,6h 10m,1 stop,No info,11628
Jet Airways,15/06/2019,Delhi,Cochin,DEL → BOM → COK,07:05,12:35,5h 30m,1 stop,In-flight meal not included,10262
SpiceJet,24/06/2019,Mumbai,Hyderabad,BOM → HYD,13:15,14:45,1h 30m,non-stop,No info,2017
Vistara,27/04/2019,Delhi,Cochin,DEL → COK,06:00,09:10,3h 10m,non-stop,No info,6216
Multiple carriers,15/05/2019,Delhi,Cochin,DEL → GWL → IDR → BOM → COK,11:35,01:30 16 May,13h 55m,3 stops,No info,16294
IndiGo,3/06/2019,Banglore,Delhi,BLR → DEL,04:00,06:50,2h 50m,non-stop,No info,3943
Multiple carriers,27/05/2019,Delhi,Cochin,DEL → HYD → COK,14:55,22:30,7h 35m,1 stop,No info,7038
SpiceJet,09/03/2019,Banglore,New Delhi,BLR → PNQ → DEL,10:20,18:15,7h 55m,1 stop,No info,7294
SpiceJet,6/04/2019,Kolkata,Banglore,CCU → BLR,09:00,11:25,2h 25m,non-stop,No info,3873
Air India,18/06/2019,Mumbai,Hyderabad,BOM → HYD,13:55,15:25,1h 30m,non-stop,No info,3100
Multiple carriers,27/05/2019,Delhi,Cochin,DEL → BOM → COK,10:00,19:00,9h,1 stop,No info,12507
Air Asia,21/05/2019,Delhi,Cochin,DEL → BLR → COK,07:55,22:30,14h 35m,1 stop,No info,6152
Air India,1/04/2019,Kolkata,Banglore,CCU → GAU → BLR,09:50,21:05,11h 15m,1 stop,No info,8030
Jet Airways,18/06/2019,Banglore,Delhi,BLR → DEL,08:20,11:20,3h,non-stop,In-flight meal not included,5769
IndiGo,6/06/2019,Kolkata,Banglore,CCU → BLR,17:15,19:50,2h 35m,non-stop,No info,4804
Air India,18/05/2019,Delhi,Cochin,DEL → MAA → COK,09:45,09:25 19 May,23h 40m,1 stop,No info,8372
Jet Airways,15/03/2019,Banglore,New Delhi,BLR → MAA → DEL,09:45,14:25,4h 40m,1 stop,No info,8578
Air India,18/05/2019,Delhi,Cochin,DEL → GOI → BOM → COK,22:00,19:15 19 May,21h 15m,2 stops,No info,11228
Air India,1/05/2019,Kolkata,Banglore,CCU → GAU → DEL → BLR,09:50,08:55 02 May,23h 5m,2 stops,No info,13227
IndiGo,15/03/2019,Banglore,New Delhi,BLR → DEL,20:00,22:55,2h 55m,non-stop,No info,8855
Multiple carriers,12/06/2019,Delhi,Cochin,DEL → BOM → COK,03:50,12:35,8h 45m,1 stop,No info,12192
Jet Airways,27/06/2019,Delhi,Cochin,DEL → AMD → BOM → COK,23:05,19:00 28 Jun,19h 55m,2 stops,No info,12819
IndiGo,27/06/2019,Banglore,Delhi,BLR → DEL,06:05,08:50,2h 45m,non-stop,No info,3943
Multiple carriers,9/03/2019,Delhi,Cochin,DEL → BOM → COK,00:20,12:55,12h 35m,1 stop,In-flight meal not included,18260
Air India,18/04/2019,Banglore,Delhi,BLR → DEL,06:10,08:55,2h 45m,non-stop,No info,5228
Jet Airways,12/06/2019,Delhi,Cochin,DEL → ATQ → BOM → COK,12:15,04:25 13 Jun,16h 10m,2 stops,No info,14300
Air India,1/05/2019,Kolkata,Banglore,CCU → BBI → BOM → BLR,12:00,18:30 02 May,30h 30m,2 stops,No info,10151
IndiGo,6/05/2019,Kolkata,Banglore,CCU → MAA → BLR,17:35,22:15,4h 40m,1 stop,No info,5699
Vistara,21/05/2019,Kolkata,Banglore,CCU → DEL → BLR,07:10,10:45 22 May,27h 35m,1 stop,No info,9187
Vistara,6/06/2019,Kolkata,Banglore,CCU → DEL → BLR,20:20,09:05 07 Jun,12h 45m,1 stop,No info,8452
Multiple carriers,21/03/2019,Delhi,Cochin,DEL → BOM → COK,02:15,13:20,11h 5m,1 stop,No info,13961
Jet Airways,24/06/2019,Banglore,Delhi,BLR → DEL,07:10,10:10,3h,non-stop,In-flight meal not included,5769
Multiple carriers,24/06/2019,Delhi,Cochin,DEL → BOM → COK,07:30,19:00,11h 30m,1 stop,No info,10877
IndiGo,9/04/2019,Banglore,Delhi,BLR → DEL,23:30,02:20 10 Apr,2h 50m,non-stop,No info,4591
Air India,6/05/2019,Kolkata,Banglore,CCU → BOM → AMD → BLR,09:25,05:25 07 May,20h,2 stops,No info,17732
Jet Airways,9/05/2019,Delhi,Cochin,DEL → BOM → COK,18:15,04:25 10 May,10h 10m,1 stop,In-flight meal not included,12373
Air Asia,27/06/2019,Kolkata,Banglore,CCU → BLR,19:55,22:25,2h 30m,non-stop,No info,3807
Vistara,9/06/2019,Kolkata,Banglore,CCU → DEL → BLR,07:10,20:20,13h 10m,1 stop,No info,9555
Air Asia,6/06/2019,Banglore,Delhi,BLR → DEL,11:10,13:55,2h 45m,non-stop,No info,4483
Jet Airways,12/05/2019,Kolkata,Banglore,CCU → BOM → BLR,14:05,20:45,6h 40m,1 stop,No info,14781
Jet Airways,3/06/2019,Delhi,Cochin,DEL → IDR → BOM → COK,09:35,12:35 04 Jun,27h,2 stops,No info,13292
Jet Airways,18/05/2019,Delhi,Cochin,DEL → BOM → COK,19:15,19:00 19 May,23h 45m,1 stop,In-flight meal not included,12373
IndiGo,21/05/2019,Delhi,Cochin,DEL → HYD → COK,06:50,12:10,5h 20m,1 stop,No info,5530
IndiGo,18/05/2019,Delhi,Cochin,DEL → BOM → COK,08:30,21:00,12h 30m,1 stop,No info,7081
Jet Airways,15/06/2019,Delhi,Cochin,DEL → BOM → COK,09:00,12:35 16 Jun,27h 35m,1 stop,In-flight meal not included,10262
Multiple carriers,27/05/2019,Delhi,Cochin,DEL → BOM → COK,11:40,19:15,7h 35m,1 stop,No info,9316
Jet Airways,9/05/2019,Kolkata,Banglore,CCU → BOM → BLR,06:30,18:15,11h 45m,1 stop,In-flight meal not included,10844
IndiGo,1/05/2019,Delhi,Cochin,DEL → BOM → COK,07:30,21:00,13h 30m,1 stop,No info,8542
IndiGo,15/04/2019,Banglore,Delhi,BLR → DEL,16:55,19:55,3h,non-stop,No info,4823
Air India,6/03/2019,Delhi,Cochin,DEL → BOM → COK,04:00,07:40 07 Mar,27h 40m,1 stop,No info,12940
Jet Airways,6/06/2019,Kolkata,Banglore,CCU → BOM → BLR,21:10,04:40 07 Jun,7h 30m,1 stop,No info,13374
Multiple carriers,21/03/2019,Delhi,Cochin,DEL → BOM → COK,11:30,21:00,9h 30m,1 stop,No info,13062
Jet Airways,3/06/2019,Delhi,Cochin,DEL → JAI → BOM → COK,05:30,19:00,13h 30m,2 stops,No info,13014
Jet Airways,21/06/2019,Banglore,Delhi,BLR → DEL,18:55,22:00,3h 5m,non-stop,No info,8541
Jet Airways,24/03/2019,Kolkata,Banglore,CCU → BOM → BLR,13:55,10:05 25 Mar,20h 10m,1 stop,In-flight meal not included,11134
Jet Airways,21/03/2019,Banglore,New Delhi,BLR → BOM → DEL,08:55,19:10,10h 15m,1 stop,In-flight meal not included,7832
Multiple carriers,9/05/2019,Delhi,Cochin,DEL → HYD → COK,13:15,22:30,9h 15m,1 stop,No info,8888
Jet Airways,12/05/2019,Kolkata,Banglore,CCU → BOM → BLR,18:55,09:20 13 May,14h 25m,1 stop,In-flight meal not included,9663
Multiple carriers,6/03/2019,Delhi,Cochin,DEL → BOM → COK,07:05,15:30,8h 25m,1 stop,No info,17267
Jet Airways,21/03/2019,Banglore,New Delhi,BLR → BOM → DEL,20:35,11:25 19 Mar,14h 50m,1 stop,In-flight meal not included,7832
Vistara,18/03/2019,Banglore,New Delhi,BLR → DEL,19:40,22:20,2h 40m,non-stop,No info,12123
Multiple carriers,15/05/2019,Delhi,Cochin,DEL → BOM → COK,17:00,01:30 16 May,8h 30m,1 stop,No info,8073
SpiceJet,12/04/2019,Banglore,Delhi,BLR → DEL,09:30,12:20,2h 50m,non-stop,No info,4991
GoAir,12/06/2019,Banglore,Delhi,BLR → DEL,20:55,23:40,2h 45m,non-stop,No info,3419
Jet Airways,27/06/2019,Delhi,Cochin,DEL → BOM → COK,19:45,19:00 28 Jun,23h 15m,1 stop,In-flight meal not included,10262
Jet Airways,1/06/2019,Delhi,Cochin,DEL → BOM → COK,19:45,12:35 02 Jun,16h 50m,1 stop,In-flight meal not included,10262
Air Asia,3/04/2019,Kolkata,Banglore,CCU → BLR,22:50,01:20 04 Apr,2h 30m,non-stop,No info,3807
IndiGo,3/03/2019,Mumbai,Hyderabad,BOM → HYD,12:00,13:25,1h 25m,non-stop,No info,5755
Jet Airways,1/06/2019,Delhi,Cochin,DEL → BOM → COK,21:50,04:25 02 Jun,6h 35m,1 stop,In-flight meal not included,10262
Air India,21/05/2019,Delhi,Cochin,DEL → HYD → BOM → COK,17:15,07:40 22 May,14h 25m,2 stops,No info,13039
Jet Airways,21/03/2019,Banglore,New Delhi,BLR → BOM → DEL,08:55,21:20,12h 25m,1 stop,In-flight meal not included,7832
IndiGo,9/03/2019,Chennai,Kolkata,MAA → CCU,07:55,10:15,2h 20m,non-stop,No info,6297
Jet Airways,24/06/2019,Mumbai,Hyderabad,BOM → HYD,19:35,21:05,1h 30m,non-stop,In-flight meal not included,3210
Multiple carriers,3/03/2019,Delhi,Cochin,DEL → BOM → COK,10:20,21:00,10h 40m,1 stop,No info,15147
IndiGo,24/06/2019,Mumbai,Hyderabad,BOM → HYD,09:10,10:40,1h 30m,non-stop,No info,4049
Jet Airways,12/06/2019,Delhi,Cochin,DEL → LKO → BOM → COK,09:25,12:35 13 Jun,27h 10m,2 stops,No info,13882
Air India,21/05/2019,Kolkata,Banglore,CCU → BOM → BLR,09:25,21:50,12h 25m,1 stop,No info,8366
Jet Airways,15/03/2019,Banglore,New Delhi,BLR → BOM → DEL,22:50,07:40 16 Mar,8h 50m,1 stop,In-flight meal not included,9134
IndiGo,3/04/2019,Banglore,Delhi,BLR → DEL,08:30,11:20,2h 50m,non-stop,No info,4823
Air India,9/04/2019,Kolkata,Banglore,CCU → MAA → BLR,14:35,14:35 10 Apr,24h,1 stop,No info,5006
Air India,1/06/2019,Delhi,Cochin,DEL → MAA → COK,12:30,09:25 02 Jun,20h 55m,1 stop,No info,7480
Jet Airways,6/06/2019,Kolkata,Banglore,CCU → BOM → BLR,16:30,22:35,6h 5m,1 stop,In-flight meal not included,10844
Jet Airways,1/04/2019,Kolkata,Banglore,CCU → BOM → BLR,20:00,08:15 02 Apr,12h 15m,1 stop,In-flight meal not included,7064
IndiGo,21/06/2019,Kolkata,Banglore,CCU → BLR,14:25,16:55,2h 30m,non-stop,No info,5224
Air Asia,15/03/2019,Kolkata,Banglore,CCU → BLR,10:20,12:55,2h 35m,non-stop,No info,4384
Multiple carriers,1/06/2019,Delhi,Cochin,DEL → BOM → COK,13:00,01:30 02 Jun,12h 30m,1 stop,No info,13377
Multiple carriers,27/05/2019,Delhi,Cochin,DEL → BOM → COK,06:40,19:15,12h 35m,1 stop,No info,8837
Air India,3/03/2019,Delhi,Cochin,DEL → MAA → COK,17:20,09:25 04 Mar,16h 5m,1 stop,No info,16352
Air India,9/06/2019,Delhi,Cochin,DEL → GOI → BOM → COK,22:00,19:15 10 Jun,21h 15m,2 stops,No info,10441
IndiGo,9/05/2019,Chennai,Kolkata,MAA → CCU,13:15,15:35,2h 20m,non-stop,No info,3597
Air Asia,12/06/2019,Kolkata,Banglore,CCU → BLR,19:55,22:25,2h 30m,non-stop,No info,3807
Jet Airways,6/05/2019,Kolkata,Banglore,CCU → BOM → BLR,20:00,08:15 07 May,12h 15m,1 stop,In-flight meal not included,9663
Jet Airways,1/04/2019,Kolkata,Banglore,CCU → BOM → BLR,20:00,19:50 02 Apr,23h 50m,1 stop,No info,12681
Vistara,24/05/2019,Banglore,Delhi,BLR → DEL,11:30,14:20,2h 50m,non-stop,No info,4668
Jet Airways,18/05/2019,Delhi,Cochin,DEL → AMD → BOM → COK,13:25,12:35 19 May,23h 10m,2 stops,No info,15129
Multiple carriers,3/03/2019,Delhi,Cochin,DEL → BOM → COK,17:30,01:35 04 Mar,8h 5m,1 stop,No info,17057
Air India,3/06/2019,Delhi,Cochin,DEL → BOM → COK,21:00,07:40 04 Jun,10h 40m,1 stop,No info,8372
SpiceJet,1/03/2019,Kolkata,Banglore,CCU → BLR,17:15,19:45,2h 30m,non-stop,No info,5515
Jet Airways,1/05/2019,Kolkata,Banglore,CCU → GAU → BLR,10:20,17:35,7h 15m,1 stop,No info,8355
IndiGo,1/04/2019,Mumbai,Hyderabad,BOM → HYD,02:35,04:05,1h 30m,non-stop,No info,2754
Multiple carriers,15/06/2019,Delhi,Cochin,DEL → BOM → COK,15:00,01:30 16 Jun,10h 30m,1 stop,No info,13377
Jet Airways,9/05/2019,Delhi,Cochin,DEL → BOM → COK,19:45,19:00 10 May,23h 15m,1 stop,No info,15554
IndiGo,18/05/2019,Kolkata,Banglore,CCU → BLR,14:25,16:55,2h 30m,non-stop,No info,5224
IndiGo,9/06/2019,Delhi,Cochin,DEL → BOM → COK,16:00,21:00,5h,1 stop,No info,6069
Jet Airways,9/05/2019,Delhi,Cochin,DEL → BOM → COK,11:30,12:35 10 May,25h 5m,1 stop,In-flight meal not included,12373
Jet Airways,12/06/2019,Kolkata,Banglore,CCU → BOM → BLR,18:55,04:40 13 Jun,9h 45m,1 stop,In-flight meal not included,6959
SpiceJet,27/05/2019,Kolkata,Banglore,CCU → BLR,09:00,11:25,2h 25m,non-stop,No check-in baggage included,3841
Air India,15/05/2019,Delhi,Cochin,DEL → BOM → COK,03:50,19:15,15h 25m,1 stop,No info,8669
Jet Airways,1/06/2019,Delhi,Cochin,DEL → JAI → BOM → COK,05:30,19:00,13h 30m,2 stops,No info,13014
Jet Airways,6/06/2019,Kolkata,Banglore,CCU → BOM → BLR,08:25,04:40 07 Jun,20h 15m,1 stop,No info,13731
Multiple carriers,21/05/2019,Delhi,Cochin,DEL → BOM → COK,10:00,01:30 22 May,15h 30m,1 stop,No info,7888
Vistara,24/03/2019,Kolkata,Banglore,CCU → DEL → BLR,07:10,22:10,15h,1 stop,No info,12942
Vistara,6/03/2019,Mumbai,Hyderabad,BOM → DEL → HYD,11:55,09:25 07 Mar,21h 30m,1 stop,No info,12395
Jet Airways,9/06/2019,Kolkata,Banglore,CCU → BOM → BLR,16:30,23:35,7h 5m,1 stop,No info,14571
IndiGo,27/04/2019,Banglore,Delhi,BLR → DEL,00:30,03:25,2h 55m,non-stop,No info,4591
Air India,9/05/2019,Kolkata,Banglore,CCU → BOM → COK → BLR,09:25,13:45 10 May,28h 20m,2 stops,No info,12592
IndiGo,6/06/2019,Kolkata,Banglore,CCU → BLR,14:25,16:55,2h 30m,non-stop,No info,4804
Jet Airways,21/05/2019,Kolkata,Banglore,CCU → BOM → BLR,14:05,08:15 22 May,18h 10m,1 stop,No info,14388
Air India,9/03/2019,Delhi,Cochin,DEL → GOI → BOM → COK,22:00,19:15 10 Mar,21h 15m,2 stops,No info,14851
Jet Airways,18/05/2019,Kolkata,Banglore,CCU → BOM → BLR,21:10,08:15 19 May,11h 5m,1 stop,In-flight meal not included,8586
Jet Airways,01/03/2019,Banglore,New Delhi,BLR → BOM → DEL,22:50,09:30 02 Mar,10h 40m,1 stop,1 Long layover,31825
Jet Airways,9/06/2019,Delhi,Cochin,DEL → BDQ → BOM → COK,18:25,04:25 10 Jun,10h,2 stops,No info,14237
IndiGo,6/06/2019,Kolkata,Banglore,CCU → MAA → BLR,08:10,13:00,4h 50m,1 stop,No info,5069
Jet Airways,1/06/2019,Delhi,Cochin,DEL → BOM → COK,07:05,12:35,5h 30m,1 stop,No info,16079
Jet Airways,15/05/2019,Kolkata,Banglore,CCU → BOM → BLR,18:55,08:15 16 May,13h 20m,1 stop,In-flight meal not included,9663
Multiple carriers,27/05/2019,Delhi,Cochin,DEL → BOM → COK,11:30,21:00,9h 30m,1 stop,No info,13587
Air India,24/03/2019,Kolkata,Banglore,CCU → DEL → BLR,20:30,23:15 25 Mar,26h 45m,1 stop,No info,10808
Multiple carriers,27/05/2019,Delhi,Cochin,DEL → BOM → COK,10:00,19:15,9h 15m,1 stop,In-flight meal not included,11446
Air India,1/05/2019,Mumbai,Hyderabad,BOM → HYD,19:30,20:45,1h 15m,non-stop,No info,3100
GoAir,1/05/2019,Kolkata,Banglore,CCU → AMD → BLR,16:40,00:15 02 May,7h 35m,1 stop,No info,6484
IndiGo,9/05/2019,Mumbai,Hyderabad,BOM → HYD,06:25,07:55,1h 30m,non-stop,No info,4049
SpiceJet,24/03/2019,Banglore,New Delhi,BLR → DEL,20:30,23:20,2h 50m,non-stop,No check-in baggage included,3873
IndiGo,09/03/2019,Banglore,New Delhi,BLR → GOI → DEL,19:30,00:40 13 Mar,5h 10m,1 stop,No info,7280
Air India,27/05/2019,Mumbai,Hyderabad,BOM → HYD,13:55,15:25,1h 30m,non-stop,No info,3625
SpiceJet,15/06/2019,Banglore,Delhi,BLR → DEL,21:10,00:05 16 Jun,2h 55m,non-stop,No check-in baggage included,3919
Jet Airways,9/05/2019,Delhi,Cochin,DEL → BOM → COK,02:15,19:00,16h 45m,1 stop,No info,15554
IndiGo,3/06/2019,Chennai,Kolkata,MAA → CCU,07:55,10:15,2h 20m,non-stop,No info,3850
Jet Airways,21/05/2019,Delhi,Cochin,DEL → AMD → BOM → COK,23:05,19:00 22 May,19h 55m,2 stops,No info,15129
Jet Airways,12/05/2019,Banglore,Delhi,BLR → DEL,18:55,22:00,3h 5m,non-stop,No info,7229
IndiGo,27/04/2019,Banglore,Delhi,BLR → DEL,18:55,21:50,2h 55m,non-stop,No info,4823
IndiGo,15/05/2019,Banglore,Delhi,BLR → DEL,18:55,21:50,2h 55m,non-stop,No info,4823
Vistara,24/03/2019,Kolkata,Banglore,CCU → DEL → BLR,07:10,09:10 25 Mar,26h,1 stop,No info,11682
IndiGo,21/04/2019,Banglore,Delhi,BLR → DEL,18:55,21:50,2h 55m,non-stop,No info,4823
Jet Airways,9/06/2019,Delhi,Cochin,DEL → BOM → COK,13:00,04:25 10 Jun,15h 25m,1 stop,In-flight meal not included,10262
IndiGo,6/06/2019,Delhi,Cochin,DEL → HYD → COK,05:05,16:10,11h 5m,1 stop,No info,6818
SpiceJet,27/05/2019,Mumbai,Hyderabad,BOM → HYD,22:45,00:15 28 May,1h 30m,non-stop,No check-in baggage included,1965
Vistara,12/05/2019,Kolkata,Banglore,CCU → DEL → BLR,07:10,23:25,16h 15m,1 stop,No info,9345
IndiGo,6/06/2019,Delhi,Cochin,DEL → HYD → COK,16:10,22:30,6h 20m,1 stop,No info,6938
Jet Airways,15/06/2019,Delhi,Cochin,DEL → JAI → BOM → COK,09:40,12:35 16 Jun,26h 55m,2 stops,In-flight meal not included,10368
Air India,12/06/2019,Delhi,Cochin,DEL → GOI → BOM → COK,10:55,07:40 13 Jun,20h 45m,2 stops,No info,11753
Air India,27/05/2019,Delhi,Cochin,DEL → LKO → BOM → COK,18:30,19:15 28 May,24h 45m,2 stops,No info,12488
Jet Airways,12/06/2019,Kolkata,Banglore,CCU → BOM → BLR,14:05,19:50,5h 45m,1 stop,In-flight meal not included,9899
Multiple carriers,6/06/2019,Delhi,Cochin,DEL → BOM → COK,09:15,19:00,9h 45m,1 stop,No info,11622
SpiceJet,27/03/2019,Kolkata,Banglore,CCU → BLR,06:55,09:35,2h 40m,non-stop,No info,3847
Jet Airways,27/06/2019,Delhi,Cochin,DEL → BOM → COK,22:50,04:25 28 Jun,5h 35m,1 stop,No info,16079
Jet Airways,18/06/2019,Banglore,Delhi,BLR → DEL,06:00,08:45,2h 45m,non-stop,In-flight meal not included,6478
Air India,21/06/2019,Delhi,Cochin,DEL → COK,14:10,17:10,3h,non-stop,No info,5201
Air Asia,9/05/2019,Kolkata,Banglore,CCU → BLR,10:20,12:55,2h 35m,non-stop,No info,4409
Jet Airways,06/03/2019,Banglore,New Delhi,BLR → BOM → DEL,08:55,09:30 07 Mar,24h 35m,1 stop,No info,17261
Vistara,27/05/2019,Banglore,Delhi,BLR → DEL,17:00,19:35,2h 35m,non-stop,No info,4878
SpiceJet,18/05/2019,Banglore,Delhi,BLR → DEL,05:55,08:35,2h 40m,non-stop,No check-in baggage included,3573
Jet Airways,18/05/2019,Kolkata,Banglore,CCU → BOM → BLR,20:00,16:20 19 May,20h 20m,1 stop,In-flight meal not included,10844
IndiGo,21/04/2019,Kolkata,Banglore,CCU → BLR,22:15,00:50 22 Apr,2h 35m,non-stop,No info,4804
Air India,27/06/2019,Delhi,Cochin,DEL → COK,14:10,17:10,3h,non-stop,No info,5201
Multiple carriers,18/05/2019,Delhi,Cochin,DEL → BOM → COK,13:00,19:15,6h 15m,1 stop,No info,14533
SpiceJet,12/04/2019,Kolkata,Banglore,CCU → BLR,22:20,00:40 13 Apr,2h 20m,non-stop,No info,3873
SpiceJet,6/06/2019,Chennai,Kolkata,MAA → CCU,17:45,20:05,2h 20m,non-stop,No check-in baggage included,3543
Multiple carriers,21/03/2019,Delhi,Cochin,DEL → BOM → COK,10:20,21:00,10h 40m,1 stop,No info,7215
Multiple carriers,21/03/2019,Delhi,Cochin,DEL → BOM → COK,10:20,18:50,8h 30m,1 stop,No info,11999
IndiGo,18/05/2019,Mumbai,Hyderabad,BOM → HYD,12:00,13:30,1h 30m,non-stop,No info,2754
Jet Airways,12/03/2019,Banglore,New Delhi,BLR → BOM → DEL,18:55,10:45 13 Mar,15h 50m,1 stop,No info,13817
Air Asia,15/06/2019,Kolkata,Banglore,CCU → BLR,19:55,22:25,2h 30m,non-stop,No info,4107
Multiple carriers,9/05/2019,Delhi,Cochin,DEL → BOM → COK,09:00,21:00,12h,1 stop,No info,8073
IndiGo,27/06/2019,Mumbai,Hyderabad,BOM → HYD,21:20,22:50,1h 30m,non-stop,No info,2227
Jet Airways,6/06/2019,Kolkata,Banglore,CCU → DEL → BLR,20:25,18:00 07 Jun,21h 35m,1 stop,In-flight meal not included,10539
IndiGo,3/05/2019,Banglore,Delhi,BLR → DEL,01:30,04:15,2h 45m,non-stop,No info,3943
Jet Airways,24/05/2019,Kolkata,Banglore,CCU → BOM → BLR,14:05,16:20 25 May,26h 15m,1 stop,In-flight meal not included,10844
SpiceJet,24/03/2019,Banglore,New Delhi,BLR → DEL,20:30,23:20,2h 50m,non-stop,No info,3925
Jet Airways,1/05/2019,Mumbai,Hyderabad,BOM → HYD,02:55,04:20,1h 25m,non-stop,In-flight meal not included,3210
Jet Airways,6/06/2019,Banglore,Delhi,BLR → DEL,17:45,20:45,3h,non-stop,No info,8016
SpiceJet,12/04/2019,Kolkata,Banglore,CCU → BLR,17:10,19:40,2h 30m,non-stop,No check-in baggage included,3841
Jet Airways,9/05/2019,Kolkata,Banglore,CCU → BOM → BLR,21:10,04:40 10 May,7h 30m,1 stop,No info,14388
IndiGo,18/06/2019,Chennai,Kolkata,MAA → CCU,14:45,17:05,2h 20m,non-stop,No info,3597
Multiple carriers,9/03/2019,Delhi,Cochin,DEL → BOM → COK,15:05,01:35 10 Mar,10h 30m,1 stop,In-flight meal not included,14086
IndiGo,9/06/2019,Banglore,Delhi,BLR → DEL,22:10,01:00 10 Jun,2h 50m,non-stop,No info,3749
Jet Airways,24/05/2019,Banglore,Delhi,BLR → DEL,06:00,08:45,2h 45m,non-stop,No info,7229
Multiple carriers,6/03/2019,Delhi,Cochin,DEL → BOM → COK,07:00,21:00,14h,1 stop,No info,15603
IndiGo,27/05/2019,Banglore,Delhi,BLR → DEL,20:00,22:50,2h 50m,non-stop,No info,4823
Jet Airways,3/04/2019,Mumbai,Hyderabad,BOM → HYD,10:20,11:50,1h 30m,non-stop,No info,8040
Jet Airways,6/05/2019,Kolkata,Banglore,CCU → BOM → BLR,06:30,10:05 07 May,27h 35m,1 stop,No info,13941
Jet Airways,6/06/2019,Delhi,Cochin,DEL → BOM → COK,21:50,04:25 07 Jun,6h 35m,1 stop,No info,14714
Vistara,1/04/2019,Kolkata,Banglore,CCU → DEL → BLR,07:10,18:50,11h 40m,1 stop,No info,7927
Jet Airways,15/05/2019,Banglore,Delhi,BLR → DEL,11:10,14:05,2h 55m,non-stop,In-flight meal not included,4030
IndiGo,21/03/2019,Delhi,Cochin,DEL → BOM → COK,09:10,21:00,11h 50m,1 stop,No info,8285
Jet Airways,6/05/2019,Kolkata,Banglore,CCU → BOM → BLR,08:25,18:15,9h 50m,1 stop,In-flight meal not included,10844
Jet Airways,12/05/2019,Kolkata,Banglore,CCU → BOM → BLR,06:30,09:20 13 May,26h 50m,1 stop,In-flight meal not included,9663
IndiGo,27/03/2019,Kolkata,Banglore,CCU → BLR,22:10,00:55 28 Mar,2h 45m,non-stop,No info,4148
IndiGo,24/06/2019,Delhi,Cochin,DEL → BLR → COK,05:10,10:05,4h 55m,1 stop,No info,6496
IndiGo,18/03/2019,Kolkata,Banglore,CCU → BLR,22:10,00:55 19 Mar,2h 45m,non-stop,No info,4148
Jet Airways,24/03/2019,Kolkata,Banglore,CCU → BOM → BLR,06:30,19:40,13h 10m,1 stop,No info,13339
Jet Airways,15/06/2019,Delhi,Cochin,DEL → LKO → BOM → COK,09:25,12:35 16 Jun,27h 10m,2 stops,No info,13882
IndiGo,12/05/2019,Banglore,Delhi,BLR → DEL,01:30,04:15,2h 45m,non-stop,No info,3943
Jet Airways,12/03/2019,Banglore,New Delhi,BLR → BOM → DEL,20:35,12:25 13 Mar,15h 50m,1 stop,In-flight meal not included,11087
Jet Airways,6/06/2019,Delhi,Cochin,DEL → ATQ → BOM → COK,20:00,04:25 07 Jun,8h 25m,2 stops,In-flight meal not included,15318
SpiceJet,6/06/2019,Kolkata,Banglore,CCU → BLR,22:20,00:40 07 Jun,2h 20m,non-stop,No info,3873
Multiple carriers,27/05/2019,Delhi,Cochin,DEL → BOM → COK,04:55,19:00,14h 5m,1 stop,No info,11573
Vistara,15/05/2019,Banglore,Delhi,BLR → DEL,11:30,14:20,2h 50m,non-stop,No info,4668
Air India,01/03/2019,Banglore,New Delhi,BLR → CCU → GAU → DEL,05:50,22:10,16h 20m,2 stops,No info,13576
Air India,01/03/2019,Banglore,New Delhi,BLR → MAA → DEL,11:50,13:00 02 Mar,25h 10m,1 stop,1 Long layover,15434
Vistara,21/04/2019,Banglore,Delhi,BLR → DEL,11:30,14:20,2h 50m,non-stop,No info,5403
Jet Airways,6/03/2019,Delhi,Cochin,DEL → IDR → BOM → COK,05:25,19:45 07 Mar,38h 20m,2 stops,No info,16914
Jet Airways,21/05/2019,Kolkata,Banglore,CCU → BOM → BLR,21:10,08:15 22 May,11h 5m,1 stop,No info,14781
Jet Airways,9/04/2019,Banglore,Delhi,BLR → DEL,11:10,14:05,2h 55m,non-stop,In-flight meal not included,4544
Air India,12/06/2019,Kolkata,Banglore,CCU → BBI → BOM → BLR,12:00,07:55 13 Jun,19h 55m,2 stops,No info,9416
Vistara,9/06/2019,Kolkata,Banglore,CCU → DEL → BLR,07:10,22:55,15h 45m,1 stop,No info,8662
Air India,24/06/2019,Delhi,Cochin,DEL → BOM → COK,10:00,19:15,9h 15m,1 stop,No info,9194
SpiceJet,3/06/2019,Kolkata,Banglore,CCU → BLR,06:55,09:30,2h 35m,non-stop,No info,3873
IndiGo,9/06/2019,Kolkata,Banglore,CCU → PAT → BLR,09:20,14:15,4h 55m,1 stop,No info,11465
Air India,9/06/2019,Delhi,Cochin,DEL → BLR → COK,09:45,23:00,13h 15m,1 stop,No info,8907
Air India,21/03/2019,Delhi,Cochin,DEL → HYD → BOM → COK,17:15,19:15 22 Mar,26h,2 stops,No info,8770
Jet Airways,27/03/2019,Delhi,Cochin,DEL → BOM → COK,09:55,04:25 28 Mar,18h 30m,1 stop,No info,12242
Multiple carriers,12/06/2019,Delhi,Cochin,DEL → BOM → COK,10:00,19:00,9h,1 stop,No info,12192
Vistara,1/04/2019,Kolkata,Banglore,CCU → DEL → BLR,07:10,10:45 02 Apr,27h 35m,1 stop,No info,8505
Jet Airways,9/05/2019,Kolkata,Banglore,CCU → BOM → BLR,14:05,09:20 10 May,19h 15m,1 stop,In-flight meal not included,9663
Multiple carriers,15/06/2019,Delhi,Cochin,DEL → BOM → COK,07:30,19:15,11h 45m,1 stop,No info,8614
Jet Airways,24/06/2019,Delhi,Cochin,DEL → IDR → BOM → COK,05:30,04:25 25 Jun,22h 55m,2 stops,No info,13292
Multiple carriers,3/06/2019,Delhi,Cochin,DEL → BOM → COK,12:50,21:00,8h 10m,1 stop,No info,7740
IndiGo,1/05/2019,Delhi,Cochin,DEL → BOM → COK,18:35,01:30 02 May,6h 55m,1 stop,No info,8854
IndiGo,6/03/2019,Delhi,Cochin,DEL → HYD → MAA → COK,08:35,21:20,12h 45m,2 stops,No info,7682
IndiGo,9/05/2019,Kolkata,Banglore,CCU → BLR,17:15,19:50,2h 35m,non-stop,No info,4804
Vistara,21/05/2019,Banglore,Delhi,BLR → DEL,09:45,12:35,2h 50m,non-stop,No info,4668
Multiple carriers,24/06/2019,Delhi,Cochin,DEL → BOM → COK,15:15,01:30 25 Jun,10h 15m,1 stop,In-flight meal not included,5797
Air India,3/04/2019,Delhi,Cochin,DEL → COK,14:10,17:10,3h,non-stop,No info,4729
Multiple carriers,21/05/2019,Delhi,Cochin,DEL → BOM → COK,13:00,01:30 22 May,12h 30m,1 stop,No info,7888
IndiGo,24/05/2019,Kolkata,Banglore,CCU → MAA → BLR,08:10,13:00,4h 50m,1 stop,No info,5069
Air India,21/03/2019,Delhi,Cochin,DEL → RPR → NAG → BOM → COK,05:15,19:15 22 Mar,38h,3 stops,No info,9128
Jet Airways,1/05/2019,Kolkata,Banglore,CCU → BOM → BLR,20:00,09:20 02 May,13h 20m,1 stop,In-flight meal not included,9663
Air India,6/06/2019,Delhi,Cochin,DEL → MAA → COK,20:40,09:25 07 Jun,12h 45m,1 stop,No info,7952
Jet Airways,24/06/2019,Delhi,Cochin,DEL → BOM → COK,10:00,12:35 25 Jun,26h 35m,1 stop,In-flight meal not included,10262
Jet Airways,6/06/2019,Delhi,Cochin,DEL → LKO → BOM → COK,11:45,04:25 07 Jun,16h 40m,2 stops,No info,13882
IndiGo,12/05/2019,Banglore,Delhi,BLR → DEL,13:00,15:50,2h 50m,non-stop,No info,4591
Air India,12/03/2019,Mumbai,Hyderabad,BOM → GOI → PNQ → HYD,21:10,16:55,4h 15m,2 stops,No info,16172
IndiGo,18/04/2019,Banglore,Delhi,BLR → DEL,01:30,04:15,2h 45m,non-stop,No info,4591
IndiGo,24/06/2019,Mumbai,Hyderabad,BOM → HYD,06:25,07:55,1h 30m,non-stop,No info,4049
IndiGo,3/05/2019,Kolkata,Banglore,CCU → BLR,15:30,18:05,2h 35m,non-stop,No info,4804
Multiple carriers,27/03/2019,Delhi,Cochin,DEL → BOM → COK,08:00,15:30,7h 30m,1 stop,No info,6673
Jet Airways,27/06/2019,Delhi,Cochin,DEL → AMD → BOM → COK,23:05,04:25 29 Jun,29h 20m,2 stops,In-flight meal not included,11150
Air India,15/06/2019,Delhi,Cochin,DEL → CCU → BOM → COK,20:15,19:15 16 Jun,23h,2 stops,No info,13591
IndiGo,9/05/2019,Banglore,Delhi,BLR → DEL,06:05,08:50,2h 45m,non-stop,No info,4077
Multiple carriers,1/06/2019,Delhi,Cochin,DEL → BOM → COK,07:05,19:15,12h 10m,1 stop,In-flight meal not included,12927
Jet Airways,21/05/2019,Delhi,Cochin,DEL → BHO → BOM → COK,05:30,12:35,7h 5m,2 stops,No info,16274
Vistara,15/05/2019,Banglore,Delhi,BLR → DEL,07:00,09:40,2h 40m,non-stop,No info,4668
Jet Airways,27/05/2019,Delhi,Cochin,DEL → BOM → COK,20:55,12:35 28 May,15h 40m,1 stop,In-flight meal not included,12898
Air India,6/03/2019,Mumbai,Hyderabad,BOM → DEL → HYD,16:00,23:45,7h 45m,1 stop,No info,11678
IndiGo,12/06/2019,Delhi,Cochin,DEL → LKO → COK,21:50,03:35 13 Jun,5h 45m,1 stop,No info,5775
SpiceJet,1/03/2019,Kolkata,Banglore,CCU → BLR,09:00,11:30,2h 30m,non-stop,No info,5515
Jet Airways,18/03/2019,Banglore,New Delhi,BLR → BOM → DEL,22:50,09:00 16 Mar,10h 10m,1 stop,No info,13555
Jet Airways,24/05/2019,Kolkata,Banglore,CCU → BOM → BLR,16:30,04:40 25 May,12h 10m,1 stop,No info,14571
SpiceJet,9/06/2019,Mumbai,Hyderabad,BOM → HYD,13:15,14:45,1h 30m,non-stop,No info,2227
Air India,24/06/2019,Banglore,Delhi,BLR → DEL,13:20,16:10,2h 50m,non-stop,No info,6961
Air India,9/03/2019,Delhi,Cochin,DEL → BOM → COK,07:00,19:15,12h 15m,1 stop,No info,15704
Jet Airways,6/03/2019,Mumbai,Hyderabad,BOM → HYD,10:20,11:50,1h 30m,non-stop,No info,8040
Jet Airways,1/06/2019,Delhi,Cochin,DEL → BOM → COK,19:15,04:25 02 Jun,9h 10m,1 stop,No info,14714
Jet Airways,27/03/2019,Delhi,Cochin,DEL → IXC → BOM → COK,06:20,04:25 28 Mar,22h 5m,2 stops,In-flight meal not included,9296
Multiple carriers,21/05/2019,Delhi,Cochin,DEL → BOM → COK,09:00,19:00,10h,1 stop,No info,10197
Air India,12/06/2019,Delhi,Cochin,DEL → BOM → COK,13:00,19:15,6h 15m,1 stop,No info,8372
Vistara,9/03/2019,Delhi,Cochin,DEL → COK,14:55,17:50,2h 55m,non-stop,No info,6741
IndiGo,9/03/2019,Chennai,Kolkata,MAA → CCU,17:05,19:40,2h 35m,non-stop,No info,6297
Jet Airways,12/06/2019,Kolkata,Banglore,CCU → BOM → BLR,08:25,18:15,9h 50m,1 stop,No info,13626
Jet Airways,27/05/2019,Delhi,Cochin,DEL → AMD → BOM → COK,19:10,19:00 28 May,23h 50m,2 stops,No info,15129
IndiGo,21/03/2019,Delhi,Cochin,DEL → BLR → COK,02:00,07:45,5h 45m,1 stop,No info,6426
Jet Airways,9/03/2019,Delhi,Cochin,DEL → ATQ → BOM → COK,20:10,04:25 10 Mar,8h 15m,2 stops,No info,20904
Air Asia,9/04/2019,Delhi,Cochin,DEL → BLR → COK,20:45,07:10 10 Apr,10h 25m,1 stop,No info,6451
Air India,01/03/2019,Banglore,New Delhi,BLR → BBI → DEL,09:30,23:45,14h 15m,1 stop,No info,12704
Jet Airways,24/05/2019,Kolkata,Banglore,CCU → DEL → BLR,20:25,09:45 25 May,13h 20m,1 stop,No info,13067
Jet Airways,18/05/2019,Banglore,Delhi,BLR → DEL,06:00,08:45,2h 45m,non-stop,No info,7229
Jet Airways,21/03/2019,Delhi,Cochin,DEL → BDQ → BOM → COK,18:25,04:25 23 Mar,34h,2 stops,No info,12347
Multiple carriers,3/03/2019,Delhi,Cochin,DEL → BOM → COK,13:55,21:00,7h 5m,1 stop,No info,17057
Air India,18/05/2019,Kolkata,Banglore,CCU → BOM → HBX → BLR,09:25,18:20,8h 55m,2 stops,No info,8366
Multiple carriers,9/05/2019,Delhi,Cochin,DEL → BOM → COK,10:00,01:30 10 May,15h 30m,1 stop,No info,15078
Air Asia,9/06/2019,Kolkata,Banglore,CCU → DEL → BLR,07:35,19:25,11h 50m,1 stop,No info,7870
IndiGo,12/05/2019,Mumbai,Hyderabad,BOM → HYD,16:55,18:25,1h 30m,non-stop,No info,3603
Air India,12/06/2019,Kolkata,Banglore,CCU → DEL → BLR,07:00,16:15,9h 15m,1 stop,No info,11936
Multiple carriers,27/05/2019,Delhi,Cochin,DEL → BOM → COK,10:00,01:30 28 May,15h 30m,1 stop,In-flight meal not included,8925
Air India,21/04/2019,Delhi,Cochin,DEL → COK,14:10,17:10,3h,non-stop,No info,6934
Jet Airways,15/04/2019,Delhi,Cochin,DEL → BOM → COK,11:30,19:00,7h 30m,1 stop,In-flight meal not included,6542
IndiGo,15/03/2019,Kolkata,Banglore,CCU → BLR,14:20,16:55,2h 35m,non-stop,No info,4778
IndiGo,24/05/2019,Kolkata,Banglore,CCU → BLR,17:15,19:50,2h 35m,non-stop,No info,4804
Jet Airways,12/05/2019,Kolkata,Banglore,CCU → DEL → BLR,20:25,10:55 13 May,14h 30m,1 stop,No info,14151
Multiple carriers,1/06/2019,Delhi,Cochin,DEL → BOM → COK,13:00,19:15,6h 15m,1 stop,No info,16108
Multiple carriers,1/06/2019,Delhi,Cochin,DEL → BOM → COK,15:00,01:30 02 Jun,10h 30m,1 stop,No info,13377
SpiceJet,1/04/2019,Banglore,Delhi,BLR → DEL,09:30,12:20,2h 50m,non-stop,No check-in baggage included,3919
Multiple carriers,6/03/2019,Delhi,Cochin,DEL → BOM → COK,13:55,21:00,7h 5m,1 stop,In-flight meal not included,15136
Vistara,21/05/2019,Kolkata,Banglore,CCU → DEL → BLR,07:10,20:20,13h 10m,1 stop,No info,9345
Multiple carriers,27/03/2019,Delhi,Cochin,DEL → BOM → COK,02:15,15:30,13h 15m,1 stop,No info,12327
Jet Airways,18/03/2019,Banglore,New Delhi,BLR → BOM → DEL,08:55,16:10,7h 15m,1 stop,No info,12284
Air India,15/05/2019,Delhi,Cochin,DEL → HYD → BOM → COK,17:15,19:15 16 May,26h,2 stops,No info,13039
Jet Airways,9/03/2019,Delhi,Cochin,DEL → BOM → COK,17:25,04:25 10 Mar,11h,1 stop,In-flight meal not included,11848
Jet Airways,21/05/2019,Delhi,Cochin,DEL → BOM → COK,18:15,19:00 22 May,24h 45m,1 stop,No info,16079
IndiGo,3/05/2019,Kolkata,Banglore,CCU → BLR,22:15,00:50 04 May,2h 35m,non-stop,No info,4804
Jet Airways,9/06/2019,Kolkata,Banglore,CCU → BOM → BLR,20:00,23:35 10 Jun,27h 35m,1 stop,In-flight meal not included,10844
Vistara,1/04/2019,Kolkata,Banglore,CCU → DEL → BLR,20:20,10:45 02 Apr,14h 25m,1 stop,No info,8505
Air India,24/03/2019,Kolkata,Banglore,CCU → BOM → GOI → BLR,09:25,05:35 25 Mar,20h 10m,2 stops,No info,11774
Jet Airways,3/06/2019,Banglore,Delhi,BLR → DEL,06:00,08:45,2h 45m,non-stop,In-flight meal not included,5769
Jet Airways,1/05/2019,Kolkata,Banglore,CCU → BOM → BLR,08:25,20:45,12h 20m,1 stop,In-flight meal not included,10844
SpiceJet,24/05/2019,Chennai,Kolkata,MAA → CCU,08:20,10:35,2h 15m,non-stop,No info,3597
Multiple carriers,6/03/2019,Delhi,Cochin,DEL → BOM → COK,10:00,18:50,8h 50m,1 stop,No info,16497
Jet Airways,15/05/2019,Kolkata,Banglore,CCU → DEL → BLR,17:00,19:10 16 May,26h 10m,1 stop,No info,14151
IndiGo,6/05/2019,Kolkata,Banglore,CCU → BLR,09:35,12:20,2h 45m,non-stop,No info,4804
Air India,24/05/2019,Mumbai,Hyderabad,BOM → HYD,15:00,16:25,1h 25m,non-stop,No info,3100
Jet Airways,3/06/2019,Delhi,Cochin,DEL → BOM → COK,09:00,19:00,10h,1 stop,No info,14714
IndiGo,1/03/2019,Mumbai,Hyderabad,BOM → HYD,16:55,18:25,1h 30m,non-stop,No info,8853
IndiGo,1/06/2019,Delhi,Cochin,DEL → MAA → COK,07:15,12:30,5h 15m,1 stop,No info,6582
Vistara,3/06/2019,Banglore,Delhi,BLR → DEL,11:30,14:20,2h 50m,non-stop,No info,4668
Jet Airways,6/06/2019,Kolkata,Banglore,CCU → BOM → BLR,20:00,16:20 07 Jun,20h 20m,1 stop,No info,14571
Jet Airways,6/03/2019,Delhi,Cochin,DEL → BOM → COK,21:50,04:25 07 Mar,6h 35m,1 stop,In-flight meal not included,13843
Multiple carriers,3/06/2019,Delhi,Cochin,DEL → BOM → COK,06:40,19:15,12h 35m,1 stop,No info,7354
IndiGo,1/06/2019,Kolkata,Banglore,CCU → BLR,22:15,00:50 02 Jun,2h 35m,non-stop,No info,4804
IndiGo,1/06/2019,Chennai,Kolkata,MAA → CCU,22:05,00:25 02 Jun,2h 20m,non-stop,No info,5277
Air India,27/03/2019,Delhi,Cochin,DEL → BLR → COK,20:30,08:15 28 Mar,11h 45m,1 stop,No info,5998
IndiGo,1/04/2019,Banglore,Delhi,BLR → DEL,13:00,15:50,2h 50m,non-stop,No info,4591
IndiGo,6/05/2019,Chennai,Kolkata,MAA → CCU,14:45,17:05,2h 20m,non-stop,No info,3597
Jet Airways,24/06/2019,Mumbai,Hyderabad,BOM → HYD,19:35,21:05,1h 30m,non-stop,No info,5678
IndiGo,6/06/2019,Chennai,Kolkata,MAA → CCU,07:55,10:15,2h 20m,non-stop,No info,3850
SpiceJet,18/06/2019,Mumbai,Hyderabad,BOM → HYD,13:15,14:45,1h 30m,non-stop,No info,2017
Jet Airways,15/06/2019,Delhi,Cochin,DEL → BOM → COK,20:55,19:00 16 Jun,22h 5m,1 stop,In-flight meal not included,10262
Air India,12/06/2019,Delhi,Cochin,DEL → JAI → BOM → COK,12:00,19:15,7h 15m,2 stops,No info,8603
Multiple carriers,3/03/2019,Delhi,Cochin,DEL → HYD → COK,13:05,22:20,9h 15m,1 stop,No info,14153
Jet Airways,6/05/2019,Kolkata,Banglore,CCU → DEL → BLR,20:25,23:35 07 May,27h 10m,1 stop,In-flight meal not included,8066
Multiple carriers,21/03/2019,Delhi,Cochin,DEL → BOM → COK,12:50,01:35 22 Mar,12h 45m,1 stop,No info,7695
SpiceJet,6/03/2019,Delhi,Cochin,DEL → PNQ → COK,08:45,13:15,4h 30m,1 stop,No info,8488
GoAir,18/03/2019,Banglore,New Delhi,BLR → DEL,11:40,14:35,2h 55m,non-stop,No info,4340
Jet Airways,15/05/2019,Kolkata,Banglore,CCU → DEL → BLR,20:25,10:55 16 May,14h 30m,1 stop,No info,14151
Jet Airways,18/03/2019,Banglore,New Delhi,BLR → BOM → DEL,16:55,05:05 16 Mar,12h 10m,1 stop,In-flight meal not included,11087
Jet Airways,24/03/2019,Kolkata,Banglore,CCU → BOM → BLR,19:45,18:10 25 Mar,22h 25m,1 stop,No info,13759
Jet Airways,21/05/2019,Delhi,Cochin,DEL → BOM → COK,19:15,04:25 22 May,9h 10m,1 stop,No info,16079
Multiple carriers,1/06/2019,Delhi,Cochin,DEL → BOM → COK,09:00,19:00,10h,1 stop,No info,12717
Jet Airways,21/06/2019,Mumbai,Hyderabad,BOM → HYD,10:20,11:50,1h 30m,non-stop,In-flight meal not included,4995
SpiceJet,12/04/2019,Kolkata,Banglore,CCU → BLR,17:10,19:40,2h 30m,non-stop,No info,3873
Jet Airways,24/03/2019,Kolkata,Banglore,CCU → BOM → BLR,06:30,12:00,5h 30m,1 stop,In-flight meal not included,7826
Vistara,1/04/2019,Kolkata,Banglore,CCU → DEL → BLR,20:20,09:05 02 Apr,12h 45m,1 stop,No info,7980
Multiple carriers,21/05/2019,Delhi,Cochin,DEL → HYD → COK,09:45,00:55 22 May,15h 10m,1 stop,No info,9486
Jet Airways,9/06/2019,Kolkata,Banglore,CCU → BOM → BLR,18:55,18:15 10 Jun,23h 20m,1 stop,In-flight meal not included,10844
IndiGo,3/03/2019,Chennai,Kolkata,MAA → CCU,05:15,07:35,2h 20m,non-stop,No info,6482
IndiGo,1/06/2019,Delhi,Cochin,DEL → BOM → COK,17:30,01:30 02 Jun,8h,1 stop,No info,6628
Air India,6/06/2019,Kolkata,Banglore,CCU → GAU → BLR,09:50,21:05,11h 15m,1 stop,No info,7452
Jet Airways,15/06/2019,Delhi,Cochin,DEL → LKO → BOM → COK,09:25,04:25 16 Jun,19h,2 stops,No info,13882
Multiple carriers,27/06/2019,Delhi,Cochin,DEL → BOM → COK,09:15,19:15,10h,1 stop,No info,8099
Vistara,1/06/2019,Banglore,Delhi,BLR → DEL,17:00,19:35,2h 35m,non-stop,No info,4878
IndiGo,6/06/2019,Kolkata,Banglore,CCU → HYD → BLR,15:15,20:30,5h 15m,1 stop,No info,5170
SpiceJet,03/03/2019,Banglore,New Delhi,BLR → HYD → DEL,15:35,23:40,8h 5m,1 stop,No info,6315
IndiGo,1/03/2019,Chennai,Kolkata,MAA → CCU,13:20,15:35,2h 15m,non-stop,No info,7295
Multiple carriers,1/05/2019,Delhi,Cochin,DEL → BOM → COK,07:30,19:00,11h 30m,1 stop,No info,9794
Jet Airways,21/03/2019,Delhi,Cochin,DEL → AMD → BOM → COK,19:10,04:25 23 Mar,33h 15m,2 stops,In-flight meal not included,8834
SpiceJet,21/06/2019,Mumbai,Hyderabad,BOM → HYD,22:45,00:15 22 Jun,1h 30m,non-stop,No info,2017
Multiple carriers,9/03/2019,Delhi,Cochin,DEL → BOM → COK,06:40,19:45,13h 5m,1 stop,No info,12615
Vistara,09/03/2019,Banglore,New Delhi,BLR → DEL,21:10,00:05 13 Mar,2h 55m,non-stop,No info,7240
Jet Airways,24/06/2019,Banglore,Delhi,BLR → DEL,15:15,18:10,2h 55m,non-stop,No info,8016
Vistara,6/05/2019,Banglore,Delhi,BLR → DEL,17:00,19:35,2h 35m,non-stop,No info,4878
Jet Airways,12/06/2019,Delhi,Cochin,DEL → IDR → BOM → COK,05:30,04:25 13 Jun,22h 55m,2 stops,No info,13292
Air India,12/03/2019,Banglore,New Delhi,BLR → MAA → DEL,11:50,08:55 13 Mar,21h 5m,1 stop,No info,11707
IndiGo,24/06/2019,Delhi,Cochin,DEL → BLR → COK,17:05,22:15,5h 10m,1 stop,No info,6147
IndiGo,12/06/2019,Delhi,Cochin,DEL → BOM → COK,07:30,21:00,13h 30m,1 stop,No info,6093
Jet Airways,1/04/2019,Kolkata,Banglore,CCU → BOM → BLR,20:00,08:15 02 Apr,12h 15m,1 stop,No info,12681
SpiceJet,27/05/2019,Banglore,Delhi,BLR → DEL,05:55,08:35,2h 40m,non-stop,No info,3311
Air India,12/03/2019,Mumbai,Hyderabad,BOM → BLR → CCU → BBI → HYD,16:50,12:25 13 Mar,19h 35m,3 stops,No info,14260
Air India,27/06/2019,Delhi,Cochin,DEL → CCU → BOM → COK,14:25,19:15 28 Jun,28h 50m,2 stops,No info,13591
IndiGo,15/05/2019,Kolkata,Banglore,CCU → BLR,20:20,22:55,2h 35m,non-stop,No info,4804
Air India,15/05/2019,Delhi,Cochin,DEL → UDR → BOM → COK,13:20,07:40 16 May,18h 20m,2 stops,No info,13538
Jet Airways,9/06/2019,Kolkata,Banglore,CCU → DEL → BLR,09:35,09:45 10 Jun,24h 10m,1 stop,No info,14151
SpiceJet,15/03/2019,Banglore,New Delhi,BLR → DEL,05:45,08:35,2h 50m,non-stop,No info,5575
Jet Airways,24/05/2019,Kolkata,Banglore,CCU → BOM → BLR,06:30,09:20 25 May,26h 50m,1 stop,No info,14178
Air India,12/03/2019,Chennai,Kolkata,MAA → CCU,11:40,13:55,2h 15m,non-stop,No info,7082
SpiceJet,9/05/2019,Banglore,Delhi,BLR → DEL,21:10,00:05 10 May,2h 55m,non-stop,No check-in baggage included,4319
Jet Airways,3/03/2019,Delhi,Cochin,DEL → UDR → BOM → COK,18:20,18:50 04 Mar,24h 30m,2 stops,No info,20747
Jet Airways,24/03/2019,Kolkata,Banglore,CCU → BOM → BLR,08:25,22:35,14h 10m,1 stop,No info,13759
Jet Airways,21/03/2019,Delhi,Cochin,DEL → BHO → BOM → COK,05:40,04:25 22 Mar,22h 45m,2 stops,In-flight meal not included,9181
Jet Airways,3/03/2019,Delhi,Cochin,DEL → BOM → COK,02:15,18:50,16h 35m,1 stop,No info,17024
IndiGo,27/03/2019,Delhi,Cochin,DEL → HYD → COK,06:40,12:00,5h 20m,1 stop,No info,5298
Jet Airways,1/04/2019,Kolkata,Banglore,CCU → BOM → BLR,14:05,22:35,8h 30m,1 stop,No info,13364
Jet Airways,12/05/2019,Kolkata,Banglore,CCU → BOM → BLR,06:30,16:20,9h 50m,1 stop,In-flight meal not included,10844
Jet Airways,15/05/2019,Kolkata,Banglore,CCU → BOM → BLR,20:00,04:40 16 May,8h 40m,1 stop,No info,13941
Jet Airways,12/06/2019,Delhi,Cochin,DEL → NAG → BOM → COK,06:45,04:25 13 Jun,21h 40m,2 stops,In-flight meal not included,10919
Jet Airways,18/03/2019,Banglore,New Delhi,BLR → BOM → DEL,05:45,13:15,7h 30m,1 stop,No info,12284
IndiGo,21/03/2019,Delhi,Cochin,DEL → HYD → COK,08:35,22:20,13h 45m,1 stop,No info,6790
IndiGo,18/05/2019,Mumbai,Hyderabad,BOM → HYD,06:25,07:55,1h 30m,non-stop,No info,4392
Air India,6/06/2019,Delhi,Cochin,DEL → AMD → BOM → COK,05:00,19:15 07 Jun,38h 15m,2 stops,No info,9653
SpiceJet,21/06/2019,Mumbai,Hyderabad,BOM → HYD,05:45,07:15,1h 30m,non-stop,No info,2753
Air India,18/05/2019,Kolkata,Banglore,CCU → HYD → BLR,19:00,11:05 19 May,16h 5m,1 stop,No info,6327
Multiple carriers,3/03/2019,Delhi,Cochin,DEL → HYD → COK,07:10,22:20,15h 10m,1 stop,In-flight meal not included,11125
Jet Airways,6/06/2019,Delhi,Cochin,DEL → BOM → COK,22:50,19:00 07 Jun,20h 10m,1 stop,In-flight meal not included,10262
Jet Airways,9/06/2019,Delhi,Cochin,DEL → BOM → COK,17:30,04:25 10 Jun,10h 55m,1 stop,In-flight meal not included,10262
Air Asia,27/05/2019,Delhi,Cochin,DEL → BLR → COK,16:45,22:25,5h 40m,1 stop,No info,6752
IndiGo,27/05/2019,Banglore,Delhi,BLR → DEL,06:05,08:50,2h 45m,non-stop,No info,4423
Air Asia,21/05/2019,Banglore,Delhi,BLR → DEL,11:10,13:55,2h 45m,non-stop,No info,3383
Air India,15/06/2019,Delhi,Cochin,DEL → UDR → BOM → COK,13:20,07:40 16 Jun,18h 20m,2 stops,No info,12121
Multiple carriers,9/05/2019,Delhi,Cochin,DEL → BOM → COK,11:40,01:30 10 May,13h 50m,1 stop,No info,9021
Multiple carriers,6/06/2019,Delhi,Cochin,DEL → BOM → COK,11:40,19:15,7h 35m,1 stop,No info,8266
Jet Airways,3/06/2019,Delhi,Cochin,DEL → BOM → COK,19:45,19:00 04 Jun,23h 15m,1 stop,No info,14714
Air India,27/06/2019,Delhi,Cochin,DEL → BHO → BOM → COK,05:55,19:15,13h 20m,2 stops,No info,11386
Jet Airways,06/03/2019,Banglore,New Delhi,BLR → BOM → DEL,08:55,08:15 07 Mar,23h 20m,1 stop,No info,14815
Jet Airways,6/03/2019,Delhi,Cochin,DEL → BOM → COK,09:00,04:25 07 Mar,19h 25m,1 stop,In-flight meal not included,13843
IndiGo,15/05/2019,Delhi,Cochin,DEL → BOM → COK,07:30,21:00,13h 30m,1 stop,No info,7191
SpiceJet,3/03/2019,Kolkata,Banglore,CCU → BLR,17:15,19:45,2h 30m,non-stop,No info,6251
Jet Airways,27/03/2019,Delhi,Cochin,DEL → MAA → BOM → COK,05:10,04:25 28 Mar,23h 15m,2 stops,In-flight meal not included,9412
SpiceJet,15/03/2019,Kolkata,Banglore,CCU → BLR,22:20,00:40 16 Mar,2h 20m,non-stop,No check-in baggage included,3815
Air India,15/05/2019,Mumbai,Hyderabad,BOM → HYD,19:30,20:45,1h 15m,non-stop,No info,3100
Vistara,21/06/2019,Delhi,Cochin,DEL → COK,14:40,17:50,3h 10m,non-stop,No info,6216
Multiple carriers,27/06/2019,Delhi,Cochin,DEL → BOM → COK,14:00,01:30 28 Jun,11h 30m,1 stop,No info,13377
IndiGo,21/03/2019,Banglore,New Delhi,BLR → HYD → DEL,07:30,12:20,4h 50m,1 stop,No info,5694
Air India,21/05/2019,Kolkata,Banglore,CCU → VNS → DEL → BLR,14:30,12:30 22 May,22h,2 stops,No info,15107
Air India,9/03/2019,Delhi,Cochin,DEL → BOM → COK,23:00,19:15 10 Mar,20h 15m,1 stop,No info,11260
Air India,27/05/2019,Delhi,Cochin,DEL → BOM → COK,08:00,19:15,11h 15m,1 stop,No info,9929
Air India,21/03/2019,Delhi,Cochin,DEL → MAA → COK,20:40,09:25 22 Mar,12h 45m,1 stop,No info,5642
Multiple carriers,9/05/2019,Delhi,Cochin,DEL → BOM → COK,13:00,01:30 10 May,12h 30m,1 stop,No info,15078
Multiple carriers,12/06/2019,Delhi,Cochin,DEL → BOM → COK,14:00,01:30 13 Jun,11h 30m,1 stop,No info,13377
Air India,15/05/2019,Kolkata,Banglore,CCU → DEL → COK → BLR,20:30,13:45 16 May,17h 15m,2 stops,No info,16057
Jet Airways,18/03/2019,Banglore,New Delhi,BLR → BOM → DEL,05:45,10:45,5h,1 stop,No info,12284
Jet Airways,18/03/2019,Mumbai,Hyderabad,BOM → HYD,19:35,21:05,1h 30m,non-stop,No info,5678
Multiple carriers,3/03/2019,Delhi,Cochin,DEL → BOM → COK,18:00,01:35 04 Mar,7h 35m,1 stop,No info,17703
IndiGo,3/06/2019,Banglore,Delhi,BLR → DEL,07:10,10:05,2h 55m,non-stop,No info,4823
Air India,1/04/2019,Kolkata,Banglore,CCU → IXR → BBI → BLR,05:50,13:15,7h 25m,2 stops,No info,5562
IndiGo,6/03/2019,Delhi,Cochin,DEL → BBI → COK,02:35,08:30,5h 55m,1 stop,No info,13790
Jet Airways,1/05/2019,Kolkata,Banglore,CCU → BOM → BLR,16:30,08:15 02 May,15h 45m,1 stop,In-flight meal not included,8586
Multiple carriers,27/05/2019,Delhi,Cochin,DEL → BOM → COK,07:30,19:00,11h 30m,1 stop,No info,11264
Jet Airways,12/05/2019,Kolkata,Banglore,CCU → BOM → BLR,18:55,04:40 13 May,9h 45m,1 stop,In-flight meal not included,9663
IndiGo,6/06/2019,Delhi,Cochin,DEL → BOM → COK,08:30,21:00,12h 30m,1 stop,No info,6416
IndiGo,9/03/2019,Delhi,Cochin,DEL → BOM → COK,16:00,21:00,5h,1 stop,No info,7725
Jet Airways,1/06/2019,Delhi,Cochin,DEL → NAG → BOM → COK,14:35,12:35 02 Jun,22h,2 stops,No info,13376
Jet Airways,24/03/2019,Kolkata,Banglore,CCU → BOM → BLR,13:55,12:00 25 Mar,22h 5m,1 stop,No info,14231
Jet Airways,3/03/2019,Delhi,Cochin,DEL → BOM → COK,11:30,04:25 04 Mar,16h 55m,1 stop,No info,19828
Jet Airways,27/03/2019,Mumbai,Hyderabad,BOM → HYD,07:10,08:35,1h 25m,non-stop,No info,8040
Air India,01/03/2019,Banglore,New Delhi,BLR → DEL,17:00,19:45,2h 45m,non-stop,No info,25913
Jet Airways,21/05/2019,Delhi,Cochin,DEL → BOM → COK,09:00,19:00,10h,1 stop,No info,16079
Air India,3/03/2019,Mumbai,Hyderabad,BOM → HYD,21:05,22:25,1h 20m,non-stop,No info,4937
Air India,27/06/2019,Delhi,Cochin,DEL → HYD → BOM → COK,17:15,07:40 28 Jun,14h 25m,2 stops,No info,13039
Jet Airways,1/05/2019,Kolkata,Banglore,CCU → DEL → BLR,20:25,14:25 02 May,18h,1 stop,In-flight meal not included,9314
SpiceJet,27/06/2019,Delhi,Cochin,DEL → BLR → COK,17:55,22:50,4h 55m,1 stop,No info,4957
Multiple carriers,3/03/2019,Delhi,Cochin,DEL → BOM → COK,04:00,11:30,7h 30m,1 stop,No info,14973
Jet Airways,9/06/2019,Kolkata,Banglore,CCU → BOM → BLR,08:25,16:20,7h 55m,1 stop,No info,14571
IndiGo,6/05/2019,Kolkata,Banglore,CCU → BLR,14:25,16:55,2h 30m,non-stop,No info,5224
Multiple carriers,24/06/2019,Delhi,Cochin,DEL → BOM → COK,09:15,19:00,9h 45m,1 stop,No info,11622
GoAir,27/05/2019,Banglore,Delhi,BLR → DEL,20:55,23:40,2h 45m,non-stop,No info,3419
Jet Airways,1/06/2019,Delhi,Cochin,DEL → BHO → BOM → COK,05:30,12:35,7h 5m,2 stops,In-flight meal not included,13344
IndiGo,6/06/2019,Delhi,Cochin,DEL → BOM → COK,16:00,01:30 07 Jun,9h 30m,1 stop,No info,6316
IndiGo,21/06/2019,Mumbai,Hyderabad,BOM → HYD,16:55,18:25,1h 30m,non-stop,No info,4392
Jet Airways,18/05/2019,Delhi,Cochin,DEL → AMD → BOM → COK,13:25,04:25 19 May,15h,2 stops,No info,16704
Jet Airways,12/06/2019,Kolkata,Banglore,CCU → BOM → BLR,18:55,12:00 13 Jun,17h 5m,1 stop,In-flight meal not included,8529
Jet Airways,12/06/2019,Delhi,Cochin,DEL → ATQ → BOM → COK,12:15,12:35 13 Jun,24h 20m,2 stops,No info,14300
Multiple carriers,27/05/2019,Delhi,Cochin,DEL → BOM → COK,13:00,01:30 28 May,12h 30m,1 stop,No info,7198
Jet Airways,12/06/2019,Delhi,Cochin,DEL → ATQ → BOM → COK,18:20,19:00 13 Jun,24h 40m,2 stops,No info,14300
Jet Airways,3/04/2019,Banglore,Delhi,BLR → DEL,18:55,22:00,3h 5m,non-stop,No info,7229
SpiceJet,9/06/2019,Kolkata,Banglore,CCU → BLR,09:00,11:25,2h 25m,non-stop,No check-in baggage included,3841
Jet Airways,1/05/2019,Banglore,Delhi,BLR → DEL,06:00,08:45,2h 45m,non-stop,In-flight meal not included,4030
Jet Airways,21/05/2019,Delhi,Cochin,DEL → BOM → COK,20:55,04:25 22 May,7h 30m,1 stop,No info,16079
IndiGo,27/05/2019,Mumbai,Hyderabad,BOM → HYD,12:00,13:30,1h 30m,non-stop,No info,2754
IndiGo,3/06/2019,Delhi,Cochin,DEL → BLR → COK,05:10,10:05,4h 55m,1 stop,No info,6842
Vistara,24/03/2019,Banglore,New Delhi,BLR → DEL,09:50,12:35,2h 45m,non-stop,No info,6138
Jet Airways,12/06/2019,Kolkata,Banglore,CCU → BOM → BLR,20:00,04:40 13 Jun,8h 40m,1 stop,No info,12576
Jet Airways,12/05/2019,Kolkata,Banglore,CCU → DEL → BLR,09:35,14:25 13 May,28h 50m,1 stop,No info,13067
Jet Airways,6/05/2019,Kolkata,Banglore,CCU → GAU → BLR,10:20,17:35,7h 15m,1 stop,No info,9358
Jet Airways,9/05/2019,Kolkata,Banglore,CCU → BOM → BLR,08:25,04:40 10 May,20h 15m,1 stop,In-flight meal not included,8586
Air India,6/04/2019,Banglore,Delhi,BLR → DEL,13:20,16:10,2h 50m,non-stop,No info,5176
Air India,15/06/2019,Delhi,Cochin,DEL → MAA → COK,20:40,09:25 16 Jun,12h 45m,1 stop,No info,7480
Air India,6/06/2019,Kolkata,Banglore,CCU → IXR → DEL → BLR,05:50,12:30 07 Jun,30h 40m,2 stops,No info,12723
Air India,1/04/2019,Kolkata,Banglore,CCU → BBI → BLR,09:10,13:15,4h 5m,1 stop,No info,5793
Multiple carriers,12/06/2019,Delhi,Cochin,DEL → BOM → COK,09:00,19:15,10h 15m,1 stop,No info,14848
Air India,15/05/2019,Delhi,Cochin,DEL → AMD → BOM → COK,05:00,19:15 16 May,38h 15m,2 stops,No info,10493
Jet Airways,9/05/2019,Kolkata,Banglore,CCU → DEL → BLR,20:25,18:00 10 May,21h 35m,1 stop,No info,11467
Air India,27/05/2019,Delhi,Cochin,DEL → BOM → COK,03:50,19:15,15h 25m,1 stop,No info,9719
SpiceJet,15/04/2019,Kolkata,Banglore,CCU → BLR,22:20,00:40 16 Apr,2h 20m,non-stop,No info,3873
IndiGo,21/03/2019,Delhi,Cochin,DEL → MAA → COK,02:05,07:25,5h 20m,1 stop,No info,4862
SpiceJet,3/04/2019,Banglore,Delhi,BLR → DEL,09:30,12:20,2h 50m,non-stop,No info,3971
Jet Airways,21/03/2019,Banglore,New Delhi,BLR → BOM → DEL,11:40,10:25 19 Mar,22h 45m,1 stop,In-flight meal not included,7832
SpiceJet,21/05/2019,Banglore,Delhi,BLR → DEL,09:30,12:20,2h 50m,non-stop,No info,3625
Vistara,1/05/2019,Kolkata,Banglore,CCU → DEL → BLR,17:00,18:50 02 May,25h 50m,1 stop,No info,8610
Multiple carriers,21/03/2019,Delhi,Cochin,DEL → BOM → COK,09:00,15:30,6h 30m,1 stop,No info,14486
SpiceJet,9/05/2019,Kolkata,Banglore,CCU → BLR,09:00,11:25,2h 25m,non-stop,No check-in baggage included,3841
Jet Airways,9/05/2019,Kolkata,Banglore,CCU → BOM → BLR,14:05,04:40 10 May,14h 35m,1 stop,No info,13941
IndiGo,12/05/2019,Banglore,Delhi,BLR → DEL,18:55,21:50,2h 55m,non-stop,No info,4823
Air India,1/05/2019,Kolkata,Banglore,CCU → BBI → BOM → BLR,09:10,21:50,12h 40m,2 stops,No info,12009
SpiceJet,21/06/2019,Chennai,Kolkata,MAA → CCU,08:20,10:35,2h 15m,non-stop,No info,3597
Multiple carriers,3/03/2019,Delhi,Cochin,DEL → BOM → COK,16:00,01:35 04 Mar,9h 35m,1 stop,No info,21226
Jet Airways,9/06/2019,Delhi,Cochin,DEL → BOM → COK,19:15,12:35 10 Jun,17h 20m,1 stop,In-flight meal not included,10577
Air Asia,12/05/2019,Kolkata,Banglore,CCU → DEL → BLR,07:35,19:25,11h 50m,1 stop,No info,5320
IndiGo,21/03/2019,Banglore,New Delhi,BLR → DEL,07:10,10:05,2h 55m,non-stop,No info,6860
SpiceJet,21/03/2019,Mumbai,Hyderabad,BOM → HYD,22:45,00:10 22 Mar,1h 25m,non-stop,No info,1759
Jet Airways,27/03/2019,Delhi,Cochin,DEL → BOM → COK,11:30,04:25 28 Mar,16h 55m,1 stop,No info,12242
SpiceJet,3/06/2019,Kolkata,Banglore,CCU → BLR,22:20,00:40 04 Jun,2h 20m,non-stop,No check-in baggage included,3841
Jet Airways,27/05/2019,Banglore,Delhi,BLR → DEL,15:15,18:10,2h 55m,non-stop,In-flight meal not included,3502
Jet Airways,9/05/2019,Kolkata,Banglore,CCU → BOM → BLR,14:05,23:35,9h 30m,1 stop,In-flight meal not included,10844
IndiGo,9/04/2019,Kolkata,Banglore,CCU → BLR,21:25,00:05 10 Apr,2h 40m,non-stop,No info,4174
Jet Airways,9/06/2019,Kolkata,Banglore,CCU → GAU → BLR,10:20,17:35,7h 15m,1 stop,In-flight meal not included,5608
IndiGo,24/05/2019,Kolkata,Banglore,CCU → PAT → BLR,09:20,14:15,4h 55m,1 stop,No info,9376
Jet Airways,6/05/2019,Kolkata,Banglore,CCU → BOM → BLR,21:10,16:20 07 May,19h 10m,1 stop,No info,13584
Multiple carriers,24/06/2019,Delhi,Cochin,DEL → BOM → COK,08:30,19:15,10h 45m,1 stop,No info,7354
Jet Airways,12/05/2019,Kolkata,Banglore,CCU → BOM → BLR,20:00,18:15 13 May,22h 15m,1 stop,In-flight meal not included,10844
Jet Airways,12/05/2019,Kolkata,Banglore,CCU → BOM → BLR,18:55,08:15 13 May,13h 20m,1 stop,No info,14388
Jet Airways,18/05/2019,Kolkata,Banglore,CCU → BOM → BLR,05:45,16:20,10h 35m,1 stop,No info,14781
Air India,27/05/2019,Delhi,Cochin,DEL → JAI → BOM → COK,12:00,19:15,7h 15m,2 stops,No info,9653
Jet Airways,9/06/2019,Delhi,Cochin,DEL → BOM → COK,10:00,04:25 10 Jun,18h 25m,1 stop,In-flight meal not included,10262
IndiGo,6/06/2019,Delhi,Cochin,DEL → HYD → COK,06:50,22:30,15h 40m,1 stop,No info,6674
IndiGo,3/03/2019,Delhi,Cochin,DEL → HYD → COK,08:35,16:10,7h 35m,1 stop,No info,7663
SpiceJet,18/04/2019,Banglore,Delhi,BLR → DEL,05:55,08:35,2h 40m,non-stop,No check-in baggage included,4319
Jet Airways,18/05/2019,Delhi,Cochin,DEL → BOM → COK,02:15,19:00,16h 45m,1 stop,In-flight meal not included,12373
Jet Airways,9/04/2019,Delhi,Cochin,DEL → BOM → COK,22:50,04:25 10 Apr,5h 35m,1 stop,No info,12242
Jet Airways,27/05/2019,Delhi,Cochin,DEL → BOM → COK,08:00,19:00,11h,1 stop,No info,16289
GoAir,3/06/2019,Banglore,Delhi,BLR → DEL,20:55,23:40,2h 45m,non-stop,No info,3419
Jet Airways,1/04/2019,Kolkata,Banglore,CCU → BOM → BLR,08:25,16:20,7h 55m,1 stop,In-flight meal not included,7851
Jet Airways,18/03/2019,Banglore,New Delhi,BLR → BOM → DEL,05:45,15:15,9h 30m,1 stop,No info,12284
IndiGo,15/06/2019,Delhi,Cochin,DEL → BLR → COK,02:00,07:45,5h 45m,1 stop,No info,6386
Jet Airways,27/06/2019,Delhi,Cochin,DEL → AMD → BOM → COK,23:05,04:25 29 Jun,29h 20m,2 stops,No info,15339
SpiceJet,12/05/2019,Mumbai,Hyderabad,BOM → HYD,22:45,00:15 13 May,1h 30m,non-stop,No info,2017
Jet Airways,18/05/2019,Delhi,Cochin,DEL → BHO → BOM → COK,05:30,12:35,7h 5m,2 stops,No info,16274
IndiGo,21/03/2019,Delhi,Cochin,DEL → TRV → COK,21:05,01:45 22 Mar,4h 40m,1 stop,No info,5947
Jet Airways,21/03/2019,Mumbai,Hyderabad,BOM → HYD,07:10,08:35,1h 25m,non-stop,No info,8040
Jet Airways,12/06/2019,Delhi,Cochin,DEL → JAI → BOM → COK,09:40,12:35 13 Jun,26h 55m,2 stops,In-flight meal not included,10368
Air India,18/05/2019,Delhi,Cochin,DEL → BLR → COK,20:30,23:00 19 May,26h 30m,1 stop,No info,8907
IndiGo,6/06/2019,Mumbai,Hyderabad,BOM → HYD,06:25,07:55,1h 30m,non-stop,No info,4049
Air India,03/03/2019,Banglore,New Delhi,BLR → DEL,10:00,12:45,2h 45m,non-stop,No info,8588
Jet Airways,27/05/2019,Banglore,Delhi,BLR → DEL,19:50,22:50,3h,non-stop,No info,7229
IndiGo,6/05/2019,Banglore,Delhi,BLR → DEL,21:15,00:15 07 May,3h,non-stop,No info,3943
Air Asia,3/05/2019,Banglore,Delhi,BLR → DEL,23:55,02:45 04 May,2h 50m,non-stop,No info,4483
Air India,21/05/2019,Kolkata,Banglore,CCU → BBI → BOM → BLR,12:00,18:30 22 May,30h 30m,2 stops,No info,10151
IndiGo,18/06/2019,Banglore,Delhi,BLR → DEL,22:10,01:00 19 Jun,2h 50m,non-stop,No info,3419
Air India,18/05/2019,Delhi,Cochin,DEL → GOI → BOM → COK,10:55,07:40 19 May,20h 45m,2 stops,No info,13486
Vistara,9/06/2019,Kolkata,Banglore,CCU → DEL → BLR,20:20,18:50 10 Jun,22h 30m,1 stop,No info,8610
GoAir,15/06/2019,Banglore,Delhi,BLR → DEL,11:40,14:30,2h 50m,non-stop,No info,3898
Air India,24/03/2019,Kolkata,Banglore,CCU → BBI → BOM → BLR,09:10,11:10 25 Mar,26h,2 stops,No info,15187
IndiGo,1/03/2019,Delhi,Cochin,DEL → HYD → MAA → COK,04:55,21:20,16h 25m,2 stops,No info,10278
IndiGo,15/04/2019,Delhi,Cochin,DEL → HYD → COK,06:50,16:10,9h 20m,1 stop,No info,6442
Jet Airways,3/06/2019,Delhi,Cochin,DEL → BHO → BOM → COK,05:30,12:35,7h 5m,2 stops,In-flight meal not included,13344
Air India,15/03/2019,Banglore,New Delhi,BLR → HYD → DEL,08:15,08:50 16 Mar,24h 35m,1 stop,No info,5521
IndiGo,27/05/2019,Chennai,Kolkata,MAA → CCU,13:15,15:35,2h 20m,non-stop,No info,3597
Air India,09/03/2019,Banglore,New Delhi,BLR → CCU → DEL,11:05,09:15 13 Mar,22h 10m,1 stop,No info,11077
Multiple carriers,27/03/2019,Delhi,Cochin,DEL → BOM → COK,18:00,01:35 28 Mar,7h 35m,1 stop,No info,6673
Air India,9/06/2019,Delhi,Cochin,DEL → HYD → BOM → COK,17:15,19:15 10 Jun,26h,2 stops,No info,12392
Air India,6/03/2019,Mumbai,Hyderabad,BOM → MAA → HYD,05:55,22:00,16h 5m,1 stop,No info,10366
Air India,15/06/2019,Delhi,Cochin,DEL → RPR → NAG → BOM → COK,05:15,19:15 16 Jun,38h,3 stops,No info,10703
Air India,9/05/2019,Delhi,Cochin,DEL → BLR → COK,09:45,23:00,13h 15m,1 stop,No info,7174
Jet Airways,18/03/2019,Banglore,New Delhi,BLR → BOM → DEL,22:50,09:30 16 Mar,10h 40m,1 stop,In-flight meal not included,11087
Air Asia,27/04/2019,Banglore,Delhi,BLR → DEL,23:55,02:45 28 Apr,2h 50m,non-stop,No info,3383
Air India,6/06/2019,Kolkata,Banglore,CCU → GAU → DEL → BLR,16:45,08:55 07 Jun,16h 10m,2 stops,No info,14960
Jet Airways,1/05/2019,Kolkata,Banglore,CCU → DEL → BLR,20:25,09:45 02 May,13h 20m,1 stop,No info,11467
Multiple carriers,27/03/2019,Delhi,Cochin,DEL → BOM → COK,09:00,15:30,6h 30m,1 stop,No info,6673
Air India,27/06/2019,Mumbai,Hyderabad,BOM → HYD,13:55,15:25,1h 30m,non-stop,No info,3100
Jet Airways,06/03/2019,Banglore,New Delhi,BLR → BOM → DEL,05:45,16:10,10h 25m,1 stop,No info,16736
Air India,1/04/2019,Delhi,Cochin,DEL → MAA → COK,20:40,09:25 02 Apr,12h 45m,1 stop,No info,5117
Jet Airways,21/03/2019,Delhi,Cochin,DEL → BDQ → BOM → COK,10:45,18:50 22 Mar,32h 5m,2 stops,No info,11093
GoAir,9/06/2019,Kolkata,Banglore,CCU → BOM → BLR,23:30,07:45 10 Jun,8h 15m,1 stop,No info,6354
Air India,18/03/2019,Delhi,Cochin,DEL → COK,14:10,17:10,3h,non-stop,No info,5674
Jet Airways,27/05/2019,Delhi,Cochin,DEL → JAI → BOM → COK,09:40,04:25 28 May,18h 45m,2 stops,In-flight meal not included,13029
Jet Airways,24/06/2019,Delhi,Cochin,DEL → AMD → BOM → COK,23:05,04:25 26 Jun,29h 20m,2 stops,No info,12819
Air India,06/03/2019,Banglore,New Delhi,BLR → BOM → UDR → DEL,08:50,16:30 07 Mar,31h 40m,2 stops,No info,14143
IndiGo,18/04/2019,Banglore,Delhi,BLR → DEL,08:30,11:20,2h 50m,non-stop,No info,5740
GoAir,03/03/2019,Banglore,New Delhi,BLR → DEL,11:40,14:35,2h 55m,non-stop,No info,7646
Air India,9/05/2019,Delhi,Cochin,DEL → CCU → BOM → COK,14:25,19:15 10 May,28h 50m,2 stops,No info,13591
Air India,1/06/2019,Mumbai,Hyderabad,BOM → HYD,19:30,20:45,1h 15m,non-stop,No info,3100
Jet Airways,1/04/2019,Delhi,Cochin,DEL → BOM → COK,18:15,12:35 02 Apr,18h 20m,1 stop,In-flight meal not included,5406
Jet Airways,6/05/2019,Kolkata,Banglore,CCU → BOM → BLR,20:00,08:15 07 May,12h 15m,1 stop,No info,14388
IndiGo,9/03/2019,Chennai,Kolkata,MAA → CCU,11:35,14:00,2h 25m,non-stop,No info,6297
Jet Airways,12/05/2019,Banglore,Delhi,BLR → DEL,19:50,22:50,3h,non-stop,No info,7229
Jet Airways,6/03/2019,Delhi,Cochin,DEL → AMD → BOM → COK,19:10,04:25 08 Mar,33h 15m,2 stops,No info,20694
Air Asia,21/06/2019,Banglore,Delhi,BLR → DEL,04:55,07:45,2h 50m,non-stop,No info,4282
Multiple carriers,18/05/2019,Delhi,Cochin,DEL → BOM → COK,11:30,01:30 19 May,14h,1 stop,No info,13727
Multiple carriers,15/06/2019,Delhi,Cochin,DEL → BOM → COK,11:25,19:15,7h 50m,1 stop,No info,8614
Multiple carriers,21/03/2019,Delhi,Cochin,DEL → BOM → COK,18:00,01:35 22 Mar,7h 35m,1 stop,No info,7363
Air India,15/05/2019,Delhi,Cochin,DEL → GOI → BOM → COK,22:00,19:15 16 May,21h 15m,2 stops,No info,11281
GoAir,18/05/2019,Banglore,Delhi,BLR → DEL,11:40,14:30,2h 50m,non-stop,No info,4340
IndiGo,9/03/2019,Kolkata,Banglore,CCU → BLR,17:15,19:55,2h 40m,non-stop,No info,4778
Jet Airways,27/05/2019,Delhi,Cochin,DEL → BOM → COK,11:30,12:35 28 May,25h 5m,1 stop,In-flight meal not included,12898
IndiGo,15/04/2019,Delhi,Cochin,DEL → HYD → COK,08:35,16:10,7h 35m,1 stop,No info,6442
Jet Airways,24/06/2019,Delhi,Cochin,DEL → BOM → COK,11:30,19:00,7h 30m,1 stop,No info,14714
Multiple carriers,27/06/2019,Delhi,Cochin,DEL → HYD → COK,13:15,22:30,9h 15m,1 stop,No info,8018
Air India,6/05/2019,Kolkata,Banglore,CCU → BLR,20:45,23:20,2h 35m,non-stop,No info,4145
IndiGo,9/05/2019,Mumbai,Hyderabad,BOM → HYD,16:55,18:25,1h 30m,non-stop,No info,4784
Air India,12/03/2019,Banglore,New Delhi,BLR → MAA → DEL,11:50,19:50,8h,1 stop,No info,11707
SpiceJet,21/03/2019,Kolkata,Banglore,CCU → BLR,17:15,19:45,2h 30m,non-stop,No check-in baggage included,3815
Air India,01/03/2019,Banglore,New Delhi,BLR → COK → DEL,22:00,13:20 02 Mar,15h 20m,1 stop,No info,21130
Jet Airways,6/03/2019,Delhi,Cochin,DEL → BOM → COK,13:00,18:50,5h 50m,1 stop,No info,17024
SpiceJet,21/06/2019,Kolkata,Banglore,CCU → BLR,09:00,11:25,2h 25m,non-stop,No info,3873
Jet Airways,6/06/2019,Kolkata,Banglore,CCU → DEL → BLR,17:00,19:10 07 Jun,26h 10m,1 stop,No info,14151
IndiGo,18/06/2019,Kolkata,Banglore,CCU → BLR,21:25,00:05 19 Jun,2h 40m,non-stop,No info,4804
Jet Airways,27/05/2019,Delhi,Cochin,DEL → BOM → COK,07:05,04:25 28 May,21h 20m,1 stop,In-flight meal not included,12898
IndiGo,3/05/2019,Banglore,Delhi,BLR → DEL,22:10,01:00 04 May,2h 50m,non-stop,No info,4284
Jet Airways,21/04/2019,Banglore,Delhi,BLR → DEL,08:20,11:20,3h,non-stop,No info,7229
IndiGo,15/03/2019,Banglore,New Delhi,BLR → HYD → DEL,07:30,12:20,4h 50m,1 stop,No info,6114
Multiple carriers,27/06/2019,Delhi,Cochin,DEL → BOM → COK,11:30,19:15,7h 45m,1 stop,No info,14848
IndiGo,6/03/2019,Delhi,Cochin,DEL → BOM → COK,04:45,15:30,10h 45m,1 stop,No info,13611
Jet Airways,12/06/2019,Banglore,Delhi,BLR → DEL,07:10,10:10,3h,non-stop,No info,8016
Jet Airways,9/06/2019,Kolkata,Banglore,CCU → BOM → BLR,08:25,18:15,9h 50m,1 stop,No info,14571
Jet Airways,27/05/2019,Delhi,Cochin,DEL → BOM → COK,09:00,19:00,10h,1 stop,In-flight meal not included,10675
IndiGo,21/05/2019,Delhi,Cochin,DEL → BOM → COK,04:55,11:50,6h 55m,1 stop,No info,6794
Jet Airways,27/03/2019,Delhi,Cochin,DEL → BOM → COK,09:55,04:25 28 Mar,18h 30m,1 stop,In-flight meal not included,6540
Vistara,09/03/2019,Banglore,New Delhi,BLR → DEL,11:30,14:10,2h 40m,non-stop,No info,7240
Air India,15/06/2019,Delhi,Cochin,DEL → HYD → MAA → COK,13:15,09:25 16 Jun,20h 10m,2 stops,No info,8839
SpiceJet,6/06/2019,Kolkata,Banglore,CCU → BLR,09:00,11:25,2h 25m,non-stop,No info,3873
Air India,6/06/2019,Delhi,Cochin,DEL → BHO → BOM → COK,20:00,19:15 07 Jun,23h 15m,2 stops,No info,11596
Air India,21/03/2019,Delhi,Cochin,DEL → BOM → COK,08:00,19:15,11h 15m,1 stop,No info,7199
Jet Airways,1/06/2019,Delhi,Cochin,DEL → BOM → COK,07:05,12:35,5h 30m,1 stop,In-flight meal not included,12898
Multiple carriers,1/06/2019,Delhi,Cochin,DEL → BOM → COK,08:45,19:00,10h 15m,1 stop,No info,12524
Jet Airways,24/06/2019,Delhi,Cochin,DEL → JAI → BOM → COK,05:30,04:25 25 Jun,22h 55m,2 stops,In-flight meal not included,10368
Jet Airways,15/03/2019,Mumbai,Hyderabad,BOM → HYD,10:20,11:50,1h 30m,non-stop,No info,8040
GoAir,3/04/2019,Delhi,Cochin,DEL → BOM → COK,10:35,19:35,9h,1 stop,No info,5135
Air India,09/03/2019,Banglore,New Delhi,BLR → HYD → DEL,06:50,23:10,16h 20m,1 stop,No info,5626
Air India,6/03/2019,Delhi,Cochin,DEL → BOM → COK,07:00,19:15,12h 15m,1 stop,No info,15809
IndiGo,27/06/2019,Delhi,Cochin,DEL → HYD → COK,16:10,22:30,6h 20m,1 stop,No info,6412
Jet Airways,1/06/2019,Delhi,Cochin,DEL → JDH → BOM → COK,11:40,19:00,7h 20m,2 stops,No info,18804
IndiGo,1/04/2019,Mumbai,Hyderabad,BOM → HYD,21:20,22:50,1h 30m,non-stop,No info,2227
Multiple carriers,6/03/2019,Delhi,Cochin,DEL → HYD → COK,07:05,22:20,15h 15m,1 stop,No info,6916
Air India,27/06/2019,Mumbai,Hyderabad,BOM → HYD,21:05,22:25,1h 20m,non-stop,No info,3100
Jet Airways,6/05/2019,Kolkata,Banglore,CCU → BOM → BLR,06:30,12:00,5h 30m,1 stop,No info,14388
Multiple carriers,27/03/2019,Delhi,Cochin,DEL → BOM → COK,16:00,01:35 28 Mar,9h 35m,1 stop,No info,12327
Jet Airways,3/06/2019,Delhi,Cochin,DEL → JAI → BOM → COK,19:30,04:25 04 Jun,8h 55m,2 stops,No info,13014
Vistara,15/04/2019,Banglore,Delhi,BLR → DEL,09:45,12:35,2h 50m,non-stop,No info,5403
Multiple carriers,9/03/2019,Delhi,Cochin,DEL → BOM → COK,08:40,21:00,12h 20m,1 stop,No info,18228
Jet Airways,6/06/2019,Kolkata,Banglore,CCU → BOM → BLR,20:00,19:50 07 Jun,23h 50m,1 stop,In-flight meal not included,10844
Jet Airways,6/03/2019,Delhi,Cochin,DEL → BOM → COK,11:30,04:25 07 Mar,16h 55m,1 stop,In-flight meal not included,13843
SpiceJet,01/03/2019,Banglore,New Delhi,BLR → DEL,09:35,12:30,2h 55m,non-stop,No info,11690
Vistara,1/05/2019,Kolkata,Banglore,CCU → DEL → BLR,17:00,09:05 02 May,16h 5m,1 stop,No info,8452
Air India,27/05/2019,Delhi,Cochin,DEL → BOM → COK,20:00,19:15 28 May,23h 15m,1 stop,No info,8372
Jet Airways,6/06/2019,Delhi,Cochin,DEL → BOM → COK,14:00,04:25 07 Jun,14h 25m,1 stop,In-flight meal not included,10262
Jet Airways,15/06/2019,Mumbai,Hyderabad,BOM → HYD,10:20,11:50,1h 30m,non-stop,No info,5678
Jet Airways,12/05/2019,Kolkata,Banglore,CCU → DEL → BLR,20:25,09:45 13 May,13h 20m,1 stop,No info,14151
Jet Airways,21/04/2019,Banglore,Delhi,BLR → DEL,18:55,22:00,3h 5m,non-stop,In-flight meal not included,4544
Jet Airways,12/06/2019,Kolkata,Banglore,CCU → DEL → BLR,09:35,14:25 13 Jun,28h 50m,1 stop,No info,12692
Jet Airways,9/03/2019,Delhi,Cochin,DEL → IXC → BOM → COK,13:45,04:25 10 Mar,14h 40m,2 stops,No info,17019
IndiGo,3/03/2019,Kolkata,Banglore,CCU → BLR,09:35,12:20,2h 45m,non-stop,No info,6565
GoAir,27/03/2019,Delhi,Cochin,DEL → BOM → COK,07:00,12:50,5h 50m,1 stop,No info,5281
Multiple carriers,9/06/2019,Delhi,Cochin,DEL → HYD → COK,07:05,16:10,9h 5m,1 stop,No info,9646
IndiGo,6/03/2019,Mumbai,Hyderabad,BOM → HYD,02:30,04:00,1h 30m,non-stop,No info,3175
Air India,27/06/2019,Delhi,Cochin,DEL → AMD → BOM → COK,19:45,19:15 28 Jun,23h 30m,2 stops,No info,9653
Air India,6/03/2019,Delhi,Cochin,DEL → BOM → COK,23:00,07:40 07 Mar,8h 40m,1 stop,No info,14777
Multiple carriers,12/06/2019,Delhi,Cochin,DEL → BOM → COK,04:55,19:15,14h 20m,1 stop,No info,7155
SpiceJet,6/06/2019,Chennai,Kolkata,MAA → CCU,08:20,10:35,2h 15m,non-stop,No check-in baggage included,3543
IndiGo,9/05/2019,Kolkata,Banglore,CCU → BLR,09:35,12:20,2h 45m,non-stop,No info,4804
IndiGo,3/03/2019,Delhi,Cochin,DEL → HYD → COK,06:40,12:00,5h 20m,1 stop,No info,9304
IndiGo,15/04/2019,Banglore,Delhi,BLR → DEL,21:15,00:15 16 Apr,3h,non-stop,No info,3943
IndiGo,1/06/2019,Delhi,Cochin,DEL → BLR → COK,17:05,22:25,5h 20m,1 stop,No info,7060
Air India,15/06/2019,Banglore,Delhi,BLR → DEL,21:05,23:55,2h 50m,non-stop,No info,5228
SpiceJet,24/06/2019,Chennai,Kolkata,MAA → CCU,08:20,10:35,2h 15m,non-stop,No info,3597
SpiceJet,3/04/2019,Banglore,Delhi,BLR → DEL,21:10,00:05 04 Apr,2h 55m,non-stop,No info,3971
Multiple carriers,6/05/2019,Delhi,Cochin,DEL → BOM → COK,13:00,21:00,8h,1 stop,No info,13727
Jet Airways,1/04/2019,Kolkata,Banglore,CCU → DEL → BLR,20:25,22:05 02 Apr,25h 40m,1 stop,No info,12121
Jet Airways,3/06/2019,Delhi,Cochin,DEL → BOM → COK,19:15,19:00 04 Jun,23h 45m,1 stop,In-flight meal not included,10262
Jet Airways,1/06/2019,Delhi,Cochin,DEL → BOM → COK,14:00,12:35 02 Jun,22h 35m,1 stop,In-flight meal not included,10262
Jet Airways,1/06/2019,Delhi,Cochin,DEL → BOM → COK,19:45,04:25 02 Jun,8h 40m,1 stop,No info,14714
Jet Airways,21/03/2019,Delhi,Cochin,DEL → AMD → BOM → COK,19:10,18:50 22 Mar,23h 40m,2 stops,In-flight meal not included,8834
Multiple carriers,21/03/2019,Delhi,Cochin,DEL → BOM → COK,04:45,12:35,7h 50m,1 stop,No info,9838
IndiGo,18/05/2019,Kolkata,Banglore,CCU → HYD → BLR,15:15,20:05,4h 50m,1 stop,No info,4775
IndiGo,3/05/2019,Banglore,Delhi,BLR → DEL,18:55,21:50,2h 55m,non-stop,No info,4823
Air India,15/05/2019,Kolkata,Banglore,CCU → IXR → DEL → BLR,05:50,12:30 16 May,30h 40m,2 stops,No info,12723
IndiGo,15/06/2019,Delhi,Cochin,DEL → BOM → COK,10:35,01:30 16 Jun,14h 55m,1 stop,No info,5883
Vistara,24/05/2019,Kolkata,Banglore,CCU → DEL → BLR,17:00,20:20 25 May,27h 20m,1 stop,No info,9870
Jet Airways,3/06/2019,Delhi,Cochin,DEL → BOM → COK,13:00,12:35 04 Jun,23h 35m,1 stop,In-flight meal not included,10262
Multiple carriers,9/06/2019,Delhi,Cochin,DEL → HYD → COK,07:10,16:10,9h,1 stop,No info,6513
Air India,15/05/2019,Kolkata,Banglore,CCU → BOM → COK → BLR,16:50,13:45 16 May,20h 55m,2 stops,No info,15532
Jet Airways,6/06/2019,Delhi,Cochin,DEL → BOM → COK,22:50,19:00 07 Jun,20h 10m,1 stop,No info,14714
Vistara,18/05/2019,Kolkata,Banglore,CCU → DEL → BLR,20:20,10:45 19 May,14h 25m,1 stop,No info,9187
Multiple carriers,6/06/2019,Delhi,Cochin,DEL → HYD → COK,14:55,22:30,7h 35m,1 stop,No info,7038
Multiple carriers,6/06/2019,Delhi,Cochin,DEL → BOM → COK,14:00,21:00,7h,1 stop,No info,13587
Jet Airways,3/06/2019,Banglore,Delhi,BLR → DEL,11:10,14:05,2h 55m,non-stop,No info,8016
IndiGo,6/06/2019,Mumbai,Hyderabad,BOM → HYD,09:15,10:45,1h 30m,non-stop,No info,4049
Jet Airways,6/03/2019,Mumbai,Hyderabad,BOM → HYD,07:10,08:35,1h 25m,non-stop,No info,9536
Jet Airways,24/05/2019,Kolkata,Banglore,CCU → BOM → BLR,08:25,18:15,9h 50m,1 stop,No info,14571
Jet Airways,6/06/2019,Delhi,Cochin,DEL → JDH → BOM → COK,11:40,19:00,7h 20m,2 stops,In-flight meal not included,15812
Air Asia,6/06/2019,Delhi,Cochin,DEL → BLR → COK,07:55,22:25,14h 30m,1 stop,No info,8759
Air India,21/05/2019,Kolkata,Banglore,CCU → BBI → BOM → BLR,12:00,21:50,9h 50m,2 stops,No info,10151
IndiGo,15/05/2019,Kolkata,Banglore,CCU → BLR,15:30,18:05,2h 35m,non-stop,No info,4804
IndiGo,24/06/2019,Delhi,Cochin,DEL → BOM → COK,17:30,01:30 25 Jun,8h,1 stop,No info,6104
Air India,6/05/2019,Kolkata,Banglore,CCU → BLR,14:15,16:45,2h 30m,non-stop,No info,5510
IndiGo,9/05/2019,Delhi,Cochin,DEL → BLR → COK,17:05,22:25,5h 20m,1 stop,No info,6027
SpiceJet,21/05/2019,Kolkata,Banglore,CCU → BLR,09:00,11:25,2h 25m,non-stop,No info,4174
IndiGo,21/05/2019,Delhi,Cochin,DEL → BOM → COK,10:35,01:30 22 May,14h 55m,1 stop,No info,6794
Air India,6/03/2019,Delhi,Cochin,DEL → BHO → BOM → COK,05:55,07:40 07 Mar,25h 45m,2 stops,No info,15428
Jet Airways,6/05/2019,Kolkata,Banglore,CCU → BOM → BLR,20:00,19:50 07 May,23h 50m,1 stop,No info,14388
IndiGo,21/05/2019,Delhi,Cochin,DEL → BOM → COK,15:00,01:30 22 May,10h 30m,1 stop,No info,6896
IndiGo,21/03/2019,Banglore,New Delhi,BLR → DEL,18:25,21:20,2h 55m,non-stop,No info,6144
Jet Airways,06/03/2019,Banglore,New Delhi,BLR → BOM → DEL,22:50,05:05 07 Mar,6h 15m,1 stop,No info,19225
Air India,9/05/2019,Kolkata,Banglore,CCU → GAU → DEL → BLR,16:45,08:55 10 May,16h 10m,2 stops,No info,13227
Jet Airways,27/03/2019,Delhi,Cochin,DEL → IDR → BOM → COK,05:25,04:25 28 Mar,23h,2 stops,No info,11664
Jet Airways,12/05/2019,Kolkata,Banglore,CCU → BOM → BLR,18:55,18:15 13 May,23h 20m,1 stop,In-flight meal not included,10844
Jet Airways,6/06/2019,Kolkata,Banglore,CCU → BOM → BLR,21:10,04:40 07 Jun,7h 30m,1 stop,In-flight meal not included,7757
IndiGo,12/05/2019,Mumbai,Hyderabad,BOM → HYD,19:05,20:35,1h 30m,non-stop,No info,2754
Multiple carriers,27/05/2019,Delhi,Cochin,DEL → BOM → COK,07:00,21:00,14h,1 stop,No info,7618
Jet Airways,12/05/2019,Kolkata,Banglore,CCU → BOM → BLR,16:30,23:35,7h 5m,1 stop,No info,14781
IndiGo,15/04/2019,Banglore,Delhi,BLR → DEL,00:30,03:25,2h 55m,non-stop,No info,4284
Multiple carriers,6/06/2019,Delhi,Cochin,DEL → BOM → COK,08:45,21:00,12h 15m,1 stop,No info,7740
IndiGo,15/06/2019,Banglore,Delhi,BLR → DEL,01:30,04:15,2h 45m,non-stop,No info,3419
Jet Airways,12/05/2019,Kolkata,Banglore,CCU → BOM → BLR,08:25,04:40 13 May,20h 15m,1 stop,No info,13941
Air India,9/06/2019,Kolkata,Banglore,CCU → IXR → DEL → BLR,05:50,08:55 10 Jun,27h 5m,2 stops,No info,12723
Jet Airways,12/06/2019,Delhi,Cochin,DEL → ATQ → BOM → COK,08:10,04:25 13 Jun,20h 15m,2 stops,No info,14300
Air India,3/05/2019,Banglore,Delhi,BLR → DEL,10:00,12:45,2h 45m,non-stop,No info,6121
Jet Airways,9/03/2019,Delhi,Cochin,DEL → BOM → COK,08:00,19:45,11h 45m,1 stop,No info,17549
SpiceJet,27/03/2019,Mumbai,Hyderabad,BOM → HYD,22:45,00:10 28 Mar,1h 25m,non-stop,No info,1759
IndiGo,12/05/2019,Banglore,Delhi,BLR → DEL,06:05,08:50,2h 45m,non-stop,No info,4423
Jet Airways,9/04/2019,Banglore,Delhi,BLR → DEL,07:10,10:10,3h,non-stop,In-flight meal not included,4544
Multiple carriers,3/06/2019,Delhi,Cochin,DEL → BOM → COK,08:00,19:00,11h,1 stop,No info,12402
Jet Airways,1/05/2019,Kolkata,Banglore,CCU → BOM → BLR,08:25,09:20 02 May,24h 55m,1 stop,In-flight meal not included,9663
Jet Airways,1/04/2019,Kolkata,Banglore,CCU → BOM → BLR,20:00,22:35 02 Apr,26h 35m,1 stop,No info,12681
Air India,1/04/2019,Delhi,Cochin,DEL → MAA → COK,09:45,09:25 02 Apr,23h 40m,1 stop,No info,5117
Jet Airways,21/05/2019,Delhi,Cochin,DEL → BOM → COK,13:00,12:35 22 May,23h 35m,1 stop,In-flight meal not included,12898
Jet Airways,6/05/2019,Kolkata,Banglore,CCU → BOM → BLR,06:30,08:15 07 May,25h 45m,1 stop,No info,13941
Jet Airways,21/05/2019,Banglore,Delhi,BLR → DEL,06:00,08:45,2h 45m,non-stop,In-flight meal not included,4030
IndiGo,1/03/2019,Mumbai,Hyderabad,BOM → HYD,06:20,07:45,1h 25m,non-stop,No info,17501
Jet Airways,12/06/2019,Kolkata,Banglore,CCU → BOM → BLR,14:05,09:20 13 Jun,19h 15m,1 stop,In-flight meal not included,8529
Multiple carriers,15/05/2019,Delhi,Cochin,DEL → BOM → COK,10:00,01:30 16 May,15h 30m,1 stop,No info,8073
Air India,9/05/2019,Delhi,Cochin,DEL → JAI → BOM → COK,18:45,19:15 10 May,24h 30m,2 stops,No info,11942
Jet Airways,21/03/2019,Delhi,Cochin,DEL → JAI → BOM → COK,05:30,18:50,13h 20m,2 stops,No info,11702
IndiGo,3/06/2019,Delhi,Cochin,DEL → HYD → COK,08:35,16:10,7h 35m,1 stop,No info,6442
IndiGo,24/06/2019,Kolkata,Banglore,CCU → BLR,09:35,12:20,2h 45m,non-stop,No info,4804
IndiGo,1/04/2019,Banglore,Delhi,BLR → DEL,08:30,11:20,2h 50m,non-stop,No info,4823
Multiple carriers,12/06/2019,Delhi,Cochin,DEL → BOM → COK,08:50,19:00,10h 10m,1 stop,No info,10877
Air India,9/06/2019,Kolkata,Banglore,CCU → BBI → BOM → BLR,12:00,18:30 10 Jun,30h 30m,2 stops,No info,10151
Air India,21/06/2019,Delhi,Cochin,DEL → COK,05:10,08:00,2h 50m,non-stop,No info,5201
Jet Airways,15/05/2019,Kolkata,Banglore,CCU → DEL → BLR,09:35,18:00,8h 25m,1 stop,No info,13067
IndiGo,24/03/2019,Mumbai,Hyderabad,BOM → HYD,02:30,04:00,1h 30m,non-stop,No info,2754
Air India,15/05/2019,Kolkata,Banglore,CCU → BOM → BLR,09:25,21:50,12h 25m,1 stop,No info,8366
Jet Airways,21/05/2019,Kolkata,Banglore,CCU → BOM → BLR,18:55,19:50 22 May,24h 55m,1 stop,In-flight meal not included,10844
Vistara,18/06/2019,Banglore,Delhi,BLR → DEL,17:00,19:35,2h 35m,non-stop,No info,4878
Air India,21/05/2019,Delhi,Cochin,DEL → GOI → BOM → COK,22:00,19:15 22 May,21h 15m,2 stops,No info,10231
Jet Airways,15/06/2019,Delhi,Cochin,DEL → IDR → BOM → COK,05:30,04:25 16 Jun,22h 55m,2 stops,No info,13292
IndiGo,12/06/2019,Kolkata,Banglore,CCU → BLR,11:30,14:05,2h 35m,non-stop,No info,4804
Air India,12/06/2019,Delhi,Cochin,DEL → COK,14:10,17:10,3h,non-stop,No info,5201
Jet Airways,1/06/2019,Delhi,Cochin,DEL → JAI → BOM → COK,19:30,04:25 02 Jun,8h 55m,2 stops,In-flight meal not included,10368
Vistara,6/06/2019,Kolkata,Banglore,CCU → DEL → BLR,20:20,18:50 07 Jun,22h 30m,1 stop,No info,8820
Jet Airways,18/03/2019,Mumbai,Hyderabad,BOM → HYD,10:20,11:50,1h 30m,non-stop,In-flight meal not included,4160
Air India,15/05/2019,Kolkata,Banglore,CCU → BOM → BLR,09:25,18:30,9h 5m,1 stop,No info,8891
Jet Airways,6/06/2019,Kolkata,Banglore,CCU → DEL → BLR,17:00,14:25 07 Jun,21h 25m,1 stop,In-flight meal not included,10539
SpiceJet,1/04/2019,Banglore,Delhi,BLR → DEL,05:55,08:35,2h 40m,non-stop,No info,3971
IndiGo,27/06/2019,Delhi,Cochin,DEL → BOM → COK,07:30,21:00,13h 30m,1 stop,No info,6093
Multiple carriers,15/05/2019,Delhi,Cochin,DEL → BOM → COK,12:50,19:15,6h 25m,1 stop,No info,8266
Air India,18/05/2019,Delhi,Cochin,DEL → MAA → COK,12:30,09:25 19 May,20h 55m,1 stop,No info,7480
Jet Airways,1/06/2019,Delhi,Cochin,DEL → BOM → COK,18:15,04:25 02 Jun,10h 10m,1 stop,In-flight meal not included,10262
Air India,12/06/2019,Delhi,Cochin,DEL → BLR → COK,20:30,23:00 13 Jun,26h 30m,1 stop,No info,8907
Multiple carriers,27/06/2019,Delhi,Cochin,DEL → BOM → COK,08:45,19:00,10h 15m,1 stop,No info,11789
Multiple carriers,3/03/2019,Delhi,Cochin,DEL → BOM → COK,11:30,18:50,7h 20m,1 stop,No info,15135
Multiple carriers,18/05/2019,Delhi,Cochin,DEL → BOM → COK,08:30,19:15,10h 45m,1 stop,No info,7887
IndiGo,15/05/2019,Delhi,Cochin,DEL → HYD → COK,05:05,12:10,7h 5m,1 stop,No info,6818
IndiGo,9/03/2019,Chennai,Kolkata,MAA → CCU,05:15,07:35,2h 20m,non-stop,No info,6482
Multiple carriers,21/05/2019,Delhi,Cochin,DEL → BOM → COK,09:00,21:00,12h,1 stop,No info,7888
Jet Airways,24/03/2019,Kolkata,Banglore,CCU → BOM → BLR,08:25,04:45 25 Mar,20h 20m,1 stop,No info,13759
Jet Airways,27/06/2019,Delhi,Cochin,DEL → BOM → COK,08:00,19:00,11h,1 stop,In-flight meal not included,10262
Jet Airways,9/06/2019,Delhi,Cochin,DEL → NAG → BOM → COK,14:35,04:25 10 Jun,13h 50m,2 stops,No info,13376
Multiple carriers,15/05/2019,Delhi,Cochin,DEL → BOM → COK,10:00,19:00,9h,1 stop,No info,10197
Multiple carriers,18/05/2019,Delhi,Cochin,DEL → BOM → COK,11:25,19:15,7h 50m,1 stop,No info,7997
Air India,3/04/2019,Delhi,Cochin,DEL → MAA → COK,17:20,09:25 04 Apr,16h 5m,1 stop,No info,5117
Jet Airways,9/05/2019,Delhi,Cochin,DEL → BOM → COK,10:00,19:00,9h,1 stop,In-flight meal not included,12373
Multiple carriers,9/06/2019,Delhi,Cochin,DEL → BOM → COK,12:50,01:30 10 Jun,12h 40m,1 stop,No info,6795
Jet Airways,27/06/2019,Banglore,Delhi,BLR → DEL,18:55,22:00,3h 5m,non-stop,In-flight meal not included,7229
Air India,24/03/2019,Mumbai,Hyderabad,BOM → HYD,13:55,15:25,1h 30m,non-stop,No info,2575
Air India,24/05/2019,Kolkata,Banglore,CCU → GAU → BLR,09:50,21:05,11h 15m,1 stop,No info,7662
Air India,18/05/2019,Kolkata,Banglore,CCU → BOM → BLR,09:25,21:50,12h 25m,1 stop,No info,8366
Jet Airways,18/05/2019,Kolkata,Banglore,CCU → BOM → BLR,08:25,20:45,12h 20m,1 stop,In-flight meal not included,10844
IndiGo,6/06/2019,Chennai,Kolkata,MAA → CCU,05:15,07:40,2h 25m,non-stop,No info,3540
Multiple carriers,3/03/2019,Delhi,Cochin,DEL → BOM → COK,10:00,01:35 04 Mar,15h 35m,1 stop,No info,16863
Air India,3/05/2019,Banglore,Delhi,BLR → DEL,21:05,23:55,2h 50m,non-stop,No info,6121
IndiGo,09/03/2019,Banglore,New Delhi,BLR → MAA → DEL,06:25,11:30,5h 5m,1 stop,No info,8434
Jet Airways,21/05/2019,Kolkata,Banglore,CCU → DEL → BLR,17:00,23:35,6h 35m,1 stop,No info,14151
Jet Airways,6/06/2019,Delhi,Cochin,DEL → BHO → BOM → COK,05:30,12:35,7h 5m,2 stops,No info,14441
GoAir,1/06/2019,Banglore,Delhi,BLR → DEL,11:40,14:30,2h 50m,non-stop,No info,3898
Jet Airways,9/04/2019,Delhi,Cochin,DEL → AMD → BOM → COK,23:05,12:35 10 Apr,13h 30m,2 stops,No info,9483
Air Asia,12/04/2019,Banglore,Delhi,BLR → DEL,04:55,07:45,2h 50m,non-stop,No info,4282
Jet Airways,3/06/2019,Banglore,Delhi,BLR → DEL,17:45,20:45,3h,non-stop,In-flight meal not included,6478
Jet Airways,6/03/2019,Delhi,Cochin,DEL → AMD → BOM → COK,19:10,04:25 08 Mar,33h 15m,2 stops,No info,16809
Jet Airways,9/05/2019,Delhi,Cochin,DEL → AMD → BOM → COK,13:25,12:35 10 May,23h 10m,2 stops,No info,16704
GoAir,24/06/2019,Banglore,Delhi,BLR → DEL,07:45,10:40,2h 55m,non-stop,No info,3898
Jet Airways,12/03/2019,Banglore,New Delhi,BLR → BDQ → DEL,05:50,12:20,6h 30m,1 stop,No info,11297
IndiGo,27/05/2019,Kolkata,Banglore,CCU → BLR,14:25,16:55,2h 30m,non-stop,No info,5224
IndiGo,6/04/2019,Banglore,Delhi,BLR → DEL,18:55,21:50,2h 55m,non-stop,No info,4823
IndiGo,3/03/2019,Delhi,Cochin,DEL → BOM → COK,04:45,15:30,10h 45m,1 stop,No info,14871
Air India,27/06/2019,Delhi,Cochin,DEL → MAA → COK,09:45,09:25 28 Jun,23h 40m,1 stop,No info,7480
IndiGo,3/05/2019,Kolkata,Banglore,CCU → BLR,11:30,14:05,2h 35m,non-stop,No info,5224
Multiple carriers,24/04/2019,Delhi,Cochin,DEL → HYD → COK,07:10,16:10,9h,1 stop,In-flight meal not included,6093
IndiGo,27/06/2019,Mumbai,Hyderabad,BOM → HYD,19:05,20:35,1h 30m,non-stop,No info,2754
IndiGo,1/06/2019,Mumbai,Hyderabad,BOM → HYD,20:05,21:40,1h 35m,non-stop,No info,2227
Jet Airways,6/05/2019,Kolkata,Banglore,CCU → BOM → BLR,06:30,18:15,11h 45m,1 stop,No info,14781
GoAir,1/05/2019,Banglore,Delhi,BLR → DEL,07:45,10:40,2h 55m,non-stop,No info,3898
Vistara,24/05/2019,Kolkata,Banglore,CCU → DEL → BLR,07:10,22:40,15h 30m,1 stop,No info,9397
Vistara,12/06/2019,Kolkata,Banglore,CCU → DEL → BLR,07:10,10:45 13 Jun,27h 35m,1 stop,No info,8452
IndiGo,3/04/2019,Banglore,Delhi,BLR → DEL,23:30,02:20 04 Apr,2h 50m,non-stop,No info,4591
IndiGo,1/04/2019,Kolkata,Banglore,CCU → PNQ → BLR,21:00,02:15 02 Apr,5h 15m,1 stop,No info,5930
Air India,6/05/2019,Kolkata,Banglore,CCU → IXR → DEL → BLR,05:50,20:25,14h 35m,2 stops,No info,10991
SpiceJet,3/03/2019,Kolkata,Banglore,CCU → BLR,06:55,09:35,2h 40m,non-stop,No info,4622
Jet Airways,6/06/2019,Delhi,Cochin,DEL → BOM → COK,11:30,19:00,7h 30m,1 stop,No info,14714
IndiGo,18/06/2019,Banglore,Delhi,BLR → DEL,08:30,11:20,2h 50m,non-stop,No info,4823
Jet Airways,18/03/2019,Mumbai,Hyderabad,BOM → HYD,02:55,04:25,1h 30m,non-stop,In-flight meal not included,2228
Jet Airways,6/05/2019,Kolkata,Banglore,CCU → DEL → BLR,17:00,23:35,6h 35m,1 stop,In-flight meal not included,10703
Vistara,3/05/2019,Banglore,Delhi,BLR → DEL,17:00,19:35,2h 35m,non-stop,No info,5613
Jet Airways,24/03/2019,Kolkata,Banglore,CCU → BOM → BLR,06:30,18:10,11h 40m,1 stop,No info,13759
IndiGo,12/06/2019,Banglore,Delhi,BLR → DEL,13:00,15:50,2h 50m,non-stop,No info,3943
IndiGo,21/03/2019,Banglore,New Delhi,BLR → DEL,00:40,03:25,2h 45m,non-stop,No info,4944
Jet Airways,24/06/2019,Delhi,Cochin,DEL → BOM → COK,14:00,19:00,5h,1 stop,In-flight meal not included,10262
SpiceJet,6/06/2019,Kolkata,Banglore,CCU → KNU → BLR,11:35,18:50,7h 15m,1 stop,No info,8479
IndiGo,3/06/2019,Delhi,Cochin,DEL → HYD → COK,07:35,16:10,8h 35m,1 stop,No info,7514
Air India,6/05/2019,Delhi,Cochin,DEL → COK,14:10,17:10,3h,non-stop,No info,6934
Jet Airways,12/05/2019,Kolkata,Banglore,CCU → BOM → BLR,18:55,12:00 13 May,17h 5m,1 stop,In-flight meal not included,9663
Multiple carriers,21/03/2019,Delhi,Cochin,DEL → BOM → COK,10:00,21:00,11h,1 stop,In-flight meal not included,8085
Vistara,9/03/2019,Delhi,Cochin,DEL → COK,06:00,09:10,3h 10m,non-stop,No info,7266
IndiGo,3/06/2019,Delhi,Cochin,DEL → BLR → COK,17:05,22:25,5h 20m,1 stop,No info,6493
Jet Airways,27/06/2019,Delhi,Cochin,DEL → BOM → COK,10:00,19:00,9h,1 stop,No info,14714
Multiple carriers,21/05/2019,Delhi,Cochin,DEL → BOM → COK,19:00,01:30 22 May,6h 30m,1 stop,No info,7485
Jet Airways,6/06/2019,Delhi,Cochin,DEL → BOM → COK,13:00,04:25 07 Jun,15h 25m,1 stop,In-flight meal not included,10262
Vistara,21/03/2019,Banglore,New Delhi,BLR → DEL,09:50,12:35,2h 45m,non-stop,No info,4878
Multiple carriers,12/06/2019,Delhi,Cochin,DEL → BOM → COK,19:00,01:30 13 Jun,6h 30m,1 stop,No info,7198
Jet Airways,06/03/2019,Banglore,New Delhi,BLR → BOM → DEL,16:55,09:00 07 Mar,16h 5m,1 stop,No info,17261
Jet Airways,12/06/2019,Kolkata,Banglore,CCU → BOM → BLR,20:00,08:15 13 Jun,12h 15m,1 stop,No info,13044
Jet Airways,27/06/2019,Delhi,Cochin,DEL → BOM → COK,17:30,19:00 28 Jun,25h 30m,1 stop,In-flight meal not included,10262
Multiple carriers,15/06/2019,Delhi,Cochin,DEL → BOM → COK,06:40,19:15,12h 35m,1 stop,No info,8614
Jet Airways,27/03/2019,Delhi,Cochin,DEL → BOM → COK,16:00,19:45 28 Mar,27h 45m,1 stop,No info,12032
Jet Airways,18/03/2019,Banglore,New Delhi,BLR → BOM → DEL,07:00,13:15,6h 15m,1 stop,No info,12284
GoAir,27/05/2019,Banglore,Delhi,BLR → DEL,07:45,10:40,2h 55m,non-stop,No info,3419
IndiGo,21/03/2019,Delhi,Cochin,DEL → HYD → COK,16:10,22:20,6h 10m,1 stop,No info,6528
Vistara,24/03/2019,Banglore,New Delhi,BLR → DEL,07:00,09:40,2h 40m,non-stop,No info,5403
Jet Airways,27/05/2019,Delhi,Cochin,DEL → BOM → COK,11:30,19:00,7h 30m,1 stop,In-flight meal not included,9732
IndiGo,15/04/2019,Delhi,Cochin,DEL → HYD → COK,06:50,12:10,5h 20m,1 stop,No info,5761
Air India,6/06/2019,Kolkata,Banglore,CCU → DEL → AMD → BLR,07:00,05:25 07 Jun,22h 25m,2 stops,No info,12009
Jet Airways,18/05/2019,Kolkata,Banglore,CCU → BOM → BLR,05:45,08:15 19 May,26h 30m,1 stop,In-flight meal not included,8586
Jet Airways,24/05/2019,Banglore,Delhi,BLR → DEL,17:45,20:45,3h,non-stop,In-flight meal not included,6144
SpiceJet,24/05/2019,Banglore,Delhi,BLR → DEL,05:55,08:35,2h 40m,non-stop,No check-in baggage included,3257
Multiple carriers,9/05/2019,Delhi,Cochin,DEL → BOM → COK,17:45,01:30 10 May,7h 45m,1 stop,No info,9021
Jet Airways,3/06/2019,Delhi,Cochin,DEL → BOM → COK,11:30,12:35 04 Jun,25h 5m,1 stop,In-flight meal not included,10262
Air India,6/03/2019,Mumbai,Hyderabad,BOM → AMD → ISK → HYD,05:30,14:50,9h 20m,2 stops,No info,13757
IndiGo,15/03/2019,Delhi,Cochin,DEL → COK,14:30,17:35,3h 5m,non-stop,No info,5895
Jet Airways,21/05/2019,Kolkata,Banglore,CCU → BOM → BLR,18:55,04:40 22 May,9h 45m,1 stop,In-flight meal not included,9663
Air India,9/05/2019,Delhi,Cochin,DEL → TRV → COK,05:15,06:50 10 May,25h 35m,1 stop,No info,6587
SpiceJet,6/05/2019,Banglore,Delhi,BLR → DEL,05:55,08:35,2h 40m,non-stop,No info,3311
SpiceJet,18/05/2019,Delhi,Cochin,DEL → MAA → COK,06:05,11:20,5h 15m,1 stop,No info,6297
Jet Airways,12/05/2019,Kolkata,Banglore,CCU → BOM → BLR,18:55,19:50 13 May,24h 55m,1 stop,In-flight meal not included,10844
IndiGo,27/05/2019,Mumbai,Hyderabad,BOM → HYD,09:10,10:40,1h 30m,non-stop,No info,4049
Air India,3/06/2019,Banglore,Delhi,BLR → DEL,13:20,16:10,2h 50m,non-stop,No info,6961
SpiceJet,27/03/2019,Chennai,Kolkata,MAA → CCU,08:20,10:35,2h 15m,non-stop,No info,3384
Jet Airways,9/05/2019,Delhi,Cochin,DEL → JAI → BOM → COK,09:40,12:35 10 May,26h 55m,2 stops,In-flight meal not included,13029
SpiceJet,6/05/2019,Chennai,Kolkata,MAA → CCU,08:20,10:35,2h 15m,non-stop,No check-in baggage included,3859
Air India,12/06/2019,Delhi,Cochin,DEL → JAI → BOM → COK,18:45,19:15 13 Jun,24h 30m,2 stops,No info,11732
Multiple carriers,6/06/2019,Delhi,Cochin,DEL → BOM → COK,08:45,19:00,10h 15m,1 stop,No info,12524
Jet Airways,18/03/2019,Banglore,New Delhi,BLR → BOM → DEL,07:00,12:25,5h 25m,1 stop,No info,12284
Jet Airways,15/06/2019,Delhi,Cochin,DEL → BOM → COK,02:15,12:35,10h 20m,1 stop,In-flight meal not included,10262
Jet Airways,24/06/2019,Delhi,Cochin,DEL → BHO → BOM → COK,05:30,12:35,7h 5m,2 stops,In-flight meal not included,13344
Jet Airways,18/04/2019,Banglore,Delhi,BLR → DEL,17:45,20:45,3h,non-stop,No info,7229
Air India,12/06/2019,Kolkata,Banglore,CCU → GAU → DEL → BLR,09:50,08:55 13 Jun,23h 5m,2 stops,No info,14960
Air India,12/06/2019,Delhi,Cochin,DEL → CCU → BOM → COK,06:50,07:40 13 Jun,24h 50m,2 stops,No info,13381
Multiple carriers,6/03/2019,Delhi,Cochin,DEL → BOM → COK,12:50,01:35 07 Mar,12h 45m,1 stop,No info,15147
Jet Airways,6/05/2019,Kolkata,Banglore,CCU → BOM → BLR,06:30,04:40 07 May,22h 10m,1 stop,In-flight meal not included,8586
IndiGo,6/05/2019,Delhi,Cochin,DEL → HYD → COK,14:20,22:30,8h 10m,1 stop,No info,7054
Air Asia,18/03/2019,Kolkata,Banglore,CCU → BLR,22:50,01:20 19 Mar,2h 30m,non-stop,No info,4082
Jet Airways,21/05/2019,Delhi,Cochin,DEL → JAI → BOM → COK,09:40,19:00,9h 20m,2 stops,In-flight meal not included,13029
Jet Airways,1/04/2019,Kolkata,Banglore,CCU → BOM → BLR,16:30,22:35,6h 5m,1 stop,In-flight meal not included,7064
Air India,21/03/2019,Banglore,New Delhi,BLR → HYD → DEL,08:15,08:50 19 Mar,24h 35m,1 stop,No info,4943
Jet Airways,3/05/2019,Banglore,Delhi,BLR → DEL,07:10,10:10,3h,non-stop,No info,7229
Air India,12/05/2019,Kolkata,Banglore,CCU → GAU → BLR,09:50,21:05,11h 15m,1 stop,No info,8450
Jet Airways,9/05/2019,Delhi,Cochin,DEL → ATQ → BOM → COK,20:00,04:25 10 May,8h 25m,2 stops,In-flight meal not included,15318
IndiGo,3/05/2019,Kolkata,Banglore,CCU → BLR,21:25,00:05 04 May,2h 40m,non-stop,No info,4804
Jet Airways,6/06/2019,Kolkata,Banglore,CCU → BOM → BLR,20:00,16:20 07 Jun,20h 20m,1 stop,In-flight meal not included,10844
IndiGo,1/04/2019,Mumbai,Hyderabad,BOM → HYD,16:55,18:25,1h 30m,non-stop,No info,3175
Air India,27/06/2019,Delhi,Cochin,DEL → JDH → BOM → COK,12:55,19:15 28 Jun,30h 20m,2 stops,No info,12646
Air India,1/04/2019,Kolkata,Banglore,CCU → DEL → BLR,20:30,12:00 02 Apr,15h 30m,1 stop,No info,7893
Air India,24/05/2019,Banglore,Delhi,BLR → DEL,17:00,19:45,2h 45m,non-stop,No info,7171
Multiple carriers,15/05/2019,Delhi,Cochin,DEL → BOM → COK,14:00,21:00,7h,1 stop,No info,13727
Air India,27/06/2019,Delhi,Cochin,DEL → COK,18:05,21:10,3h 5m,non-stop,No info,5201
Multiple carriers,15/05/2019,Delhi,Cochin,DEL → BOM → COK,11:40,19:15,7h 35m,1 stop,No info,9001
IndiGo,15/05/2019,Banglore,Delhi,BLR → DEL,13:00,15:50,2h 50m,non-stop,No info,3943
Multiple carriers,9/05/2019,Delhi,Cochin,DEL → BOM → COK,07:05,21:00,13h 55m,1 stop,In-flight meal not included,10546
Jet Airways,18/05/2019,Delhi,Cochin,DEL → BOM → COK,19:15,19:00 19 May,23h 45m,1 stop,No info,15554
Air India,15/04/2019,Banglore,Delhi,BLR → DEL,06:10,08:55,2h 45m,non-stop,No info,5228
Air India,24/06/2019,Delhi,Cochin,DEL → BOM → COK,09:00,19:15,10h 15m,1 stop,No info,9404
Multiple carriers,21/03/2019,Delhi,Cochin,DEL → BOM → COK,09:10,19:15,10h 5m,1 stop,No info,8601
Multiple carriers,9/05/2019,Delhi,Cochin,DEL → HYD → COK,09:45,22:30,12h 45m,1 stop,No info,8888
Vistara,24/03/2019,Banglore,New Delhi,BLR → DEL,16:00,18:35,2h 35m,non-stop,No info,5088
IndiGo,9/05/2019,Banglore,Delhi,BLR → DEL,10:10,13:00,2h 50m,non-stop,No info,3943
Jet Airways,9/05/2019,Delhi,Cochin,DEL → BOM → COK,21:50,12:35 10 May,14h 45m,1 stop,In-flight meal not included,12373
Multiple carriers,9/04/2019,Delhi,Cochin,DEL → BOM → COK,06:00,13:20,7h 20m,1 stop,No info,8323
Jet Airways,27/06/2019,Delhi,Cochin,DEL → AMD → BOM → COK,13:25,12:35 28 Jun,23h 10m,2 stops,No info,15339
Vistara,6/05/2019,Chennai,Kolkata,MAA → CCU,17:45,20:05,2h 20m,non-stop,No info,11982
SpiceJet,12/05/2019,Kolkata,Banglore,CCU → IXB → BLR,15:55,21:25,5h 30m,1 stop,No info,8844
Jet Airways,1/06/2019,Delhi,Cochin,DEL → BOM → COK,22:50,12:35 02 Jun,13h 45m,1 stop,In-flight meal not included,10262
IndiGo,6/06/2019,Chennai,Kolkata,MAA → CCU,13:15,15:35,2h 20m,non-stop,No info,3597
Jet Airways,24/03/2019,Mumbai,Hyderabad,BOM → HYD,10:20,11:50,1h 30m,non-stop,No info,5678
IndiGo,21/05/2019,Chennai,Kolkata,MAA → CCU,22:05,00:25 22 May,2h 20m,non-stop,No info,5277
IndiGo,27/06/2019,Banglore,Delhi,BLR → DEL,07:10,10:05,2h 55m,non-stop,No info,4823
IndiGo,3/03/2019,Delhi,Cochin,DEL → HYD → MAA → COK,08:35,21:20,12h 45m,2 stops,No info,8049
SpiceJet,15/05/2019,Chennai,Kolkata,MAA → CCU,17:45,20:05,2h 20m,non-stop,No check-in baggage included,3543
Jet Airways,6/06/2019,Delhi,Cochin,DEL → BOM → COK,18:15,19:00 07 Jun,24h 45m,1 stop,In-flight meal not included,10262
Air India,1/06/2019,Delhi,Cochin,DEL → RPR → NAG → BOM → COK,05:15,19:15 02 Jun,38h,3 stops,No info,10703
IndiGo,12/06/2019,Delhi,Cochin,DEL → BLR → COK,05:10,10:05,4h 55m,1 stop,No info,6496
Jet Airways,21/05/2019,Kolkata,Banglore,CCU → BOM → BLR,06:30,18:15,11h 45m,1 stop,In-flight meal not included,10844
Jet Airways,27/03/2019,Delhi,Cochin,DEL → BOM → COK,07:05,18:50,11h 45m,1 stop,No info,12032
Vistara,18/04/2019,Delhi,Cochin,DEL → COK,06:00,09:10,3h 10m,non-stop,No info,6741
IndiGo,9/05/2019,Banglore,Delhi,BLR → DEL,04:00,06:50,2h 50m,non-stop,No info,3943
SpiceJet,24/05/2019,Kolkata,Banglore,CCU → BLR,06:55,09:30,2h 35m,non-stop,No check-in baggage included,3841
Multiple carriers,3/03/2019,Delhi,Cochin,DEL → BOM → COK,19:00,01:35 04 Mar,6h 35m,1 stop,No info,15288
Air India,18/03/2019,Mumbai,Hyderabad,BOM → HYD,21:05,22:25,1h 20m,non-stop,No info,2050
Vistara,24/03/2019,Chennai,Kolkata,MAA → CCU,07:05,09:20,2h 15m,non-stop,No info,4842
Jet Airways,21/03/2019,Delhi,Cochin,DEL → AMD → BOM → COK,19:10,18:50 22 Mar,23h 40m,2 stops,In-flight meal not included,6643
IndiGo,3/03/2019,Delhi,Cochin,DEL → BLR → COK,05:05,10:05,5h,1 stop,No info,9581
IndiGo,15/05/2019,Kolkata,Banglore,CCU → BLR,21:25,00:05 16 May,2h 40m,non-stop,No info,4804
Jet Airways,21/03/2019,Banglore,New Delhi,BLR → BOM → DEL,08:00,07:40 19 Mar,23h 40m,1 stop,In-flight meal not included,7832
Multiple carriers,12/06/2019,Delhi,Cochin,DEL → BOM → COK,07:05,19:15,12h 10m,1 stop,In-flight meal not included,11667
IndiGo,27/06/2019,Delhi,Cochin,DEL → HYD → COK,08:35,16:10,7h 35m,1 stop,No info,6442
Jet Airways,24/05/2019,Delhi,Cochin,DEL → AMD → BOM → COK,23:05,04:25 26 May,29h 20m,2 stops,No info,15129
Jet Airways,3/04/2019,Banglore,Delhi,BLR → DEL,11:10,14:05,2h 55m,non-stop,In-flight meal not included,4544
Jet Airways,15/05/2019,Kolkata,Banglore,CCU → BOM → BLR,20:00,09:20 16 May,13h 20m,1 stop,In-flight meal not included,9663
Jet Airways,3/06/2019,Delhi,Cochin,DEL → BOM → COK,16:00,04:25 04 Jun,12h 25m,1 stop,No info,14714
Air India,27/05/2019,Mumbai,Hyderabad,BOM → HYD,06:20,07:40,1h 20m,non-stop,No info,3100
Jet Airways,6/05/2019,Kolkata,Banglore,CCU → BOM → BLR,16:30,20:45 07 May,28h 15m,1 stop,In-flight meal not included,9663
IndiGo,21/03/2019,Delhi,Cochin,DEL → HYD → COK,06:40,12:00,5h 20m,1 stop,No info,5761
Air India,9/05/2019,Mumbai,Hyderabad,BOM → HYD,21:05,22:25,1h 20m,non-stop,No info,3100
Jet Airways,12/06/2019,Kolkata,Banglore,CCU → BOM → BLR,16:30,23:35,7h 5m,1 stop,No info,13626
Jet Airways,24/03/2019,Mumbai,Hyderabad,BOM → HYD,19:35,21:05,1h 30m,non-stop,No info,5678
Jet Airways,12/06/2019,Kolkata,Banglore,CCU → BOM → BLR,18:55,18:15 13 Jun,23h 20m,1 stop,In-flight meal not included,8529
Air India,9/05/2019,Delhi,Cochin,DEL → COK,05:10,08:00,2h 50m,non-stop,No info,5201
Jet Airways,21/05/2019,Kolkata,Banglore,CCU → DEL → BLR,09:35,21:05,11h 30m,1 stop,No info,14151
Air Asia,3/05/2019,Banglore,Delhi,BLR → DEL,11:10,13:55,2h 45m,non-stop,No info,4483
IndiGo,6/04/2019,Kolkata,Banglore,CCU → BLR,22:15,00:50 07 Apr,2h 35m,non-stop,No info,4174
Jet Airways,18/05/2019,Delhi,Cochin,DEL → BHO → BOM → COK,05:30,12:35,7h 5m,2 stops,In-flight meal not included,15544
IndiGo,27/05/2019,Delhi,Cochin,DEL → COK,21:05,00:20 28 May,3h 15m,non-stop,No info,5601
IndiGo,3/04/2019,Banglore,Delhi,BLR → DEL,01:30,04:15,2h 45m,non-stop,No info,3419
Air Asia,27/04/2019,Delhi,Cochin,DEL → BLR → COK,07:55,22:25,14h 30m,1 stop,No info,6451
Air India,12/05/2019,Kolkata,Banglore,CCU → BOM → COK → BLR,09:25,13:45 13 May,28h 20m,2 stops,No info,12592
Air India,24/06/2019,Banglore,Delhi,BLR → DEL,21:05,23:55,2h 50m,non-stop,No info,6961
SpiceJet,12/06/2019,Kolkata,Banglore,CCU → BLR,17:10,19:40,2h 30m,non-stop,No info,4174
Jet Airways,24/03/2019,Kolkata,Banglore,CCU → BOM → BLR,06:30,16:20,9h 50m,1 stop,In-flight meal not included,8824
SpiceJet,15/05/2019,Delhi,Cochin,DEL → MAA → COK,15:45,22:05,6h 20m,1 stop,No info,7947
Multiple carriers,27/06/2019,Delhi,Cochin,DEL → BOM → COK,14:00,21:00,7h,1 stop,No info,13587
SpiceJet,15/06/2019,Kolkata,Banglore,CCU → BLR,06:55,09:30,2h 35m,non-stop,No check-in baggage included,3841
IndiGo,21/06/2019,Kolkata,Banglore,CCU → BLR,21:25,00:05 22 Jun,2h 40m,non-stop,No info,4804
Jet Airways,9/05/2019,Kolkata,Banglore,CCU → BOM → BLR,20:00,04:40 10 May,8h 40m,1 stop,In-flight meal not included,8586
IndiGo,1/03/2019,Kolkata,Banglore,CCU → BLR,20:25,23:05,2h 40m,non-stop,No info,4778
Multiple carriers,1/06/2019,Delhi,Cochin,DEL → IDR → BOM → COK,15:05,01:30 02 Jun,10h 25m,2 stops,No info,18275
IndiGo,1/06/2019,Chennai,Kolkata,MAA → CCU,05:15,07:40,2h 25m,non-stop,No info,3540
IndiGo,27/06/2019,Delhi,Cochin,DEL → HYD → COK,08:35,22:30,13h 55m,1 stop,No info,6442
Air India,27/06/2019,Kolkata,Banglore,CCU → BLR,20:45,23:20,2h 35m,non-stop,No info,4145
IndiGo,9/06/2019,Kolkata,Banglore,CCU → BLR,14:25,16:55,2h 30m,non-stop,No info,5644
IndiGo,3/05/2019,Kolkata,Banglore,CCU → BLR,14:25,16:55,2h 30m,non-stop,No info,5224
Jet Airways,21/03/2019,Delhi,Cochin,DEL → BOM → COK,17:30,18:50 22 Mar,25h 20m,1 stop,In-flight meal not included,5963
Multiple carriers,27/05/2019,Delhi,Cochin,DEL → BOM → COK,06:00,19:00,13h,1 stop,No info,11264
GoAir,27/03/2019,Delhi,Cochin,DEL → BOM → COK,14:10,19:20,5h 10m,1 stop,No info,10188
Jet Airways,18/05/2019,Kolkata,Banglore,CCU → BOM → BLR,20:00,09:20 19 May,13h 20m,1 stop,In-flight meal not included,10844
IndiGo,15/03/2019,Banglore,New Delhi,BLR → IDR → DEL,13:40,18:35,4h 55m,1 stop,No info,7166
Jet Airways,12/03/2019,Banglore,New Delhi,BLR → BOM → DEL,22:55,09:30 13 Mar,10h 35m,1 stop,No info,13817
Jet Airways,9/05/2019,Delhi,Cochin,DEL → BOM → COK,18:15,12:35 10 May,18h 20m,1 stop,In-flight meal not included,12373
Jet Airways,01/03/2019,Banglore,New Delhi,BLR → BOM → DEL,16:55,09:00 02 Mar,16h 5m,1 stop,1 Long layover,25735
Jet Airways,18/03/2019,Banglore,New Delhi,BLR → BOM → DEL,11:40,19:10,7h 30m,1 stop,No info,14815
Jet Airways,12/06/2019,Delhi,Cochin,DEL → BOM → COK,11:30,12:35 13 Jun,25h 5m,1 stop,In-flight meal not included,10262
Jet Airways,15/06/2019,Delhi,Cochin,DEL → BOM → COK,08:00,19:00,11h,1 stop,In-flight meal not included,10262
Air India,9/06/2019,Delhi,Cochin,DEL → BLR → COK,17:40,08:15 10 Jun,14h 35m,1 stop,No info,7468
Jet Airways,9/05/2019,Mumbai,Hyderabad,BOM → HYD,07:05,08:30,1h 25m,non-stop,No info,8040
Jet Airways,24/06/2019,Delhi,Cochin,DEL → AMD → BOM → COK,23:05,19:00 25 Jun,19h 55m,2 stops,No info,12819
IndiGo,6/03/2019,Chennai,Kolkata,MAA → CCU,14:40,17:05,2h 25m,non-stop,No info,7295
Jet Airways,27/05/2019,Banglore,Delhi,BLR → DEL,15:15,18:10,2h 55m,non-stop,No info,7229
Air Asia,15/06/2019,Delhi,Cochin,DEL → BLR → COK,16:45,22:25,5h 40m,1 stop,No info,6853
Jet Airways,24/05/2019,Kolkata,Banglore,CCU → BOM → BLR,21:10,09:20 25 May,12h 10m,1 stop,In-flight meal not included,9663
Jet Airways,1/04/2019,Kolkata,Banglore,CCU → BOM → BLR,06:30,18:15,11h 45m,1 stop,In-flight meal not included,7064
Air India,6/06/2019,Delhi,Cochin,DEL → BOM → COK,09:00,19:15,10h 15m,1 stop,No info,8372
SpiceJet,3/06/2019,Mumbai,Hyderabad,BOM → HYD,13:15,14:45,1h 30m,non-stop,No check-in baggage included,1965
Vistara,24/03/2019,Kolkata,Banglore,CCU → DEL → BLR,07:10,18:45,11h 35m,1 stop,No info,16932
SpiceJet,18/06/2019,Kolkata,Banglore,CCU → BLR,22:20,00:40 19 Jun,2h 20m,non-stop,No check-in baggage included,3841
Jet Airways,12/06/2019,Delhi,Cochin,DEL → JDH → BOM → COK,11:40,19:00,7h 20m,2 stops,In-flight meal not included,15812
Air India,03/03/2019,Banglore,New Delhi,BLR → COK → DEL,06:55,13:20,6h 25m,1 stop,No info,10924
Air India,27/05/2019,Delhi,Cochin,DEL → COK,14:10,17:10,3h,non-stop,No info,6934
Jet Airways,1/06/2019,Delhi,Cochin,DEL → BOM → COK,08:00,19:00,11h,1 stop,In-flight meal not included,10262
Jet Airways,6/03/2019,Delhi,Cochin,DEL → BOM → COK,13:55,04:25 07 Mar,14h 30m,1 stop,In-flight meal not included,13843
Multiple carriers,15/05/2019,Delhi,Cochin,DEL → BOM → COK,06:40,19:00,12h 20m,1 stop,No info,9315
Multiple carriers,21/05/2019,Delhi,Cochin,DEL → BOM → COK,06:00,19:15,13h 15m,1 stop,No info,8266
Jet Airways,24/03/2019,Kolkata,Banglore,CCU → BOM → BLR,21:10,08:10 25 Mar,11h,1 stop,No info,14231
GoAir,18/04/2019,Banglore,Delhi,BLR → DEL,20:55,23:40,2h 45m,non-stop,No info,5048
Jet Airways,6/06/2019,Delhi,Cochin,DEL → BOM → COK,17:30,19:00 07 Jun,25h 30m,1 stop,In-flight meal not included,10262
Multiple carriers,27/03/2019,Delhi,Cochin,DEL → BOM → COK,09:00,21:00,12h,1 stop,No info,12537
Jet Airways,15/06/2019,Delhi,Cochin,DEL → BOM → COK,13:00,04:25 16 Jun,15h 25m,1 stop,In-flight meal not included,10262
Jet Airways,3/04/2019,Mumbai,Hyderabad,BOM → HYD,07:05,08:30,1h 25m,non-stop,No info,8040
SpiceJet,6/05/2019,Kolkata,Banglore,CCU → IXB → BLR,11:15,18:30,7h 15m,1 stop,No info,9736
IndiGo,6/05/2019,Kolkata,Banglore,CCU → BLR,04:40,07:15,2h 35m,non-stop,No info,4804
Jet Airways,12/03/2019,Banglore,New Delhi,BLR → BOM → DEL,16:55,09:30 13 Mar,16h 35m,1 stop,No info,13817
GoAir,21/05/2019,Banglore,Delhi,BLR → DEL,07:45,10:40,2h 55m,non-stop,No info,5048
Jet Airways,1/04/2019,Mumbai,Hyderabad,BOM → HYD,10:20,11:50,1h 30m,non-stop,No info,8040
Multiple carriers,12/06/2019,Delhi,Cochin,DEL → BOM → COK,08:30,19:15,10h 45m,1 stop,No info,7354
Multiple carriers,6/03/2019,Delhi,Cochin,DEL → HYD → COK,14:35,22:20,7h 45m,1 stop,In-flight meal not included,7563
IndiGo,3/03/2019,Delhi,Cochin,DEL → BOM → COK,10:45,15:30,4h 45m,1 stop,No info,7725
Multiple carriers,1/06/2019,Delhi,Cochin,DEL → BOM → COK,08:45,21:00,12h 15m,1 stop,No info,7740
Air India,12/06/2019,Kolkata,Banglore,CCU → DEL → AMD → BLR,10:00,05:25 13 Jun,19h 25m,2 stops,No info,13532
IndiGo,1/03/2019,Kolkata,Banglore,CCU → BLR,14:20,16:55,2h 35m,non-stop,No info,6565
Jet Airways,12/05/2019,Kolkata,Banglore,CCU → BOM → BLR,16:30,19:50 13 May,27h 20m,1 stop,In-flight meal not included,10844
SpiceJet,18/04/2019,Kolkata,Banglore,CCU → BLR,22:20,00:40 19 Apr,2h 20m,non-stop,No check-in baggage included,3841
Multiple carriers,3/06/2019,Delhi,Cochin,DEL → BOM → COK,08:30,19:00,10h 30m,1 stop,No info,11200
Air India,1/04/2019,Kolkata,Banglore,CCU → BOM → TRV → BLR,09:25,10:30 02 Apr,25h 5m,2 stops,No info,12009
Air India,15/05/2019,Delhi,Cochin,DEL → BOM → COK,08:00,19:15,11h 15m,1 stop,No info,8372
Air India,15/06/2019,Delhi,Cochin,DEL → CCU → BOM → COK,06:50,07:40 16 Jun,24h 50m,2 stops,No info,13591
Vistara,6/03/2019,Mumbai,Hyderabad,BOM → DEL → HYD,20:55,16:45 07 Mar,19h 50m,1 stop,No info,12395
SpiceJet,1/03/2019,Chennai,Kolkata,MAA → CCU,08:20,10:35,2h 15m,non-stop,No info,7298
IndiGo,3/03/2019,Delhi,Cochin,DEL → MAA → COK,07:20,12:30,5h 10m,1 stop,No info,12214
Jet Airways,15/05/2019,Kolkata,Banglore,CCU → DEL → BLR,17:00,22:05 16 May,29h 5m,1 stop,No info,14151
Air India,1/06/2019,Delhi,Cochin,DEL → HYD → BOM → COK,17:15,19:15 02 Jun,26h,2 stops,No info,12970
Jet Airways,1/05/2019,Kolkata,Banglore,CCU → BOM → BLR,14:05,23:35,9h 30m,1 stop,No info,14781
Vistara,6/06/2019,Banglore,Delhi,BLR → DEL,17:00,19:35,2h 35m,non-stop,No info,4878
SpiceJet,3/05/2019,Chennai,Kolkata,MAA → CCU,08:20,10:35,2h 15m,non-stop,No info,3597
Air Asia,6/06/2019,Kolkata,Banglore,CCU → DEL → BLR,07:35,23:30,15h 55m,1 stop,No info,6810
Vistara,1/05/2019,Chennai,Kolkata,MAA → CCU,07:05,09:20,2h 15m,non-stop,No info,3687
Air India,21/03/2019,Delhi,Cochin,DEL → MAA → COK,17:20,09:25 22 Mar,16h 5m,1 stop,No info,6482
Jet Airways,6/03/2019,Mumbai,Hyderabad,BOM → DEL → HYD,17:00,16:50 07 Mar,23h 50m,1 stop,No info,19595
IndiGo,15/06/2019,Delhi,Cochin,DEL → BLR → COK,15:10,20:00,4h 50m,1 stop,No info,6147
Jet Airways,6/05/2019,Kolkata,Banglore,CCU → DEL → BLR,17:00,09:45 07 May,16h 45m,1 stop,No info,10953
SpiceJet,24/04/2019,Kolkata,Banglore,CCU → BLR,22:20,00:40 25 Apr,2h 20m,non-stop,No info,3873
Jet Airways,06/03/2019,Banglore,New Delhi,BLR → BOM → DEL,14:05,05:05 07 Mar,15h,1 stop,No info,14815
Multiple carriers,6/06/2019,Delhi,Cochin,DEL → BOM → COK,04:55,19:00,14h 5m,1 stop,No info,10678
Jet Airways,9/03/2019,Delhi,Cochin,DEL → BOM → COK,15:05,04:25 10 Mar,13h 20m,1 stop,In-flight meal not included,14053
Jet Airways,12/06/2019,Kolkata,Banglore,CCU → DEL → BLR,09:35,22:05,12h 30m,1 stop,In-flight meal not included,10539
Jet Airways,18/03/2019,Banglore,New Delhi,BLR → BOM → DEL,14:05,21:20,7h 15m,1 stop,No info,16946
IndiGo,3/03/2019,Delhi,Cochin,DEL → COK,14:30,17:35,3h 5m,non-stop,No info,7673
Air India,24/03/2019,Banglore,New Delhi,BLR → DEL,13:20,16:10,2h 50m,non-stop,No info,4441
Jet Airways,15/04/2019,Banglore,Delhi,BLR → DEL,11:10,14:05,2h 55m,non-stop,In-flight meal not included,4544
IndiGo,24/04/2019,Kolkata,Banglore,CCU → BLR,15:30,18:05,2h 35m,non-stop,No info,4804
Jet Airways,1/04/2019,Delhi,Cochin,DEL → BOM → COK,09:00,12:35 02 Apr,27h 35m,1 stop,In-flight meal not included,5406
Air India,3/04/2019,Mumbai,Hyderabad,BOM → HYD,06:20,07:40,1h 20m,non-stop,No info,3100
Jet Airways,27/06/2019,Delhi,Cochin,DEL → AMD → BOM → COK,23:05,19:00 28 Jun,19h 55m,2 stops,In-flight meal not included,11150
IndiGo,6/04/2019,Banglore,Delhi,BLR → DEL,16:55,19:55,3h,non-stop,No info,4823
SpiceJet,3/05/2019,Mumbai,Hyderabad,BOM → HYD,05:45,07:15,1h 30m,non-stop,No check-in baggage included,1965
Jet Airways,24/06/2019,Delhi,Cochin,DEL → BOM → COK,21:50,12:35 25 Jun,14h 45m,1 stop,In-flight meal not included,10262
IndiGo,6/06/2019,Delhi,Cochin,DEL → HYD → COK,07:35,16:10,8h 35m,1 stop,No info,6674
Jet Airways,6/03/2019,Delhi,Cochin,DEL → BOM → COK,09:00,04:25 07 Mar,19h 25m,1 stop,No info,15764
Jet Airways,1/04/2019,Kolkata,Banglore,CCU → BOM → BLR,20:00,22:35 02 Apr,26h 35m,1 stop,In-flight meal not included,7064
Jet Airways,6/06/2019,Delhi,Cochin,DEL → BOM → COK,14:00,19:00,5h,1 stop,In-flight meal not included,10262
IndiGo,1/05/2019,Kolkata,Banglore,CCU → MAA → BLR,08:10,13:00,4h 50m,1 stop,No info,5069
Multiple carriers,6/06/2019,Delhi,Cochin,DEL → BOM → COK,11:40,19:00,7h 20m,1 stop,No info,11789
Air India,1/05/2019,Kolkata,Banglore,CCU → DEL → COK → BLR,10:00,13:45 02 May,27h 45m,2 stops,No info,15164
Air India,6/06/2019,Delhi,Cochin,DEL → COK,14:10,17:10,3h,non-stop,No info,6094
SpiceJet,21/04/2019,Banglore,Delhi,BLR → DEL,09:30,12:20,2h 50m,non-stop,No check-in baggage included,4885
Air Asia,21/06/2019,Banglore,Delhi,BLR → DEL,11:10,13:55,2h 45m,non-stop,No info,3383
Multiple carriers,27/03/2019,Delhi,Cochin,DEL → BOM → COK,17:00,01:35 28 Mar,8h 35m,1 stop,No info,6673
Jet Airways,27/04/2019,Banglore,Delhi,BLR → DEL,07:10,10:10,3h,non-stop,In-flight meal not included,4544
Jet Airways,21/03/2019,Delhi,Cochin,DEL → BDQ → BOM → COK,10:45,18:50,8h 5m,2 stops,In-flight meal not included,8367
GoAir,3/06/2019,Banglore,Delhi,BLR → DEL,11:40,14:30,2h 50m,non-stop,No info,3898
Jet Airways,9/06/2019,Kolkata,Banglore,CCU → BOM → BLR,14:05,22:35,8h 30m,1 stop,In-flight meal not included,10844
Multiple carriers,27/03/2019,Delhi,Cochin,DEL → BOM → COK,02:15,13:20,11h 5m,1 stop,No info,12327
SpiceJet,21/03/2019,Delhi,Cochin,DEL → PNQ → COK,08:45,13:15,4h 30m,1 stop,No check-in baggage included,6356
Air India,15/05/2019,Banglore,Delhi,BLR → DEL,21:05,23:55,2h 50m,non-stop,No info,5228
Air India,18/03/2019,Banglore,New Delhi,BLR → BOM → UDR → DEL,06:45,16:30 16 Mar,33h 45m,2 stops,No info,10835
IndiGo,21/06/2019,Banglore,Delhi,BLR → DEL,04:00,06:50,2h 50m,non-stop,No info,3943
Jet Airways,1/06/2019,Delhi,Cochin,DEL → BOM → COK,18:15,19:00 02 Jun,24h 45m,1 stop,No info,14714
Air India,6/05/2019,Kolkata,Banglore,CCU → IXR → DEL → BLR,05:50,12:00 07 May,30h 10m,2 stops,No info,11883
Vistara,12/06/2019,Kolkata,Banglore,CCU → DEL → BLR,20:20,23:25 13 Jun,27h 5m,1 stop,No info,8610
Multiple carriers,15/05/2019,Delhi,Cochin,DEL → HYD → COK,07:10,22:30,15h 20m,1 stop,No info,6513
Jet Airways,21/05/2019,Delhi,Cochin,DEL → BOM → COK,02:15,04:25 22 May,26h 10m,1 stop,In-flight meal not included,12898
Air India,1/06/2019,Delhi,Cochin,DEL → GOI → BOM → COK,22:00,19:15 02 Jun,21h 15m,2 stops,No info,10861
IndiGo,21/06/2019,Mumbai,Hyderabad,BOM → HYD,19:05,20:35,1h 30m,non-stop,No info,4049
Jet Airways,18/03/2019,Banglore,New Delhi,BLR → BOM → DEL,11:40,05:05 16 Mar,17h 25m,1 stop,No info,13555
Jet Airways,27/05/2019,Delhi,Cochin,DEL → BOM → COK,02:15,19:00,16h 45m,1 stop,No info,16079
IndiGo,6/03/2019,Delhi,Cochin,DEL → COK,05:35,08:50,3h 15m,non-stop,No info,7673
Multiple carriers Premium economy,21/03/2019,Delhi,Cochin,DEL → BOM → COK,08:55,19:15,10h 20m,1 stop,No info,10161
Jet Airways,12/06/2019,Delhi,Cochin,DEL → BOM → COK,02:15,12:35,10h 20m,1 stop,In-flight meal not included,10262
SpiceJet,3/05/2019,Kolkata,Banglore,CCU → BLR,06:55,09:30,2h 35m,non-stop,No info,3873
SpiceJet,3/06/2019,Banglore,Delhi,BLR → DEL,21:10,00:05 04 Jun,2h 55m,non-stop,No info,3311
IndiGo,9/03/2019,Delhi,Cochin,DEL → BOM → COK,16:00,01:35 10 Mar,9h 35m,1 stop,No info,13611
Air India,6/03/2019,Delhi,Cochin,DEL → JAI → BOM → COK,12:00,19:15,7h 15m,2 stops,No info,11858
Multiple carriers,27/05/2019,Delhi,Cochin,DEL → BOM → COK,10:20,19:15,8h 55m,1 stop,No info,9316
IndiGo,1/04/2019,Banglore,Delhi,BLR → DEL,07:10,10:05,2h 55m,non-stop,No info,4823
Jet Airways,12/05/2019,Kolkata,Banglore,CCU → BOM → BLR,20:00,10:05 13 May,14h 5m,1 stop,No info,13941
Jet Airways,27/05/2019,Delhi,Cochin,DEL → JAI → BOM → COK,09:40,04:25 28 May,18h 45m,2 stops,In-flight meal not included,13029
SpiceJet,12/04/2019,Kolkata,Banglore,CCU → BLR,06:55,09:30,2h 35m,non-stop,No info,3873
IndiGo,12/04/2019,Banglore,Delhi,BLR → DEL,01:30,04:15,2h 45m,non-stop,No info,4591
Vistara,6/03/2019,Mumbai,Hyderabad,BOM → DEL → HYD,08:45,22:55,14h 10m,1 stop,No info,12395
IndiGo,21/03/2019,Mumbai,Hyderabad,BOM → HYD,02:30,04:00,1h 30m,non-stop,No info,3603
IndiGo,1/05/2019,Kolkata,Banglore,CCU → BLR,15:30,18:05,2h 35m,non-stop,No info,4804
IndiGo,21/05/2019,Banglore,Delhi,BLR → DEL,18:25,21:20,2h 55m,non-stop,No info,4823
Jet Airways,21/03/2019,Delhi,Cochin,DEL → BOM → COK,11:30,18:50,7h 20m,1 stop,No info,13244
Air Asia,24/03/2019,Kolkata,Banglore,CCU → DEL → BLR,07:35,19:25,11h 50m,1 stop,No info,6785
Air India,24/06/2019,Mumbai,Hyderabad,BOM → HYD,06:20,07:40,1h 20m,non-stop,No info,3100
Multiple carriers,12/06/2019,Delhi,Cochin,DEL → BOM → COK,18:00,01:30 13 Jun,7h 30m,1 stop,No info,7198
Jet Airways,27/06/2019,Delhi,Cochin,DEL → JAI → BOM → COK,09:40,19:00,9h 20m,2 stops,No info,13014
Air India,6/03/2019,Delhi,Cochin,DEL → CCU → BOM → COK,06:50,07:40 07 Mar,24h 50m,2 stops,No info,20416
Air India,6/06/2019,Delhi,Cochin,DEL → GOI → BOM → COK,22:00,19:15 07 Jun,21h 15m,2 stops,No info,10441
Air India,01/03/2019,Banglore,New Delhi,BLR → VGA → DEL,10:30,11:20 02 Mar,24h 50m,1 stop,No info,11528
Air India,6/05/2019,Kolkata,Banglore,CCU → DEL → COK → BLR,07:00,01:20 07 May,18h 20m,2 stops,No info,14083
IndiGo,15/05/2019,Chennai,Kolkata,MAA → CCU,19:35,21:55,2h 20m,non-stop,No info,3597
Air India,12/06/2019,Kolkata,Banglore,CCU → IXR → BBI → BLR,05:50,13:15,7h 25m,2 stops,No info,7662
IndiGo,6/06/2019,Banglore,Delhi,BLR → DEL,08:30,11:20,2h 50m,non-stop,No info,4823
Air India,27/06/2019,Delhi,Cochin,DEL → RPR → NAG → BOM → COK,05:15,19:15 28 Jun,38h,3 stops,No info,10703
Jet Airways,12/06/2019,Mumbai,Hyderabad,BOM → HYD,07:05,08:30,1h 25m,non-stop,No info,8040
Vistara,24/06/2019,Banglore,Delhi,BLR → DEL,07:00,09:40,2h 40m,non-stop,No info,4668
Air India,12/05/2019,Delhi,Cochin,DEL → COK,18:05,21:10,3h 5m,non-stop,No info,6304
Air India,6/03/2019,Mumbai,Hyderabad,BOM → BHO → DEL → HYD,06:00,11:55 07 Mar,29h 55m,2 stops,No info,14219
SpiceJet,1/05/2019,Kolkata,Banglore,CCU → BLR,17:10,19:40,2h 30m,non-stop,No check-in baggage included,3841
Multiple carriers,27/05/2019,Delhi,Cochin,DEL → BOM → COK,13:00,21:00,8h,1 stop,No info,13587
Air India,18/05/2019,Kolkata,Banglore,CCU → IXR → DEL → BLR,05:50,20:25,14h 35m,2 stops,No info,12093
SpiceJet,27/04/2019,Delhi,Cochin,DEL → MAA → COK,06:05,11:20,5h 15m,1 stop,No info,5899
Air India,12/05/2019,Mumbai,Hyderabad,BOM → HYD,13:55,15:25,1h 30m,non-stop,No info,3100
Air India,12/05/2019,Banglore,Delhi,BLR → DEL,17:00,19:45,2h 45m,non-stop,No info,5438
IndiGo,18/04/2019,Banglore,Delhi,BLR → DEL,18:55,21:50,2h 55m,non-stop,No info,5780
Air India,9/06/2019,Kolkata,Banglore,CCU → BOM → COK → BLR,09:25,01:20 10 Jun,15h 55m,2 stops,No info,11668
IndiGo,01/03/2019,Banglore,New Delhi,BLR → DEL,07:10,10:05,2h 55m,non-stop,No info,11934
Jet Airways,27/06/2019,Delhi,Cochin,DEL → ATQ → BOM → COK,20:00,04:25 28 Jun,8h 25m,2 stops,No info,16263
IndiGo,6/03/2019,Delhi,Cochin,DEL → BOM → COK,18:35,01:35 07 Mar,7h,1 stop,No info,14871
SpiceJet,24/05/2019,Banglore,Delhi,BLR → DEL,09:30,12:20,2h 50m,non-stop,No check-in baggage included,3573
Air India,3/03/2019,Delhi,Cochin,DEL → HYD → BOM → COK,21:30,19:15 04 Mar,21h 45m,2 stops,No info,12497
Air India,21/06/2019,Delhi,Cochin,DEL → COK,18:05,21:10,3h 5m,non-stop,No info,5411
IndiGo,9/06/2019,Delhi,Cochin,DEL → HYD → COK,05:05,16:10,11h 5m,1 stop,No info,6600
IndiGo,6/06/2019,Kolkata,Banglore,CCU → PAT → BLR,09:20,14:15,4h 55m,1 stop,No info,11160
Jet Airways,6/03/2019,Mumbai,Hyderabad,BOM → UDR → DEL → HYD,17:15,16:50 07 Mar,23h 35m,2 stops,No info,22950
SpiceJet,24/05/2019,Kolkata,Banglore,CCU → MAA → BLR,15:05,20:20,5h 15m,1 stop,No info,4649
Jet Airways,21/05/2019,Delhi,Cochin,DEL → JAI → BOM → COK,05:30,04:25 22 May,22h 55m,2 stops,No info,15129
IndiGo,12/05/2019,Delhi,Cochin,DEL → COK,21:05,00:20 13 May,3h 15m,non-stop,No info,8626
Jet Airways,6/03/2019,Delhi,Cochin,DEL → BOM → COK,07:05,04:25 07 Mar,21h 20m,1 stop,No info,17234
Jet Airways,21/03/2019,Banglore,New Delhi,BLR → BOM → DEL,05:45,13:15,7h 30m,1 stop,In-flight meal not included,7832
Air India,18/06/2019,Mumbai,Hyderabad,BOM → HYD,15:00,16:25,1h 25m,non-stop,No info,3100
Jet Airways,9/05/2019,Kolkata,Banglore,CCU → DEL → BLR,09:35,14:25 10 May,28h 50m,1 stop,In-flight meal not included,9314
Jet Airways,1/06/2019,Delhi,Cochin,DEL → BOM → COK,02:15,12:35,10h 20m,1 stop,No info,14714
Jet Airways,15/06/2019,Delhi,Cochin,DEL → LKO → BOM → COK,11:45,04:25 16 Jun,16h 40m,2 stops,No info,13882
Jet Airways,9/05/2019,Delhi,Cochin,DEL → BHO → BOM → COK,05:30,12:35,7h 5m,2 stops,No info,16274
Multiple carriers,6/03/2019,Delhi,Cochin,DEL → BOM → COK,11:30,18:50,7h 20m,1 stop,No info,15135
IndiGo,24/03/2019,Banglore,New Delhi,BLR → DEL,21:20,00:15 25 Mar,2h 55m,non-stop,No info,6144
Jet Airways,27/03/2019,Delhi,Cochin,DEL → AMD → BOM → COK,19:10,19:45 28 Mar,24h 35m,2 stops,No info,9483
Air India,15/05/2019,Delhi,Cochin,DEL → CCU → BOM → COK,06:50,07:40 16 May,24h 50m,2 stops,No info,14431
Multiple carriers,24/06/2019,Delhi,Cochin,DEL → HYD → COK,14:55,22:30,7h 35m,1 stop,In-flight meal not included,6093
Multiple carriers,21/05/2019,Delhi,Cochin,DEL → BOM → COK,10:00,21:00,11h,1 stop,No info,7888
IndiGo,15/05/2019,Delhi,Cochin,DEL → BOM → COK,09:15,01:30 16 May,16h 15m,1 stop,No info,7503
Air India,6/05/2019,Kolkata,Banglore,CCU → HYD → BLR,19:00,09:50 07 May,14h 50m,1 stop,No info,6117
Jet Airways,3/03/2019,Delhi,Cochin,DEL → BOM → COK,09:00,18:50,9h 50m,1 stop,No info,17024
Jet Airways,1/04/2019,Kolkata,Banglore,CCU → BOM → BLR,18:55,08:15 02 Apr,13h 20m,1 stop,No info,12681
Multiple carriers,24/06/2019,Delhi,Cochin,DEL → BOM → COK,10:35,19:00,8h 25m,1 stop,No info,10678
Jet Airways,24/03/2019,Kolkata,Banglore,CCU → BOM → BLR,08:25,12:00 25 Mar,27h 35m,1 stop,No info,13759
SpiceJet,3/06/2019,Mumbai,Hyderabad,BOM → HYD,22:45,00:15 04 Jun,1h 30m,non-stop,No info,2017
SpiceJet,15/06/2019,Banglore,Delhi,BLR → DEL,09:30,12:20,2h 50m,non-stop,No check-in baggage included,4885
Multiple carriers,27/05/2019,Delhi,Cochin,DEL → BOM → COK,06:00,19:15,13h 15m,1 stop,No info,10786
Vistara,12/03/2019,Mumbai,Hyderabad,BOM → DEL → HYD,07:30,09:25 13 Mar,25h 55m,1 stop,No info,12080
IndiGo,9/06/2019,Kolkata,Banglore,CCU → BLR,20:20,22:55,2h 35m,non-stop,No info,4804
Air India,21/03/2019,Delhi,Cochin,DEL → BOM → COK,21:00,19:15 22 Mar,22h 15m,1 stop,No info,6587
Jet Airways,27/03/2019,Delhi,Cochin,DEL → MAA → BOM → COK,05:10,18:50,13h 40m,2 stops,In-flight meal not included,8728
Air Asia,18/05/2019,Delhi,Cochin,DEL → BLR → COK,20:45,07:10 19 May,10h 25m,1 stop,No info,7452
IndiGo,6/06/2019,Banglore,Delhi,BLR → DEL,20:00,22:50,2h 50m,non-stop,No info,4823
Multiple carriers,9/05/2019,Delhi,Cochin,DEL → HYD → COK,07:05,22:30,15h 25m,1 stop,No info,8310
Vistara,1/04/2019,Banglore,Delhi,BLR → DEL,11:30,14:20,2h 50m,non-stop,No info,5403
Jet Airways,9/06/2019,Delhi,Cochin,DEL → NAG → BOM → COK,14:35,12:35 10 Jun,22h,2 stops,No info,13376
Multiple carriers,3/06/2019,Delhi,Cochin,DEL → BOM → COK,10:35,19:00,8h 25m,1 stop,No info,10877
Jet Airways,06/03/2019,Banglore,New Delhi,BLR → BOM → DEL,22:50,00:45 08 Mar,25h 55m,1 stop,No info,14815
IndiGo,21/03/2019,Delhi,Cochin,DEL → HYD → COK,06:40,16:10,9h 30m,1 stop,No info,6558
Multiple carriers,21/05/2019,Delhi,Cochin,DEL → BOM → COK,09:00,21:00,12h,1 stop,No info,14067
Multiple carriers,21/05/2019,Delhi,Cochin,DEL → BOM → COK,09:15,19:00,9h 45m,1 stop,No info,9627
Jet Airways,3/06/2019,Delhi,Cochin,DEL → BOM → COK,19:15,19:00 04 Jun,23h 45m,1 stop,No info,14714
IndiGo,9/05/2019,Delhi,Cochin,DEL → COK,05:35,08:50,3h 15m,non-stop,No info,5000
Multiple carriers Premium economy,21/03/2019,Delhi,Cochin,DEL → BOM → COK,06:00,21:00,15h,1 stop,No info,9845
Jet Airways,18/05/2019,Kolkata,Banglore,CCU → BOM → BLR,18:55,16:20 19 May,21h 25m,1 stop,In-flight meal not included,10844
IndiGo,27/03/2019,Delhi,Cochin,DEL → BOM → COK,04:45,13:20,8h 35m,1 stop,No info,7048
Jet Airways,12/06/2019,Kolkata,Banglore,CCU → DEL → BLR,09:35,10:55 13 Jun,25h 20m,1 stop,No info,12692
Jet Airways,9/03/2019,Delhi,Cochin,DEL → BOM → COK,21:50,18:50 10 Mar,21h,1 stop,In-flight meal not included,13843
Jet Airways,21/03/2019,Banglore,New Delhi,BLR → BOM → DEL,14:05,07:40 19 Mar,17h 35m,1 stop,In-flight meal not included,7832
IndiGo,1/06/2019,Mumbai,Hyderabad,BOM → HYD,09:15,10:45,1h 30m,non-stop,No info,4049
Jet Airways,27/03/2019,Delhi,Cochin,DEL → BOM → COK,08:00,18:50,10h 50m,1 stop,No info,12242
Jet Airways,24/06/2019,Delhi,Cochin,DEL → BOM → COK,19:15,19:00 25 Jun,23h 45m,1 stop,In-flight meal not included,10262
Jet Airways,9/06/2019,Kolkata,Banglore,CCU → BOM → BLR,08:25,19:50,11h 25m,1 stop,No info,14571
SpiceJet,24/05/2019,Kolkata,Banglore,CCU → BLR,17:10,19:40,2h 30m,non-stop,No info,4174
Multiple carriers,27/05/2019,Delhi,Cochin,DEL → BOM → COK,06:00,12:35,6h 35m,1 stop,No info,11264
IndiGo,18/04/2019,Kolkata,Banglore,CCU → BLR,21:25,00:05 19 Apr,2h 40m,non-stop,No info,4174
IndiGo,12/06/2019,Chennai,Kolkata,MAA → CCU,05:15,07:40,2h 25m,non-stop,No info,3540
Vistara,18/05/2019,Kolkata,Banglore,CCU → DEL → BLR,07:10,20:20,13h 10m,1 stop,No info,9345
Air India,6/06/2019,Delhi,Cochin,DEL → AMD → BOM → COK,16:40,19:15 07 Jun,26h 35m,2 stops,No info,9653
IndiGo,18/03/2019,Mumbai,Hyderabad,BOM → HYD,06:20,07:45,1h 25m,non-stop,No info,3342
Multiple carriers,18/05/2019,Delhi,Cochin,DEL → BOM → COK,10:00,01:30 19 May,15h 30m,1 stop,No info,8073
Jet Airways,1/04/2019,Kolkata,Banglore,CCU → BOM → BLR,06:30,20:45,14h 15m,1 stop,In-flight meal not included,7064
Jet Airways,27/06/2019,Delhi,Cochin,DEL → NAG → BOM → COK,14:35,12:35 28 Jun,22h,2 stops,No info,13376
Multiple carriers,6/03/2019,Delhi,Cochin,DEL → BOM → COK,08:25,18:50,10h 25m,1 stop,No info,15135
Air India,24/05/2019,Kolkata,Banglore,CCU → DEL → BLR,10:00,20:25,10h 25m,1 stop,No info,10413
Vistara,1/05/2019,Kolkata,Banglore,CCU → DEL → BLR,20:20,10:45 02 May,14h 25m,1 stop,No info,9187
Jet Airways,1/06/2019,Delhi,Cochin,DEL → IDR → BOM → COK,09:35,12:35 02 Jun,27h,2 stops,No info,13292
IndiGo,9/03/2019,Delhi,Cochin,DEL → HYD → COK,07:35,16:10,8h 35m,1 stop,No info,6674
IndiGo,9/05/2019,Delhi,Cochin,DEL → BOM → COK,17:30,01:30 10 May,8h,1 stop,No info,8330
Multiple carriers,1/06/2019,Delhi,Cochin,DEL → BOM → COK,06:40,19:00,12h 20m,1 stop,No info,11200
Jet Airways,3/06/2019,Delhi,Cochin,DEL → BOM → COK,10:00,12:35 04 Jun,26h 35m,1 stop,In-flight meal not included,10262
Vistara,15/04/2019,Delhi,Cochin,DEL → COK,14:40,17:50,3h 10m,non-stop,No info,6216
Jet Airways,18/05/2019,Kolkata,Banglore,CCU → BOM → BLR,20:00,19:50 19 May,23h 50m,1 stop,In-flight meal not included,10844
Jet Airways,24/03/2019,Kolkata,Banglore,CCU → BOM → BLR,16:55,18:10 25 Mar,25h 15m,1 stop,In-flight meal not included,11134
IndiGo,18/06/2019,Chennai,Kolkata,MAA → CCU,22:05,00:25 19 Jun,2h 20m,non-stop,No info,5277
Jet Airways,27/06/2019,Delhi,Cochin,DEL → ATQ → BOM → COK,08:10,12:35 28 Jun,28h 25m,2 stops,No info,14300
Jet Airways,06/03/2019,Banglore,New Delhi,BLR → BOM → DEL,22:50,20:20 07 Mar,21h 30m,1 stop,No info,17471
Jet Airways,21/05/2019,Kolkata,Banglore,CCU → BOM → BLR,21:10,09:20 22 May,12h 10m,1 stop,In-flight meal not included,10844
SpiceJet,15/03/2019,Banglore,New Delhi,BLR → DEL,05:45,08:35,2h 50m,non-stop,No check-in baggage included,5469
Jet Airways,9/06/2019,Delhi,Cochin,DEL → BOM → COK,14:00,12:35 10 Jun,22h 35m,1 stop,In-flight meal not included,10262
SpiceJet,6/03/2019,Delhi,Cochin,DEL → BLR → COK,16:35,22:50,6h 15m,1 stop,No info,7185
Air Asia,18/06/2019,Kolkata,Banglore,CCU → BLR,19:55,22:25,2h 30m,non-stop,No info,3807
Jet Airways,1/06/2019,Delhi,Cochin,DEL → BOM → COK,17:30,04:25 02 Jun,10h 55m,1 stop,No info,14714
Vistara,6/05/2019,Kolkata,Banglore,CCU → DEL → BLR,07:10,20:20,13h 10m,1 stop,No info,8610
Jet Airways,6/03/2019,Delhi,Cochin,DEL → BOM → COK,07:05,18:50,11h 45m,1 stop,No info,17234
Multiple carriers,12/06/2019,Delhi,Cochin,DEL → GWL → IDR → BOM → COK,11:35,21:00,9h 25m,3 stops,No info,15629
Multiple carriers,27/03/2019,Delhi,Cochin,DEL → HYD → MAA → COK,07:05,21:20,14h 15m,2 stops,No info,6128
Jet Airways,9/03/2019,Delhi,Cochin,DEL → BOM → COK,16:00,04:25 10 Mar,12h 25m,1 stop,No info,16289
Jet Airways,9/05/2019,Delhi,Cochin,DEL → JAI → BOM → COK,05:30,19:00,13h 30m,2 stops,No info,15129
Jet Airways,21/03/2019,Banglore,New Delhi,BLR → BOM → DEL,14:05,10:25 19 Mar,20h 20m,1 stop,In-flight meal not included,7832
Jet Airways,01/03/2019,Banglore,New Delhi,BLR → BOM → DEL,08:00,16:10,8h 10m,1 stop,No info,22270
Jet Airways,1/05/2019,Kolkata,Banglore,CCU → DEL → BLR,17:00,09:45 02 May,16h 45m,1 stop,No info,11467
IndiGo,9/05/2019,Mumbai,Hyderabad,BOM → HYD,19:05,20:35,1h 30m,non-stop,No info,4392
SpiceJet,6/05/2019,Kolkata,Banglore,CCU → BLR,17:10,19:40,2h 30m,non-stop,No info,4491
Jet Airways,18/05/2019,Kolkata,Banglore,CCU → BOM → BLR,21:10,09:20 19 May,12h 10m,1 stop,In-flight meal not included,9663
IndiGo,27/06/2019,Delhi,Cochin,DEL → BOM → COK,18:35,01:30 28 Jun,6h 55m,1 stop,No info,5883
Air India,3/03/2019,Delhi,Cochin,DEL → BOM → COK,19:00,07:40 04 Mar,12h 40m,1 stop,No info,14777
Air Asia,21/05/2019,Kolkata,Banglore,CCU → BBI → BLR,06:50,10:30,3h 40m,1 stop,No info,5162
IndiGo,1/06/2019,Kolkata,Banglore,CCU → BLR,21:25,00:05 02 Jun,2h 40m,non-stop,No info,4804
Jet Airways,12/06/2019,Kolkata,Banglore,CCU → BOM → BLR,14:05,12:00 13 Jun,21h 55m,1 stop,In-flight meal not included,8529
Jet Airways,9/06/2019,Kolkata,Banglore,CCU → BOM → BLR,06:30,16:20,9h 50m,1 stop,In-flight meal not included,10844
SpiceJet,9/04/2019,Kolkata,Banglore,CCU → BLR,06:55,09:30,2h 35m,non-stop,No info,3873
IndiGo,12/06/2019,Kolkata,Banglore,CCU → BLR,09:35,12:20,2h 45m,non-stop,No info,4804
Jet Airways,12/05/2019,Mumbai,Hyderabad,BOM → HYD,02:55,04:20,1h 25m,non-stop,No info,5678
Jet Airways,1/04/2019,Kolkata,Banglore,CCU → BOM → BLR,06:30,18:15,11h 45m,1 stop,No info,12681
Jet Airways,15/03/2019,Banglore,New Delhi,BLR → BDQ → DEL,05:50,12:20,6h 30m,1 stop,No info,9623
Multiple carriers,3/03/2019,Delhi,Cochin,DEL → BOM → COK,08:55,21:00,12h 5m,1 stop,No info,15147
Vistara,24/05/2019,Kolkata,Banglore,CCU → DEL → BLR,07:10,23:25,16h 15m,1 stop,No info,9345
Jet Airways,6/05/2019,Kolkata,Banglore,CCU → BOM → BLR,18:55,10:05 07 May,15h 10m,1 stop,In-flight meal not included,7757
Jet Airways,12/05/2019,Kolkata,Banglore,CCU → BOM → BLR,16:30,12:00 13 May,19h 30m,1 stop,In-flight meal not included,10844
Air India,03/03/2019,Banglore,New Delhi,BLR → CCU → GAU → DEL,11:05,22:10 07 Mar,35h 5m,2 stops,No info,11948
Jet Airways,27/06/2019,Delhi,Cochin,DEL → NAG → BOM → COK,06:45,12:35 28 Jun,29h 50m,2 stops,No info,13376
Air India,15/05/2019,Kolkata,Banglore,CCU → HYD → BLR,19:00,04:40 16 May,9h 40m,1 stop,No info,6117
IndiGo,6/03/2019,Delhi,Cochin,DEL → HYD → COK,04:55,16:10,11h 15m,1 stop,No info,6171
Jet Airways,12/06/2019,Kolkata,Banglore,CCU → BOM → BLR,14:05,19:50,5h 45m,1 stop,No info,13626
Jet Airways,06/03/2019,Banglore,New Delhi,BLR → BOM → DEL,21:25,19:10 07 Mar,21h 45m,1 stop,No info,17471
Multiple carriers,21/03/2019,Delhi,Cochin,DEL → BOM → COK,10:20,19:15,8h 55m,1 stop,No info,7531
Jet Airways,9/05/2019,Delhi,Cochin,DEL → BOM → COK,15:00,04:25 10 May,13h 25m,1 stop,In-flight meal not included,12373
Jet Airways,27/05/2019,Delhi,Cochin,DEL → BOM → COK,07:05,12:35,5h 30m,1 stop,No info,16289
IndiGo,24/03/2019,Banglore,New Delhi,BLR → DEL,10:10,13:00,2h 50m,non-stop,No info,4777
Jet Airways,21/04/2019,Banglore,Delhi,BLR → DEL,08:20,11:20,3h,non-stop,In-flight meal not included,5198
Jet Airways,6/06/2019,Kolkata,Banglore,CCU → BOM → BLR,14:05,23:35,9h 30m,1 stop,In-flight meal not included,10844
Air India,18/05/2019,Banglore,Delhi,BLR → DEL,17:00,19:45,2h 45m,non-stop,No info,7171
Air India,27/06/2019,Delhi,Cochin,DEL → JAI → BOM → COK,18:45,19:15 28 Jun,24h 30m,2 stops,No info,11942
IndiGo,27/04/2019,Banglore,Delhi,BLR → DEL,10:30,13:20,2h 50m,non-stop,No info,4423
Vistara,18/03/2019,Delhi,Cochin,DEL → COK,14:55,17:50,2h 55m,non-stop,No info,5586
Jet Airways,24/03/2019,Kolkata,Banglore,CCU → BOM → BLR,16:55,12:00 25 Mar,19h 5m,1 stop,In-flight meal not included,11134
Air Asia,24/03/2019,Banglore,New Delhi,BLR → DEL,05:50,08:40,2h 50m,non-stop,No info,4284
Air India,1/05/2019,Kolkata,Banglore,CCU → BLR,14:15,16:45,2h 30m,non-stop,No info,6245
SpiceJet,15/03/2019,Banglore,New Delhi,BLR → PNQ → DEL,10:20,18:15,7h 55m,1 stop,No info,10341
SpiceJet,03/03/2019,Banglore,New Delhi,BLR → DEL,05:45,08:35,2h 50m,non-stop,No info,6860
Air India,3/04/2019,Mumbai,Hyderabad,BOM → HYD,19:30,20:45,1h 15m,non-stop,No info,2050
Multiple carriers,24/06/2019,Delhi,Cochin,DEL → BOM → COK,17:45,01:30 25 Jun,7h 45m,1 stop,In-flight meal not included,5797
IndiGo,09/03/2019,Banglore,New Delhi,BLR → DEL,08:30,11:30,3h,non-stop,No info,7648
Air India,15/03/2019,Banglore,New Delhi,BLR → DEL,21:10,23:55,2h 45m,non-stop,No info,8851
Air India,6/06/2019,Kolkata,Banglore,CCU → DEL → AMD → BLR,10:00,05:25 07 Jun,19h 25m,2 stops,No info,13007
Jet Airways,24/05/2019,Kolkata,Banglore,CCU → DEL → BLR,09:35,09:45 25 May,24h 10m,1 stop,No info,13067
IndiGo,18/03/2019,Banglore,New Delhi,BLR → HYD → DEL,16:55,21:50,4h 55m,1 stop,No info,4049
Jet Airways,12/06/2019,Kolkata,Banglore,CCU → DEL → BLR,17:00,18:00 13 Jun,25h,1 stop,No info,12692
Air India,9/05/2019,Chennai,Kolkata,MAA → CCU,11:40,13:55,2h 15m,non-stop,No info,4667
Multiple carriers,3/03/2019,Delhi,Cochin,DEL → HYD → MAA → COK,07:10,21:20,14h 10m,2 stops,In-flight meal not included,8938
IndiGo,21/03/2019,Delhi,Cochin,DEL → BOM → COK,07:30,15:30,8h,1 stop,No info,10208
Multiple carriers,3/06/2019,Delhi,Cochin,DEL → BOM → COK,11:25,19:15,7h 50m,1 stop,No info,7354
Air India,21/04/2019,Banglore,Delhi,BLR → DEL,17:00,19:45,2h 45m,non-stop,No info,5438
Air Asia,24/05/2019,Kolkata,Banglore,CCU → BLR,22:50,01:20 25 May,2h 30m,non-stop,No info,4107
Jet Airways,24/03/2019,Kolkata,Banglore,CCU → BOM → BLR,19:45,12:00 25 Mar,16h 15m,1 stop,In-flight meal not included,11134
Jet Airways,15/06/2019,Delhi,Cochin,DEL → BOM → COK,20:55,12:35 16 Jun,15h 40m,1 stop,In-flight meal not included,10262
Air India,24/05/2019,Kolkata,Banglore,CCU → DEL → COK → BLR,07:00,01:20 25 May,18h 20m,2 stops,No info,14083
Vistara,9/06/2019,Kolkata,Banglore,CCU → DEL → BLR,07:10,23:25,16h 15m,1 stop,No info,9345
Jet Airways,9/05/2019,Delhi,Cochin,DEL → BOM → COK,17:30,12:35 10 May,19h 5m,1 stop,In-flight meal not included,12373
Multiple carriers,15/06/2019,Delhi,Cochin,DEL → BOM → COK,16:00,01:30 16 Jun,9h 30m,1 stop,In-flight meal not included,10196
IndiGo,15/04/2019,Delhi,Cochin,DEL → BOM → COK,16:00,21:00,5h,1 stop,No info,5947
Jet Airways,12/06/2019,Kolkata,Banglore,CCU → BOM → BLR,14:05,09:20 13 Jun,19h 15m,1 stop,No info,13044
Jet Airways,18/05/2019,Kolkata,Banglore,CCU → BOM → BLR,05:45,09:20 19 May,27h 35m,1 stop,In-flight meal not included,9663
Jet Airways,01/03/2019,Banglore,New Delhi,BLR → BOM → DEL,05:45,20:20,14h 35m,1 stop,No info,27992
IndiGo,24/03/2019,Kolkata,Banglore,CCU → HYD → BLR,15:10,19:50,4h 40m,1 stop,No info,7476
Air India,9/06/2019,Kolkata,Banglore,CCU → DEL → BLR,07:00,20:25,13h 25m,1 stop,No info,10413
Multiple carriers,1/06/2019,Delhi,Cochin,DEL → BOM → COK,11:40,19:15,7h 35m,1 stop,No info,10261
Jet Airways,6/06/2019,Kolkata,Banglore,CCU → DEL → BLR,09:35,23:35,14h,1 stop,No info,14151
Air India,6/04/2019,Banglore,Delhi,BLR → DEL,06:10,08:55,2h 45m,non-stop,No info,5176
Jet Airways,6/06/2019,Delhi,Cochin,DEL → BOM → COK,10:00,04:25 07 Jun,18h 25m,1 stop,No info,14714
Jet Airways,15/05/2019,Kolkata,Banglore,CCU → DEL → BLR,17:00,14:25 16 May,21h 25m,1 stop,In-flight meal not included,9314
Jet Airways,24/06/2019,Delhi,Cochin,DEL → BOM → COK,21:50,04:25 25 Jun,6h 35m,1 stop,No info,14714
Multiple carriers,6/06/2019,Delhi,Cochin,DEL → BOM → COK,08:00,19:00,11h,1 stop,No info,12192
SpiceJet,3/04/2019,Mumbai,Hyderabad,BOM → HYD,22:45,00:15 02 Apr,1h 30m,non-stop,No info,1759
IndiGo,27/03/2019,Delhi,Cochin,DEL → MAA → COK,02:05,07:25,5h 20m,1 stop,No info,4744
Jet Airways,21/05/2019,Banglore,Delhi,BLR → DEL,19:50,22:50,3h,non-stop,No info,7229
Jet Airways,9/03/2019,Delhi,Cochin,DEL → BOM → COK,00:20,04:25 10 Mar,28h 5m,1 stop,No info,15029
IndiGo,15/03/2019,Kolkata,Banglore,CCU → BLR,20:25,23:05,2h 40m,non-stop,No info,4462
SpiceJet,12/03/2019,Chennai,Kolkata,MAA → CCU,08:20,10:35,2h 15m,non-stop,No info,6300
Air India,21/03/2019,Mumbai,Hyderabad,BOM → HYD,19:30,20:45,1h 15m,non-stop,No info,2575
Jet Airways,12/03/2019,Banglore,New Delhi,BLR → BOM → DEL,18:55,19:10 13 Mar,24h 15m,1 stop,In-flight meal not included,11087
Multiple carriers,27/03/2019,Delhi,Cochin,DEL → BOM → COK,04:00,13:20,9h 20m,1 stop,No info,6305
Vistara,09/03/2019,Banglore,New Delhi,BLR → DEL,19:40,22:20,2h 40m,non-stop,No info,8290
Jet Airways,18/06/2019,Banglore,Delhi,BLR → DEL,07:10,10:10,3h,non-stop,In-flight meal not included,5769
IndiGo,12/04/2019,Banglore,Delhi,BLR → DEL,21:15,00:15 13 Apr,3h,non-stop,No info,4990
Air Asia,03/03/2019,Banglore,New Delhi,BLR → DEL,23:25,02:10 04 Mar,2h 45m,non-stop,No info,6135
IndiGo,27/03/2019,Delhi,Cochin,DEL → BLR → COK,02:00,07:45,5h 45m,1 stop,No info,5733
Multiple carriers,15/05/2019,Delhi,Cochin,DEL → BOM → COK,06:00,21:00,15h,1 stop,No info,7670
Jet Airways,27/06/2019,Delhi,Cochin,DEL → AMD → BOM → COK,19:10,19:00 28 Jun,23h 50m,2 stops,No info,12819
IndiGo,3/05/2019,Banglore,Delhi,BLR → DEL,20:00,22:50,2h 50m,non-stop,No info,4823
IndiGo,9/05/2019,Delhi,Cochin,DEL → BOM → COK,04:55,21:00,16h 5m,1 stop,No info,6979
Air India,24/03/2019,Kolkata,Banglore,CCU → BOM → BLR,09:25,18:30,9h 5m,1 stop,No info,10493
Air India,9/03/2019,Delhi,Cochin,DEL → BHO → BOM → COK,20:00,19:15 10 Mar,23h 15m,2 stops,No info,16111
Air India,9/06/2019,Delhi,Cochin,DEL → GOI → BOM → COK,22:00,19:15 10 Jun,21h 15m,2 stops,No info,10651
IndiGo,27/05/2019,Delhi,Cochin,DEL → HYD → COK,05:05,16:10,11h 5m,1 stop,No info,6600
Jet Airways,12/06/2019,Delhi,Cochin,DEL → NAG → BOM → COK,14:35,12:35 13 Jun,22h,2 stops,In-flight meal not included,10919
IndiGo,21/03/2019,Kolkata,Banglore,CCU → BLR,10:10,12:55,2h 45m,non-stop,No info,5198
Air India,12/03/2019,Banglore,New Delhi,BLR → BOM → JDH → DEL,08:50,16:20 13 Mar,31h 30m,2 stops,No info,12778
IndiGo,27/03/2019,Mumbai,Hyderabad,BOM → HYD,19:05,20:30,1h 25m,non-stop,No info,2754
Jet Airways,9/05/2019,Delhi,Cochin,DEL → AMD → BOM → COK,23:05,19:00 10 May,19h 55m,2 stops,No info,15129
IndiGo,9/05/2019,Delhi,Cochin,DEL → BOM → COK,20:25,01:30 10 May,5h 5m,1 stop,No info,7255
Multiple carriers,21/03/2019,Delhi,Cochin,DEL → BOM → COK,07:05,13:20,6h 15m,1 stop,No info,14486
GoAir,21/04/2019,Delhi,Cochin,DEL → BOM → COK,07:00,12:55,5h 55m,1 stop,No info,6591
SpiceJet,21/05/2019,Banglore,Delhi,BLR → DEL,21:10,00:05 22 May,2h 55m,non-stop,No check-in baggage included,3573
Jet Airways,1/06/2019,Delhi,Cochin,DEL → BOM → COK,15:00,12:35 02 Jun,21h 35m,1 stop,In-flight meal not included,10262
Jet Airways,15/05/2019,Kolkata,Banglore,CCU → BOM → BLR,18:55,10:05 16 May,15h 10m,1 stop,No info,14388
Jet Airways,3/06/2019,Delhi,Cochin,DEL → BOM → COK,17:30,19:00 04 Jun,25h 30m,1 stop,No info,14714
Jet Airways,12/06/2019,Delhi,Cochin,DEL → JAI → BOM → COK,19:30,12:35 13 Jun,17h 5m,2 stops,In-flight meal not included,10368
SpiceJet,21/03/2019,Chennai,Kolkata,MAA → CCU,09:30,12:05,2h 35m,non-stop,No info,3384
Air India,24/03/2019,Kolkata,Banglore,CCU → BBI → BLR,12:00,13:40 25 Mar,25h 40m,1 stop,No info,7742
IndiGo,9/06/2019,Delhi,Cochin,DEL → BLR → COK,02:00,07:45,5h 45m,1 stop,No info,6386
Jet Airways,6/06/2019,Banglore,Delhi,BLR → DEL,18:55,22:00,3h 5m,non-stop,In-flight meal not included,7229
Air India,6/05/2019,Kolkata,Banglore,CCU → BOM → BLR,09:25,18:30,9h 5m,1 stop,No info,8891
Multiple carriers,1/06/2019,Delhi,Cochin,DEL → BOM → COK,13:00,21:00,8h,1 stop,No info,13587
IndiGo,27/03/2019,Delhi,Cochin,DEL → BOM → COK,07:30,13:20,5h 50m,1 stop,No info,8227
Air India,1/04/2019,Kolkata,Banglore,CCU → GAU → DEL → BLR,09:50,23:15,13h 25m,2 stops,No info,12125
SpiceJet,15/06/2019,Kolkata,Banglore,CCU → BLR,22:20,00:40 16 Jun,2h 20m,non-stop,No info,3873
Multiple carriers,12/06/2019,Delhi,Cochin,DEL → BOM → COK,16:00,01:30 13 Jun,9h 30m,1 stop,No info,13377
Jet Airways,12/05/2019,Kolkata,Banglore,CCU → DEL → BLR,20:25,23:35 13 May,27h 10m,1 stop,No info,10953
SpiceJet,9/03/2019,Kolkata,Banglore,CCU → BLR,06:55,09:35,2h 40m,non-stop,No info,4622
Jet Airways,24/03/2019,Kolkata,Banglore,CCU → BOM → BLR,13:55,10:05 25 Mar,20h 10m,1 stop,No info,14231
Jet Airways,24/06/2019,Delhi,Cochin,DEL → BOM → COK,21:50,19:00 25 Jun,21h 10m,1 stop,In-flight meal not included,10262
IndiGo,15/04/2019,Banglore,Delhi,BLR → DEL,22:10,01:00 16 Apr,2h 50m,non-stop,No info,3943
Vistara,12/05/2019,Kolkata,Banglore,CCU → DEL → BLR,20:20,20:20 13 May,24h,1 stop,No info,8610
Multiple carriers,21/03/2019,Delhi,Cochin,DEL → HYD → COK,07:05,22:20,15h 15m,1 stop,No info,6717
Multiple carriers,24/06/2019,Delhi,Cochin,DEL → BOM → COK,08:30,19:00,10h 30m,1 stop,No info,10877
IndiGo,1/05/2019,Kolkata,Banglore,CCU → HYD → BLR,15:15,20:05,4h 50m,1 stop,No info,4775
Jet Airways,9/06/2019,Kolkata,Banglore,CCU → BOM → BLR,16:30,22:35,6h 5m,1 stop,No info,14571
SpiceJet,24/03/2019,Banglore,New Delhi,BLR → DEL,09:35,12:30,2h 55m,non-stop,No check-in baggage included,6205
Jet Airways,18/05/2019,Kolkata,Banglore,CCU → DEL → BLR,20:25,18:00 19 May,21h 35m,1 stop,No info,14151
Multiple carriers,27/03/2019,Delhi,Cochin,DEL → BOM → COK,11:40,21:00,9h 20m,1 stop,No info,6637
Air India,03/03/2019,Banglore,New Delhi,BLR → TRV → COK → DEL,07:30,10:50 07 Mar,27h 20m,2 stops,No info,12074
IndiGo,21/06/2019,Kolkata,Banglore,CCU → BLR,11:30,14:05,2h 35m,non-stop,No info,4804
IndiGo,6/05/2019,Kolkata,Banglore,CCU → PNQ → BLR,21:00,02:15 07 May,5h 15m,1 stop,No info,7252
IndiGo,3/06/2019,Delhi,Cochin,DEL → HYD → COK,07:35,12:10,4h 35m,1 stop,No info,6069
Jet Airways,9/05/2019,Delhi,Cochin,DEL → BOM → COK,11:30,19:00,7h 30m,1 stop,No info,15554
IndiGo,18/05/2019,Chennai,Kolkata,MAA → CCU,15:40,18:25,2h 45m,non-stop,No info,3850
Air India,18/05/2019,Delhi,Cochin,DEL → JAI → BOM → COK,18:45,19:15 19 May,24h 30m,2 stops,No info,12940
SpiceJet,1/05/2019,Kolkata,Banglore,CCU → IXB → BLR,11:15,18:30,7h 15m,1 stop,No info,8844
Jet Airways,12/06/2019,Delhi,Cochin,DEL → BOM → COK,07:05,19:00,11h 55m,1 stop,In-flight meal not included,15190
Jet Airways,15/03/2019,Banglore,New Delhi,BLR → BOM → DEL,08:00,16:10,8h 10m,1 stop,In-flight meal not included,9134
Jet Airways,9/04/2019,Delhi,Cochin,DEL → BOM → COK,20:55,12:35 10 Apr,15h 40m,1 stop,No info,11822
Multiple carriers,9/05/2019,Delhi,Cochin,DEL → BOM → COK,15:00,01:30 10 May,10h 30m,1 stop,No info,15078
SpiceJet,1/03/2019,Mumbai,Hyderabad,BOM → HYD,22:45,00:10 02 Mar,1h 25m,non-stop,No info,11005
IndiGo,21/03/2019,Delhi,Cochin,DEL → BOM → COK,15:00,01:35 22 Mar,10h 35m,1 stop,No info,7006
IndiGo,09/03/2019,Banglore,New Delhi,BLR → HYD → DEL,16:55,21:50,4h 55m,1 stop,No info,4259
Air India,9/03/2019,Delhi,Cochin,DEL → HYD → BOM → COK,21:30,19:15 10 Mar,21h 45m,2 stops,No info,11762
Jet Airways,24/03/2019,Banglore,New Delhi,BLR → BOM → DEL,08:55,09:00 19 Mar,24h 5m,1 stop,In-flight meal not included,8147
SpiceJet,27/05/2019,Kolkata,Banglore,CCU → BLR,06:55,09:30,2h 35m,non-stop,No check-in baggage included,3841
IndiGo,3/04/2019,Kolkata,Banglore,CCU → BLR,17:15,19:50,2h 35m,non-stop,No info,4174
Jet Airways,27/05/2019,Delhi,Cochin,DEL → BOM → COK,17:30,04:25 28 May,10h 55m,1 stop,In-flight meal not included,12898
SpiceJet,6/06/2019,Delhi,Cochin,DEL → MAA → COK,15:45,22:05,6h 20m,1 stop,No info,5583
Jet Airways,6/06/2019,Delhi,Cochin,DEL → BOM → COK,11:30,19:00,7h 30m,1 stop,In-flight meal not included,10262
Jet Airways,6/05/2019,Banglore,Delhi,BLR → DEL,06:00,08:45,2h 45m,non-stop,No info,7229
Jet Airways,21/05/2019,Delhi,Cochin,DEL → JAI → BOM → COK,05:30,04:25 22 May,22h 55m,2 stops,No info,15129
Vistara,9/06/2019,Banglore,Delhi,BLR → DEL,21:00,23:50,2h 50m,non-stop,No info,4668
IndiGo,18/04/2019,Banglore,Delhi,BLR → DEL,18:25,21:20,2h 55m,non-stop,No info,4990
IndiGo,24/03/2019,Kolkata,Banglore,CCU → BLR,22:10,00:55 25 Mar,2h 45m,non-stop,No info,6985
IndiGo,3/04/2019,Banglore,Delhi,BLR → DEL,16:55,19:55,3h,non-stop,No info,4823
Vistara,18/05/2019,Kolkata,Banglore,CCU → DEL → BLR,07:10,18:50,11h 40m,1 stop,No info,9345
Jet Airways,15/05/2019,Kolkata,Banglore,CCU → BOM → BLR,14:05,16:20 16 May,26h 15m,1 stop,In-flight meal not included,10844
Jet Airways,9/05/2019,Delhi,Cochin,DEL → IDR → BOM → COK,09:35,12:35 10 May,27h,2 stops,No info,14657
IndiGo,3/06/2019,Delhi,Cochin,DEL → HYD → COK,05:05,16:10,11h 5m,1 stop,No info,6818
Air India,15/05/2019,Delhi,Cochin,DEL → NAG → BOM → COK,05:55,07:40 16 May,25h 45m,2 stops,No info,11543
SpiceJet,24/03/2019,Mumbai,Hyderabad,BOM → HYD,22:45,00:10 25 Mar,1h 25m,non-stop,No check-in baggage included,2175
Jet Airways,6/06/2019,Kolkata,Banglore,CCU → BOM → BLR,18:55,16:20 07 Jun,21h 25m,1 stop,In-flight meal not included,10844
Jet Airways,1/04/2019,Mumbai,Hyderabad,BOM → HYD,07:05,08:30,1h 25m,non-stop,No info,8040
Jet Airways,6/06/2019,Kolkata,Banglore,CCU → BOM → BLR,08:25,20:45,12h 20m,1 stop,No info,14571
Jet Airways,9/06/2019,Kolkata,Banglore,CCU → BOM → BLR,06:30,12:00,5h 30m,1 stop,No info,14571
Jet Airways,21/05/2019,Delhi,Cochin,DEL → BOM → COK,16:00,12:35 22 May,20h 35m,1 stop,In-flight meal not included,12898
Multiple carriers,12/06/2019,Delhi,Cochin,DEL → BOM → COK,10:00,19:15,9h 15m,1 stop,No info,14848
Multiple carriers,18/05/2019,Delhi,Cochin,DEL → BOM → COK,19:00,01:30 19 May,6h 30m,1 stop,No info,8283
Jet Airways,21/04/2019,Banglore,Delhi,BLR → DEL,15:15,18:10,2h 55m,non-stop,No info,7229
Multiple carriers,18/05/2019,Delhi,Cochin,DEL → BOM → COK,11:40,01:30 19 May,13h 50m,1 stop,No info,8405
Jet Airways,3/03/2019,Delhi,Cochin,DEL → BHO → BOM → COK,05:40,04:25 04 Mar,22h 45m,2 stops,No info,19266
Air India,6/03/2019,Delhi,Cochin,DEL → BLR → COK,17:40,08:15 07 Mar,14h 35m,1 stop,No info,11038
Jet Airways,12/06/2019,Banglore,Delhi,BLR → DEL,18:55,22:00,3h 5m,non-stop,No info,8016
SpiceJet,21/03/2019,Chennai,Kolkata,MAA → CCU,17:45,20:05,2h 20m,non-stop,No info,3384
IndiGo,9/04/2019,Delhi,Cochin,DEL → BOM → COK,18:35,01:30 10 Apr,6h 55m,1 stop,No info,6573
Jet Airways,24/06/2019,Delhi,Cochin,DEL → AMD → BOM → COK,23:05,19:00 25 Jun,19h 55m,2 stops,No info,12819
Jet Airways,21/05/2019,Delhi,Cochin,DEL → JAI → BOM → COK,09:40,04:25 22 May,18h 45m,2 stops,No info,15129
IndiGo,27/06/2019,Banglore,Delhi,BLR → DEL,23:30,02:20 28 Jun,2h 50m,non-stop,No info,3943
Jet Airways,24/03/2019,Banglore,New Delhi,BLR → BOM → DEL,22:50,12:15 19 Mar,13h 25m,1 stop,In-flight meal not included,7832
IndiGo,24/03/2019,Banglore,New Delhi,BLR → DEL,07:10,10:05,2h 55m,non-stop,No info,6860
IndiGo,12/05/2019,Banglore,Delhi,BLR → DEL,18:25,21:20,2h 55m,non-stop,No info,4823
Air India,6/05/2019,Banglore,Delhi,BLR → DEL,17:00,19:45,2h 45m,non-stop,No info,5228
Jet Airways,1/04/2019,Kolkata,Banglore,CCU → BOM → BLR,14:05,19:50,5h 45m,1 stop,No info,13364
Jet Airways,18/03/2019,Banglore,New Delhi,BLR → BOM → DEL,16:55,07:40 16 Mar,14h 45m,1 stop,No info,13555
IndiGo,6/03/2019,Chennai,Kolkata,MAA → CCU,22:05,00:25 07 Mar,2h 20m,non-stop,No info,5277
Air India,12/05/2019,Kolkata,Banglore,CCU → DEL → COK → BLR,07:00,01:20 13 May,18h 20m,2 stops,No info,13243
Multiple carriers,9/05/2019,Delhi,Cochin,DEL → BOM → COK,06:00,19:00,13h,1 stop,No info,9794
Jet Airways,6/06/2019,Banglore,Delhi,BLR → DEL,06:00,08:45,2h 45m,non-stop,No info,8016
Multiple carriers,1/06/2019,Delhi,Cochin,DEL → BOM → COK,17:30,01:30 02 Jun,8h,1 stop,No info,13377
Jet Airways,9/06/2019,Kolkata,Banglore,CCU → DEL → BLR,17:00,22:05 10 Jun,29h 5m,1 stop,No info,12692
Air India,6/06/2019,Kolkata,Banglore,CCU → JAI → BOM → BLR,08:20,18:30,10h 10m,2 stops,No info,10697
SpiceJet,27/03/2019,Chennai,Kolkata,MAA → CCU,09:30,12:05,2h 35m,non-stop,No info,3384
IndiGo,9/05/2019,Delhi,Cochin,DEL → HYD → COK,06:50,22:30,15h 40m,1 stop,No info,6734
Jet Airways,6/06/2019,Kolkata,Banglore,CCU → BOM → BLR,20:00,09:20 07 Jun,13h 20m,1 stop,In-flight meal not included,10844
Air India,24/05/2019,Banglore,Delhi,BLR → DEL,21:05,23:55,2h 50m,non-stop,No info,5228
Air India,24/05/2019,Kolkata,Banglore,CCU → BOM → BLR,09:25,11:10 25 May,25h 45m,1 stop,No info,8891
IndiGo,27/03/2019,Chennai,Kolkata,MAA → CCU,07:55,10:15,2h 20m,non-stop,No info,3384
Multiple carriers,3/03/2019,Delhi,Cochin,DEL → BOM → COK,08:00,21:00,13h,1 stop,No info,17057
IndiGo,3/04/2019,Kolkata,Banglore,CCU → HYD → BLR,19:20,23:45,4h 25m,1 stop,No info,3480
SpiceJet,3/05/2019,Banglore,Delhi,BLR → DEL,09:30,12:20,2h 50m,non-stop,No info,4423
Jet Airways,9/06/2019,Kolkata,Banglore,CCU → BOM → BLR,06:30,04:40 10 Jun,22h 10m,1 stop,No info,14178
SpiceJet,24/06/2019,Delhi,Cochin,DEL → PNQ → COK,08:45,13:15,4h 30m,1 stop,No check-in baggage included,4760
Jet Airways,1/04/2019,Kolkata,Banglore,CCU → DEL → BLR,20:25,09:45 02 Apr,13h 20m,1 stop,No info,14151
Jet Airways,1/04/2019,Kolkata,Banglore,CCU → BOM → BLR,20:00,16:20 02 Apr,20h 20m,1 stop,No info,12681
Jet Airways,3/04/2019,Delhi,Cochin,DEL → COK,11:00,14:15,3h 15m,non-stop,In-flight meal not included,4886
Air Asia,21/06/2019,Kolkata,Banglore,CCU → BLR,10:20,12:55,2h 35m,non-stop,No info,3807
IndiGo,18/05/2019,Kolkata,Banglore,CCU → BLR,04:40,07:15,2h 35m,non-stop,No info,4804
IndiGo,09/03/2019,Banglore,New Delhi,BLR → HYD → DEL,07:30,12:20,4h 50m,1 stop,No info,5694
Multiple carriers,24/05/2019,Delhi,Cochin,DEL → BOM → COK,09:00,19:00,10h,1 stop,No info,10197
IndiGo,15/06/2019,Banglore,Delhi,BLR → DEL,23:30,02:20 16 Jun,2h 50m,non-stop,No info,4077
Jet Airways,1/05/2019,Kolkata,Banglore,CCU → BOM → BLR,06:30,18:15,11h 45m,1 stop,No info,14781
IndiGo,9/05/2019,Kolkata,Banglore,CCU → BLR,11:30,14:05,2h 35m,non-stop,No info,5224
IndiGo,24/04/2019,Kolkata,Banglore,CCU → BLR,21:25,00:05 25 Apr,2h 40m,non-stop,No info,4804
Jet Airways,21/05/2019,Kolkata,Banglore,CCU → BOM → BLR,06:30,04:40 22 May,22h 10m,1 stop,In-flight meal not included,8586
Air India,21/05/2019,Kolkata,Banglore,CCU → BBI → BLR,12:00,13:15 22 May,25h 15m,1 stop,No info,7662
Jet Airways,3/03/2019,Delhi,Cochin,DEL → BOM → COK,09:55,18:50,8h 55m,1 stop,No info,18550
Vistara,12/06/2019,Kolkata,Banglore,CCU → DEL → BLR,17:00,23:25,6h 25m,1 stop,No info,8610
Jet Airways,1/05/2019,Banglore,Delhi,BLR → DEL,07:10,10:10,3h,non-stop,No info,7229
Air India,6/06/2019,Kolkata,Banglore,CCU → DEL → AMD → BLR,10:00,05:25 07 Jun,19h 25m,2 stops,No info,12009
Jet Airways,18/05/2019,Kolkata,Banglore,CCU → DEL → BLR,17:00,21:05 19 May,28h 5m,1 stop,No info,14151
Air India,9/04/2019,Delhi,Cochin,DEL → COK,05:10,08:00,2h 50m,non-stop,No info,4729
Air India,3/03/2019,Delhi,Cochin,DEL → COK,05:10,08:00,2h 50m,non-stop,No info,7931
Jet Airways,21/05/2019,Delhi,Cochin,DEL → BOM → COK,11:30,12:35 22 May,25h 5m,1 stop,In-flight meal not included,12898
Jet Airways,9/03/2019,Delhi,Cochin,DEL → BOM → COK,06:50,04:25 10 Mar,21h 35m,1 stop,No info,16289
Jet Airways,3/06/2019,Delhi,Cochin,DEL → IDR → BOM → COK,21:25,19:00 04 Jun,21h 35m,2 stops,No info,13292
Multiple carriers,27/05/2019,Delhi,Cochin,DEL → BOM → COK,08:00,21:00,13h,1 stop,No info,7618
Multiple carriers,15/06/2019,Delhi,Cochin,DEL → BOM → COK,18:15,01:30 16 Jun,7h 15m,1 stop,No info,13377
Air Asia,12/06/2019,Kolkata,Banglore,CCU → DEL → BLR,07:35,23:30,15h 55m,1 stop,No info,5192
Multiple carriers,24/06/2019,Delhi,Cochin,DEL → BOM → COK,11:40,19:15,7h 35m,1 stop,In-flight meal not included,7268
Jet Airways,24/05/2019,Kolkata,Banglore,CCU → DEL → BLR,20:25,09:45 25 May,13h 20m,1 stop,In-flight meal not included,12384
IndiGo,15/03/2019,Banglore,New Delhi,BLR → DEL,04:00,06:50,2h 50m,non-stop,No info,5694
Jet Airways,18/03/2019,Banglore,New Delhi,BLR → BOM → JDH → DEL,08:55,15:55,7h,2 stops,No info,16338
Multiple carriers,6/06/2019,Delhi,Cochin,DEL → BOM → COK,13:00,01:30 07 Jun,12h 30m,1 stop,No info,7198
Jet Airways,21/03/2019,Delhi,Cochin,DEL → BOM → COK,08:00,18:50,10h 50m,1 stop,In-flight meal not included,6540
Jet Airways,3/06/2019,Mumbai,Hyderabad,BOM → HYD,19:35,21:05,1h 30m,non-stop,In-flight meal not included,3210
SpiceJet,18/06/2019,Kolkata,Banglore,CCU → BLR,06:55,09:30,2h 35m,non-stop,No info,3873
Air Asia,21/04/2019,Banglore,Delhi,BLR → DEL,11:10,13:55,2h 45m,non-stop,No info,4483
Air Asia,15/05/2019,Delhi,Cochin,DEL → BLR → COK,16:45,22:25,5h 40m,1 stop,No info,6752
IndiGo,12/04/2019,Banglore,Delhi,BLR → DEL,07:10,10:05,2h 55m,non-stop,No info,4823
Air India,6/05/2019,Kolkata,Banglore,CCU → DEL → BLR,20:30,08:55 07 May,12h 25m,1 stop,No info,10203
SpiceJet,18/05/2019,Kolkata,Banglore,CCU → BLR,22:20,00:40 19 May,2h 20m,non-stop,No info,3873
SpiceJet,27/03/2019,Mumbai,Hyderabad,BOM → HYD,13:10,14:30,1h 20m,non-stop,No info,2017
Jet Airways,6/06/2019,Kolkata,Banglore,CCU → BOM → BLR,08:25,04:40 07 Jun,20h 15m,1 stop,In-flight meal not included,8586
Jet Airways,01/03/2019,Banglore,New Delhi,BLR → BOM → DEL,22:50,10:25 02 Mar,11h 35m,1 stop,1 Long layover,31825
Air India,15/05/2019,Kolkata,Banglore,CCU → DEL → COK → BLR,10:00,13:45 16 May,27h 45m,2 stops,No info,16057
Jet Airways,6/06/2019,Delhi,Cochin,DEL → BOM → COK,02:15,04:25 07 Jun,26h 10m,1 stop,In-flight meal not included,10262
IndiGo,1/06/2019,Delhi,Cochin,DEL → BOM → COK,20:25,01:30 02 Jun,5h 5m,1 stop,No info,6593
SpiceJet,24/06/2019,Banglore,Delhi,BLR → DEL,21:10,00:05 25 Jun,2h 55m,non-stop,No info,3971
Jet Airways,9/03/2019,Delhi,Cochin,DEL → BOM → COK,19:15,18:50 10 Mar,23h 35m,1 stop,No info,16289
Jet Airways,1/05/2019,Kolkata,Banglore,CCU → DEL → BLR,09:35,09:45 02 May,24h 10m,1 stop,In-flight meal not included,9314
Jet Airways,21/05/2019,Banglore,Delhi,BLR → DEL,17:45,20:45,3h,non-stop,In-flight meal not included,4030
Multiple carriers,12/06/2019,Delhi,Cochin,DEL → BOM → COK,14:00,21:00,7h,1 stop,No info,13587
Jet Airways,1/05/2019,Kolkata,Banglore,CCU → DEL → BLR,20:25,18:00 02 May,21h 35m,1 stop,In-flight meal not included,9314
Air Asia,15/06/2019,Delhi,Cochin,DEL → BLR → COK,20:45,07:10 16 Jun,10h 25m,1 stop,No info,6253
Air Asia,15/04/2019,Kolkata,Banglore,CCU → DEL → BLR,07:35,23:30,15h 55m,1 stop,No info,5192
Air India,1/05/2019,Kolkata,Banglore,CCU → BOM → COK → BLR,09:25,13:45 02 May,28h 20m,2 stops,No info,16372
Vistara,24/04/2019,Banglore,Delhi,BLR → DEL,11:30,14:20,2h 50m,non-stop,No info,5403
Multiple carriers,27/03/2019,Delhi,Cochin,DEL → BOM → COK,11:30,18:50,7h 20m,1 stop,No info,11200
IndiGo,12/06/2019,Chennai,Kolkata,MAA → CCU,11:35,14:00,2h 25m,non-stop,No info,3858
IndiGo,6/04/2019,Kolkata,Banglore,CCU → BLR,15:30,18:05,2h 35m,non-stop,No info,4174
Air India,27/04/2019,Delhi,Cochin,DEL → COK,18:05,21:10,3h 5m,non-stop,No info,5411
IndiGo,15/05/2019,Mumbai,Hyderabad,BOM → HYD,16:55,18:25,1h 30m,non-stop,No info,3175
IndiGo,24/05/2019,Chennai,Kolkata,MAA → CCU,14:45,17:05,2h 20m,non-stop,No info,3858
Jet Airways,1/05/2019,Kolkata,Banglore,CCU → BOM → BLR,20:00,04:40 02 May,8h 40m,1 stop,No info,13941
Air India,15/06/2019,Delhi,Cochin,DEL → HYD → BOM → COK,13:15,19:15 16 Jun,30h,2 stops,No info,12182
IndiGo,21/06/2019,Banglore,Delhi,BLR → DEL,16:55,19:55,3h,non-stop,No info,4990
Jet Airways,9/06/2019,Kolkata,Banglore,CCU → DEL → BLR,20:25,22:05 10 Jun,25h 40m,1 stop,In-flight meal not included,10539
IndiGo,09/03/2019,Banglore,New Delhi,BLR → DEL,10:05,13:00,2h 55m,non-stop,No info,6860
Vistara,6/03/2019,Delhi,Cochin,DEL → COK,14:55,17:50,2h 55m,non-stop,No info,8001
Jet Airways,27/06/2019,Delhi,Cochin,DEL → BOM → COK,22:50,19:00 28 Jun,20h 10m,1 stop,In-flight meal not included,10262
Vistara,6/05/2019,Kolkata,Banglore,CCU → DEL → BLR,17:00,23:25,6h 25m,1 stop,No info,8085
IndiGo,27/06/2019,Banglore,Delhi,BLR → DEL,00:25,03:15,2h 50m,non-stop,No info,3419
Air India,1/05/2019,Kolkata,Banglore,CCU → DEL → COK → BLR,10:00,13:45 02 May,27h 45m,2 stops,No info,15164
IndiGo,24/03/2019,Kolkata,Banglore,CCU → BLR,17:15,20:00,2h 45m,non-stop,No info,6565
Jet Airways,27/03/2019,Delhi,Cochin,DEL → IDR → BOM → COK,05:25,18:50,13h 25m,2 stops,In-flight meal not included,9254
Air Asia,6/06/2019,Kolkata,Banglore,CCU → BBI → BLR,06:50,10:30,3h 40m,1 stop,No info,6857
Air India,12/05/2019,Kolkata,Banglore,CCU → DEL → COK → BLR,07:00,01:20 13 May,18h 20m,2 stops,No info,12140
SpiceJet,6/06/2019,Kolkata,Banglore,CCU → BLR,09:00,11:25,2h 25m,non-stop,No check-in baggage included,3841
Jet Airways,6/05/2019,Kolkata,Banglore,CCU → BOM → BLR,08:25,19:50,11h 25m,1 stop,No info,14781
Air India,18/05/2019,Delhi,Cochin,DEL → BOM → COK,10:00,07:40 19 May,21h 40m,1 stop,No info,8372
Air India,1/04/2019,Kolkata,Banglore,CCU → GAU → IMF → DEL → BLR,16:45,23:15 02 Apr,30h 30m,3 stops,No info,8607
Multiple carriers,24/06/2019,Delhi,Cochin,DEL → BOM → COK,10:00,21:00,11h,1 stop,No info,13587
Jet Airways,18/05/2019,Delhi,Cochin,DEL → BOM → COK,20:55,04:25 19 May,7h 30m,1 stop,No info,15554
Jet Airways,21/05/2019,Kolkata,Banglore,CCU → BOM → BLR,21:10,19:50 22 May,22h 40m,1 stop,In-flight meal not included,10844
IndiGo,24/05/2019,Mumbai,Hyderabad,BOM → HYD,12:00,13:30,1h 30m,non-stop,No info,4392
Air India,27/05/2019,Banglore,Delhi,BLR → DEL,17:00,19:45,2h 45m,non-stop,No info,6961
Air India,18/05/2019,Delhi,Cochin,DEL → BLR → COK,09:45,23:00,13h 15m,1 stop,No info,8907
IndiGo,15/06/2019,Delhi,Cochin,DEL → HYD → COK,08:35,22:30,13h 55m,1 stop,No info,6442
Jet Airways,15/05/2019,Kolkata,Banglore,CCU → BOM → BLR,14:05,23:35,9h 30m,1 stop,In-flight meal not included,8586
Air India,15/05/2019,Delhi,Cochin,DEL → JDH → BOM → COK,12:55,19:15 16 May,30h 20m,2 stops,No info,13486
Air India,6/06/2019,Mumbai,Hyderabad,BOM → HYD,19:30,20:45,1h 15m,non-stop,No info,3100
Jet Airways,6/03/2019,Delhi,Cochin,DEL → UDR → BOM → COK,17:55,04:25 08 Mar,34h 30m,2 stops,In-flight meal not included,15812
Air India,24/04/2019,Delhi,Cochin,DEL → COK,18:05,21:10,3h 5m,non-stop,No info,5201
IndiGo,3/03/2019,Delhi,Cochin,DEL → HYD → MAA → COK,07:35,21:20,13h 45m,2 stops,No info,9413
Air India,6/06/2019,Delhi,Cochin,DEL → CCU → BOM → COK,20:15,19:15 07 Jun,23h,2 stops,No info,13591
Jet Airways,1/06/2019,Mumbai,Hyderabad,BOM → HYD,02:55,04:20,1h 25m,non-stop,No info,5678
Air India,03/03/2019,Banglore,New Delhi,BLR → HYD → DEL,08:15,23:10,14h 55m,1 stop,No info,6781
Jet Airways,21/03/2019,Banglore,New Delhi,BLR → BOM → DEL,18:40,11:25 19 Mar,16h 45m,1 stop,In-flight meal not included,7832
Jet Airways,9/03/2019,Delhi,Cochin,DEL → BOM → COK,16:00,18:50 10 Mar,26h 50m,1 stop,In-flight meal not included,14053
Jet Airways,9/05/2019,Kolkata,Banglore,CCU → DEL → BLR,20:25,09:45 10 May,13h 20m,1 stop,In-flight meal not included,10703
Multiple carriers,15/05/2019,Delhi,Cochin,DEL → BOM → COK,17:30,01:30 16 May,8h,1 stop,No info,13727
Multiple carriers,24/06/2019,Delhi,Cochin,DEL → BOM → COK,13:00,21:00,8h,1 stop,No info,7408
Jet Airways,01/03/2019,Banglore,New Delhi,BLR → BOM → DEL,14:05,11:25 02 Mar,21h 20m,1 stop,No info,20800
Air India,3/06/2019,Delhi,Cochin,DEL → UDR → BOM → COK,13:20,07:40 04 Jun,18h 20m,2 stops,No info,11911
Vistara,3/04/2019,Banglore,Delhi,BLR → DEL,07:00,09:40,2h 40m,non-stop,No info,5403
Jet Airways,6/06/2019,Kolkata,Banglore,CCU → DEL → BLR,09:35,19:10,9h 35m,1 stop,In-flight meal not included,13469
Jet Airways,6/06/2019,Delhi,Cochin,DEL → IDR → BOM → COK,21:25,12:35 07 Jun,15h 10m,2 stops,In-flight meal not included,11270
Air Asia,24/06/2019,Delhi,Cochin,DEL → BLR → COK,20:45,06:35 25 Jun,9h 50m,1 stop,No info,6152
Jet Airways,27/03/2019,Delhi,Cochin,DEL → BOM → COK,08:00,04:25 28 Mar,20h 25m,1 stop,No info,12452
Jet Airways,15/05/2019,Kolkata,Banglore,CCU → BOM → BLR,16:30,16:20 16 May,23h 50m,1 stop,In-flight meal not included,10844
IndiGo,18/05/2019,Delhi,Cochin,DEL → HYD → COK,11:55,22:30,10h 35m,1 stop,No info,8216
Jet Airways,12/06/2019,Kolkata,Banglore,CCU → BOM → BLR,06:30,19:50,13h 20m,1 stop,No info,13626
Multiple carriers,6/03/2019,Delhi,Cochin,DEL → HYD → MAA → COK,07:05,21:20,14h 15m,2 stops,No info,7084
Multiple carriers,9/05/2019,Delhi,Cochin,DEL → BOM → COK,04:55,19:15,14h 20m,1 stop,No info,7575
Air India,03/03/2019,Banglore,New Delhi,BLR → HYD → DEL,08:15,08:50 07 Mar,24h 35m,1 stop,No info,6781
Jet Airways,6/06/2019,Banglore,Delhi,BLR → DEL,07:10,10:10,3h,non-stop,In-flight meal not included,6478
SpiceJet,15/03/2019,Mumbai,Hyderabad,BOM → HYD,05:45,07:05,1h 20m,non-stop,No check-in baggage included,2385
Multiple carriers,18/05/2019,Delhi,Cochin,DEL → BOM → COK,13:00,21:00,8h,1 stop,No info,9385
GoAir,18/04/2019,Banglore,Delhi,BLR → DEL,07:45,10:40,2h 55m,non-stop,No info,5048
IndiGo,12/06/2019,Delhi,Cochin,DEL → BOM → COK,20:25,01:30 13 Jun,5h 5m,1 stop,No info,5058
Multiple carriers Premium economy,21/03/2019,Delhi,Cochin,DEL → BOM → COK,06:00,13:20,7h 20m,1 stop,No info,11269
Multiple carriers,9/04/2019,Delhi,Cochin,DEL → BOM → COK,19:00,01:30 10 Apr,6h 30m,1 stop,No info,7363
Air India,9/03/2019,Delhi,Cochin,DEL → HYD → BOM → COK,21:30,19:15 10 Mar,21h 45m,2 stops,No info,11762
Jet Airways,6/03/2019,Delhi,Cochin,DEL → BOM → COK,15:05,04:25 07 Mar,13h 20m,1 stop,No info,15764
Jet Airways,12/06/2019,Delhi,Cochin,DEL → BOM → COK,10:00,04:25 13 Jun,18h 25m,1 stop,In-flight meal not included,10262
Jet Airways,3/06/2019,Delhi,Cochin,DEL → NAG → BOM → COK,14:35,12:35 04 Jun,22h,2 stops,In-flight meal not included,10919
Jet Airways,15/06/2019,Delhi,Cochin,DEL → BOM → COK,17:30,19:00 16 Jun,25h 30m,1 stop,In-flight meal not included,10262
Air India,6/05/2019,Kolkata,Banglore,CCU → IXR → DEL → BLR,05:50,23:15,17h 25m,2 stops,No info,11883
SpiceJet,21/03/2019,Kolkata,Banglore,CCU → BLR,22:20,00:40 22 Mar,2h 20m,non-stop,No info,3847
Jet Airways,12/06/2019,Mumbai,Hyderabad,BOM → HYD,19:35,21:05,1h 30m,non-stop,No info,5678
Vistara,12/05/2019,Kolkata,Banglore,CCU → DEL → BLR,07:10,22:40,15h 30m,1 stop,No info,8662
Jet Airways,27/05/2019,Delhi,Cochin,DEL → BOM → COK,14:00,04:25 28 May,14h 25m,1 stop,In-flight meal not included,12898
SpiceJet,12/05/2019,Banglore,Delhi,BLR → DEL,21:10,00:05 13 May,2h 55m,non-stop,No info,4423
Air India,12/06/2019,Delhi,Cochin,DEL → BLR → COK,17:40,08:15 13 Jun,14h 35m,1 stop,No info,8991
SpiceJet,15/05/2019,Delhi,Cochin,DEL → BLR → COK,17:55,22:50,4h 55m,1 stop,No info,5409
IndiGo,27/04/2019,Delhi,Cochin,DEL → HYD → COK,08:35,16:10,7h 35m,1 stop,No info,6442
Air India,24/05/2019,Kolkata,Banglore,CCU → BBI → BOM → BLR,12:00,21:50,9h 50m,2 stops,No info,9941
IndiGo,21/03/2019,Delhi,Cochin,DEL → HYD → MAA → COK,06:40,21:20,14h 40m,2 stops,No info,6494
Multiple carriers,24/06/2019,Delhi,Cochin,DEL → BOM → COK,17:00,01:30 25 Jun,8h 30m,1 stop,No info,7198
SpiceJet,09/03/2019,Banglore,New Delhi,BLR → DEL,05:45,08:35,2h 50m,non-stop,No info,7110
Jet Airways,12/03/2019,Banglore,New Delhi,BLR → BOM → DEL,18:55,09:30 13 Mar,14h 35m,1 stop,In-flight meal not included,11087
IndiGo,9/05/2019,Kolkata,Banglore,CCU → BLR,20:20,22:55,2h 35m,non-stop,No info,4804
IndiGo,15/06/2019,Banglore,Delhi,BLR → DEL,07:10,10:05,2h 55m,non-stop,No info,4823
Jet Airways,12/05/2019,Kolkata,Banglore,CCU → DEL → BLR,09:35,19:10,9h 35m,1 stop,No info,14151
Multiple carriers,27/06/2019,Delhi,Cochin,DEL → BOM → COK,06:00,19:00,13h,1 stop,In-flight meal not included,10791
Vistara,1/04/2019,Kolkata,Banglore,CCU → DEL → BLR,07:10,09:05 02 Apr,25h 55m,1 stop,No info,7980
Air India,27/04/2019,Delhi,Cochin,DEL → TRV → COK,05:15,06:50 28 Apr,25h 35m,1 stop,No info,6587
Vistara,6/05/2019,Chennai,Kolkata,MAA → CCU,07:05,09:20,2h 15m,non-stop,No info,3687
Air India,15/05/2019,Delhi,Cochin,DEL → JAI → BOM → COK,18:45,19:15 16 May,24h 30m,2 stops,No info,13307
Air India,24/03/2019,Mumbai,Hyderabad,BOM → HYD,15:00,16:25,1h 25m,non-stop,No info,2050
Multiple carriers,9/05/2019,Delhi,Cochin,DEL → BOM → COK,09:00,19:00,10h,1 stop,No info,10197
Vistara,24/06/2019,Banglore,Delhi,BLR → DEL,21:00,23:50,2h 50m,non-stop,No info,4668
IndiGo,24/05/2019,Banglore,Delhi,BLR → DEL,13:00,15:50,2h 50m,non-stop,No info,4990
IndiGo,24/05/2019,Mumbai,Hyderabad,BOM → HYD,06:25,07:55,1h 30m,non-stop,No info,4049
Multiple carriers,15/06/2019,Delhi,Cochin,DEL → BOM → COK,09:00,21:00,12h,1 stop,No info,7933
IndiGo,6/05/2019,Mumbai,Hyderabad,BOM → HYD,09:10,10:40,1h 30m,non-stop,No info,4049
Jet Airways,27/03/2019,Delhi,Cochin,DEL → BOM → COK,07:05,04:25 28 Mar,21h 20m,1 stop,In-flight meal not included,6645
Jet Airways,18/06/2019,Mumbai,Hyderabad,BOM → HYD,08:45,10:15,1h 30m,non-stop,No info,8040
Multiple carriers,21/03/2019,Delhi,Cochin,DEL → BOM → COK,13:00,01:35 22 Mar,12h 35m,1 stop,No info,8098
Jet Airways,3/06/2019,Delhi,Cochin,DEL → BOM → COK,02:15,19:00,16h 45m,1 stop,In-flight meal not included,10262
Jet Airways,18/03/2019,Banglore,New Delhi,BLR → BOM → DEL,18:40,07:40 16 Mar,13h,1 stop,No info,12284
Jet Airways,3/06/2019,Delhi,Cochin,DEL → BOM → COK,15:00,19:00 04 Jun,28h,1 stop,In-flight meal not included,10262
IndiGo,12/04/2019,Banglore,Delhi,BLR → DEL,20:00,22:50,2h 50m,non-stop,No info,4990
Air India,18/03/2019,Banglore,New Delhi,BLR → BOM → NAG → DEL,17:25,10:35 16 Mar,17h 10m,2 stops,No info,12568
Jet Airways,6/05/2019,Kolkata,Banglore,CCU → BOM → BLR,14:05,23:35,9h 30m,1 stop,In-flight meal not included,11841
Jet Airways,15/06/2019,Delhi,Cochin,DEL → BOM → COK,02:15,12:35,10h 20m,1 stop,No info,18371
SpiceJet,01/03/2019,Banglore,New Delhi,BLR → PNQ → DEL,10:20,18:15,7h 55m,1 stop,No info,23267
Jet Airways,1/05/2019,Kolkata,Banglore,CCU → DEL → BLR,09:35,23:35,14h,1 stop,No info,13067
IndiGo,21/06/2019,Chennai,Kolkata,MAA → CCU,22:05,00:25 22 Jun,2h 20m,non-stop,No info,5277
Air India,27/05/2019,Delhi,Cochin,DEL → HYD → BOM → COK,17:15,07:40 28 May,14h 25m,2 stops,No info,13879
IndiGo,9/04/2019,Kolkata,Banglore,CCU → BLR,17:15,19:50,2h 35m,non-stop,No info,4174
Air India,9/05/2019,Delhi,Cochin,DEL → AMD → BOM → COK,19:45,19:15 10 May,23h 30m,2 stops,No info,10178
Jet Airways,12/06/2019,Delhi,Cochin,DEL → LKO → BOM → COK,11:45,04:25 13 Jun,16h 40m,2 stops,No info,13882
Vistara,21/05/2019,Banglore,Delhi,BLR → DEL,19:30,22:15,2h 45m,non-stop,No info,4878
Vistara,27/06/2019,Banglore,Delhi,BLR → DEL,09:45,12:35,2h 50m,non-stop,No info,4668
Jet Airways,21/05/2019,Kolkata,Banglore,CCU → BOM → BLR,20:00,22:35 22 May,26h 35m,1 stop,In-flight meal not included,10844
Multiple carriers,27/06/2019,Delhi,Cochin,DEL → BOM → COK,08:45,21:00,12h 15m,1 stop,No info,7005
Jet Airways,21/05/2019,Delhi,Cochin,DEL → BOM → COK,02:15,12:35,10h 20m,1 stop,In-flight meal not included,12898
Air India,15/06/2019,Delhi,Cochin,DEL → BOM → COK,03:50,19:15,15h 25m,1 stop,No info,9929
Jet Airways,1/06/2019,Delhi,Cochin,DEL → BOM → COK,10:00,19:00,9h,1 stop,No info,14714
Air India,21/04/2019,Delhi,Cochin,DEL → COK,05:10,08:00,2h 50m,non-stop,No info,6094
Jet Airways,06/03/2019,Banglore,New Delhi,BLR → BOM → DEL,11:40,23:00,11h 20m,1 stop,No info,16736
Jet Airways,3/04/2019,Banglore,Delhi,BLR → DEL,11:10,14:05,2h 55m,non-stop,No info,7229
Multiple carriers,18/05/2019,Delhi,Cochin,DEL → BOM → COK,04:55,12:35,7h 40m,1 stop,No info,8882
Multiple carriers,9/05/2019,Delhi,Cochin,DEL → BOM → COK,08:00,19:00,11h,1 stop,No info,10197
IndiGo,12/05/2019,Kolkata,Banglore,CCU → BLR,20:20,22:55,2h 35m,non-stop,No info,4804
IndiGo,3/03/2019,Delhi,Cochin,DEL → BOM → COK,07:30,13:20,5h 50m,1 stop,No info,13628
Vistara,27/05/2019,Delhi,Cochin,DEL → COK,14:40,17:50,3h 10m,non-stop,No info,6216
Air India,21/05/2019,Delhi,Cochin,DEL → TRV → COK,05:15,06:50 22 May,25h 35m,1 stop,No info,7480
Air India,12/06/2019,Kolkata,Banglore,CCU → DEL → BLR,10:00,16:15,6h 15m,1 stop,No info,11936
SpiceJet,18/03/2019,Chennai,Kolkata,MAA → CCU,08:20,10:35,2h 15m,non-stop,No info,3859
Jet Airways,12/05/2019,Kolkata,Banglore,CCU → BOM → BLR,20:00,10:05 13 May,14h 5m,1 stop,In-flight meal not included,8586
Vistara,01/03/2019,Banglore,New Delhi,BLR → DEL,21:10,00:05 02 Mar,2h 55m,non-stop,No info,21730
IndiGo,1/06/2019,Delhi,Cochin,DEL → BOM → COK,17:10,01:30 02 Jun,8h 20m,1 stop,No info,6628
Air India,1/05/2019,Kolkata,Banglore,CCU → BBI → BOM → BLR,12:00,07:55 02 May,19h 55m,2 stops,No info,10151
Jet Airways,21/05/2019,Kolkata,Banglore,CCU → DEL → BLR,17:00,14:25 22 May,21h 25m,1 stop,No info,11467
IndiGo,15/06/2019,Delhi,Cochin,DEL → BLR → COK,05:10,10:05,4h 55m,1 stop,No info,7010
Jet Airways,3/04/2019,Banglore,Delhi,BLR → DEL,17:45,20:45,3h,non-stop,No info,7229
IndiGo,09/03/2019,Banglore,New Delhi,BLR → DEL,13:10,16:10,3h,non-stop,No info,8033
Jet Airways,18/05/2019,Banglore,Delhi,BLR → DEL,11:10,14:05,2h 55m,non-stop,No info,7229
IndiGo,9/06/2019,Kolkata,Banglore,CCU → PNQ → BLR,21:00,02:15 10 Jun,5h 15m,1 stop,No info,6911
Jet Airways,27/06/2019,Delhi,Cochin,DEL → ATQ → BOM → COK,20:00,19:00 28 Jun,23h,2 stops,No info,14300
Air India,9/06/2019,Kolkata,Banglore,CCU → DEL → COK → BLR,07:00,01:20 10 Jun,18h 20m,2 stops,No info,13033
IndiGo,24/05/2019,Banglore,Delhi,BLR → DEL,04:00,06:50,2h 50m,non-stop,No info,3943
SpiceJet,09/03/2019,Banglore,New Delhi,BLR → DEL,09:35,12:30,2h 55m,non-stop,No info,6205
IndiGo,6/03/2019,Delhi,Cochin,DEL → BOM → COK,11:30,21:00,9h 30m,1 stop,No info,14871
Jet Airways,18/05/2019,Mumbai,Hyderabad,BOM → HYD,02:55,04:20,1h 25m,non-stop,No info,5678
Multiple carriers,1/06/2019,Delhi,Cochin,DEL → BOM → COK,11:30,19:15,7h 45m,1 stop,No info,16108
Jet Airways,06/03/2019,Banglore,New Delhi,BLR → BOM → DEL,20:35,09:30 07 Mar,12h 55m,1 stop,No info,17261
SpiceJet,12/05/2019,Banglore,Delhi,BLR → DEL,05:55,08:35,2h 40m,non-stop,No info,3311
IndiGo,12/04/2019,Kolkata,Banglore,CCU → BLR,11:30,14:05,2h 35m,non-stop,No info,4174
IndiGo,9/06/2019,Banglore,Delhi,BLR → DEL,16:55,19:45,2h 50m,non-stop,No info,4823
Air India,09/03/2019,Banglore,New Delhi,BLR → COK → DEL,22:00,13:20 13 Mar,15h 20m,1 stop,No info,8425
Jet Airways,15/05/2019,Banglore,Delhi,BLR → DEL,11:10,14:05,2h 55m,non-stop,No info,7229
GoAir,9/06/2019,Delhi,Cochin,DEL → BOM → COK,10:35,19:35,9h,1 stop,No info,5281
Jet Airways,9/03/2019,Delhi,Cochin,DEL → BOM → COK,08:00,04:25 10 Mar,20h 25m,1 stop,No info,17549
Multiple carriers,3/06/2019,Delhi,Cochin,DEL → BOM → COK,08:00,21:00,13h,1 stop,No info,13797
IndiGo,12/04/2019,Banglore,Delhi,BLR → DEL,08:30,11:20,2h 50m,non-stop,No info,4823
Air India,3/06/2019,Delhi,Cochin,DEL → BLR → COK,17:40,09:35 04 Jun,15h 55m,1 stop,No info,7258
Multiple carriers,3/03/2019,Delhi,Cochin,DEL → BOM → COK,12:50,01:35 04 Mar,12h 45m,1 stop,No info,18192
Air India,1/05/2019,Kolkata,Banglore,CCU → DEL → AMD → BLR,10:00,05:25 02 May,19h 25m,2 stops,No info,13899
Jet Airways,9/05/2019,Kolkata,Banglore,CCU → BOM → BLR,14:05,20:45,6h 40m,1 stop,In-flight meal not included,10844
Jet Airways,12/05/2019,Kolkata,Banglore,CCU → DEL → BLR,09:35,09:45 13 May,24h 10m,1 stop,No info,14151
Multiple carriers,6/03/2019,Delhi,Cochin,DEL → BOM → COK,15:15,01:35 07 Mar,10h 20m,1 stop,No info,15147
GoAir,15/06/2019,Banglore,Delhi,BLR → DEL,07:45,10:40,2h 55m,non-stop,No info,3898
IndiGo,15/05/2019,Delhi,Cochin,DEL → HYD → COK,05:05,16:10,11h 5m,1 stop,No info,6818
Jet Airways,15/05/2019,Kolkata,Banglore,CCU → BOM → BLR,16:30,12:00 16 May,19h 30m,1 stop,No info,14781
Air Asia,21/05/2019,Kolkata,Banglore,CCU → IXR → DEL → BLR,15:10,23:30,8h 20m,2 stops,No info,5192
Jet Airways,27/06/2019,Delhi,Cochin,DEL → BHO → BOM → COK,05:30,12:35,7h 5m,2 stops,No info,14441
Jet Airways,24/05/2019,Kolkata,Banglore,CCU → DEL → BLR,20:25,21:05 25 May,24h 40m,1 stop,No info,14151
IndiGo,18/05/2019,Kolkata,Banglore,CCU → BBI → BLR,19:35,23:15,3h 40m,1 stop,No info,4226
Air India,27/05/2019,Delhi,Cochin,DEL → CCU → BOM → COK,20:15,19:15 28 May,23h,2 stops,No info,13381
Multiple carriers,15/06/2019,Delhi,Cochin,DEL → BOM → COK,04:55,19:00,14h 5m,1 stop,No info,10678
Jet Airways,27/03/2019,Delhi,Cochin,DEL → BOM → COK,11:30,18:50,7h 20m,1 stop,No info,12242
Jet Airways,21/06/2019,Mumbai,Hyderabad,BOM → HYD,02:55,04:20,1h 25m,non-stop,In-flight meal not included,4995
Jet Airways,1/06/2019,Delhi,Cochin,DEL → BOM → COK,20:55,04:25 02 Jun,7h 30m,1 stop,In-flight meal not included,10262
SpiceJet,15/04/2019,Kolkata,Banglore,CCU → BLR,22:20,00:40 16 Apr,2h 20m,non-stop,No check-in baggage included,3841
Jet Airways,9/05/2019,Kolkata,Banglore,CCU → BOM → BLR,20:00,12:00 10 May,16h,1 stop,In-flight meal not included,9663
IndiGo,18/04/2019,Kolkata,Banglore,CCU → BLR,11:30,14:05,2h 35m,non-stop,No info,5224
Multiple carriers,18/05/2019,Delhi,Cochin,DEL → BOM → COK,07:05,19:15,12h 10m,1 stop,No info,14533
SpiceJet,24/05/2019,Mumbai,Hyderabad,BOM → HYD,22:45,00:15 25 May,1h 30m,non-stop,No info,2017
Jet Airways,12/06/2019,Banglore,Delhi,BLR → DEL,18:55,22:00,3h 5m,non-stop,In-flight meal not included,5769
Multiple carriers,21/03/2019,Delhi,Cochin,DEL → BOM → COK,10:45,18:50,8h 5m,1 stop,No info,11622
IndiGo,3/04/2019,Banglore,Delhi,BLR → DEL,18:55,21:50,2h 55m,non-stop,No info,4823
Jet Airways,21/03/2019,Banglore,New Delhi,BLR → BOM → DEL,14:05,11:25 19 Mar,21h 20m,1 stop,In-flight meal not included,7832
Multiple carriers,24/06/2019,Delhi,Cochin,DEL → BOM → COK,07:30,19:15,11h 45m,1 stop,No info,9001
IndiGo,27/06/2019,Mumbai,Hyderabad,BOM → HYD,12:00,13:30,1h 30m,non-stop,No info,2754
Jet Airways,24/05/2019,Banglore,Delhi,BLR → DEL,07:10,10:10,3h,non-stop,No info,7229
IndiGo,9/03/2019,Delhi,Cochin,DEL → TRV → COK,21:05,01:45 10 Mar,4h 40m,1 stop,No info,6937
Air India,6/06/2019,Kolkata,Banglore,CCU → DEL → COK → BLR,10:00,01:20 07 Jun,15h 20m,2 stops,No info,13033
SpiceJet,3/05/2019,Banglore,Delhi,BLR → DEL,05:55,08:35,2h 40m,non-stop,No info,3625
Jet Airways,27/06/2019,Delhi,Cochin,DEL → IDR → BOM → COK,21:25,19:00 28 Jun,21h 35m,2 stops,No info,13292
Air India,12/03/2019,Banglore,New Delhi,BLR → BOM → NAG → DEL,08:50,10:15 13 Mar,25h 25m,2 stops,No info,12778
SpiceJet,1/06/2019,Kolkata,Banglore,CCU → BLR,14:55,17:25,2h 30m,non-stop,No check-in baggage included,3841
IndiGo,18/03/2019,Mumbai,Hyderabad,BOM → HYD,21:20,22:45,1h 25m,non-stop,No info,2227
SpiceJet,9/05/2019,Kolkata,Banglore,CCU → PNQ → BLR,08:35,17:15,8h 40m,1 stop,No info,6171
Air India,12/05/2019,Kolkata,Banglore,CCU → BBI → BOM → BLR,12:00,07:55 13 May,19h 55m,2 stops,No info,10676
Jet Airways,24/06/2019,Delhi,Cochin,DEL → JAI → BOM → COK,19:30,12:35 25 Jun,17h 5m,2 stops,No info,13014
IndiGo,18/03/2019,Mumbai,Hyderabad,BOM → HYD,02:30,04:00,1h 30m,non-stop,No info,2754
Air India,27/03/2019,Delhi,Cochin,DEL → HYD → BOM → COK,17:15,07:40 28 Mar,14h 25m,2 stops,No info,8367
Jet Airways,3/04/2019,Delhi,Cochin,DEL → BOM → COK,02:15,04:25 04 Apr,26h 10m,1 stop,In-flight meal not included,5177
SpiceJet,18/04/2019,Kolkata,Banglore,CCU → BLR,17:10,19:40,2h 30m,non-stop,No info,4174
Multiple carriers,15/05/2019,Delhi,Cochin,DEL → BOM → COK,08:45,19:00,10h 15m,1 stop,No info,9794
Multiple carriers,27/05/2019,Delhi,Cochin,DEL → HYD → COK,09:45,16:10,6h 25m,1 stop,No info,10486
Multiple carriers,21/05/2019,Delhi,Cochin,DEL → BOM → COK,08:00,19:15,11h 15m,1 stop,No info,15058
IndiGo,27/04/2019,Kolkata,Banglore,CCU → BLR,22:15,00:50 28 Apr,2h 35m,non-stop,No info,4804
Jet Airways,6/03/2019,Delhi,Cochin,DEL → BOM → COK,16:00,19:45 07 Mar,27h 45m,1 stop,No info,17024
GoAir,12/05/2019,Kolkata,Banglore,CCU → AMD → BLR,16:40,00:15 13 May,7h 35m,1 stop,No info,8855
Air India,9/06/2019,Delhi,Cochin,DEL → BOM → COK,21:00,07:40 10 Jun,10h 40m,1 stop,No info,8372
Jet Airways,24/06/2019,Mumbai,Hyderabad,BOM → HYD,02:55,04:20,1h 25m,non-stop,In-flight meal not included,4050
Jet Airways,12/05/2019,Banglore,Delhi,BLR → DEL,11:10,14:05,2h 55m,non-stop,No info,7229
SpiceJet,18/03/2019,Mumbai,Hyderabad,BOM → HYD,05:45,07:05,1h 20m,non-stop,No check-in baggage included,2385
GoAir,24/06/2019,Banglore,Delhi,BLR → DEL,11:40,14:30,2h 50m,non-stop,No info,3898
IndiGo,03/03/2019,Banglore,New Delhi,BLR → DEL,01:30,04:15,2h 45m,non-stop,No info,6860
SpiceJet,27/05/2019,Delhi,Cochin,DEL → MAA → COK,06:05,11:20,5h 15m,1 stop,No info,6749
Air India,21/05/2019,Kolkata,Banglore,CCU → VNS → DEL → BLR,14:30,23:15,8h 45m,2 stops,No info,15107
Jet Airways,15/06/2019,Delhi,Cochin,DEL → JAI → BOM → COK,09:40,04:25 16 Jun,18h 45m,2 stops,In-flight meal not included,10368
Jet Airways,21/03/2019,Banglore,New Delhi,BLR → BOM → DEL,07:00,21:20,14h 20m,1 stop,In-flight meal not included,7832
SpiceJet,27/05/2019,Mumbai,Hyderabad,BOM → HYD,13:15,14:45,1h 30m,non-stop,No check-in baggage included,2385
IndiGo,24/06/2019,Kolkata,Banglore,CCU → BLR,14:25,16:55,2h 30m,non-stop,No info,4804
Air India,21/03/2019,Delhi,Cochin,DEL → AMD → BOM → COK,16:40,19:15 22 Mar,26h 35m,2 stops,No info,8236
IndiGo,27/03/2019,Delhi,Cochin,DEL → BOM → COK,11:30,21:00,9h 30m,1 stop,No info,6416
Jet Airways,9/06/2019,Delhi,Cochin,DEL → BOM → COK,11:30,19:00,7h 30m,1 stop,In-flight meal not included,10262
Jet Airways,9/06/2019,Delhi,Cochin,DEL → BOM → COK,22:50,19:00 10 Jun,20h 10m,1 stop,No info,14714
SpiceJet,1/04/2019,Kolkata,Banglore,CCU → IXB → BLR,15:55,21:25,5h 30m,1 stop,No info,7646
Air India,1/06/2019,Delhi,Cochin,DEL → MAA → COK,20:40,09:25 02 Jun,12h 45m,1 stop,No info,7480
Vistara,27/05/2019,Chennai,Kolkata,MAA → CCU,17:45,20:05,2h 20m,non-stop,No info,11982
Multiple carriers,18/05/2019,Delhi,Cochin,DEL → BOM → COK,10:35,19:15,8h 40m,1 stop,No info,8309
Jet Airways,9/06/2019,Delhi,Cochin,DEL → BHO → BOM → COK,05:30,12:35,7h 5m,2 stops,In-flight meal not included,13344
Air India,1/04/2019,Kolkata,Banglore,CCU → HYD → BLR,19:00,09:50 02 Apr,14h 50m,1 stop,No info,4227
Air India,21/03/2019,Delhi,Cochin,DEL → JAI → BOM → COK,12:00,07:40 22 Mar,19h 40m,2 stops,No info,9706
SpiceJet,6/05/2019,Mumbai,Hyderabad,BOM → HYD,13:15,14:45,1h 30m,non-stop,No info,2017
IndiGo,12/06/2019,Delhi,Cochin,DEL → HYD → COK,08:35,22:30,13h 55m,1 stop,No info,6442
Jet Airways,15/06/2019,Banglore,Delhi,BLR → DEL,18:55,22:00,3h 5m,non-stop,No info,8016
IndiGo,1/04/2019,Delhi,Cochin,DEL → HYD → COK,06:50,12:10,5h 20m,1 stop,No info,5298
Vistara,21/05/2019,Banglore,Delhi,BLR → DEL,17:00,19:35,2h 35m,non-stop,No info,4878
Jet Airways,24/06/2019,Delhi,Cochin,DEL → BOM → COK,14:00,04:25 25 Jun,14h 25m,1 stop,In-flight meal not included,10262
IndiGo,12/05/2019,Kolkata,Banglore,CCU → HYD → BLR,04:50,09:50,5h,1 stop,No info,4176
IndiGo,15/06/2019,Delhi,Cochin,DEL → BOM → COK,11:25,01:30 16 Jun,14h 5m,1 stop,No info,5883
Multiple carriers,6/06/2019,Delhi,Cochin,DEL → BOM → COK,10:00,19:00,9h,1 stop,No info,12717
IndiGo,12/05/2019,Chennai,Kolkata,MAA → CCU,07:55,10:15,2h 20m,non-stop,No info,3850
IndiGo,27/05/2019,Chennai,Kolkata,MAA → CCU,19:35,21:55,2h 20m,non-stop,No info,3597
SpiceJet,9/05/2019,Mumbai,Hyderabad,BOM → HYD,13:15,14:45,1h 30m,non-stop,No check-in baggage included,2175
Air Asia,12/04/2019,Banglore,Delhi,BLR → DEL,23:55,02:45 13 Apr,2h 50m,non-stop,No info,7080
Jet Airways,1/04/2019,Kolkata,Banglore,CCU → BOM → BLR,21:10,08:15 02 Apr,11h 5m,1 stop,In-flight meal not included,8849
Jet Airways,12/06/2019,Kolkata,Banglore,CCU → BOM → BLR,08:25,19:50,11h 25m,1 stop,In-flight meal not included,9899
Vistara,15/06/2019,Banglore,Delhi,BLR → DEL,07:00,09:40,2h 40m,non-stop,No info,4878
Multiple carriers,9/05/2019,Delhi,Cochin,DEL → BOM → COK,07:30,19:15,11h 45m,1 stop,No info,7787
SpiceJet,3/05/2019,Chennai,Kolkata,MAA → CCU,17:45,20:05,2h 20m,non-stop,No info,3597
GoAir,1/04/2019,Delhi,Cochin,DEL → BOM → COK,10:35,19:35,9h,1 stop,No info,5281
Vistara,15/05/2019,Kolkata,Banglore,CCU → DEL → BLR,20:20,18:50 16 May,22h 30m,1 stop,No info,9345
IndiGo,24/06/2019,Delhi,Cochin,DEL → HYD → COK,11:55,22:30,10h 35m,1 stop,No info,6442
IndiGo,6/06/2019,Delhi,Cochin,DEL → BOM → COK,09:15,21:00,11h 45m,1 stop,No info,6838
SpiceJet,3/06/2019,Chennai,Kolkata,MAA → CCU,17:45,20:05,2h 20m,non-stop,No info,3597
SpiceJet,21/03/2019,Mumbai,Hyderabad,BOM → HYD,05:45,07:05,1h 20m,non-stop,No info,3173
Multiple carriers,3/06/2019,Delhi,Cochin,DEL → BOM → COK,18:15,01:30 04 Jun,7h 15m,1 stop,No info,13377
Jet Airways,9/05/2019,Kolkata,Banglore,CCU → DEL → BLR,20:25,18:00 10 May,21h 35m,1 stop,In-flight meal not included,9314
Multiple carriers,9/03/2019,Delhi,Cochin,DEL → HYD → COK,13:15,22:20,9h 5m,1 stop,No info,9856
Air India,21/05/2019,Delhi,Cochin,DEL → BOM → COK,08:00,19:15,11h 15m,1 stop,No info,8372
Jet Airways,1/04/2019,Kolkata,Banglore,CCU → BOM → BLR,18:55,18:15 02 Apr,23h 20m,1 stop,In-flight meal not included,7064
IndiGo,1/05/2019,Kolkata,Banglore,CCU → BLR,22:15,00:50 02 May,2h 35m,non-stop,No info,4804
Jet Airways,27/05/2019,Delhi,Cochin,DEL → JAI → BOM → COK,05:30,19:00,13h 30m,2 stops,In-flight meal not included,13029
IndiGo,24/05/2019,Delhi,Cochin,DEL → HYD → COK,14:20,22:30,8h 10m,1 stop,No info,7640
Jet Airways,01/03/2019,Banglore,New Delhi,BLR → BOM → DEL,08:00,15:15,7h 15m,1 stop,No info,22270
Air India,1/04/2019,Banglore,Delhi,BLR → DEL,21:05,23:55,2h 50m,non-stop,No info,4441
Jet Airways,27/05/2019,Delhi,Cochin,DEL → BOM → COK,09:00,04:25 28 May,19h 25m,1 stop,In-flight meal not included,12898
Jet Airways,1/04/2019,Kolkata,Banglore,CCU → BOM → BLR,18:55,16:20 02 Apr,21h 25m,1 stop,In-flight meal not included,7064
Jet Airways,9/06/2019,Kolkata,Banglore,CCU → BOM → BLR,08:25,20:45,12h 20m,1 stop,In-flight meal not included,10844
SpiceJet,9/06/2019,Kolkata,Banglore,CCU → BLR,09:00,11:25,2h 25m,non-stop,No info,4174
Jet Airways,12/06/2019,Kolkata,Banglore,CCU → BOM → BLR,16:30,20:45 13 Jun,28h 15m,1 stop,In-flight meal not included,8529
IndiGo,21/05/2019,Banglore,Delhi,BLR → DEL,22:10,01:00 22 May,2h 50m,non-stop,No info,3625
IndiGo,21/05/2019,Banglore,Delhi,BLR → DEL,00:30,03:25,2h 55m,non-stop,No info,3419
IndiGo,24/05/2019,Chennai,Kolkata,MAA → CCU,05:15,07:40,2h 25m,non-stop,No info,3850
Air India,24/05/2019,Kolkata,Banglore,CCU → BOM → COK → BLR,16:50,13:45 25 May,20h 55m,2 stops,No info,12802
SpiceJet,6/03/2019,Delhi,Cochin,DEL → MAA → COK,15:55,21:55,6h,1 stop,No info,9748
IndiGo,3/06/2019,Delhi,Cochin,DEL → BOM → COK,17:10,01:30 04 Jun,8h 20m,1 stop,No info,6104
IndiGo,21/06/2019,Banglore,Delhi,BLR → DEL,21:15,00:15 22 Jun,3h,non-stop,No info,3943
IndiGo,3/06/2019,Delhi,Cochin,DEL → HYD → COK,06:50,16:10,9h 20m,1 stop,No info,7514
Jet Airways,06/03/2019,Banglore,New Delhi,BLR → DEL,19:55,22:35,2h 40m,non-stop,No info,18308
Air India,6/03/2019,Mumbai,Hyderabad,BOM → GOI → PNQ → HYD,21:10,16:55,4h 15m,2 stops,No info,17327
Air India,27/03/2019,Delhi,Cochin,DEL → HYD → BOM → COK,13:05,07:40 28 Mar,18h 35m,2 stops,No info,8892
Multiple carriers,27/05/2019,Delhi,Cochin,DEL → BOM → COK,10:20,19:00,8h 40m,1 stop,No info,9794
IndiGo,1/04/2019,Banglore,Delhi,BLR → DEL,00:30,03:25,2h 55m,non-stop,No info,4423
Jet Airways,24/05/2019,Kolkata,Banglore,CCU → BOM → BLR,20:00,20:45 25 May,24h 45m,1 stop,In-flight meal not included,10844
Jet Airways,9/05/2019,Delhi,Cochin,DEL → BOM → COK,18:15,19:00 10 May,24h 45m,1 stop,No info,15554
Vistara,1/05/2019,Chennai,Kolkata,MAA → CCU,17:45,20:05,2h 20m,non-stop,No info,11982
IndiGo,3/06/2019,Mumbai,Hyderabad,BOM → HYD,06:25,07:55,1h 30m,non-stop,No info,4049
IndiGo,24/03/2019,Kolkata,Banglore,CCU → BLR,14:20,16:55,2h 35m,non-stop,No info,5618
Air India,27/06/2019,Delhi,Cochin,DEL → CCU → BOM → COK,20:15,19:15 28 Jun,23h,2 stops,No info,13591
Multiple carriers,27/05/2019,Delhi,Cochin,DEL → BOM → COK,10:00,01:30 28 May,15h 30m,1 stop,No info,9508
SpiceJet,18/06/2019,Chennai,Kolkata,MAA → CCU,09:45,12:00,2h 15m,non-stop,No check-in baggage included,3543
Jet Airways,18/04/2019,Banglore,Delhi,BLR → DEL,18:55,22:00,3h 5m,non-stop,No info,7229
Vistara,18/06/2019,Banglore,Delhi,BLR → DEL,11:30,14:20,2h 50m,non-stop,No info,4668
Jet Airways,21/05/2019,Kolkata,Banglore,CCU → BOM → BLR,14:05,10:05 22 May,20h,1 stop,No info,14388
Jet Airways,15/05/2019,Kolkata,Banglore,CCU → BOM → BLR,18:55,12:00 16 May,17h 5m,1 stop,In-flight meal not included,10844
Air India,9/06/2019,Delhi,Cochin,DEL → MAA → COK,20:40,09:25 10 Jun,12h 45m,1 stop,No info,7690
Jet Airways,21/05/2019,Kolkata,Banglore,CCU → DEL → BLR,09:35,09:45 22 May,24h 10m,1 stop,No info,13067
SpiceJet,3/04/2019,Mumbai,Hyderabad,BOM → HYD,05:45,07:15,1h 30m,non-stop,No check-in baggage included,1965
Jet Airways,9/03/2019,Delhi,Cochin,DEL → BOM → COK,16:00,18:50 10 Mar,26h 50m,1 stop,No info,16289
Air India,12/05/2019,Kolkata,Banglore,CCU → DEL → BLR,20:30,08:55 13 May,12h 25m,1 stop,No info,10203
Jet Airways,6/05/2019,Kolkata,Banglore,CCU → BOM → BLR,14:05,23:35,9h 30m,1 stop,No info,15149
Vistara,21/05/2019,Kolkata,Banglore,CCU → DEL → BLR,17:00,23:25,6h 25m,1 stop,No info,9345
SpiceJet,18/05/2019,Mumbai,Hyderabad,BOM → HYD,05:45,07:15,1h 30m,non-stop,No info,2017
Vistara,15/05/2019,Kolkata,Banglore,CCU → DEL → BLR,07:10,23:25,16h 15m,1 stop,No info,9345
Air India,6/05/2019,Kolkata,Banglore,CCU → MAA → BLR,14:35,15:20 07 May,24h 45m,1 stop,No info,6528
Multiple carriers,3/03/2019,Delhi,Cochin,DEL → BOM → COK,07:00,13:20,6h 20m,1 stop,No info,15603
Jet Airways,24/06/2019,Delhi,Cochin,DEL → NAG → BOM → COK,06:45,04:25 25 Jun,21h 40m,2 stops,No info,13376
SpiceJet,27/06/2019,Delhi,Cochin,DEL → MAA → COK,06:05,11:20,5h 15m,1 stop,No info,5583
Jet Airways,9/06/2019,Delhi,Cochin,DEL → BOM → COK,16:00,19:00 10 Jun,27h,1 stop,In-flight meal not included,10577
Air India,15/05/2019,Delhi,Cochin,DEL → JAI → BOM → COK,12:00,07:40 16 May,19h 40m,2 stops,No info,10651
Jet Airways,12/06/2019,Kolkata,Banglore,CCU → BOM → BLR,14:05,04:40 13 Jun,14h 35m,1 stop,In-flight meal not included,7594
Air Asia,1/05/2019,Kolkata,Banglore,CCU → BBI → BLR,06:50,10:30,3h 40m,1 stop,No info,6857
IndiGo,27/04/2019,Banglore,Delhi,BLR → DEL,13:00,15:50,2h 50m,non-stop,No info,4423
Jet Airways,12/06/2019,Delhi,Cochin,DEL → BHO → BOM → COK,05:30,12:35,7h 5m,2 stops,In-flight meal not included,13344
SpiceJet,27/04/2019,Banglore,Delhi,BLR → DEL,21:10,00:05 28 Apr,2h 55m,non-stop,No info,3971
Jet Airways,24/06/2019,Delhi,Cochin,DEL → BOM → COK,09:00,19:00,10h,1 stop,No info,18371
Jet Airways,27/03/2019,Delhi,Cochin,DEL → AMD → BOM → COK,19:10,04:25 29 Mar,33h 15m,2 stops,In-flight meal not included,6643
Multiple carriers,6/03/2019,Delhi,Cochin,DEL → BOM → COK,11:30,19:15,7h 45m,1 stop,No info,15077
Air India,1/05/2019,Banglore,Delhi,BLR → DEL,10:00,12:45,2h 45m,non-stop,No info,6121
SpiceJet,3/03/2019,Mumbai,Hyderabad,BOM → HYD,13:10,14:30,1h 20m,non-stop,No info,5755
Air India,9/04/2019,Delhi,Cochin,DEL → MAA → COK,20:40,09:25 10 Apr,12h 45m,1 stop,No info,4487
SpiceJet,21/05/2019,Delhi,Cochin,DEL → PNQ → COK,08:45,13:15,4h 30m,1 stop,No check-in baggage included,5158
Jet Airways,1/05/2019,Kolkata,Banglore,CCU → BOM → BLR,20:00,04:40 02 May,8h 40m,1 stop,In-flight meal not included,8586
Air India,1/06/2019,Mumbai,Hyderabad,BOM → HYD,06:20,07:40,1h 20m,non-stop,No info,3100
Jet Airways,9/05/2019,Mumbai,Hyderabad,BOM → HYD,02:55,04:20,1h 25m,non-stop,In-flight meal not included,3210
Jet Airways,9/05/2019,Delhi,Cochin,DEL → BOM → COK,19:15,12:35 10 May,17h 20m,1 stop,In-flight meal not included,12373
Multiple carriers,3/03/2019,Delhi,Cochin,DEL → BOM → COK,06:40,18:50,12h 10m,1 stop,No info,15135
Jet Airways,27/06/2019,Delhi,Cochin,DEL → IDR → BOM → COK,05:30,19:00,13h 30m,2 stops,No info,13292
SpiceJet,6/06/2019,Mumbai,Hyderabad,BOM → HYD,13:15,14:45,1h 30m,non-stop,No info,2017
Jet Airways,12/06/2019,Delhi,Cochin,DEL → NAG → BOM → COK,14:35,12:35 13 Jun,22h,2 stops,In-flight meal not included,10919
Vistara,6/03/2019,Mumbai,Hyderabad,BOM → DEL → HYD,21:55,22:55 07 Mar,25h,1 stop,No info,12395
SpiceJet,21/06/2019,Chennai,Kolkata,MAA → CCU,09:45,12:00,2h 15m,non-stop,No check-in baggage included,3543
Jet Airways,6/05/2019,Mumbai,Hyderabad,BOM → HYD,19:35,21:05,1h 30m,non-stop,In-flight meal not included,2228
Air India,21/03/2019,Delhi,Cochin,DEL → AMD → BOM → COK,19:45,19:15 22 Mar,23h 30m,2 stops,No info,8236
Air Asia,3/06/2019,Delhi,Cochin,DEL → BLR → COK,16:45,06:35 04 Jun,13h 50m,1 stop,No info,11410
Jet Airways,21/05/2019,Delhi,Cochin,DEL → AMD → BOM → COK,23:05,12:35 22 May,13h 30m,2 stops,No info,15129
GoAir,24/06/2019,Kolkata,Banglore,CCU → BLR,15:20,17:55,2h 35m,non-stop,No info,3514
Jet Airways,6/06/2019,Kolkata,Banglore,CCU → DEL → BLR,09:35,21:05,11h 30m,1 stop,In-flight meal not included,13469
IndiGo,9/04/2019,Banglore,Delhi,BLR → DEL,21:15,00:15 10 Apr,3h,non-stop,No info,3943
Vistara,03/03/2019,Banglore,New Delhi,BLR → DEL,21:10,00:05 04 Mar,2h 55m,non-stop,No info,7608
Air India,27/05/2019,Banglore,Delhi,BLR → DEL,10:00,12:45,2h 45m,non-stop,No info,6961
Multiple carriers,1/06/2019,Delhi,Cochin,DEL → BOM → COK,09:15,19:00,9h 45m,1 stop,No info,12042
Jet Airways Business,01/03/2019,Banglore,New Delhi,BLR → BOM → DEL,05:45,12:25,6h 40m,1 stop,Business class,62427
Air India,09/03/2019,Banglore,New Delhi,BLR → VGA → HYD → DEL,10:30,21:25,10h 55m,2 stops,No info,9586
SpiceJet,1/06/2019,Chennai,Kolkata,MAA → CCU,08:20,10:35,2h 15m,non-stop,No check-in baggage included,3543
Jet Airways,9/06/2019,Delhi,Cochin,DEL → LKO → BOM → COK,09:25,12:35 10 Jun,27h 10m,2 stops,No info,13882
Jet Airways,24/05/2019,Kolkata,Banglore,CCU → GAU → BLR,10:20,17:35,7h 15m,1 stop,No info,8781
Air Asia,12/06/2019,Kolkata,Banglore,CCU → IXR → DEL → BLR,15:10,23:30,8h 20m,2 stops,No info,5192
IndiGo,27/03/2019,Delhi,Cochin,DEL → HYD → COK,06:40,22:20,15h 40m,1 stop,No info,6442
Jet Airways,6/05/2019,Delhi,Cochin,DEL → BOM → COK,22:50,12:35 07 May,13h 45m,1 stop,No info,15554
Jet Airways,21/05/2019,Kolkata,Banglore,CCU → BOM → BLR,18:55,16:20 22 May,21h 25m,1 stop,In-flight meal not included,10844
IndiGo,3/04/2019,Mumbai,Hyderabad,BOM → HYD,12:00,13:30,1h 30m,non-stop,No info,2754
Multiple carriers,21/05/2019,Delhi,Cochin,DEL → BOM → COK,14:00,21:00,7h,1 stop,No info,14067
GoAir,27/04/2019,Delhi,Cochin,DEL → AMD → COK,07:25,13:35,6h 10m,1 stop,No info,5140
IndiGo,9/05/2019,Delhi,Cochin,DEL → BOM → COK,10:35,01:30 10 May,14h 55m,1 stop,No info,8330
Jet Airways,3/03/2019,Mumbai,Hyderabad,BOM → HYD,19:35,21:05,1h 30m,non-stop,No info,5678
Jet Airways,12/03/2019,Banglore,New Delhi,BLR → BOM → DEL,22:55,18:25 13 Mar,19h 30m,1 stop,In-flight meal not included,11087
GoAir,01/03/2019,Banglore,New Delhi,BLR → DEL,20:55,23:50,2h 55m,non-stop,No info,18558
IndiGo,1/03/2019,Mumbai,Hyderabad,BOM → HYD,02:30,04:00,1h 30m,non-stop,No info,16000
SpiceJet,6/05/2019,Banglore,Delhi,BLR → DEL,21:10,00:05 07 May,2h 55m,non-stop,No check-in baggage included,3573
Multiple carriers,15/05/2019,Delhi,Cochin,DEL → BOM → COK,12:50,01:30 16 May,12h 40m,1 stop,No info,7670
Jet Airways,24/06/2019,Delhi,Cochin,DEL → AMD → BOM → COK,23:05,19:00 25 Jun,19h 55m,2 stops,No info,12819
Vistara,15/05/2019,Banglore,Delhi,BLR → DEL,17:00,19:35,2h 35m,non-stop,No info,4878
Jet Airways,27/06/2019,Delhi,Cochin,DEL → IDR → BOM → COK,21:25,19:00 28 Jun,21h 35m,2 stops,In-flight meal not included,11507
Air Asia,6/06/2019,Delhi,Cochin,DEL → BLR → COK,07:55,13:25,5h 30m,1 stop,No info,8759
Jet Airways,12/06/2019,Delhi,Cochin,DEL → BOM → COK,17:30,19:00 13 Jun,25h 30m,1 stop,In-flight meal not included,10262
Air India,21/05/2019,Delhi,Cochin,DEL → HYD → MAA → COK,07:05,09:25 22 May,26h 20m,2 stops,No info,10975
Jet Airways,6/06/2019,Delhi,Cochin,DEL → BOM → COK,19:15,04:25 07 Jun,9h 10m,1 stop,In-flight meal not included,10262
Multiple carriers,27/06/2019,Delhi,Cochin,DEL → BOM → COK,12:50,21:00,8h 10m,1 stop,In-flight meal not included,6007
IndiGo,21/03/2019,Chennai,Kolkata,MAA → CCU,11:35,14:00,2h 25m,non-stop,No info,3858
IndiGo,27/06/2019,Delhi,Cochin,DEL → HYD → COK,14:20,22:30,8h 10m,1 stop,No info,6412
Air India,21/04/2019,Kolkata,Banglore,CCU → BLR,14:15,16:45,2h 30m,non-stop,No info,6245
Air India,9/06/2019,Delhi,Cochin,DEL → AMD → BOM → COK,19:45,19:15 10 Jun,23h 30m,2 stops,No info,9968
Multiple carriers,9/03/2019,Delhi,Cochin,DEL → BOM → COK,02:15,12:55,10h 40m,1 stop,In-flight meal not included,18260
IndiGo,03/03/2019,Banglore,New Delhi,BLR → DEL,18:25,21:20,2h 55m,non-stop,No info,8855
Jet Airways,24/05/2019,Kolkata,Banglore,CCU → BOM → BLR,08:25,18:15,9h 50m,1 stop,In-flight meal not included,10844
SpiceJet,27/05/2019,Chennai,Kolkata,MAA → CCU,08:20,10:35,2h 15m,non-stop,No info,3597
Jet Airways,6/05/2019,Kolkata,Banglore,CCU → DEL → BLR,17:00,21:05 07 May,28h 5m,1 stop,No info,13067
Jet Airways,12/03/2019,Banglore,New Delhi,BLR → BOM → DEL,16:55,10:45 13 Mar,17h 50m,1 stop,No info,13817
Air India,12/03/2019,Banglore,New Delhi,BLR → BOM → DEL,06:45,23:15,16h 30m,1 stop,No info,11602
Jet Airways,9/05/2019,Kolkata,Banglore,CCU → BOM → BLR,16:30,18:15 10 May,25h 45m,1 stop,No info,13941
Jet Airways,15/05/2019,Kolkata,Banglore,CCU → DEL → BLR,20:25,19:10 16 May,22h 45m,1 stop,No info,14151
IndiGo,15/05/2019,Banglore,Delhi,BLR → DEL,04:00,06:50,2h 50m,non-stop,No info,3943
Jet Airways,12/05/2019,Kolkata,Banglore,CCU → BOM → BLR,06:30,18:15,11h 45m,1 stop,In-flight meal not included,10844
SpiceJet,18/06/2019,Mumbai,Hyderabad,BOM → HYD,05:45,07:15,1h 30m,non-stop,No info,2753
Jet Airways,12/06/2019,Delhi,Cochin,DEL → BOM → COK,02:15,19:00,16h 45m,1 stop,No info,14714
Multiple carriers,18/05/2019,Delhi,Cochin,DEL → HYD → COK,07:05,16:10,9h 5m,1 stop,No info,9646
Jet Airways,9/05/2019,Delhi,Cochin,DEL → BOM → COK,07:05,12:35,5h 30m,1 stop,No info,15554
Air India,18/03/2019,Banglore,New Delhi,BLR → VGA → VTZ → DEL,10:30,17:45,7h 15m,2 stops,No info,13261
Jet Airways,18/03/2019,Banglore,New Delhi,BLR → BOM → DEL,11:40,05:05 16 Mar,17h 25m,1 stop,In-flight meal not included,11087
Jet Airways,15/06/2019,Delhi,Cochin,DEL → IDR → BOM → COK,05:30,19:00,13h 30m,2 stops,In-flight meal not included,11507
Multiple carriers,9/05/2019,Delhi,Cochin,DEL → BOM → COK,19:00,01:30 10 May,6h 30m,1 stop,No info,9424
GoAir,12/04/2019,Banglore,Delhi,BLR → DEL,11:40,14:30,2h 50m,non-stop,No info,4937
SpiceJet,6/06/2019,Banglore,Delhi,BLR → DEL,21:10,00:05 07 Jun,2h 55m,non-stop,No check-in baggage included,3257
IndiGo,6/05/2019,Banglore,Delhi,BLR → DEL,08:30,11:20,2h 50m,non-stop,No info,4823
IndiGo,12/05/2019,Chennai,Kolkata,MAA → CCU,22:05,00:25 13 May,2h 20m,non-stop,No info,5277
SpiceJet,9/04/2019,Kolkata,Banglore,CCU → BLR,17:10,19:40,2h 30m,non-stop,No info,3873
Jet Airways,24/05/2019,Kolkata,Banglore,CCU → BOM → BLR,16:30,04:40 25 May,12h 10m,1 stop,In-flight meal not included,10844
Multiple carriers,27/05/2019,Delhi,Cochin,DEL → BOM → COK,17:00,01:30 28 May,8h 30m,1 stop,No info,7198
Air India,15/05/2019,Delhi,Cochin,DEL → COK,05:10,08:00,2h 50m,non-stop,No info,6094
IndiGo,3/05/2019,Banglore,Delhi,BLR → DEL,06:05,08:50,2h 45m,non-stop,No info,3943
IndiGo,15/05/2019,Banglore,Delhi,BLR → DEL,21:15,00:15 16 May,3h,non-stop,No info,3943
Jet Airways,1/04/2019,Kolkata,Banglore,CCU → BOM → BLR,20:00,12:00 02 Apr,16h,1 stop,No info,12681
Vistara,15/04/2019,Banglore,Delhi,BLR → DEL,17:00,19:35,2h 35m,non-stop,No info,5613
SpiceJet,24/05/2019,Kolkata,Banglore,CCU → BLR,09:00,11:25,2h 25m,non-stop,No info,3873
Jet Airways,27/05/2019,Delhi,Cochin,DEL → BOM → COK,13:00,12:35 28 May,23h 35m,1 stop,In-flight meal not included,12898
Jet Airways,9/05/2019,Delhi,Cochin,DEL → JAI → BOM → COK,05:30,04:25 10 May,22h 55m,2 stops,No info,15129
SpiceJet,9/05/2019,Chennai,Kolkata,MAA → CCU,08:20,10:35,2h 15m,non-stop,No info,3911
IndiGo,12/06/2019,Delhi,Cochin,DEL → COK,21:05,00:20 13 Jun,3h 15m,non-stop,No info,6015
Jet Airways,01/03/2019,Banglore,New Delhi,BLR → BOM → DEL,16:55,23:00,6h 5m,1 stop,No info,54826
IndiGo,27/03/2019,Delhi,Cochin,DEL → BOM → COK,20:30,01:35 28 Mar,5h 5m,1 stop,No info,5073
IndiGo,21/03/2019,Chennai,Kolkata,MAA → CCU,05:15,07:35,2h 20m,non-stop,No info,4326
Air India,24/06/2019,Delhi,Cochin,DEL → AMD → BOM → COK,16:40,19:15 25 Jun,26h 35m,2 stops,No info,9443
Jet Airways,3/06/2019,Mumbai,Hyderabad,BOM → HYD,10:20,11:50,1h 30m,non-stop,No info,8040
Jet Airways,3/04/2019,Banglore,Delhi,BLR → DEL,06:00,08:45,2h 45m,non-stop,No info,7229
IndiGo,15/06/2019,Banglore,Delhi,BLR → DEL,13:00,15:50,2h 50m,non-stop,No info,3943
Air India,06/03/2019,Banglore,New Delhi,BLR → HBX → BOM → BHO → DEL,12:00,23:25,11h 25m,3 stops,No info,14195
Jet Airways,15/06/2019,Delhi,Cochin,DEL → IDR → BOM → COK,09:35,04:25 16 Jun,18h 50m,2 stops,No info,13292
IndiGo,3/04/2019,Kolkata,Banglore,CCU → BLR,11:30,14:05,2h 35m,non-stop,No info,4174
Jet Airways,06/03/2019,Banglore,New Delhi,BLR → BOM → DEL,07:00,21:20,14h 20m,1 stop,No info,16736
Jet Airways,12/05/2019,Banglore,Delhi,BLR → DEL,06:00,08:45,2h 45m,non-stop,In-flight meal not included,5198
Multiple carriers,3/06/2019,Delhi,Cochin,DEL → BOM → COK,07:05,19:15,12h 10m,1 stop,No info,15058
IndiGo,3/04/2019,Delhi,Cochin,DEL → BOM → COK,10:35,15:35,5h,1 stop,No info,5073
Multiple carriers,15/05/2019,Delhi,Cochin,DEL → BOM → COK,08:00,19:00,11h,1 stop,No info,10197
SpiceJet,27/06/2019,Chennai,Kolkata,MAA → CCU,17:45,20:05,2h 20m,non-stop,No check-in baggage included,3543
Jet Airways,27/06/2019,Banglore,Delhi,BLR → DEL,17:45,20:45,3h,non-stop,In-flight meal not included,7229
Air India,1/06/2019,Delhi,Cochin,DEL → JAI → BOM → COK,12:00,07:40 02 Jun,19h 40m,2 stops,No info,10966
Jet Airways,24/03/2019,Kolkata,Banglore,CCU → BOM → BLR,13:55,23:25,9h 30m,1 stop,In-flight meal not included,11134
Air Asia,6/04/2019,Kolkata,Banglore,CCU → BLR,22:50,01:20 07 Apr,2h 30m,non-stop,No info,3807
Air India,6/05/2019,Banglore,Delhi,BLR → DEL,13:20,16:10,2h 50m,non-stop,No info,5228
IndiGo,12/06/2019,Chennai,Kolkata,MAA → CCU,14:45,17:05,2h 20m,non-stop,No info,3597
Air Asia,18/05/2019,Banglore,Delhi,BLR → DEL,11:10,13:55,2h 45m,non-stop,No info,4483
Jet Airways,24/06/2019,Delhi,Cochin,DEL → BOM → COK,11:30,04:25 25 Jun,16h 55m,1 stop,In-flight meal not included,10262
SpiceJet,6/06/2019,Delhi,Cochin,DEL → PNQ → COK,08:45,13:15,4h 30m,1 stop,No check-in baggage included,5158
Air India,21/03/2019,Banglore,New Delhi,BLR → COK → DEL,22:00,23:20 19 Mar,25h 20m,1 stop,No info,6010
Jet Airways,12/06/2019,Delhi,Cochin,DEL → NAG → BOM → COK,14:35,12:35 13 Jun,22h,2 stops,No info,13376
Jet Airways,21/03/2019,Delhi,Cochin,DEL → BHO → BOM → COK,05:40,04:25 22 Mar,22h 45m,2 stops,No info,11543
Multiple carriers,6/03/2019,Delhi,Cochin,DEL → BOM → COK,09:55,19:15,9h 20m,1 stop,In-flight meal not included,15342
SpiceJet,15/03/2019,Banglore,New Delhi,BLR → DEL,09:35,12:30,2h 55m,non-stop,No info,6309
Vistara,24/05/2019,Banglore,Delhi,BLR → DEL,19:30,22:15,2h 45m,non-stop,No info,5823
Vistara,24/03/2019,Banglore,New Delhi,BLR → DEL,11:30,14:10,2h 40m,non-stop,No info,5403
SpiceJet,1/06/2019,Kolkata,Banglore,CCU → BLR,06:55,09:30,2h 35m,non-stop,No info,3873
Jet Airways,27/05/2019,Delhi,Cochin,DEL → BOM → COK,21:50,19:00 28 May,21h 10m,1 stop,In-flight meal not included,12898
IndiGo,15/05/2019,Delhi,Cochin,DEL → BOM → COK,17:10,01:30 16 May,8h 20m,1 stop,No info,6979
Air India,12/05/2019,Kolkata,Banglore,CCU → GAU → DEL → BLR,16:45,16:15 13 May,23h 30m,2 stops,No info,13437
Jet Airways,27/03/2019,Delhi,Cochin,DEL → BOM → COK,11:30,04:25 28 Mar,16h 55m,1 stop,In-flight meal not included,6017
Jet Airways,21/03/2019,Delhi,Cochin,DEL → BOM → COK,07:05,12:35,5h 30m,1 stop,In-flight meal not included,14053
IndiGo,6/03/2019,Chennai,Kolkata,MAA → CCU,11:35,14:00,2h 25m,non-stop,No info,7295
Jet Airways,12/06/2019,Kolkata,Banglore,CCU → BOM → BLR,18:55,19:50 13 Jun,24h 55m,1 stop,No info,13044
Jet Airways,3/05/2019,Banglore,Delhi,BLR → DEL,11:10,14:05,2h 55m,non-stop,In-flight meal not included,4030
Air India,06/03/2019,Banglore,New Delhi,BLR → HYD → VGA → DEL,08:15,11:20 07 Mar,27h 5m,2 stops,No info,13942
Jet Airways,12/05/2019,Kolkata,Banglore,CCU → BOM → BLR,06:30,18:15,11h 45m,1 stop,No info,14781
SpiceJet,24/03/2019,Banglore,New Delhi,BLR → DEL,05:45,08:35,2h 50m,non-stop,No info,3579
Air India,27/05/2019,Delhi,Cochin,DEL → GOI → BOM → COK,22:00,19:15 28 May,21h 15m,2 stops,No info,10231
IndiGo,27/05/2019,Delhi,Cochin,DEL → HYD → COK,06:50,12:10,5h 20m,1 stop,No info,5530
Jet Airways,12/05/2019,Kolkata,Banglore,CCU → BOM → BLR,14:05,19:50,5h 45m,1 stop,In-flight meal not included,10844
Air India,6/06/2019,Delhi,Cochin,DEL → BOM → COK,08:00,19:15,11h 15m,1 stop,No info,8372
Jet Airways,9/03/2019,Delhi,Cochin,DEL → BOM → COK,06:50,19:45,12h 55m,1 stop,No info,16289
Air India,6/05/2019,Delhi,Cochin,DEL → GOI → BOM → COK,22:00,19:15 07 May,21h 15m,2 stops,No info,11701
Multiple carriers Premium economy,21/03/2019,Delhi,Cochin,DEL → BOM → COK,06:00,15:30,9h 30m,1 stop,No info,11269
Multiple carriers,18/05/2019,Delhi,Cochin,DEL → BOM → COK,13:00,01:30 19 May,12h 30m,1 stop,No info,9385
Jet Airways,24/05/2019,Kolkata,Banglore,CCU → DEL → BLR,17:00,23:35,6h 35m,1 stop,No info,14151
Jet Airways,9/04/2019,Banglore,Delhi,BLR → DEL,08:20,11:20,3h,non-stop,In-flight meal not included,4544
Jet Airways,12/03/2019,Banglore,New Delhi,BLR → BOM → DEL,20:35,10:45 13 Mar,14h 10m,1 stop,In-flight meal not included,11087
IndiGo,3/06/2019,Kolkata,Banglore,CCU → BLR,04:40,07:15,2h 35m,non-stop,No info,5224
IndiGo,27/06/2019,Kolkata,Banglore,CCU → BLR,09:35,12:10,2h 35m,non-stop,No info,4804
Air India,12/03/2019,Mumbai,Hyderabad,BOM → MAA → HYD,05:55,20:35,14h 40m,1 stop,No info,6901
Multiple carriers,21/03/2019,Delhi,Cochin,DEL → HYD → COK,14:35,22:20,7h 45m,1 stop,In-flight meal not included,5999
Vistara,9/04/2019,Banglore,Delhi,BLR → DEL,21:00,23:50,2h 50m,non-stop,No info,5403
Jet Airways,12/06/2019,Delhi,Cochin,DEL → JAI → BOM → COK,05:30,19:00,13h 30m,2 stops,No info,13014
Jet Airways,6/05/2019,Mumbai,Hyderabad,BOM → HYD,07:05,08:30,1h 25m,non-stop,In-flight meal not included,4995
Jet Airways,21/05/2019,Kolkata,Banglore,CCU → BOM → BLR,06:30,08:15 22 May,25h 45m,1 stop,No info,13941
Jet Airways,3/06/2019,Delhi,Cochin,DEL → IDR → BOM → COK,21:25,19:00 04 Jun,21h 35m,2 stops,In-flight meal not included,11507
Multiple carriers,15/06/2019,Delhi,Cochin,DEL → BOM → COK,08:00,19:00,11h,1 stop,No info,12192
Multiple carriers,27/05/2019,Delhi,Cochin,DEL → BOM → COK,18:00,01:30 28 May,7h 30m,1 stop,No info,7198
IndiGo,21/06/2019,Delhi,Cochin,DEL → COK,14:25,17:40,3h 15m,non-stop,No info,5000
SpiceJet,3/04/2019,Kolkata,Banglore,CCU → BLR,06:55,09:30,2h 35m,non-stop,No check-in baggage included,3841
Jet Airways,21/03/2019,Delhi,Cochin,DEL → BOM → COK,13:00,18:50,5h 50m,1 stop,No info,12347
Vistara,15/06/2019,Chennai,Kolkata,MAA → CCU,17:45,20:05,2h 20m,non-stop,No info,11982
Jet Airways,9/05/2019,Delhi,Cochin,DEL → JAI → BOM → COK,05:30,04:25 10 May,22h 55m,2 stops,In-flight meal not included,13029
Jet Airways,06/03/2019,Banglore,New Delhi,BLR → BOM → DEL,20:35,08:15 07 Mar,11h 40m,1 stop,No info,16736
IndiGo,15/04/2019,Kolkata,Banglore,CCU → BLR,17:15,19:50,2h 35m,non-stop,No info,4174
SpiceJet,27/06/2019,Kolkata,Banglore,CCU → BLR,09:00,11:25,2h 25m,non-stop,No check-in baggage included,3841
Jet Airways,6/03/2019,Delhi,Cochin,DEL → BOM → COK,19:45,19:45 07 Mar,24h,1 stop,No info,17024
IndiGo,24/05/2019,Banglore,Delhi,BLR → DEL,21:15,00:15 25 May,3h,non-stop,No info,3943
IndiGo,3/06/2019,Delhi,Cochin,DEL → HYD → COK,11:55,22:30,10h 35m,1 stop,No info,6442
Air India,9/03/2019,Delhi,Cochin,DEL → HYD → BOM → COK,07:05,19:15 10 Mar,36h 10m,2 stops,No info,11762
SpiceJet,24/04/2019,Kolkata,Banglore,CCU → BLR,09:00,11:25,2h 25m,non-stop,No info,4174
IndiGo,18/06/2019,Kolkata,Banglore,CCU → BLR,04:40,07:15,2h 35m,non-stop,No info,4804
Multiple carriers,6/06/2019,Delhi,Cochin,DEL → BOM → COK,14:00,01:30 07 Jun,11h 30m,1 stop,No info,13377
Jet Airways,1/04/2019,Banglore,Delhi,BLR → DEL,11:10,14:05,2h 55m,non-stop,No info,7229
IndiGo,15/03/2019,Banglore,New Delhi,BLR → DEL,22:20,01:10 16 Mar,2h 50m,non-stop,No info,8855
Multiple carriers,27/06/2019,Delhi,Cochin,DEL → BOM → COK,10:20,19:15,8h 55m,1 stop,No info,7741
Jet Airways,01/03/2019,Banglore,New Delhi,BLR → BOM → DEL,08:00,13:15,5h 15m,1 stop,No info,22270
Multiple carriers,3/06/2019,Delhi,Cochin,DEL → BOM → COK,08:45,21:00,12h 15m,1 stop,No info,7740
Air India,9/06/2019,Kolkata,Banglore,CCU → GAU → DEL → BLR,09:50,12:30 10 Jun,26h 40m,2 stops,No info,14960
Jet Airways,27/03/2019,Delhi,Cochin,DEL → BOM → COK,09:55,18:50,8h 55m,1 stop,No info,12032
Air India,6/03/2019,Mumbai,Hyderabad,BOM → HYD,21:05,22:25,1h 20m,non-stop,No info,5462
Jet Airways,21/03/2019,Delhi,Cochin,DEL → BOM → COK,19:45,18:50 22 Mar,23h 5m,1 stop,No info,12347
Air India,27/03/2019,Chennai,Kolkata,MAA → CCU,11:40,13:55,2h 15m,non-stop,No info,3145
Jet Airways,21/03/2019,Banglore,New Delhi,BLR → BOM → DEL,11:40,20:20,8h 40m,1 stop,In-flight meal not included,7832
IndiGo,21/06/2019,Kolkata,Banglore,CCU → BLR,15:15,17:45,2h 30m,non-stop,No info,4804
IndiGo,9/03/2019,Delhi,Cochin,DEL → MAA → COK,02:05,07:10,5h 5m,1 stop,No info,10482
Jet Airways,18/05/2019,Delhi,Cochin,DEL → BOM → COK,11:30,04:25 19 May,16h 55m,1 stop,In-flight meal not included,12373
Multiple carriers,3/03/2019,Delhi,Cochin,DEL → HYD → COK,07:05,22:20,15h 15m,1 stop,No info,10478
Jet Airways,18/05/2019,Delhi,Cochin,DEL → JAI → BOM → COK,09:40,04:25 19 May,18h 45m,2 stops,In-flight meal not included,13029
Air India,21/03/2019,Delhi,Cochin,DEL → MAA → COK,12:30,09:25 22 Mar,20h 55m,1 stop,No info,6482
Jet Airways,18/05/2019,Delhi,Cochin,DEL → BOM → COK,09:00,19:00,10h,1 stop,No info,15554
Multiple carriers,12/06/2019,Delhi,Cochin,DEL → BOM → COK,08:45,19:00,10h 15m,1 stop,No info,11789
IndiGo,24/03/2019,Kolkata,Banglore,CCU → IXA → BLR,14:30,20:10,5h 40m,1 stop,No info,9413
Air India,9/06/2019,Kolkata,Banglore,CCU → GAU → BLR,16:45,21:05 10 Jun,28h 20m,1 stop,No info,7662
Multiple carriers,21/05/2019,Delhi,Cochin,DEL → BOM → COK,19:00,01:30 22 May,6h 30m,1 stop,No info,7888
Air Asia,15/05/2019,Kolkata,Banglore,CCU → DEL → BLR,07:35,23:30,15h 55m,1 stop,No info,5192
Multiple carriers,24/06/2019,Delhi,Cochin,DEL → BOM → COK,10:20,21:00,10h 40m,1 stop,In-flight meal not included,6007
Jet Airways,27/05/2019,Delhi,Cochin,DEL → BOM → COK,10:00,12:35 28 May,26h 35m,1 stop,In-flight meal not included,12898
Air India,18/03/2019,Banglore,New Delhi,BLR → BOM → NAG → DEL,08:50,10:35 16 Mar,25h 45m,2 stops,No info,11885
Vistara,24/03/2019,Kolkata,Banglore,CCU → DEL → BLR,17:00,22:55,5h 55m,1 stop,No info,14360
Air India,12/05/2019,Kolkata,Banglore,CCU → GAU → DEL → BLR,16:45,12:30 13 May,19h 45m,2 stops,No info,14330
Multiple carriers,27/03/2019,Delhi,Cochin,DEL → HYD → COK,13:05,22:20,9h 15m,1 stop,No info,6076
SpiceJet,1/03/2019,Kolkata,Banglore,CCU → BLR,06:55,09:35,2h 40m,non-stop,No info,4622
Jet Airways,9/05/2019,Kolkata,Banglore,CCU → BOM → BLR,21:10,08:15 10 May,11h 5m,1 stop,No info,14388
Multiple carriers,21/05/2019,Delhi,Cochin,DEL → BOM → COK,08:45,19:00,10h 15m,1 stop,No info,9794
IndiGo,3/06/2019,Kolkata,Banglore,CCU → BLR,15:15,17:45,2h 30m,non-stop,No info,4804
Jet Airways,9/05/2019,Kolkata,Banglore,CCU → BOM → BLR,21:10,04:40 10 May,7h 30m,1 stop,In-flight meal not included,9663
GoAir,9/05/2019,Delhi,Cochin,DEL → AMD → COK,07:25,13:35,6h 10m,1 stop,No info,5842
Multiple carriers,3/03/2019,Delhi,Cochin,DEL → BOM → COK,07:00,15:30,8h 30m,1 stop,No info,15603
IndiGo,3/03/2019,Kolkata,Banglore,CCU → BLR,22:10,00:55 04 Mar,2h 45m,non-stop,No info,5618
IndiGo,3/03/2019,Kolkata,Banglore,CCU → BLR,14:20,16:55,2h 35m,non-stop,No info,6565
SpiceJet,15/04/2019,Delhi,Cochin,DEL → BLR → COK,17:55,22:50,4h 55m,1 stop,No info,5221
Jet Airways,27/06/2019,Delhi,Cochin,DEL → JAI → BOM → COK,09:40,19:00,9h 20m,2 stops,In-flight meal not included,10368
Air India,24/06/2019,Delhi,Cochin,DEL → MAA → COK,20:40,09:25 25 Jun,12h 45m,1 stop,No info,7480
Jet Airways,12/06/2019,Delhi,Cochin,DEL → LKO → BOM → COK,11:45,12:35 13 Jun,24h 50m,2 stops,No info,13882
IndiGo,24/06/2019,Delhi,Cochin,DEL → HYD → COK,06:50,16:10,9h 20m,1 stop,No info,6442
IndiGo,24/06/2019,Banglore,Delhi,BLR → DEL,07:10,10:05,2h 55m,non-stop,No info,4823
SpiceJet,21/05/2019,Kolkata,Banglore,CCU → BLR,17:10,19:40,2h 30m,non-stop,No info,3873
Jet Airways,1/05/2019,Kolkata,Banglore,CCU → DEL → BLR,17:00,10:55 02 May,17h 55m,1 stop,No info,12121
IndiGo,27/04/2019,Banglore,Delhi,BLR → DEL,10:10,13:00,2h 50m,non-stop,No info,4423
Air India,24/06/2019,Kolkata,Banglore,CCU → BLR,14:15,16:45,2h 30m,non-stop,No info,5510
Jet Airways,6/04/2019,Banglore,Delhi,BLR → DEL,08:20,11:20,3h,non-stop,No info,7229
Jet Airways,9/06/2019,Delhi,Cochin,DEL → BOM → COK,19:45,12:35 10 Jun,16h 50m,1 stop,In-flight meal not included,10577
Jet Airways,27/03/2019,Mumbai,Hyderabad,BOM → HYD,10:20,11:50,1h 30m,non-stop,No info,8040
Jet Airways,3/06/2019,Delhi,Cochin,DEL → BOM → COK,13:00,19:00,6h,1 stop,No info,14714
Jet Airways,9/06/2019,Banglore,Delhi,BLR → DEL,06:00,08:45,2h 45m,non-stop,In-flight meal not included,7229
Multiple carriers,21/03/2019,Delhi,Cochin,DEL → HYD → MAA → COK,07:05,21:20,14h 15m,2 stops,No info,6653
IndiGo,24/06/2019,Delhi,Cochin,DEL → HYD → COK,05:05,16:10,11h 5m,1 stop,No info,6442
IndiGo,12/05/2019,Kolkata,Banglore,CCU → BLR,21:25,00:05 13 May,2h 40m,non-stop,No info,4804
Air India,9/05/2019,Delhi,Cochin,DEL → HYD → MAA → COK,13:15,09:25 10 May,20h 10m,2 stops,No info,9417
Jet Airways,24/05/2019,Kolkata,Banglore,CCU → BOM → BLR,18:55,19:50 25 May,24h 55m,1 stop,In-flight meal not included,10844
Jet Airways,12/05/2019,Banglore,Delhi,BLR → DEL,17:45,20:45,3h,non-stop,No info,7229
Jet Airways,6/03/2019,Delhi,Cochin,DEL → BOM → COK,09:00,18:50,9h 50m,1 stop,In-flight meal not included,15400
IndiGo,15/06/2019,Delhi,Cochin,DEL → BOM → COK,08:30,21:00,12h 30m,1 stop,No info,6416
Air India,3/04/2019,Banglore,Delhi,BLR → DEL,13:20,16:10,2h 50m,non-stop,No info,5176
IndiGo,21/03/2019,Delhi,Cochin,DEL → BOM → COK,16:00,01:35 22 Mar,9h 35m,1 stop,No info,9264
Multiple carriers,6/06/2019,Delhi,Cochin,DEL → BOM → COK,09:00,21:00,12h,1 stop,No info,13587
SpiceJet,1/05/2019,Chennai,Kolkata,MAA → CCU,08:20,10:35,2h 15m,non-stop,No info,3597
Air Asia,27/04/2019,Banglore,Delhi,BLR → DEL,04:55,07:45,2h 50m,non-stop,No info,4282
Jet Airways,27/06/2019,Mumbai,Hyderabad,BOM → HYD,07:05,08:30,1h 25m,non-stop,In-flight meal not included,4995
IndiGo,1/06/2019,Kolkata,Banglore,CCU → BLR,20:20,22:55,2h 35m,non-stop,No info,4804
Jet Airways,6/05/2019,Kolkata,Banglore,CCU → BOM → BLR,06:30,16:20,9h 50m,1 stop,In-flight meal not included,10844
Jet Airways,1/06/2019,Delhi,Cochin,DEL → BOM → COK,21:50,12:35 02 Jun,14h 45m,1 stop,No info,14714
Jet Airways,6/06/2019,Kolkata,Banglore,CCU → BOM → BLR,21:10,09:20 07 Jun,12h 10m,1 stop,No info,14571
Jet Airways,21/03/2019,Banglore,New Delhi,BLR → BOM → DEL,11:40,11:25 19 Mar,23h 45m,1 stop,In-flight meal not included,7832
Jet Airways,1/04/2019,Kolkata,Banglore,CCU → DEL → BLR,20:25,18:00 02 Apr,21h 35m,1 stop,No info,11467
Jet Airways,9/05/2019,Kolkata,Banglore,CCU → DEL → BLR,17:00,10:55 10 May,17h 55m,1 stop,No info,10953
IndiGo,9/03/2019,Kolkata,Banglore,CCU → BLR,20:25,23:05,2h 40m,non-stop,No info,4148
SpiceJet,9/05/2019,Kolkata,Banglore,CCU → BLR,09:00,11:25,2h 25m,non-stop,No info,3873
IndiGo,27/04/2019,Banglore,Delhi,BLR → DEL,22:10,01:00 28 Apr,2h 50m,non-stop,No info,3943
Air Asia,27/03/2019,Delhi,Cochin,DEL → BLR → COK,16:45,22:15,5h 30m,1 stop,No info,6151
Vistara,12/03/2019,Mumbai,Hyderabad,BOM → DEL → HYD,08:45,22:55,14h 10m,1 stop,No info,12080
Jet Airways,9/05/2019,Kolkata,Banglore,CCU → BOM → BLR,20:00,10:05 10 May,14h 5m,1 stop,No info,13584
IndiGo,6/05/2019,Delhi,Cochin,DEL → BOM → COK,11:25,01:30 07 May,14h 5m,1 stop,No info,6979
Air Asia,09/03/2019,Banglore,New Delhi,BLR → DEL,23:25,02:10 13 Mar,2h 45m,non-stop,No info,4482
IndiGo,1/04/2019,Kolkata,Banglore,CCU → NAG → BLR,18:05,23:30,5h 25m,1 stop,No info,6284
IndiGo,24/05/2019,Kolkata,Banglore,CCU → BBI → BLR,19:35,23:15,3h 40m,1 stop,No info,4226
IndiGo,9/03/2019,Delhi,Cochin,DEL → HYD → COK,06:40,16:10,9h 30m,1 stop,No info,6442
Jet Airways,18/05/2019,Delhi,Cochin,DEL → BOM → COK,19:45,04:25 19 May,8h 40m,1 stop,In-flight meal not included,12373
Jet Airways,12/03/2019,Banglore,New Delhi,BLR → BDQ → DEL,05:50,15:00,9h 10m,1 stop,No info,11297
Air India,24/05/2019,Kolkata,Banglore,CCU → DEL → COK → BLR,10:00,01:20 25 May,15h 20m,2 stops,No info,14083
Jet Airways,3/06/2019,Delhi,Cochin,DEL → COK,11:00,14:15,3h 15m,non-stop,In-flight meal not included,7202
Multiple carriers,21/03/2019,Delhi,Cochin,DEL → BOM → COK,09:00,18:50,9h 50m,1 stop,No info,11667
Jet Airways,24/05/2019,Kolkata,Banglore,CCU → BOM → BLR,18:55,18:15 25 May,23h 20m,1 stop,In-flight meal not included,10844
Air India,15/03/2019,Banglore,New Delhi,BLR → MAA → DEL,11:50,08:55 16 Mar,21h 5m,1 stop,No info,5932
Multiple carriers,24/06/2019,Delhi,Cochin,DEL → BOM → COK,08:45,19:15,10h 30m,1 stop,No info,9001
Jet Airways,6/06/2019,Kolkata,Banglore,CCU → DEL → BLR,17:00,23:35,6h 35m,1 stop,In-flight meal not included,13469
IndiGo,15/06/2019,Mumbai,Hyderabad,BOM → HYD,21:20,22:50,1h 30m,non-stop,No info,2227
IndiGo,15/05/2019,Delhi,Cochin,DEL → MAA → COK,07:15,12:30,5h 15m,1 stop,No info,5636
Multiple carriers,6/06/2019,Delhi,Cochin,DEL → IDR → BOM → COK,15:05,01:30 07 Jun,10h 25m,2 stops,No info,15965
IndiGo,24/06/2019,Delhi,Cochin,DEL → BOM → COK,20:25,01:30 25 Jun,5h 5m,1 stop,No info,5054
Multiple carriers,21/03/2019,Delhi,Cochin,DEL → HYD → COK,07:10,16:10,9h,1 stop,In-flight meal not included,5999
IndiGo,1/05/2019,Banglore,Delhi,BLR → DEL,07:10,10:05,2h 55m,non-stop,No info,4823
SpiceJet,12/06/2019,Kolkata,Banglore,CCU → KNU → BLR,11:35,18:50,7h 15m,1 stop,No info,8479
Vistara,15/05/2019,Kolkata,Banglore,CCU → DEL → BLR,07:10,22:40,15h 30m,1 stop,No info,8452
Jet Airways,3/06/2019,Delhi,Cochin,DEL → BOM → COK,08:00,19:00,11h,1 stop,No info,14924
Air India,3/06/2019,Delhi,Cochin,DEL → AMD → BOM → COK,19:45,19:15 04 Jun,23h 30m,2 stops,No info,10441
Multiple carriers,21/05/2019,Delhi,Cochin,DEL → BOM → COK,06:00,21:00,15h,1 stop,No info,7485
Jet Airways,6/06/2019,Banglore,Delhi,BLR → DEL,08:20,11:20,3h,non-stop,In-flight meal not included,6478
Jet Airways,27/05/2019,Delhi,Cochin,DEL → AMD → BOM → COK,13:25,19:00 28 May,29h 35m,2 stops,No info,15129
IndiGo,1/05/2019,Kolkata,Banglore,CCU → HYD → BLR,19:20,23:45,4h 25m,1 stop,No info,3809
Jet Airways,24/06/2019,Delhi,Cochin,DEL → BOM → COK,08:00,19:00,11h,1 stop,1 Long layover,18581
IndiGo,9/06/2019,Kolkata,Banglore,CCU → BLR,22:15,00:50 10 Jun,2h 35m,non-stop,No info,5224
IndiGo,9/05/2019,Delhi,Cochin,DEL → BOM → COK,17:10,01:30 10 May,8h 20m,1 stop,No info,8330
Air India,9/06/2019,Banglore,Delhi,BLR → DEL,10:00,12:45,2h 45m,non-stop,No info,6961
Jet Airways,9/06/2019,Delhi,Cochin,DEL → BOM → COK,08:00,19:00,11h,1 stop,In-flight meal not included,10262
IndiGo,21/06/2019,Mumbai,Hyderabad,BOM → HYD,02:35,04:05,1h 30m,non-stop,No info,2754
Multiple carriers,18/05/2019,Delhi,Cochin,DEL → BOM → COK,15:00,01:30 19 May,10h 30m,1 stop,No info,13727
GoAir,27/04/2019,Banglore,Delhi,BLR → DEL,20:55,23:40,2h 45m,non-stop,No info,3898
Jet Airways,12/03/2019,Banglore,New Delhi,BLR → BOM → DEL,22:55,12:25 13 Mar,13h 30m,1 stop,In-flight meal not included,11087
Air Asia,6/04/2019,Banglore,Delhi,BLR → DEL,23:55,02:45 07 Apr,2h 50m,non-stop,No info,3383
Jet Airways,21/03/2019,Delhi,Cochin,DEL → BOM → COK,17:30,18:50 22 Mar,25h 20m,1 stop,No info,12557
Jet Airways,21/03/2019,Delhi,Cochin,DEL → IXC → BOM → COK,06:20,04:25 22 Mar,22h 5m,2 stops,In-flight meal not included,8273
Air India,12/03/2019,Mumbai,Hyderabad,BOM → RPR → VTZ → HYD,10:05,19:10,9h 5m,2 stops,No info,9736
Jet Airways,24/06/2019,Delhi,Cochin,DEL → BOM → COK,17:30,19:00 25 Jun,25h 30m,1 stop,In-flight meal not included,10262
Jet Airways,9/04/2019,Delhi,Cochin,DEL → IDR → BOM → COK,05:30,19:00,13h 30m,2 stops,No info,11664
IndiGo,1/05/2019,Banglore,Delhi,BLR → DEL,23:30,02:20 02 May,2h 50m,non-stop,No info,4591
Jet Airways,18/03/2019,Banglore,New Delhi,BLR → BOM → DEL,14:05,19:10,5h 5m,1 stop,In-flight meal not included,13502
Air India,27/06/2019,Delhi,Cochin,DEL → BOM → COK,13:00,19:15,6h 15m,1 stop,No info,8372
Air India,21/04/2019,Banglore,Delhi,BLR → DEL,06:10,08:55,2h 45m,non-stop,No info,6121
Vistara,21/03/2019,Banglore,New Delhi,BLR → DEL,16:00,18:35,2h 35m,non-stop,No info,5613
IndiGo,6/04/2019,Delhi,Cochin,DEL → HYD → COK,06:50,12:10,5h 20m,1 stop,No info,5298
Jet Airways,9/03/2019,Delhi,Cochin,DEL → BOM → COK,02:15,19:45,17h 30m,1 stop,No info,15764
Air Asia,15/06/2019,Delhi,Cochin,DEL → BLR → COK,07:55,22:25,14h 30m,1 stop,No info,6253
Jet Airways,18/05/2019,Kolkata,Banglore,CCU → BOM → BLR,05:45,12:00,6h 15m,1 stop,In-flight meal not included,8586
Jet Airways,27/03/2019,Delhi,Cochin,DEL → IXC → BOM → COK,06:20,04:25 28 Mar,22h 5m,2 stops,No info,12273
IndiGo,15/05/2019,Mumbai,Hyderabad,BOM → HYD,21:20,22:50,1h 30m,non-stop,No info,2227
Jet Airways,12/06/2019,Banglore,Delhi,BLR → DEL,19:50,22:50,3h,non-stop,In-flight meal not included,5769
Vistara,18/04/2019,Delhi,Cochin,DEL → COK,14:40,17:50,3h 10m,non-stop,No info,6216
IndiGo,3/06/2019,Delhi,Cochin,DEL → BLR → COK,02:00,07:45,5h 45m,1 stop,No info,6386
Multiple carriers,1/06/2019,Delhi,Cochin,DEL → BOM → COK,10:00,19:15,9h 15m,1 stop,No info,16108
SpiceJet,24/05/2019,Kolkata,Banglore,CCU → BLR,22:20,00:40 25 May,2h 20m,non-stop,No info,3873
IndiGo,9/04/2019,Delhi,Cochin,DEL → BOM → COK,10:35,01:30 10 Apr,14h 55m,1 stop,No info,6270
Air India,12/04/2019,Banglore,Delhi,BLR → DEL,21:05,23:55,2h 50m,non-stop,No info,5911
Multiple carriers,6/03/2019,Delhi,Cochin,DEL → BOM → COK,09:10,19:15,10h 5m,1 stop,No info,15077
Jet Airways,01/03/2019,Banglore,New Delhi,BLR → BOM → DEL,20:35,11:25 02 Mar,14h 50m,1 stop,No info,31825
SpiceJet,6/05/2019,Kolkata,Banglore,CCU → KNU → BLR,11:35,18:50,7h 15m,1 stop,No info,8479
Vistara,12/05/2019,Kolkata,Banglore,CCU → DEL → BLR,07:10,09:05 13 May,25h 55m,1 stop,No info,9397
Jet Airways,3/06/2019,Delhi,Cochin,DEL → BOM → COK,09:00,12:35 04 Jun,27h 35m,1 stop,In-flight meal not included,10262
IndiGo,3/04/2019,Delhi,Cochin,DEL → COK,05:35,08:50,3h 15m,non-stop,No info,4729
Jet Airways,1/06/2019,Delhi,Cochin,DEL → BOM → COK,17:30,19:00 02 Jun,25h 30m,1 stop,No info,14714
IndiGo,15/05/2019,Kolkata,Banglore,CCU → BLR,17:15,19:50,2h 35m,non-stop,No info,4804
IndiGo,3/06/2019,Kolkata,Banglore,CCU → BLR,20:25,23:10,2h 45m,non-stop,No info,4804
Air India,1/04/2019,Mumbai,Hyderabad,BOM → HYD,21:05,22:25,1h 20m,non-stop,No info,2050
Multiple carriers,27/03/2019,Delhi,Cochin,DEL → BOM → COK,07:30,19:15,11h 45m,1 stop,No info,8371
Multiple carriers,27/06/2019,Delhi,Cochin,DEL → BOM → COK,10:00,19:00,9h,1 stop,No info,12192
Multiple carriers Premium economy,21/03/2019,Delhi,Cochin,DEL → BOM → COK,06:00,18:50,12h 50m,1 stop,No info,14629
IndiGo,9/04/2019,Banglore,Delhi,BLR → DEL,18:25,21:20,2h 55m,non-stop,No info,4823
Multiple carriers,9/05/2019,Delhi,Cochin,DEL → BOM → COK,13:00,19:15,6h 15m,1 stop,No info,14323
Jet Airways,9/05/2019,Delhi,Cochin,DEL → AMD → BOM → COK,13:25,12:35 10 May,23h 10m,2 stops,No info,15129
IndiGo,18/05/2019,Delhi,Cochin,DEL → BOM → COK,06:40,21:00,14h 20m,1 stop,No info,6758
Multiple carriers,21/05/2019,Delhi,Cochin,DEL → BOM → COK,09:00,19:15,10h 15m,1 stop,No info,14848
Air India,03/03/2019,Banglore,New Delhi,BLR → BOM → NAG → DEL,06:45,10:35 07 Mar,27h 50m,2 stops,No info,12358
Jet Airways,21/05/2019,Banglore,Delhi,BLR → DEL,18:55,22:00,3h 5m,non-stop,In-flight meal not included,4030
Air India,9/03/2019,Kolkata,Banglore,CCU → BLR,14:15,16:45,2h 30m,non-stop,No info,4960
Air India,27/03/2019,Delhi,Cochin,DEL → AMD → BOM → COK,16:40,19:15 28 Mar,26h 35m,2 stops,No info,8656
IndiGo,6/03/2019,Delhi,Cochin,DEL → BOM → COK,09:10,21:00,11h 50m,1 stop,No info,14871
GoAir,27/03/2019,Delhi,Cochin,DEL → AMD → COK,06:00,13:20,7h 20m,1 stop,No info,4563
IndiGo,6/03/2019,Mumbai,Hyderabad,BOM → HYD,21:20,22:45,1h 25m,non-stop,No info,4784
IndiGo,1/06/2019,Banglore,Delhi,BLR → DEL,20:00,22:50,2h 50m,non-stop,No info,4823
Vistara,3/05/2019,Chennai,Kolkata,MAA → CCU,07:05,09:20,2h 15m,non-stop,No info,3687
Jet Airways,27/04/2019,Banglore,Delhi,BLR → DEL,15:15,18:10,2h 55m,non-stop,No info,7229
Jet Airways,15/04/2019,Banglore,Delhi,BLR → DEL,07:10,10:10,3h,non-stop,No info,7229
Air India,21/04/2019,Delhi,Cochin,DEL → BLR → COK,06:10,23:00,16h 50m,1 stop,No info,7174
Air India,21/03/2019,Delhi,Cochin,DEL → CCU → BOM → COK,06:50,07:40 22 Mar,24h 50m,2 stops,No info,11071
IndiGo,15/05/2019,Delhi,Cochin,DEL → BOM → COK,04:55,21:00,16h 5m,1 stop,No info,6979
IndiGo,15/05/2019,Chennai,Kolkata,MAA → CCU,07:55,10:15,2h 20m,non-stop,No info,3850
Jet Airways,12/06/2019,Kolkata,Banglore,CCU → BOM → BLR,20:00,09:20 13 Jun,13h 20m,1 stop,No info,13044
Jet Airways,18/05/2019,Delhi,Cochin,DEL → BOM → COK,20:55,04:25 19 May,7h 30m,1 stop,In-flight meal not included,12373
Air India,18/05/2019,Delhi,Cochin,DEL → UDR → BOM → COK,13:20,07:40 19 May,18h 20m,2 stops,No info,13801
IndiGo,1/06/2019,Banglore,Delhi,BLR → DEL,08:30,11:20,2h 50m,non-stop,No info,4823
Air India,9/06/2019,Delhi,Cochin,DEL → TRV → COK,05:15,06:50 10 Jun,25h 35m,1 stop,No info,6587
IndiGo,3/06/2019,Mumbai,Hyderabad,BOM → HYD,20:05,21:40,1h 35m,non-stop,No info,2227
Jet Airways,9/06/2019,Kolkata,Banglore,CCU → DEL → BLR,17:00,14:25 10 Jun,21h 25m,1 stop,No info,14151
Air India,01/03/2019,Banglore,New Delhi,BLR → BOM → BHO → DEL,08:50,23:25 02 Mar,38h 35m,2 stops,No info,25430
SpiceJet,27/06/2019,Banglore,Delhi,BLR → DEL,21:10,00:05 28 Jun,2h 55m,non-stop,No check-in baggage included,4319
Air India,3/03/2019,Delhi,Cochin,DEL → BOM → COK,04:00,07:40 04 Mar,27h 40m,1 stop,No info,14462
Jet Airways,21/05/2019,Kolkata,Banglore,CCU → BOM → BLR,06:30,10:05 22 May,27h 35m,1 stop,In-flight meal not included,8586
Air India,9/06/2019,Kolkata,Banglore,CCU → GAU → BLR,09:50,21:05,11h 15m,1 stop,No info,7662
Jet Airways,3/05/2019,Mumbai,Hyderabad,BOM → HYD,07:05,08:30,1h 25m,non-stop,In-flight meal not included,4995
Multiple carriers,9/06/2019,Delhi,Cochin,DEL → BOM → COK,09:00,21:00,12h,1 stop,No info,7408
Jet Airways,15/03/2019,Mumbai,Hyderabad,BOM → HYD,19:35,21:05,1h 30m,non-stop,No info,5678
Jet Airways,9/06/2019,Mumbai,Hyderabad,BOM → HYD,19:35,21:05,1h 30m,non-stop,No info,5678
Jet Airways,01/03/2019,Banglore,New Delhi,BLR → BOM → DEL,08:55,00:45 02 Mar,15h 50m,1 stop,No info,26890
Air India,6/03/2019,Mumbai,Hyderabad,BOM → BHO → DEL → HYD,06:00,19:25 07 Mar,37h 25m,2 stops,No info,13904
Jet Airways,1/06/2019,Delhi,Cochin,DEL → ATQ → BOM → COK,20:00,04:25 02 Jun,8h 25m,2 stops,In-flight meal not included,15318
Vistara,15/05/2019,Kolkata,Banglore,CCU → DEL → BLR,20:20,22:40 16 May,26h 20m,1 stop,No info,8452
IndiGo,9/06/2019,Delhi,Cochin,DEL → BOM → COK,10:35,21:00,10h 25m,1 stop,No info,6314
Air India,1/05/2019,Kolkata,Banglore,CCU → DEL → BLR,10:00,20:25,10h 25m,1 stop,No info,10203
SpiceJet,15/06/2019,Chennai,Kolkata,MAA → CCU,08:20,10:35,2h 15m,non-stop,No info,3597
Multiple carriers,12/06/2019,Delhi,Cochin,DEL → BOM → COK,10:20,19:15,8h 55m,1 stop,No info,8266
Jet Airways,18/05/2019,Delhi,Cochin,DEL → BOM → COK,21:50,12:35 19 May,14h 45m,1 stop,In-flight meal not included,12373
Jet Airways,01/03/2019,Banglore,New Delhi,BLR → BOM → DEL,14:05,21:20,7h 15m,1 stop,No info,36235
IndiGo,3/03/2019,Delhi,Cochin,DEL → BOM → COK,08:25,21:00,12h 35m,1 stop,No info,14871
Jet Airways,12/04/2019,Banglore,Delhi,BLR → DEL,17:45,20:45,3h,non-stop,No info,7229
IndiGo,24/04/2019,Kolkata,Banglore,CCU → BLR,22:15,00:50 25 Apr,2h 35m,non-stop,No info,4804
IndiGo,03/03/2019,Banglore,New Delhi,BLR → DEL,20:00,22:55,2h 55m,non-stop,No info,7303
Multiple carriers,1/06/2019,Delhi,Cochin,DEL → BOM → COK,11:30,21:00,9h 30m,1 stop,No info,13587
Multiple carriers,18/05/2019,Delhi,Cochin,DEL → HYD → COK,14:55,22:30,7h 35m,1 stop,No info,7740
IndiGo,1/03/2019,Chennai,Kolkata,MAA → CCU,14:40,17:05,2h 25m,non-stop,No info,7295
Multiple carriers,3/03/2019,Delhi,Cochin,DEL → BOM → COK,18:15,01:35 04 Mar,7h 20m,1 stop,No info,18916
Multiple carriers,21/05/2019,Delhi,Cochin,DEL → BOM → COK,12:50,19:15,6h 25m,1 stop,No info,8266
Jet Airways,18/05/2019,Delhi,Cochin,DEL → BOM → COK,02:15,04:25 19 May,26h 10m,1 stop,In-flight meal not included,12373
Multiple carriers,18/05/2019,Delhi,Cochin,DEL → HYD → COK,13:15,22:30,9h 15m,1 stop,No info,11188
Jet Airways,18/05/2019,Kolkata,Banglore,CCU → DEL → BLR,09:35,18:00,8h 25m,1 stop,No info,14151
Jet Airways,1/06/2019,Delhi,Cochin,DEL → BOM → COK,08:00,19:00,11h,1 stop,No info,14714
Jet Airways,6/04/2019,Banglore,Delhi,BLR → DEL,07:10,10:10,3h,non-stop,No info,7229
Jet Airways,27/03/2019,Delhi,Cochin,DEL → BOM → COK,09:00,04:25 28 Mar,19h 25m,1 stop,No info,12242
Jet Airways,15/03/2019,Banglore,New Delhi,BLR → BOM → DEL,07:00,12:25,5h 25m,1 stop,In-flight meal not included,9134
IndiGo,1/05/2019,Banglore,Delhi,BLR → DEL,22:10,01:00 02 May,2h 50m,non-stop,No info,3943
Air India,1/06/2019,Banglore,Delhi,BLR → DEL,10:00,12:45,2h 45m,non-stop,No info,6961
Jet Airways,12/03/2019,Mumbai,Hyderabad,BOM → JDH → DEL → HYD,08:15,16:35,8h 20m,2 stops,No info,23843
SpiceJet,24/05/2019,Chennai,Kolkata,MAA → CCU,09:45,12:00,2h 15m,non-stop,No info,3597
Multiple carriers,27/06/2019,Delhi,Cochin,DEL → BOM → COK,13:00,21:00,8h,1 stop,No info,7408
SpiceJet,27/05/2019,Banglore,Delhi,BLR → DEL,05:55,08:35,2h 40m,non-stop,No check-in baggage included,3257
SpiceJet,6/05/2019,Mumbai,Hyderabad,BOM → HYD,05:45,07:15,1h 30m,non-stop,No check-in baggage included,1965
Multiple carriers,27/03/2019,Delhi,Cochin,DEL → BOM → COK,06:40,19:15,12h 35m,1 stop,No info,9100
Air India,18/06/2019,Mumbai,Hyderabad,BOM → HYD,19:30,20:45,1h 15m,non-stop,No info,3100
Jet Airways,01/03/2019,Banglore,New Delhi,BLR → BOM → DEL,08:00,18:25,10h 25m,1 stop,No info,26890
Jet Airways,24/06/2019,Banglore,Delhi,BLR → DEL,17:45,20:45,3h,non-stop,No info,8016
Air India,24/03/2019,Kolkata,Banglore,CCU → DEL → BLR,20:30,20:25 25 Mar,23h 55m,1 stop,No info,12173
IndiGo,27/05/2019,Delhi,Cochin,DEL → BOM → COK,04:55,21:00,16h 5m,1 stop,No info,8784
IndiGo,9/05/2019,Delhi,Cochin,DEL → HYD → COK,06:50,12:10,5h 20m,1 stop,No info,5298
Jet Airways,09/03/2019,Banglore,New Delhi,BLR → BOM → DEL,08:55,09:30 13 Mar,24h 35m,1 stop,In-flight meal not included,11087
SpiceJet,9/06/2019,Delhi,Cochin,DEL → BLR → COK,17:55,22:50,4h 55m,1 stop,No info,5409
GoAir,1/05/2019,Delhi,Cochin,DEL → AMD → COK,07:25,13:35,6h 10m,1 stop,No info,5842
Jet Airways,18/03/2019,Mumbai,Hyderabad,BOM → HYD,15:50,17:20,1h 30m,non-stop,In-flight meal not included,2228
SpiceJet,6/05/2019,Chennai,Kolkata,MAA → CCU,17:45,20:05,2h 20m,non-stop,No check-in baggage included,3543
IndiGo,21/05/2019,Kolkata,Banglore,CCU → PNQ → BLR,21:00,02:15 22 May,5h 15m,1 stop,No info,7228
IndiGo,15/04/2019,Delhi,Cochin,DEL → HYD → COK,05:05,12:10,7h 5m,1 stop,No info,6287
Multiple carriers,27/06/2019,Delhi,Cochin,DEL → BOM → COK,13:00,01:30 28 Jun,12h 30m,1 stop,No info,13377
IndiGo,3/03/2019,Kolkata,Banglore,CCU → BLR,17:15,20:00,2h 45m,non-stop,No info,6985
Air India,3/06/2019,Delhi,Cochin,DEL → BOM → COK,13:00,19:15,6h 15m,1 stop,No info,8372
Air India,21/05/2019,Kolkata,Banglore,CCU → BOM → AMD → BLR,09:25,05:25 22 May,20h,2 stops,No info,14687
Jet Airways,9/03/2019,Delhi,Cochin,DEL → COK,11:00,14:15,3h 15m,non-stop,No info,9564
Vistara,12/03/2019,Mumbai,Hyderabad,BOM → DEL → HYD,08:45,16:45,8h,1 stop,No info,12080
Multiple carriers,3/06/2019,Delhi,Cochin,DEL → IXU → BOM → COK,17:50,01:30 04 Jun,7h 40m,2 stops,No info,18275
IndiGo,6/06/2019,Delhi,Cochin,DEL → BOM → COK,07:30,21:00,13h 30m,1 stop,No info,6093
Jet Airways,9/03/2019,Delhi,Cochin,DEL → BHO → BOM → COK,05:40,04:25 10 Mar,22h 45m,2 stops,No info,14861
IndiGo,18/05/2019,Kolkata,Banglore,CCU → BLR,11:30,14:05,2h 35m,non-stop,No info,4804
Jet Airways,1/05/2019,Kolkata,Banglore,CCU → DEL → BLR,20:25,19:10 02 May,22h 45m,1 stop,In-flight meal not included,9314
Multiple carriers,9/05/2019,Delhi,Cochin,DEL → BOM → COK,08:45,19:00,10h 15m,1 stop,No info,9794
Jet Airways,21/05/2019,Delhi,Cochin,DEL → JAI → BOM → COK,05:30,19:00,13h 30m,2 stops,In-flight meal not included,13029
SpiceJet,3/06/2019,Kolkata,Banglore,CCU → BLR,17:10,19:40,2h 30m,non-stop,No check-in baggage included,3841
Jet Airways,18/03/2019,Banglore,New Delhi,BLR → BOM → DEL,08:00,13:15,5h 15m,1 stop,No info,12284
Jet Airways,9/06/2019,Delhi,Cochin,DEL → BOM → COK,21:50,04:25 10 Jun,6h 35m,1 stop,No info,14714
Jet Airways,1/04/2019,Kolkata,Banglore,CCU → BOM → BLR,06:30,22:35,16h 5m,1 stop,In-flight meal not included,7064
Jet Airways,18/05/2019,Banglore,Delhi,BLR → DEL,07:10,10:10,3h,non-stop,In-flight meal not included,5198
Jet Airways,15/05/2019,Kolkata,Banglore,CCU → BOM → BLR,06:30,16:20,9h 50m,1 stop,No info,14781
Air India,24/06/2019,Delhi,Cochin,DEL → CCU → BOM → COK,20:15,19:15 25 Jun,23h,2 stops,No info,13381
Air India,1/06/2019,Delhi,Cochin,DEL → COK,05:10,08:00,2h 50m,non-stop,No info,6094
IndiGo,1/06/2019,Delhi,Cochin,DEL → HYD → COK,06:50,12:10,5h 20m,1 stop,No info,5298
Multiple carriers,27/06/2019,Delhi,Cochin,DEL → BOM → COK,10:00,21:00,11h,1 stop,No info,7408
Jet Airways,12/05/2019,Kolkata,Banglore,CCU → BOM → BLR,21:10,12:00 13 May,14h 50m,1 stop,No info,14388
Air India,24/06/2019,Delhi,Cochin,DEL → AMD → BOM → COK,19:45,19:15 25 Jun,23h 30m,2 stops,No info,9443
Air India,3/03/2019,Delhi,Cochin,DEL → HYD → BOM → COK,07:05,19:15 04 Mar,36h 10m,2 stops,No info,11762
Air India,27/06/2019,Delhi,Cochin,DEL → MAA → COK,12:30,09:25 28 Jun,20h 55m,1 stop,No info,7480
IndiGo,15/03/2019,Delhi,Cochin,DEL → COK,05:35,08:50,3h 15m,non-stop,No info,5406
Jet Airways,12/06/2019,Delhi,Cochin,DEL → COK,11:00,14:15,3h 15m,non-stop,No info,9564
Jet Airways,9/06/2019,Delhi,Cochin,DEL → JAI → BOM → COK,09:40,19:00,9h 20m,2 stops,In-flight meal not included,10368
IndiGo,9/05/2019,Delhi,Cochin,DEL → MAA → COK,07:15,12:30,5h 15m,1 stop,No info,5636
SpiceJet,9/05/2019,Mumbai,Hyderabad,BOM → HYD,22:45,00:15 10 May,1h 30m,non-stop,No check-in baggage included,1965
Jet Airways,12/06/2019,Kolkata,Banglore,CCU → BOM → BLR,21:10,04:40 13 Jun,7h 30m,1 stop,No info,12739
IndiGo,12/03/2019,Kolkata,Banglore,CCU → BLR,14:20,16:55,2h 35m,non-stop,No info,4148
IndiGo,9/05/2019,Delhi,Cochin,DEL → BOM → COK,06:40,21:00,14h 20m,1 stop,No info,7191
Jet Airways,6/06/2019,Delhi,Cochin,DEL → BOM → COK,07:05,04:25 07 Jun,21h 20m,1 stop,In-flight meal not included,10262
Vistara,24/03/2019,Kolkata,Banglore,CCU → DEL → BLR,09:55,20:25,10h 30m,1 stop,No info,12312
Jet Airways,3/06/2019,Delhi,Cochin,DEL → BOM → COK,18:15,19:00 04 Jun,24h 45m,1 stop,In-flight meal not included,10262
Jet Airways,15/06/2019,Delhi,Cochin,DEL → COK,11:00,14:15,3h 15m,non-stop,No info,9564
Jet Airways,24/03/2019,Kolkata,Banglore,CCU → BOM → BLR,06:30,04:45 25 Mar,22h 15m,1 stop,No info,13759
Vistara,6/05/2019,Kolkata,Banglore,CCU → DEL → BLR,17:00,20:20 07 May,27h 20m,1 stop,No info,8610
Jet Airways,15/06/2019,Delhi,Cochin,DEL → BOM → COK,13:00,19:00,6h,1 stop,No info,14714
IndiGo,3/06/2019,Banglore,Delhi,BLR → DEL,08:30,11:20,2h 50m,non-stop,No info,4823
Air Asia,27/05/2019,Delhi,Cochin,DEL → BLR → COK,07:55,15:45,7h 50m,1 stop,No info,6451
Jet Airways,21/05/2019,Delhi,Cochin,DEL → BOM → COK,14:00,19:00,5h,1 stop,No info,16079
Jet Airways,1/06/2019,Delhi,Cochin,DEL → COK,11:00,14:15,3h 15m,non-stop,In-flight meal not included,7202
IndiGo,24/03/2019,Banglore,New Delhi,BLR → DEL,23:30,02:20 22 Mar,2h 50m,non-stop,No info,4944
SpiceJet,1/06/2019,Banglore,Delhi,BLR → DEL,05:55,08:35,2h 40m,non-stop,No info,3625
Jet Airways,9/05/2019,Kolkata,Banglore,CCU → BOM → BLR,14:05,12:00 10 May,21h 55m,1 stop,In-flight meal not included,9663
Multiple carriers,15/05/2019,Delhi,Cochin,DEL → BOM → COK,10:20,19:00,8h 40m,1 stop,No info,9794
SpiceJet,1/05/2019,Mumbai,Hyderabad,BOM → HYD,13:15,14:45,1h 30m,non-stop,No info,2437
Multiple carriers,15/06/2019,Delhi,Cochin,DEL → BOM → COK,10:00,01:30 16 Jun,15h 30m,1 stop,No info,13377
Jet Airways,6/06/2019,Kolkata,Banglore,CCU → BOM → BLR,20:00,04:40 07 Jun,8h 40m,1 stop,In-flight meal not included,8586
Jet Airways,06/03/2019,Banglore,New Delhi,BLR → BOM → DEL,08:55,15:15,6h 20m,1 stop,No info,19225
Jet Airways,18/05/2019,Delhi,Cochin,DEL → BOM → COK,22:50,04:25 19 May,5h 35m,1 stop,No info,15554
Jet Airways,1/05/2019,Kolkata,Banglore,CCU → DEL → BLR,09:35,22:05,12h 30m,1 stop,No info,12121
IndiGo,27/05/2019,Banglore,Delhi,BLR → DEL,10:10,13:00,2h 50m,non-stop,No info,3943
Jet Airways,18/03/2019,Banglore,New Delhi,BLR → BOM → DEL,21:25,09:00 16 Mar,11h 35m,1 stop,No info,13555
IndiGo,21/06/2019,Banglore,Delhi,BLR → DEL,18:15,21:20,3h 5m,non-stop,No info,4990
Air India,6/03/2019,Delhi,Cochin,DEL → BLR → COK,20:30,23:00 07 Mar,26h 30m,1 stop,No info,8854
Multiple carriers,27/05/2019,Delhi,Cochin,DEL → HYD → COK,07:10,16:10,9h,1 stop,No info,7878
Vistara,03/03/2019,Banglore,New Delhi,BLR → DEL,09:50,12:35,2h 45m,non-stop,No info,8028
Jet Airways,9/05/2019,Kolkata,Banglore,CCU → BOM → BLR,18:55,08:15 10 May,13h 20m,1 stop,In-flight meal not included,8586
Air India,1/05/2019,Kolkata,Banglore,CCU → DEL → COK → BLR,17:30,13:45 02 May,20h 15m,2 stops,No info,15164
Jet Airways,18/03/2019,Banglore,New Delhi,BLR → BOM → DEL,07:00,15:15,8h 15m,1 stop,No info,12284
Jet Airways,21/06/2019,Mumbai,Hyderabad,BOM → HYD,07:05,08:30,1h 25m,non-stop,In-flight meal not included,4995
Multiple carriers,27/05/2019,Delhi,Cochin,DEL → BOM → COK,08:45,19:15,10h 30m,1 stop,No info,10051
Jet Airways,21/05/2019,Kolkata,Banglore,CCU → BOM → BLR,14:05,10:05 22 May,20h,1 stop,In-flight meal not included,9663
Air India,1/05/2019,Kolkata,Banglore,CCU → DEL → AMD → BLR,07:00,05:25 02 May,22h 25m,2 stops,No info,14424
Jet Airways,15/06/2019,Delhi,Cochin,DEL → BOM → COK,10:00,19:00,9h,1 stop,No info,14714
Air India,24/05/2019,Mumbai,Hyderabad,BOM → HYD,13:55,15:25,1h 30m,non-stop,No info,3100
IndiGo,6/06/2019,Delhi,Cochin,DEL → BLR → COK,17:05,22:25,5h 20m,1 stop,No info,6493
Jet Airways,6/06/2019,Kolkata,Banglore,CCU → BOM → BLR,06:30,23:35,17h 5m,1 stop,No info,14571
Jet Airways,15/06/2019,Delhi,Cochin,DEL → JAI → BOM → COK,05:30,19:00,13h 30m,2 stops,In-flight meal not included,10368
Jet Airways,3/06/2019,Delhi,Cochin,DEL → BOM → COK,15:00,04:25 04 Jun,13h 25m,1 stop,No info,14714
SpiceJet,18/05/2019,Chennai,Kolkata,MAA → CCU,08:20,10:35,2h 15m,non-stop,No check-in baggage included,3543
Air Asia,6/06/2019,Kolkata,Banglore,CCU → DEL → BLR,07:35,19:25,11h 50m,1 stop,No info,6810
SpiceJet,24/03/2019,Kolkata,Banglore,CCU → BLR,09:00,11:30,2h 30m,non-stop,No check-in baggage included,5201
Multiple carriers,24/06/2019,Delhi,Cochin,DEL → BOM → COK,17:30,01:30 25 Jun,8h,1 stop,No info,13377
Multiple carriers Premium economy,21/03/2019,Delhi,Cochin,DEL → BOM → COK,07:30,18:50,11h 20m,1 stop,No info,14629
IndiGo,9/04/2019,Delhi,Cochin,DEL → BOM → COK,07:30,21:00,13h 30m,1 stop,No info,6093
Multiple carriers,12/06/2019,Delhi,Cochin,DEL → GWL → IDR → BOM → COK,11:35,01:30 13 Jun,13h 55m,3 stops,No info,15419
Air India,21/05/2019,Kolkata,Banglore,CCU → BOM → COK → BLR,16:50,13:45 22 May,20h 55m,2 stops,No info,13484
Air India,18/05/2019,Delhi,Cochin,DEL → BOM → COK,21:00,07:40 19 May,10h 40m,1 stop,No info,8372
Air India,15/03/2019,Banglore,New Delhi,BLR → HYD → VGA → DEL,08:15,11:20 16 Mar,27h 5m,2 stops,No info,8534
Jet Airways,15/05/2019,Banglore,Delhi,BLR → DEL,17:45,20:45,3h,non-stop,In-flight meal not included,4030
Jet Airways,24/06/2019,Delhi,Cochin,DEL → IDR → BOM → COK,09:35,04:25 25 Jun,18h 50m,2 stops,No info,13292
Jet Airways,24/06/2019,Delhi,Cochin,DEL → JAI → BOM → COK,05:30,04:25 25 Jun,22h 55m,2 stops,No info,13014
Air India,9/03/2019,Delhi,Cochin,DEL → BOM → COK,08:00,19:15,11h 15m,1 stop,No info,16754
IndiGo,1/03/2019,Kolkata,Banglore,CCU → BLR,17:15,19:55,2h 40m,non-stop,No info,6565
Jet Airways,27/05/2019,Delhi,Cochin,DEL → BOM → COK,22:50,19:00 28 May,20h 10m,1 stop,No info,16079
Jet Airways,9/05/2019,Delhi,Cochin,DEL → IDR → BOM → COK,21:25,12:35 10 May,15h 10m,2 stops,In-flight meal not included,11507
Vistara,6/03/2019,Mumbai,Hyderabad,BOM → DEL → HYD,07:30,09:25 07 Mar,25h 55m,1 stop,No info,12395
IndiGo,01/03/2019,Banglore,New Delhi,BLR → BOM → DEL,19:35,00:35 02 Mar,5h,1 stop,No info,22153
Jet Airways,27/06/2019,Delhi,Cochin,DEL → NAG → BOM → COK,06:45,12:35 28 Jun,29h 50m,2 stops,In-flight meal not included,10919
Jet Airways,24/03/2019,Kolkata,Banglore,CCU → BOM → BLR,21:10,04:45 25 Mar,7h 35m,1 stop,No info,13759
Air India,18/04/2019,Delhi,Cochin,DEL → COK,05:10,08:00,2h 50m,non-stop,No info,6094
Air India,21/05/2019,Kolkata,Banglore,CCU → BOM → COK → BLR,09:25,13:45 22 May,28h 20m,2 stops,No info,11542
Jet Airways,9/06/2019,Delhi,Cochin,DEL → NAG → BOM → COK,06:45,04:25 10 Jun,21h 40m,2 stops,No info,13376
Jet Airways,01/03/2019,Banglore,New Delhi,BLR → BOM → DEL,11:40,10:25 02 Mar,22h 45m,1 stop,No info,25735
Jet Airways,06/03/2019,Banglore,New Delhi,BLR → BOM → DEL,22:50,23:00 07 Mar,24h 10m,1 stop,No info,17471
Jet Airways,9/06/2019,Kolkata,Banglore,CCU → BOM → BLR,16:30,23:35,7h 5m,1 stop,In-flight meal not included,10844
Air India,3/06/2019,Delhi,Cochin,DEL → BOM → COK,19:00,07:40 04 Jun,12h 40m,1 stop,No info,8372
IndiGo,15/06/2019,Chennai,Kolkata,MAA → CCU,11:35,14:00,2h 25m,non-stop,No info,3858
IndiGo,15/03/2019,Banglore,New Delhi,BLR → DEL,01:30,04:15,2h 45m,non-stop,No info,5694
Jet Airways,3/03/2019,Delhi,Cochin,DEL → BOM → COK,18:15,18:50 04 Mar,24h 35m,1 stop,No info,17234
Jet Airways,9/04/2019,Delhi,Cochin,DEL → LKO → BOM → COK,09:25,04:25 10 Apr,19h,2 stops,No info,11546
Vistara,03/03/2019,Banglore,New Delhi,BLR → DEL,07:00,09:40,2h 40m,non-stop,No info,8028
Jet Airways,15/06/2019,Banglore,Delhi,BLR → DEL,19:50,22:50,3h,non-stop,No info,8016
Air India,24/05/2019,Kolkata,Banglore,CCU → DEL → BLR,20:30,20:25 25 May,23h 55m,1 stop,No info,10413
Air India,12/03/2019,Banglore,New Delhi,BLR → CCU → GAU → DEL,11:05,22:10,11h 5m,2 stops,No info,11948
Jet Airways,1/04/2019,Mumbai,Hyderabad,BOM → HYD,10:20,11:50,1h 30m,non-stop,In-flight meal not included,3205
IndiGo,18/05/2019,Banglore,Delhi,BLR → DEL,13:00,15:50,2h 50m,non-stop,No info,4423
Vistara,24/03/2019,Banglore,New Delhi,BLR → DEL,07:00,09:40,2h 40m,non-stop,No info,4878
IndiGo,15/04/2019,Delhi,Cochin,DEL → BLR → COK,17:05,22:15,5h 10m,1 stop,No info,5912
Air India,12/05/2019,Kolkata,Banglore,CCU → IXR → DEL → BLR,05:50,08:55 13 May,27h 5m,2 stops,No info,11411
Multiple carriers,24/06/2019,Delhi,Cochin,DEL → BOM → COK,07:00,21:00,14h,1 stop,No info,7618
Jet Airways,12/04/2019,Banglore,Delhi,BLR → DEL,15:15,18:10,2h 55m,non-stop,No info,7229
IndiGo,27/06/2019,Delhi,Cochin,DEL → BLR → COK,15:10,20:00,4h 50m,1 stop,No info,6147
Jet Airways,15/06/2019,Delhi,Cochin,DEL → BDQ → BOM → COK,18:25,04:25 16 Jun,10h,2 stops,No info,14237
IndiGo,21/03/2019,Delhi,Cochin,DEL → AMD → COK,07:45,13:40,5h 55m,1 stop,No info,6101
Air India,21/05/2019,Kolkata,Banglore,CCU → BOM → GOI → BLR,16:50,05:35 22 May,12h 45m,2 stops,No info,12324
Vistara,01/03/2019,Banglore,New Delhi,BLR → AMD → DEL,06:40,21:55,15h 15m,1 stop,No info,18387
Jet Airways,3/06/2019,Delhi,Cochin,DEL → BOM → COK,16:00,04:25 04 Jun,12h 25m,1 stop,In-flight meal not included,10262
Jet Airways,15/06/2019,Delhi,Cochin,DEL → BOM → COK,09:00,19:00,10h,1 stop,In-flight meal not included,10262
Jet Airways,21/04/2019,Banglore,Delhi,BLR → DEL,07:10,10:10,3h,non-stop,No info,7229
Air Asia,27/06/2019,Kolkata,Banglore,CCU → BLR,22:50,01:20 28 Jun,2h 30m,non-stop,No info,3807
Multiple carriers,21/03/2019,Delhi,Cochin,DEL → BOM → COK,15:15,01:35 22 Mar,10h 20m,1 stop,No info,7695
Air India,18/05/2019,Kolkata,Banglore,CCU → IXR → DEL → BLR,05:50,08:55 19 May,27h 5m,2 stops,No info,12723
SpiceJet,15/05/2019,Mumbai,Hyderabad,BOM → HYD,13:15,14:45,1h 30m,non-stop,No check-in baggage included,2175
IndiGo,27/05/2019,Delhi,Cochin,DEL → BOM → COK,09:15,01:30 28 May,16h 15m,1 stop,No info,6628
Jet Airways,12/06/2019,Delhi,Cochin,DEL → NAG → BOM → COK,14:35,04:25 13 Jun,13h 50m,2 stops,No info,13376
IndiGo,27/03/2019,Kolkata,Banglore,CCU → BLR,15:10,17:45,2h 35m,non-stop,No info,4148
Jet Airways,27/03/2019,Delhi,Cochin,DEL → IDR → BOM → COK,05:25,04:25 28 Mar,23h,2 stops,In-flight meal not included,9254
Jet Airways,24/06/2019,Banglore,Delhi,BLR → DEL,18:55,22:00,3h 5m,non-stop,No info,8016
Jet Airways,1/05/2019,Banglore,Delhi,BLR → DEL,17:45,20:45,3h,non-stop,In-flight meal not included,4030
Jet Airways,12/05/2019,Banglore,Delhi,BLR → DEL,17:45,20:45,3h,non-stop,In-flight meal not included,5198
Air Asia,15/04/2019,Kolkata,Banglore,CCU → BLR,19:55,22:25,2h 30m,non-stop,No info,4409
Air India,1/03/2019,Mumbai,Hyderabad,BOM → HYD,13:55,15:25,1h 30m,non-stop,No info,10082
Jet Airways,18/05/2019,Kolkata,Banglore,CCU → BOM → BLR,14:05,10:05 19 May,20h,1 stop,In-flight meal not included,9663
SpiceJet,3/04/2019,Banglore,Delhi,BLR → DEL,05:55,08:35,2h 40m,non-stop,No info,3971
IndiGo,15/03/2019,Chennai,Kolkata,MAA → CCU,07:55,10:15,2h 20m,non-stop,No info,6297
SpiceJet,9/05/2019,Banglore,Delhi,BLR → DEL,05:55,08:35,2h 40m,non-stop,No check-in baggage included,3573
Jet Airways,21/05/2019,Kolkata,Banglore,CCU → BOM → BLR,14:05,22:35,8h 30m,1 stop,In-flight meal not included,10844
IndiGo,27/04/2019,Banglore,Delhi,BLR → DEL,06:05,08:50,2h 45m,non-stop,No info,4423
Jet Airways,06/03/2019,Banglore,New Delhi,BLR → BOM → DEL,14:05,21:20,7h 15m,1 stop,No info,19225
IndiGo,12/03/2019,Chennai,Kolkata,MAA → CCU,22:05,00:30 13 Mar,2h 25m,non-stop,No info,6297
SpiceJet,6/03/2019,Kolkata,Banglore,CCU → BLR,22:20,00:40 07 Mar,2h 20m,non-stop,No info,3849
Multiple carriers,6/03/2019,Delhi,Cochin,DEL → BOM → COK,08:00,15:30,7h 30m,1 stop,No info,15078
IndiGo,12/05/2019,Kolkata,Banglore,CCU → HYD → BLR,19:20,23:45,4h 25m,1 stop,No info,4205
Air India,27/05/2019,Banglore,Delhi,BLR → DEL,13:20,16:10,2h 50m,non-stop,No info,5228
Multiple carriers,6/06/2019,Delhi,Cochin,DEL → BOM → COK,07:00,21:00,14h,1 stop,No info,7408
Jet Airways,9/06/2019,Banglore,Delhi,BLR → DEL,11:10,14:05,2h 55m,non-stop,In-flight meal not included,7229
Jet Airways,15/06/2019,Delhi,Cochin,DEL → NAG → BOM → COK,14:35,04:25 16 Jun,13h 50m,2 stops,In-flight meal not included,10919
Jet Airways,1/05/2019,Banglore,Delhi,BLR → DEL,15:15,18:10,2h 55m,non-stop,In-flight meal not included,4544
Jet Airways,21/03/2019,Delhi,Cochin,DEL → BOM → COK,08:00,04:25 22 Mar,20h 25m,1 stop,In-flight meal not included,6540
Jet Airways,21/03/2019,Delhi,Cochin,DEL → AMD → BOM → COK,19:10,18:50 22 Mar,23h 40m,2 stops,No info,9483
Jet Airways,21/05/2019,Delhi,Cochin,DEL → BOM → COK,10:00,19:00,9h,1 stop,No info,16079
Multiple carriers,1/06/2019,Delhi,Cochin,DEL → BOM → COK,18:15,01:30 02 Jun,7h 15m,1 stop,No info,13377
IndiGo,3/06/2019,Banglore,Delhi,BLR → DEL,18:55,21:50,2h 55m,non-stop,No info,4823
Jet Airways,15/05/2019,Kolkata,Banglore,CCU → DEL → BLR,17:00,10:55 16 May,17h 55m,1 stop,No info,14151
GoAir,9/05/2019,Kolkata,Banglore,CCU → BOM → BLR,23:30,07:45 10 May,8h 15m,1 stop,No info,6095
Air India,27/05/2019,Delhi,Cochin,DEL → BOM → COK,10:00,19:15,9h 15m,1 stop,No info,12029
Air India,6/04/2019,Kolkata,Banglore,CCU → HYD → BLR,19:00,11:05 07 Apr,16h 5m,1 stop,No info,4437
IndiGo,27/06/2019,Banglore,Delhi,BLR → DEL,01:30,04:15,2h 45m,non-stop,No info,3419
IndiGo,1/04/2019,Banglore,Delhi,BLR → DEL,10:10,13:00,2h 50m,non-stop,No info,3943
Multiple carriers,21/03/2019,Delhi,Cochin,DEL → BOM → COK,14:00,01:35 22 Mar,11h 35m,1 stop,No info,13542
Air India,27/06/2019,Delhi,Cochin,DEL → BLR → COK,17:40,23:00,5h 20m,1 stop,No info,7174
IndiGo,9/03/2019,Mumbai,Hyderabad,BOM → HYD,09:10,10:35,1h 25m,non-stop,No info,7417
Jet Airways,9/05/2019,Delhi,Cochin,DEL → AMD → BOM → COK,13:25,04:25 10 May,15h,2 stops,No info,16704
Air India,18/03/2019,Kolkata,Banglore,CCU → BLR,20:45,23:20,2h 35m,non-stop,No info,4435
Air India,21/05/2019,Kolkata,Banglore,CCU → BOM → GOI → BLR,09:25,05:35 22 May,20h 10m,2 stops,No info,11432
Air Asia,21/06/2019,Banglore,Delhi,BLR → DEL,23:55,02:45 22 Jun,2h 50m,non-stop,No info,3383
IndiGo,21/04/2019,Kolkata,Banglore,CCU → BLR,04:40,07:15,2h 35m,non-stop,No info,4804
Air Asia,27/05/2019,Banglore,Delhi,BLR → DEL,04:55,07:45,2h 50m,non-stop,No info,3383
IndiGo,24/05/2019,Kolkata,Banglore,CCU → GAU → BLR,15:10,20:30,5h 20m,1 stop,No info,6991
Air India,9/05/2019,Delhi,Cochin,DEL → AMD → BOM → COK,05:00,19:15 10 May,38h 15m,2 stops,No info,10441
IndiGo,21/03/2019,Delhi,Cochin,DEL → HYD → COK,07:35,12:00,4h 25m,1 stop,No info,5073
Multiple carriers,21/03/2019,Delhi,Cochin,DEL → BOM → COK,10:20,01:35 22 Mar,15h 15m,1 stop,No info,7695
Air India,24/05/2019,Delhi,Cochin,DEL → MAA → COK,20:40,09:25 25 May,12h 45m,1 stop,No info,7480
Jet Airways,9/06/2019,Delhi,Cochin,DEL → BOM → COK,11:30,12:35 10 Jun,25h 5m,1 stop,In-flight meal not included,10262
Jet Airways,12/03/2019,Banglore,New Delhi,BLR → BOM → DEL,22:55,11:25 13 Mar,12h 30m,1 stop,No info,13817
Jet Airways,21/05/2019,Kolkata,Banglore,CCU → DEL → BLR,09:35,19:10,9h 35m,1 stop,No info,13067
SpiceJet,6/06/2019,Mumbai,Hyderabad,BOM → HYD,13:15,14:45,1h 30m,non-stop,No check-in baggage included,1965
IndiGo,6/06/2019,Delhi,Cochin,DEL → HYD → COK,06:50,16:10,9h 20m,1 stop,No info,6674
Air India,12/03/2019,Mumbai,Hyderabad,BOM → GOI → PNQ → HYD,05:05,16:55,11h 50m,2 stops,No info,16172
Multiple carriers,24/06/2019,Delhi,Cochin,DEL → BOM → COK,12:50,19:15,6h 25m,1 stop,In-flight meal not included,7268
Jet Airways,15/03/2019,Banglore,New Delhi,BLR → BOM → DEL,07:00,12:15,5h 15m,1 stop,No info,17524
Multiple carriers,21/05/2019,Delhi,Cochin,DEL → BOM → COK,18:00,01:30 22 May,7h 30m,1 stop,No info,7888
IndiGo,6/06/2019,Mumbai,Hyderabad,BOM → HYD,19:05,20:35,1h 30m,non-stop,No info,2754
Air India,03/03/2019,Banglore,New Delhi,BLR → HBX → BOM → AMD → DEL,12:00,23:55,11h 55m,3 stops,No info,10573
Multiple carriers,9/06/2019,Delhi,Cochin,DEL → BOM → COK,11:40,19:00,7h 20m,1 stop,No info,11789
Jet Airways,6/05/2019,Kolkata,Banglore,CCU → DEL → BLR,20:25,19:10 07 May,22h 45m,1 stop,No info,13067
IndiGo,24/03/2019,Banglore,New Delhi,BLR → DEL,00:40,03:25,2h 45m,non-stop,No info,4238
Multiple carriers,21/05/2019,Delhi,Cochin,DEL → BOM → COK,07:30,19:00,11h 30m,1 stop,No info,9794
Air India,21/03/2019,Delhi,Cochin,DEL → HYD → MAA → COK,07:05,09:25 22 Mar,26h 20m,2 stops,No info,7615
Jet Airways,21/03/2019,Delhi,Cochin,DEL → IDR → BOM → COK,10:20,04:25 23 Mar,42h 5m,2 stops,No info,11664
Jet Airways,1/04/2019,Kolkata,Banglore,CCU → BOM → BLR,06:30,19:50,13h 20m,1 stop,In-flight meal not included,7064
IndiGo,15/04/2019,Kolkata,Banglore,CCU → HYD → BLR,19:20,23:45,4h 25m,1 stop,No info,3809
SpiceJet,18/06/2019,Kolkata,Banglore,CCU → BLR,17:10,19:40,2h 30m,non-stop,No check-in baggage included,3841
Multiple carriers,27/05/2019,Delhi,Cochin,DEL → BOM → COK,11:40,01:30 28 May,13h 50m,1 stop,No info,6795
IndiGo,24/04/2019,Kolkata,Banglore,CCU → HYD → BLR,15:15,20:05,4h 50m,1 stop,No info,4565
IndiGo,9/03/2019,Delhi,Cochin,DEL → BOM → COK,18:35,01:35 10 Mar,7h,1 stop,No info,12351
IndiGo,18/03/2019,Delhi,Cochin,DEL → COK,21:05,00:20 19 Mar,3h 15m,non-stop,No info,5021
Air India,21/05/2019,Delhi,Cochin,DEL → HYD → MAA → COK,13:05,09:25 22 May,20h 20m,2 stops,No info,10467
Air India,15/04/2019,Banglore,Delhi,BLR → DEL,17:00,19:45,2h 45m,non-stop,No info,6121
SpiceJet,15/03/2019,Chennai,Kolkata,MAA → CCU,17:45,20:05,2h 20m,non-stop,No info,6300
Air Asia,01/03/2019,Banglore,New Delhi,BLR → DEL,05:50,08:40,2h 50m,non-stop,No info,10715
Air India,24/05/2019,Kolkata,Banglore,CCU → BLR,14:15,16:45,2h 30m,non-stop,No info,5510
Jet Airways,3/05/2019,Banglore,Delhi,BLR → DEL,18:55,22:00,3h 5m,non-stop,In-flight meal not included,6144
Jet Airways,6/03/2019,Delhi,Cochin,DEL → AMD → BOM → COK,19:10,19:45 07 Mar,24h 35m,2 stops,No info,19329
Air India,6/03/2019,Mumbai,Hyderabad,BOM → IDR → DEL → HYD,12:45,19:25 07 Mar,30h 40m,2 stops,No info,13253
Jet Airways,12/05/2019,Kolkata,Banglore,CCU → BOM → BLR,06:30,19:50,13h 20m,1 stop,No info,13941
IndiGo,1/04/2019,Kolkata,Banglore,CCU → BLR,20:20,22:55,2h 35m,non-stop,No info,4488
SpiceJet,3/06/2019,Kolkata,Banglore,CCU → BLR,06:55,09:30,2h 35m,non-stop,No check-in baggage included,3841
Multiple carriers,15/05/2019,Delhi,Cochin,DEL → BOM → COK,11:25,19:15,7h 50m,1 stop,No info,7575
Air India,27/05/2019,Delhi,Cochin,DEL → AMD → BOM → COK,16:40,19:15 28 May,26h 35m,2 stops,No info,9968
Jet Airways,9/05/2019,Delhi,Cochin,DEL → AMD → BOM → COK,13:25,19:00 10 May,29h 35m,2 stops,No info,15129
IndiGo,6/05/2019,Kolkata,Banglore,CCU → BBI → BLR,07:10,12:40,5h 30m,1 stop,No info,4864
Air India,3/06/2019,Delhi,Cochin,DEL → MAA → COK,17:20,09:25 04 Jun,16h 5m,1 stop,No info,7480
Multiple carriers,6/03/2019,Delhi,Cochin,DEL → BOM → COK,07:00,18:50,11h 50m,1 stop,No info,15867
Jet Airways,21/05/2019,Kolkata,Banglore,CCU → DEL → BLR,09:35,22:05,12h 30m,1 stop,No info,13067
Air India,9/05/2019,Kolkata,Banglore,CCU → BOM → BLR,16:50,07:55 10 May,15h 5m,1 stop,No info,8366
Air India,3/03/2019,Delhi,Cochin,DEL → JDH → BOM → COK,12:55,19:15 04 Mar,30h 20m,2 stops,No info,21571
Air Asia,12/05/2019,Banglore,Delhi,BLR → DEL,04:55,07:45,2h 50m,non-stop,No info,4282
Air India,9/05/2019,Delhi,Cochin,DEL → CCU → BOM → COK,16:55,19:15 10 May,26h 20m,2 stops,No info,13591
Vistara,1/04/2019,Kolkata,Banglore,CCU → DEL → BLR,20:20,23:25 02 Apr,27h 5m,1 stop,No info,7927
Jet Airways,3/06/2019,Delhi,Cochin,DEL → BOM → COK,15:00,19:00 04 Jun,28h,1 stop,No info,14714
Jet Airways,12/03/2019,Banglore,New Delhi,BLR → BOM → DEL,18:55,16:10 13 Mar,21h 15m,1 stop,In-flight meal not included,11087
Air India,1/03/2019,Delhi,Cochin,DEL → BOM → COK,04:00,07:40 02 Mar,27h 40m,1 stop,No info,28322
Jet Airways,1/05/2019,Kolkata,Banglore,CCU → DEL → BLR,17:00,19:10 02 May,26h 10m,1 stop,In-flight meal not included,9314
IndiGo,9/06/2019,Delhi,Cochin,DEL → BLR → COK,15:10,20:00,4h 50m,1 stop,No info,7060
IndiGo,1/03/2019,Chennai,Kolkata,MAA → CCU,11:35,14:00,2h 25m,non-stop,No info,7900
Jet Airways,24/06/2019,Mumbai,Hyderabad,BOM → HYD,02:55,04:20,1h 25m,non-stop,No info,5678
IndiGo,24/04/2019,Kolkata,Banglore,CCU → MAA → BLR,19:35,00:10 25 Apr,4h 35m,1 stop,No info,4860
SpiceJet,1/05/2019,Mumbai,Hyderabad,BOM → HYD,05:45,07:15,1h 30m,non-stop,No info,2017
IndiGo,12/06/2019,Kolkata,Banglore,CCU → MAA → BLR,08:10,13:00,4h 50m,1 stop,No info,5069
Vistara,9/06/2019,Kolkata,Banglore,CCU → DEL → BLR,07:10,10:45 10 Jun,27h 35m,1 stop,No info,9397
IndiGo,6/04/2019,Delhi,Cochin,DEL → BOM → COK,10:35,15:35,5h,1 stop,No info,5073
Air India,24/03/2019,Kolkata,Banglore,CCU → GAU → IMF → DEL → BLR,05:55,23:15,17h 20m,3 stops,No info,15145
Multiple carriers,24/06/2019,Delhi,Cochin,DEL → BOM → COK,09:15,19:15,10h,1 stop,No info,8099
Air India,06/03/2019,Banglore,New Delhi,BLR → MAA → DEL,11:50,19:50,8h,1 stop,No info,14594
IndiGo,27/03/2019,Delhi,Cochin,DEL → COK,14:30,17:35,3h 5m,non-stop,No info,4729
IndiGo,21/05/2019,Kolkata,Banglore,CCU → BLR,22:15,00:50 22 May,2h 35m,non-stop,No info,4804
Jet Airways,27/05/2019,Delhi,Cochin,DEL → JDH → BOM → COK,11:40,19:00,7h 20m,2 stops,In-flight meal not included,19644
Air India,27/03/2019,Delhi,Cochin,DEL → AMD → BOM → COK,19:45,19:15 28 Mar,23h 30m,2 stops,No info,8656
Jet Airways,9/06/2019,Delhi,Cochin,DEL → JAI → BOM → COK,09:40,12:35 10 Jun,26h 55m,2 stops,No info,13014
IndiGo,27/03/2019,Delhi,Cochin,DEL → HYD → COK,06:40,16:10,9h 30m,1 stop,No info,6442
Jet Airways,9/05/2019,Delhi,Cochin,DEL → BOM → COK,13:00,12:35 10 May,23h 35m,1 stop,In-flight meal not included,12373
Jet Airways,6/06/2019,Kolkata,Banglore,CCU → DEL → BLR,09:35,14:25 07 Jun,28h 50m,1 stop,In-flight meal not included,10539
Jet Airways,21/05/2019,Kolkata,Banglore,CCU → BOM → BLR,20:00,09:20 22 May,13h 20m,1 stop,In-flight meal not included,10844
Vistara,6/06/2019,Kolkata,Banglore,CCU → DEL → BLR,17:00,09:05 07 Jun,16h 5m,1 stop,No info,8452
IndiGo,18/05/2019,Delhi,Cochin,DEL → HYD → COK,08:35,22:30,13h 55m,1 stop,No info,7144
SpiceJet,09/03/2019,Banglore,New Delhi,BLR → DEL,20:30,23:20,2h 50m,non-stop,No info,5126
Multiple carriers,12/06/2019,Delhi,Cochin,DEL → BOM → COK,19:00,01:30 13 Jun,6h 30m,1 stop,No info,6795
Jet Airways,12/05/2019,Kolkata,Banglore,CCU → BOM → BLR,21:10,10:05 13 May,12h 55m,1 stop,In-flight meal not included,8586
SpiceJet,18/05/2019,Kolkata,Banglore,CCU → BLR,09:00,11:25,2h 25m,non-stop,No check-in baggage included,4439
SpiceJet,15/03/2019,Banglore,New Delhi,BLR → DEL,09:35,12:30,2h 55m,non-stop,No check-in baggage included,6205
IndiGo,6/05/2019,Banglore,Delhi,BLR → DEL,00:30,03:25,2h 55m,non-stop,No info,4284
Jet Airways,6/06/2019,Kolkata,Banglore,CCU → BOM → BLR,16:30,23:35,7h 5m,1 stop,No info,14571
Air Asia,6/04/2019,Kolkata,Banglore,CCU → BLR,19:55,22:25,2h 30m,non-stop,No info,3807
SpiceJet,6/03/2019,Kolkata,Banglore,CCU → BLR,06:55,09:35,2h 40m,non-stop,No info,3850
SpiceJet,18/05/2019,Kolkata,Banglore,CCU → KNU → BLR,11:35,18:50,7h 15m,1 stop,No info,8479
Multiple carriers,18/05/2019,Delhi,Cochin,DEL → BOM → COK,09:00,21:00,12h,1 stop,No info,8073
IndiGo,1/06/2019,Banglore,Delhi,BLR → DEL,13:00,15:50,2h 50m,non-stop,No info,3943
IndiGo,9/05/2019,Chennai,Kolkata,MAA → CCU,11:35,14:00,2h 25m,non-stop,No info,4332
SpiceJet,27/04/2019,Kolkata,Banglore,CCU → BLR,17:10,19:40,2h 30m,non-stop,No info,4174
Air India,01/03/2019,Banglore,New Delhi,BLR → MAA → DEL,11:50,08:55 02 Mar,21h 5m,1 stop,1 Long layover,14594
Jet Airways,3/06/2019,Delhi,Cochin,DEL → IDR → BOM → COK,05:30,19:00,13h 30m,2 stops,In-flight meal not included,11507
Multiple carriers,15/06/2019,Delhi,Cochin,DEL → HYD → COK,07:10,22:30,15h 20m,1 stop,In-flight meal not included,6093
IndiGo,24/03/2019,Banglore,New Delhi,BLR → DEL,18:25,21:20,2h 55m,non-stop,No info,8033
IndiGo,27/06/2019,Banglore,Delhi,BLR → DEL,16:55,19:55,3h,non-stop,No info,4823
Jet Airways,3/06/2019,Delhi,Cochin,DEL → IDR → BOM → COK,21:25,12:35 04 Jun,15h 10m,2 stops,No info,13292
Multiple carriers,15/06/2019,Delhi,Cochin,DEL → BOM → COK,11:40,19:15,7h 35m,1 stop,No info,9526
SpiceJet,21/03/2019,Kolkata,Banglore,CCU → BLR,22:20,00:40 22 Mar,2h 20m,non-stop,No check-in baggage included,3815
IndiGo,27/06/2019,Chennai,Kolkata,MAA → CCU,13:15,15:35,2h 20m,non-stop,No info,3597
Jet Airways,15/06/2019,Delhi,Cochin,DEL → NAG → BOM → COK,14:35,04:25 16 Jun,13h 50m,2 stops,No info,13376
SpiceJet,9/05/2019,Mumbai,Hyderabad,BOM → HYD,05:45,07:15,1h 30m,non-stop,No info,2017
Air India,24/03/2019,Kolkata,Banglore,CCU → BOM → COK → BLR,09:25,01:20 25 Mar,15h 55m,2 stops,No info,11853
Jet Airways,12/06/2019,Delhi,Cochin,DEL → BOM → COK,13:00,19:00,6h,1 stop,In-flight meal not included,10262
SpiceJet,24/03/2019,Chennai,Kolkata,MAA → CCU,09:30,12:05,2h 35m,non-stop,No info,3859
Air India,9/06/2019,Kolkata,Banglore,CCU → DEL → AMD → BLR,07:00,05:25 10 Jun,22h 25m,2 stops,No info,12744
Multiple carriers,1/06/2019,Delhi,Cochin,DEL → IXU → BOM → COK,17:50,01:30 02 Jun,7h 40m,2 stops,No info,18485
Air India,6/05/2019,Kolkata,Banglore,CCU → GAU → DEL → BLR,09:50,08:55 07 May,23h 5m,2 stops,No info,13227
IndiGo,21/06/2019,Chennai,Kolkata,MAA → CCU,19:35,21:55,2h 20m,non-stop,No info,3597
IndiGo,12/05/2019,Kolkata,Banglore,CCU → BLR,15:15,17:45,2h 30m,non-stop,No info,4804
IndiGo,15/06/2019,Banglore,Delhi,BLR → DEL,06:05,08:50,2h 45m,non-stop,No info,4423
Jet Airways,9/06/2019,Delhi,Cochin,DEL → BOM → COK,15:00,12:35 10 Jun,21h 35m,1 stop,In-flight meal not included,10262
SpiceJet,6/05/2019,Chennai,Kolkata,MAA → CCU,09:45,12:00,2h 15m,non-stop,No check-in baggage included,3543
IndiGo,12/04/2019,Kolkata,Banglore,CCU → BLR,21:25,00:05 13 Apr,2h 40m,non-stop,No info,4174
SpiceJet,9/03/2019,Delhi,Cochin,DEL → BLR → COK,16:35,22:50,6h 15m,1 stop,No info,7084
Air India,15/05/2019,Kolkata,Banglore,CCU → GAU → DEL → BLR,09:50,08:55 16 May,23h 5m,2 stops,No info,14960
Jet Airways,24/03/2019,Kolkata,Banglore,CCU → BOM → BLR,06:30,16:20,9h 50m,1 stop,No info,13339
Jet Airways,12/04/2019,Banglore,Delhi,BLR → DEL,08:20,11:20,3h,non-stop,No info,7229
IndiGo,18/05/2019,Delhi,Cochin,DEL → HYD → COK,05:05,16:10,11h 5m,1 stop,No info,6818
Jet Airways,6/06/2019,Delhi,Cochin,DEL → NAG → BOM → COK,06:45,04:25 07 Jun,21h 40m,2 stops,No info,13376
IndiGo,9/06/2019,Delhi,Cochin,DEL → BOM → COK,15:00,01:30 10 Jun,10h 30m,1 stop,No info,6316
Air India,18/06/2019,Delhi,Cochin,DEL → COK,18:05,21:10,3h 5m,non-stop,No info,5201
IndiGo,18/05/2019,Delhi,Cochin,DEL → PNQ → COK,23:30,04:35 19 May,5h 5m,1 stop,No info,10958
IndiGo,21/06/2019,Chennai,Kolkata,MAA → CCU,11:35,14:00,2h 25m,non-stop,No info,3858
Jet Airways,9/06/2019,Delhi,Cochin,DEL → BOM → COK,13:00,19:00,6h,1 stop,In-flight meal not included,10262
Air India,24/05/2019,Kolkata,Banglore,CCU → BBI → BLR,09:10,13:15,4h 5m,1 stop,No info,8996
Jet Airways,27/03/2019,Delhi,Cochin,DEL → MAA → BOM → COK,05:10,19:45 28 Mar,38h 35m,2 stops,In-flight meal not included,8098
SpiceJet,1/05/2019,Chennai,Kolkata,MAA → CCU,08:20,10:35,2h 15m,non-stop,No check-in baggage included,3543
Multiple carriers,24/05/2019,Delhi,Cochin,DEL → BOM → COK,07:30,19:00,11h 30m,1 stop,No info,10529
Jet Airways,21/03/2019,Delhi,Cochin,DEL → BOM → COK,02:15,18:50,16h 35m,1 stop,In-flight meal not included,7438
Jet Airways,9/05/2019,Delhi,Cochin,DEL → BOM → COK,14:00,04:25 10 May,14h 25m,1 stop,In-flight meal not included,12373
IndiGo,27/05/2019,Banglore,Delhi,BLR → DEL,07:10,10:05,2h 55m,non-stop,No info,4823
Jet Airways,21/06/2019,Banglore,Delhi,BLR → DEL,08:20,11:20,3h,non-stop,In-flight meal not included,5769
Multiple carriers,21/03/2019,Delhi,Cochin,DEL → BOM → COK,07:00,13:20,6h 20m,1 stop,No info,9042
Air India,6/04/2019,Delhi,Cochin,DEL → MAA → COK,17:20,09:25 07 Apr,16h 5m,1 stop,No info,4697
Jet Airways,9/05/2019,Kolkata,Banglore,CCU → BOM → BLR,14:05,19:50,5h 45m,1 stop,In-flight meal not included,10844
Air Asia,9/06/2019,Banglore,Delhi,BLR → DEL,04:55,07:45,2h 50m,non-stop,No info,8420
Multiple carriers,6/03/2019,Delhi,Cochin,DEL → HYD → COK,07:10,16:10,9h,1 stop,In-flight meal not included,7563
Air India,15/05/2019,Delhi,Cochin,DEL → MAA → COK,20:40,09:25 16 May,12h 45m,1 stop,No info,7480
Jet Airways,6/05/2019,Banglore,Delhi,BLR → DEL,11:10,14:05,2h 55m,non-stop,In-flight meal not included,4030
Multiple carriers,12/06/2019,Delhi,Cochin,DEL → HYD → COK,07:10,22:30,15h 20m,1 stop,No info,6513
Jet Airways,9/06/2019,Kolkata,Banglore,CCU → GAU → BLR,10:20,17:35,7h 15m,1 stop,No info,8355
Multiple carriers,21/05/2019,Delhi,Cochin,DEL → IDR → BOM → COK,15:05,01:30 22 May,10h 25m,2 stops,No info,16655
Jet Airways,18/05/2019,Kolkata,Banglore,CCU → BOM → BLR,05:45,18:15,12h 30m,1 stop,In-flight meal not included,10844
SpiceJet,21/06/2019,Kolkata,Banglore,CCU → BLR,17:10,19:40,2h 30m,non-stop,No info,3873
IndiGo,9/06/2019,Kolkata,Banglore,CCU → BLR,15:15,17:45,2h 30m,non-stop,No info,5224
Jet Airways,15/05/2019,Kolkata,Banglore,CCU → BOM → BLR,16:30,12:00 16 May,19h 30m,1 stop,In-flight meal not included,10844
IndiGo,3/03/2019,Kolkata,Banglore,CCU → BLR,05:30,08:20,2h 50m,non-stop,No info,4778
Jet Airways,9/03/2019,Delhi,Cochin,DEL → BOM → COK,20:50,18:50 10 Mar,22h,1 stop,No info,16289
Air India,18/03/2019,Delhi,Cochin,DEL → COK,05:10,08:00,2h 50m,non-stop,No info,5674
Air India,12/03/2019,Mumbai,Hyderabad,BOM → BHO → DEL → HYD,06:00,11:55 13 Mar,29h 55m,2 stops,No info,12854
Air India,09/03/2019,Banglore,New Delhi,BLR → COK → DEL,22:00,11:05 13 Mar,13h 5m,1 stop,No info,8425
Jet Airways,21/03/2019,Delhi,Cochin,DEL → JAI → BOM → COK,05:30,18:50 22 Mar,37h 20m,2 stops,In-flight meal not included,9328
Multiple carriers,3/03/2019,Delhi,Cochin,DEL → BOM → COK,02:15,15:30,13h 15m,1 stop,No info,17057
Jet Airways,3/05/2019,Banglore,Delhi,BLR → DEL,19:50,22:50,3h,non-stop,No info,7229
IndiGo,3/03/2019,Delhi,Cochin,DEL → BOM → COK,11:30,21:00,9h 30m,1 stop,No info,14871
Jet Airways,27/06/2019,Delhi,Cochin,DEL → ATQ → BOM → COK,12:15,19:00 28 Jun,30h 45m,2 stops,No info,14300
Jet Airways,12/06/2019,Kolkata,Banglore,CCU → BOM → BLR,21:10,09:20 13 Jun,12h 10m,1 stop,In-flight meal not included,8529
Multiple carriers,9/06/2019,Delhi,Cochin,DEL → BOM → COK,04:55,19:00,14h 5m,1 stop,No info,10877
IndiGo,21/05/2019,Kolkata,Banglore,CCU → MAA → BLR,17:35,22:15,4h 40m,1 stop,No info,5386
Multiple carriers,27/03/2019,Delhi,Cochin,DEL → BOM → COK,10:45,18:50,8h 5m,1 stop,No info,11622
Multiple carriers,27/05/2019,Delhi,Cochin,DEL → BOM → COK,03:50,19:00,15h 10m,1 stop,No info,10197
Air Asia,21/05/2019,Delhi,Cochin,DEL → BLR → COK,16:45,22:30,5h 45m,1 stop,No info,8028
IndiGo,1/06/2019,Mumbai,Hyderabad,BOM → HYD,12:00,13:30,1h 30m,non-stop,No info,2754
Air India,03/03/2019,Banglore,New Delhi,BLR → HYD → DEL,08:15,21:25,13h 10m,1 stop,No info,6781
SpiceJet,21/05/2019,Kolkata,Banglore,CCU → BLR,17:10,19:40,2h 30m,non-stop,No check-in baggage included,3841
Multiple carriers,6/06/2019,Delhi,Cochin,DEL → BOM → COK,10:20,19:15,8h 55m,1 stop,No info,8266
IndiGo,24/03/2019,Banglore,New Delhi,BLR → DEL,07:10,10:05,2h 55m,non-stop,No info,6144
Jet Airways,24/04/2019,Banglore,Delhi,BLR → DEL,11:10,14:05,2h 55m,non-stop,In-flight meal not included,4544
Jet Airways,3/06/2019,Delhi,Cochin,DEL → BHO → BOM → COK,05:30,12:35,7h 5m,2 stops,No info,14441
Air India,12/06/2019,Mumbai,Hyderabad,BOM → HYD,21:05,22:25,1h 20m,non-stop,No info,3100
Jet Airways,18/05/2019,Kolkata,Banglore,CCU → DEL → BLR,20:25,14:25 19 May,18h,1 stop,No info,13067
Jet Airways,12/06/2019,Kolkata,Banglore,CCU → BOM → BLR,18:55,23:35 13 Jun,28h 40m,1 stop,In-flight meal not included,8529
IndiGo,15/05/2019,Delhi,Cochin,DEL → HYD → COK,08:35,16:10,7h 35m,1 stop,No info,6442
Multiple carriers,27/06/2019,Delhi,Cochin,DEL → BOM → COK,10:20,21:00,10h 40m,1 stop,No info,6480
Air India,03/03/2019,Banglore,New Delhi,BLR → VGA → DEL,10:30,11:20 07 Mar,24h 50m,1 stop,No info,11003
Vistara,12/06/2019,Banglore,Delhi,BLR → DEL,21:00,23:50,2h 50m,non-stop,No info,4668
Jet Airways,9/05/2019,Kolkata,Banglore,CCU → BOM → BLR,06:30,04:40 10 May,22h 10m,1 stop,No info,13941
Vistara,12/05/2019,Kolkata,Banglore,CCU → DEL → BLR,07:10,18:50,11h 40m,1 stop,No info,8820
Air India,9/03/2019,Delhi,Cochin,DEL → BLR → COK,17:45,23:00,5h 15m,1 stop,No info,9064
Jet Airways,6/06/2019,Kolkata,Banglore,CCU → BOM → BLR,08:25,19:50,11h 25m,1 stop,In-flight meal not included,10844
Jet Airways,18/05/2019,Delhi,Cochin,DEL → JAI → BOM → COK,05:30,19:00,13h 30m,2 stops,No info,15129
Multiple carriers,9/05/2019,Delhi,Cochin,DEL → HYD → COK,07:10,16:10,9h,1 stop,No info,6513
Jet Airways,9/06/2019,Kolkata,Banglore,CCU → DEL → BLR,17:00,23:35,6h 35m,1 stop,No info,14676
IndiGo,18/05/2019,Banglore,Delhi,BLR → DEL,07:10,10:05,2h 55m,non-stop,No info,4823
IndiGo,12/04/2019,Kolkata,Banglore,CCU → BLR,15:15,17:45,2h 30m,non-stop,No info,4174
Jet Airways,9/03/2019,Delhi,Cochin,DEL → DED → BOM → COK,15:55,04:25 10 Mar,12h 30m,2 stops,No info,19172
SpiceJet,12/04/2019,Banglore,Delhi,BLR → DEL,05:55,08:35,2h 40m,non-stop,No info,4423
SpiceJet,12/06/2019,Kolkata,Banglore,CCU → BLR,06:55,09:30,2h 35m,non-stop,No info,3873
IndiGo,3/06/2019,Delhi,Cochin,DEL → LKO → COK,21:50,03:35 04 Jun,5h 45m,1 stop,No info,7189
Jet Airways,6/06/2019,Kolkata,Banglore,CCU → BOM → BLR,06:30,04:40 07 Jun,22h 10m,1 stop,No info,13731
Jet Airways,12/05/2019,Kolkata,Banglore,CCU → DEL → BLR,09:35,10:55 13 May,25h 20m,1 stop,No info,14151
Air India,21/05/2019,Chennai,Kolkata,MAA → CCU,11:40,13:55,2h 15m,non-stop,No info,4667
Jet Airways,21/03/2019,Delhi,Cochin,DEL → AMD → BOM → COK,19:10,04:25 23 Mar,33h 15m,2 stops,In-flight meal not included,8834
Jet Airways,1/05/2019,Kolkata,Banglore,CCU → DEL → BLR,20:25,19:10 02 May,22h 45m,1 stop,No info,11467
Vistara,6/03/2019,Mumbai,Hyderabad,BOM → DEL → HYD,08:45,16:45,8h,1 stop,No info,12395
Multiple carriers,21/05/2019,Delhi,Cochin,DEL → HYD → COK,17:15,00:55 22 May,7h 40m,1 stop,No info,7858
IndiGo,24/05/2019,Kolkata,Banglore,CCU → BLR,20:20,22:55,2h 35m,non-stop,No info,4804
Jet Airways,9/06/2019,Kolkata,Banglore,CCU → DEL → BLR,20:25,09:45 10 Jun,13h 20m,1 stop,In-flight meal not included,13469
IndiGo,6/03/2019,Delhi,Cochin,DEL → COK,14:30,17:35,3h 5m,non-stop,No info,7673
Jet Airways,9/06/2019,Kolkata,Banglore,CCU → DEL → BLR,17:00,18:00 10 Jun,25h,1 stop,No info,14151
Jet Airways,24/06/2019,Delhi,Cochin,DEL → BOM → COK,15:00,12:35 25 Jun,21h 35m,1 stop,In-flight meal not included,10262
Jet Airways,24/06/2019,Delhi,Cochin,DEL → JAI → BOM → COK,09:40,12:35 25 Jun,26h 55m,2 stops,No info,13014
Jet Airways,9/05/2019,Delhi,Cochin,DEL → BOM → COK,13:00,19:00,6h,1 stop,In-flight meal not included,12373
Jet Airways,18/05/2019,Delhi,Cochin,DEL → BOM → COK,10:00,19:00,9h,1 stop,In-flight meal not included,11399
SpiceJet,6/05/2019,Banglore,Delhi,BLR → DEL,09:30,12:20,2h 50m,non-stop,No info,3971
Multiple carriers,27/06/2019,Delhi,Cochin,DEL → BOM → COK,06:00,21:00,15h,1 stop,In-flight meal not included,6007
Air India,15/03/2019,Banglore,New Delhi,BLR → VGA → DEL,10:30,22:55,12h 25m,1 stop,No info,6383
IndiGo,12/05/2019,Banglore,Delhi,BLR → DEL,08:30,11:20,2h 50m,non-stop,No info,5740
SpiceJet,15/06/2019,Mumbai,Hyderabad,BOM → HYD,13:15,14:45,1h 30m,non-stop,No check-in baggage included,1965
Multiple carriers,21/03/2019,Delhi,Cochin,DEL → HYD → MAA → COK,07:10,21:20,14h 10m,2 stops,In-flight meal not included,5935
IndiGo,6/04/2019,Kolkata,Banglore,CCU → BLR,09:35,12:20,2h 45m,non-stop,No info,4174
IndiGo,21/03/2019,Delhi,Cochin,DEL → BOM → COK,04:45,13:20,8h 35m,1 stop,No info,7738
Air India,24/05/2019,Delhi,Cochin,DEL → GOI → BOM → COK,22:00,19:15 25 May,21h 15m,2 stops,No info,10441
Air India,15/03/2019,Mumbai,Hyderabad,BOM → HYD,21:05,22:25,1h 20m,non-stop,No info,3100
Jet Airways,6/06/2019,Delhi,Cochin,DEL → BOM → COK,17:30,19:00 07 Jun,25h 30m,1 stop,No info,14714
Vistara,9/06/2019,Kolkata,Banglore,CCU → DEL → BLR,17:00,18:50 10 Jun,25h 50m,1 stop,No info,9135
Air India,1/04/2019,Kolkata,Banglore,CCU → BOM → BLR,16:50,18:30 02 Apr,25h 40m,1 stop,No info,7893
Jet Airways,6/05/2019,Kolkata,Banglore,CCU → DEL → BLR,17:00,23:35,6h 35m,1 stop,No info,12121
Air India,9/06/2019,Delhi,Cochin,DEL → COK,14:10,17:10,3h,non-stop,No info,6094
IndiGo,9/06/2019,Banglore,Delhi,BLR → DEL,10:10,13:00,2h 50m,non-stop,No info,4423
Jet Airways,21/03/2019,Banglore,New Delhi,BLR → BOM → DEL,20:35,07:40 19 Mar,11h 5m,1 stop,In-flight meal not included,7832
Vistara,3/04/2019,Banglore,Delhi,BLR → DEL,11:30,14:20,2h 50m,non-stop,No info,5403
SpiceJet,1/04/2019,Kolkata,Banglore,CCU → BLR,09:00,11:25,2h 25m,non-stop,No check-in baggage included,3841
Jet Airways,21/03/2019,Delhi,Cochin,DEL → BDQ → BOM → COK,10:45,04:25 22 Mar,17h 40m,2 stops,No info,11093
Jet Airways,24/04/2019,Banglore,Delhi,BLR → DEL,19:50,22:50,3h,non-stop,No info,7229
IndiGo,27/05/2019,Banglore,Delhi,BLR → DEL,16:55,19:55,3h,non-stop,No info,4823
Jet Airways,1/05/2019,Kolkata,Banglore,CCU → DEL → BLR,09:35,19:10,9h 35m,1 stop,No info,11467
IndiGo,1/05/2019,Kolkata,Banglore,CCU → BBI → BLR,07:10,12:40,5h 30m,1 stop,No info,6111
Jet Airways,9/05/2019,Kolkata,Banglore,CCU → DEL → BLR,17:00,10:55 10 May,17h 55m,1 stop,In-flight meal not included,8066
IndiGo,27/03/2019,Delhi,Cochin,DEL → BOM → COK,04:45,21:00,16h 15m,1 stop,No info,7258
Air India,27/03/2019,Delhi,Cochin,DEL → COK,05:10,08:00,2h 50m,non-stop,No info,4729
Multiple carriers,6/03/2019,Delhi,Cochin,DEL → BOM → COK,09:10,18:50,9h 40m,1 stop,No info,15135
Air India,24/05/2019,Kolkata,Banglore,CCU → BOM → COK → BLR,09:25,01:20 25 May,15h 55m,2 stops,No info,12718
Jet Airways,18/06/2019,Mumbai,Hyderabad,BOM → HYD,02:55,04:20,1h 25m,non-stop,No info,5678
IndiGo,24/06/2019,Delhi,Cochin,DEL → HYD → COK,06:50,12:10,5h 20m,1 stop,No info,5298
Jet Airways,06/03/2019,Banglore,New Delhi,BLR → BOM → DEL,11:40,00:45 07 Mar,13h 5m,1 stop,No info,14815
Jet Airways,24/06/2019,Delhi,Cochin,DEL → JAI → BOM → COK,05:30,04:25 25 Jun,22h 55m,2 stops,No info,13014
SpiceJet,18/05/2019,Kolkata,Banglore,CCU → BLR,09:00,11:25,2h 25m,non-stop,No info,4491
Multiple carriers,27/03/2019,Delhi,Cochin,DEL → BOM → COK,10:20,18:50,8h 30m,1 stop,No info,11421
Jet Airways,18/03/2019,Banglore,New Delhi,BLR → BOM → DEL,08:00,07:40 16 Mar,23h 40m,1 stop,No info,12284
Jet Airways,12/05/2019,Banglore,Delhi,BLR → DEL,06:00,08:45,2h 45m,non-stop,No info,7229
IndiGo,15/04/2019,Banglore,Delhi,BLR → DEL,07:10,10:05,2h 55m,non-stop,No info,4823
Jet Airways,27/06/2019,Delhi,Cochin,DEL → BOM → COK,20:55,04:25 28 Jun,7h 30m,1 stop,In-flight meal not included,12898
Multiple carriers,27/06/2019,Delhi,Cochin,DEL → BOM → COK,07:05,21:00,13h 55m,1 stop,No info,13587
Jet Airways,18/05/2019,Delhi,Cochin,DEL → BOM → COK,09:00,04:25 19 May,19h 25m,1 stop,In-flight meal not included,12373
Multiple carriers,21/03/2019,Delhi,Cochin,DEL → HYD → COK,07:10,22:20,15h 10m,1 stop,In-flight meal not included,5999
Air India,18/05/2019,Kolkata,Banglore,CCU → JAI → BOM → BLR,08:20,18:30,10h 10m,2 stops,No info,10907
Jet Airways,6/06/2019,Kolkata,Banglore,CCU → DEL → BLR,09:35,21:05,11h 30m,1 stop,No info,14151
IndiGo,12/05/2019,Banglore,Delhi,BLR → DEL,23:30,02:20 13 May,2h 50m,non-stop,No info,4591
Jet Airways,06/03/2019,Banglore,New Delhi,BLR → BOM → DEL,14:05,20:20,6h 15m,1 stop,No info,19225
Jet Airways,6/05/2019,Kolkata,Banglore,CCU → BOM → BLR,14:05,12:00 07 May,21h 55m,1 stop,In-flight meal not included,9663
Jet Airways,1/05/2019,Kolkata,Banglore,CCU → BOM → BLR,06:30,18:15,11h 45m,1 stop,In-flight meal not included,10844
Multiple carriers,9/05/2019,Delhi,Cochin,DEL → BOM → COK,13:00,21:00,8h,1 stop,No info,13727
Jet Airways,18/05/2019,Kolkata,Banglore,CCU → DEL → BLR,09:35,21:05,11h 30m,1 stop,No info,14151
Jet Airways,27/06/2019,Delhi,Cochin,DEL → BOM → COK,18:15,12:35 28 Jun,18h 20m,1 stop,In-flight meal not included,10262
SpiceJet,12/06/2019,Kolkata,Banglore,CCU → BLR,09:00,11:25,2h 25m,non-stop,No info,3873
Jet Airways,24/06/2019,Delhi,Cochin,DEL → JAI → BOM → COK,19:30,04:25 25 Jun,8h 55m,2 stops,No info,13014
Air India,21/06/2019,Kolkata,Banglore,CCU → BLR,14:15,16:45,2h 30m,non-stop,No info,5510
Jet Airways,9/03/2019,Delhi,Cochin,DEL → BDQ → BOM → COK,10:45,04:25 10 Mar,17h 40m,2 stops,No info,17282
Multiple carriers,27/03/2019,Delhi,Cochin,DEL → HYD → MAA → COK,09:45,21:20,11h 35m,2 stops,No info,6653
IndiGo,3/03/2019,Delhi,Cochin,DEL → MAA → COK,09:55,15:10,5h 15m,1 stop,No info,12214
Air India,1/05/2019,Mumbai,Hyderabad,BOM → HYD,13:55,15:25,1h 30m,non-stop,No info,3625
IndiGo,03/03/2019,Banglore,New Delhi,BLR → DEL,08:30,11:30,3h,non-stop,No info,6860
GoAir,24/06/2019,Delhi,Cochin,DEL → BOM → COK,10:35,19:35,9h,1 stop,No info,3876
Vistara,27/04/2019,Banglore,Delhi,BLR → DEL,19:30,22:15,2h 45m,non-stop,No info,5613
Air India,27/03/2019,Delhi,Cochin,DEL → NAG → BOM → COK,05:55,07:40 28 Mar,25h 45m,2 stops,No info,8971
Jet Airways,21/05/2019,Banglore,Delhi,BLR → DEL,19:50,22:50,3h,non-stop,In-flight meal not included,4030
IndiGo,27/03/2019,Delhi,Cochin,DEL → BOM → COK,15:00,01:35 28 Mar,10h 35m,1 stop,No info,8075
Multiple carriers,15/06/2019,Delhi,Cochin,DEL → BOM → COK,06:00,21:00,15h,1 stop,No info,7005
IndiGo,6/03/2019,Kolkata,Banglore,CCU → BLR,22:10,00:55 07 Mar,2h 45m,non-stop,No info,4778
Vistara,9/05/2019,Chennai,Kolkata,MAA → CCU,07:05,09:20,2h 15m,non-stop,No info,3687
Jet Airways,9/06/2019,Delhi,Cochin,DEL → BOM → COK,11:30,04:25 10 Jun,16h 55m,1 stop,In-flight meal not included,10262
Air India,3/03/2019,Delhi,Cochin,DEL → BHO → BOM → COK,05:55,07:40 04 Mar,25h 45m,2 stops,No info,15113
IndiGo,6/05/2019,Delhi,Cochin,DEL → BOM → COK,10:35,01:30 07 May,14h 55m,1 stop,No info,6979
Multiple carriers,21/03/2019,Delhi,Cochin,DEL → HYD → COK,07:05,16:10,9h 5m,1 stop,No info,6717
Jet Airways,06/03/2019,Banglore,New Delhi,BLR → BOM → DEL,08:55,23:00,14h 5m,1 stop,No info,16736
Air India,15/03/2019,Banglore,New Delhi,BLR → MAA → DEL,11:50,19:50,8h,1 stop,No info,7192
IndiGo,15/04/2019,Kolkata,Banglore,CCU → MAA → BLR,06:20,10:30,4h 10m,1 stop,No info,4226
Multiple carriers,21/05/2019,Delhi,Cochin,DEL → BOM → COK,08:30,19:00,10h 30m,1 stop,No info,9627
Jet Airways,3/04/2019,Delhi,Cochin,DEL → BOM → COK,02:15,19:00,16h 45m,1 stop,In-flight meal not included,4757
Jet Airways,24/05/2019,Kolkata,Banglore,CCU → BOM → BLR,14:05,22:35,8h 30m,1 stop,No info,14571
Air Asia,1/04/2019,Kolkata,Banglore,CCU → BBI → BLR,06:50,10:30,3h 40m,1 stop,No info,5162
Jet Airways,18/05/2019,Kolkata,Banglore,CCU → BOM → BLR,16:30,16:20 19 May,23h 50m,1 stop,In-flight meal not included,10844
SpiceJet,21/03/2019,Kolkata,Banglore,CCU → BLR,09:00,11:30,2h 30m,non-stop,No check-in baggage included,3815
Jet Airways,06/03/2019,Banglore,New Delhi,BLR → BOM → DEL,11:40,09:30 07 Mar,21h 50m,1 stop,No info,17261
Jet Airways,06/03/2019,Banglore,New Delhi,BLR → BOM → DEL,21:25,07:40 07 Mar,10h 15m,1 stop,No info,16736
SpiceJet,21/06/2019,Kolkata,Banglore,CCU → BLR,09:00,11:25,2h 25m,non-stop,No check-in baggage included,3841
Jet Airways,24/05/2019,Kolkata,Banglore,CCU → BOM → BLR,14:05,20:45,6h 40m,1 stop,In-flight meal not included,10844
IndiGo,21/03/2019,Delhi,Cochin,DEL → BOM → COK,10:45,21:00,10h 15m,1 stop,No info,6838
Air India,12/05/2019,Kolkata,Banglore,CCU → BBI → BLR,12:00,13:15 13 May,25h 15m,1 stop,No info,6612
Air India,09/03/2019,Banglore,New Delhi,BLR → DEL,13:20,16:10,2h 50m,non-stop,No info,8851
Vistara,6/03/2019,Mumbai,Hyderabad,BOM → DEL → HYD,08:45,19:55,11h 10m,1 stop,No info,12395
Air Asia,24/06/2019,Banglore,Delhi,BLR → DEL,04:55,07:45,2h 50m,non-stop,No info,4282
Jet Airways,21/05/2019,Kolkata,Banglore,CCU → BOM → BLR,20:00,09:20 22 May,13h 20m,1 stop,No info,14781
Multiple carriers,12/06/2019,Delhi,Cochin,DEL → HYD → COK,09:45,22:30,12h 45m,1 stop,No info,9646
IndiGo,27/05/2019,Delhi,Cochin,DEL → BOM → COK,15:00,01:30 28 May,10h 30m,1 stop,No info,6628
Vistara,18/06/2019,Banglore,Delhi,BLR → DEL,07:00,09:40,2h 40m,non-stop,No info,4668
Multiple carriers,6/03/2019,Delhi,Cochin,DEL → BOM → COK,18:00,01:35 07 Mar,7h 35m,1 stop,No info,16863
Multiple carriers,9/06/2019,Delhi,Cochin,DEL → BOM → COK,07:00,19:00,12h,1 stop,No info,12192
Jet Airways,21/03/2019,Delhi,Cochin,DEL → BOM → COK,02:15,04:25 22 Mar,26h 10m,1 stop,No info,12719
Jet Airways,21/05/2019,Delhi,Cochin,DEL → BOM → COK,21:50,12:35 22 May,14h 45m,1 stop,In-flight meal not included,12898
Jet Airways,3/06/2019,Delhi,Cochin,DEL → BOM → COK,19:45,19:00 04 Jun,23h 15m,1 stop,In-flight meal not included,10262
SpiceJet,24/05/2019,Kolkata,Banglore,CCU → IXB → BLR,15:55,21:25,5h 30m,1 stop,No info,7804
IndiGo,18/04/2019,Kolkata,Banglore,CCU → BLR,04:40,07:15,2h 35m,non-stop,No info,4174
IndiGo,27/06/2019,Mumbai,Hyderabad,BOM → HYD,20:05,21:40,1h 35m,non-stop,No info,2227
Jet Airways,18/03/2019,Banglore,New Delhi,BLR → BOM → DEL,22:50,09:00 16 Mar,10h 10m,1 stop,In-flight meal not included,11087
Multiple carriers,21/03/2019,Delhi,Cochin,DEL → BOM → COK,08:00,18:50,10h 50m,1 stop,No info,11667
Air India,6/03/2019,Delhi,Cochin,DEL → COK,18:05,21:10,3h 5m,non-stop,No info,7931
IndiGo,12/06/2019,Chennai,Kolkata,MAA → CCU,22:05,00:25 13 Jun,2h 20m,non-stop,No info,5277
Jet Airways,12/06/2019,Kolkata,Banglore,CCU → BOM → BLR,06:30,18:15,11h 45m,1 stop,No info,13626
Jet Airways,18/05/2019,Delhi,Cochin,DEL → BOM → COK,18:15,04:25 19 May,10h 10m,1 stop,In-flight meal not included,12373
Jet Airways,24/03/2019,Kolkata,Banglore,CCU → BOM → BLR,06:30,18:10,11h 40m,1 stop,In-flight meal not included,10031
Jet Airways,12/05/2019,Kolkata,Banglore,CCU → BOM → BLR,16:30,20:45 13 May,28h 15m,1 stop,In-flight meal not included,10844
GoAir,9/05/2019,Delhi,Cochin,DEL → BOM → COK,10:35,19:35,9h,1 stop,No info,6591
Jet Airways,1/04/2019,Delhi,Cochin,DEL → BOM → COK,18:15,19:00 02 Apr,24h 45m,1 stop,In-flight meal not included,5406
Jet Airways,15/05/2019,Kolkata,Banglore,CCU → BOM → BLR,21:10,16:20 16 May,19h 10m,1 stop,In-flight meal not included,10844
SpiceJet,27/05/2019,Mumbai,Hyderabad,BOM → HYD,22:45,00:15 28 May,1h 30m,non-stop,No info,2017
Jet Airways,9/05/2019,Delhi,Cochin,DEL → BOM → COK,10:00,12:35 10 May,26h 35m,1 stop,In-flight meal not included,12373
Air India,6/06/2019,Delhi,Cochin,DEL → BOM → COK,07:00,19:15,12h 15m,1 stop,No info,8669
Air Asia,27/03/2019,Delhi,Cochin,DEL → BLR → COK,07:55,15:45,7h 50m,1 stop,No info,6151
Multiple carriers,18/05/2019,Delhi,Cochin,DEL → HYD → COK,09:45,22:30,12h 45m,1 stop,No info,10348
Jet Airways,24/03/2019,Banglore,New Delhi,BLR → DEL,19:55,22:35,2h 40m,non-stop,No info,8016
IndiGo,12/06/2019,Banglore,Delhi,BLR → DEL,08:30,11:20,2h 50m,non-stop,No info,4823
Air India,21/05/2019,Kolkata,Banglore,CCU → BLR,14:15,16:45,2h 30m,non-stop,No info,5510
Air India,18/03/2019,Mumbai,Hyderabad,BOM → HYD,06:20,07:40,1h 20m,non-stop,No info,3100
Jet Airways,27/06/2019,Delhi,Cochin,DEL → BOM → COK,18:15,19:00 28 Jun,24h 45m,1 stop,In-flight meal not included,10262
Jet Airways,1/06/2019,Delhi,Cochin,DEL → BOM → COK,11:30,19:00,7h 30m,1 stop,No info,14714
Jet Airways,15/06/2019,Delhi,Cochin,DEL → BOM → COK,10:00,19:00,9h,1 stop,In-flight meal not included,10262
Air India,18/06/2019,Banglore,Delhi,BLR → DEL,17:00,19:50,2h 50m,non-stop,No info,6961
IndiGo,27/05/2019,Delhi,Cochin,DEL → BOM → COK,17:30,01:30 28 May,8h,1 stop,No info,6206
Air India,15/03/2019,Banglore,New Delhi,BLR → HYD → VGA → DEL,08:15,22:55,14h 40m,2 stops,No info,7904
Jet Airways,27/06/2019,Delhi,Cochin,DEL → AMD → BOM → COK,19:10,12:35 28 Jun,17h 25m,2 stops,No info,12819
Jet Airways,15/06/2019,Delhi,Cochin,DEL → BOM → COK,21:50,12:35 16 Jun,14h 45m,1 stop,In-flight meal not included,10262
IndiGo,21/04/2019,Banglore,Delhi,BLR → DEL,01:30,04:15,2h 45m,non-stop,No info,4591
Jet Airways,24/06/2019,Delhi,Cochin,DEL → JAI → BOM → COK,09:40,12:35 25 Jun,26h 55m,2 stops,In-flight meal not included,10368
Multiple carriers,9/05/2019,Delhi,Cochin,DEL → BOM → COK,07:05,19:15,12h 10m,1 stop,In-flight meal not included,11142
Air India,6/04/2019,Delhi,Cochin,DEL → COK,05:10,08:00,2h 50m,non-stop,No info,4729
Multiple carriers,9/05/2019,Delhi,Cochin,DEL → BOM → COK,13:00,01:30 10 May,12h 30m,1 stop,No info,9424
Multiple carriers,6/03/2019,Delhi,Cochin,DEL → BOM → COK,09:00,15:30,6h 30m,1 stop,In-flight meal not included,15136
Air India,18/05/2019,Delhi,Cochin,DEL → HYD → BOM → COK,17:15,07:40 19 May,14h 25m,2 stops,No info,12199
Jet Airways,12/06/2019,Delhi,Cochin,DEL → BOM → COK,11:30,04:25 13 Jun,16h 55m,1 stop,In-flight meal not included,10262
IndiGo,3/04/2019,Delhi,Cochin,DEL → COK,14:20,17:35,3h 15m,non-stop,No info,4729
SpiceJet,9/06/2019,Kolkata,Banglore,CCU → BLR,17:10,19:40,2h 30m,non-stop,No check-in baggage included,3841
Jet Airways,18/05/2019,Kolkata,Banglore,CCU → BOM → BLR,18:55,09:20 19 May,14h 25m,1 stop,No info,14388
IndiGo,27/06/2019,Mumbai,Hyderabad,BOM → HYD,02:35,04:05,1h 30m,non-stop,No info,2754
Air India,03/03/2019,Banglore,New Delhi,BLR → BOM → NAG → DEL,08:50,10:35 07 Mar,25h 45m,2 stops,No info,12358
Air India,15/05/2019,Kolkata,Banglore,CCU → BBI → HYD → BLR,09:10,04:40 16 May,19h 30m,2 stops,No info,6117
Jet Airways,24/05/2019,Delhi,Cochin,DEL → JAI → BOM → COK,05:30,04:25 25 May,22h 55m,2 stops,No info,15129
Jet Airways,15/05/2019,Kolkata,Banglore,CCU → BOM → BLR,21:10,08:15 16 May,11h 5m,1 stop,No info,14388
Air India,24/06/2019,Delhi,Cochin,DEL → MAA → COK,12:30,09:25 25 Jun,20h 55m,1 stop,No info,7480
Multiple carriers,27/06/2019,Delhi,Cochin,DEL → BOM → COK,06:00,12:35,6h 35m,1 stop,In-flight meal not included,10791
Jet Airways,27/03/2019,Delhi,Cochin,DEL → BOM → COK,07:05,04:25 28 Mar,21h 20m,1 stop,No info,12452
IndiGo,21/05/2019,Kolkata,Banglore,CCU → BBI → BLR,19:55,23:50,3h 55m,1 stop,No info,4226
Vistara,15/04/2019,Banglore,Delhi,BLR → DEL,21:00,23:50,2h 50m,non-stop,No info,5403
Multiple carriers,1/06/2019,Delhi,Cochin,DEL → HYD → COK,09:45,22:30,12h 45m,1 stop,No info,9646
Air Asia,3/06/2019,Banglore,Delhi,BLR → DEL,04:55,07:45,2h 50m,non-stop,No info,4282
Multiple carriers,27/03/2019,Delhi,Cochin,DEL → BOM → COK,08:55,15:30,6h 35m,1 stop,No info,7845
IndiGo,21/03/2019,Chennai,Kolkata,MAA → CCU,19:35,21:55,2h 20m,non-stop,No info,3384
IndiGo,6/05/2019,Banglore,Delhi,BLR → DEL,18:55,21:50,2h 55m,non-stop,No info,4823
IndiGo,15/06/2019,Chennai,Kolkata,MAA → CCU,19:35,21:55,2h 20m,non-stop,No info,3597
Multiple carriers,15/06/2019,Delhi,Cochin,DEL → BOM → COK,09:00,21:00,12h,1 stop,No info,13587
Air Asia,3/03/2019,Delhi,Cochin,DEL → BLR → COK,16:45,07:10 04 Mar,14h 25m,1 stop,No info,13474
IndiGo,21/03/2019,Chennai,Kolkata,MAA → CCU,13:20,15:35,2h 15m,non-stop,No info,3384
Jet Airways,27/05/2019,Delhi,Cochin,DEL → JAI → BOM → COK,05:30,19:00,13h 30m,2 stops,No info,15129
Jet Airways,21/05/2019,Kolkata,Banglore,CCU → BOM → BLR,06:30,08:15 22 May,25h 45m,1 stop,In-flight meal not included,8586
IndiGo,9/06/2019,Banglore,Delhi,BLR → DEL,23:30,02:20 10 Jun,2h 50m,non-stop,No info,4591
Jet Airways,27/06/2019,Delhi,Cochin,DEL → LKO → BOM → COK,11:45,12:35 28 Jun,24h 50m,2 stops,No info,13882
Multiple carriers,3/03/2019,Delhi,Cochin,DEL → BOM → COK,13:00,01:35 04 Mar,12h 35m,1 stop,No info,18286
Air Asia,15/05/2019,Kolkata,Banglore,CCU → DEL → BLR,07:35,19:25,11h 50m,1 stop,No info,5192
Jet Airways,27/06/2019,Delhi,Cochin,DEL → JAI → BOM → COK,09:40,12:35 28 Jun,26h 55m,2 stops,In-flight meal not included,11118
IndiGo,3/03/2019,Delhi,Cochin,DEL → BOM → COK,06:40,15:30,8h 50m,1 stop,No info,14871
Air India,24/05/2019,Kolkata,Banglore,CCU → DEL → AMD → BLR,10:00,05:25 25 May,19h 25m,2 stops,No info,15107
Air India,12/06/2019,Delhi,Cochin,DEL → BOM → COK,07:00,19:15,12h 15m,1 stop,No info,8669
GoAir,1/04/2019,Kolkata,Banglore,CCU → AMD → BLR,16:40,00:15 02 Apr,7h 35m,1 stop,No info,5171
Jet Airways,12/06/2019,Kolkata,Banglore,CCU → BOM → BLR,16:30,12:00 13 Jun,19h 30m,1 stop,In-flight meal not included,8529
Jet Airways,27/03/2019,Delhi,Cochin,DEL → BOM → COK,23:05,04:25 28 Mar,5h 20m,1 stop,In-flight meal not included,7438
IndiGo,9/06/2019,Delhi,Cochin,DEL → BOM → COK,17:10,01:30 10 Jun,8h 20m,1 stop,No info,6206
Air India,9/06/2019,Banglore,Delhi,BLR → DEL,17:00,19:45,2h 45m,non-stop,No info,7171
Jet Airways,9/06/2019,Kolkata,Banglore,CCU → DEL → BLR,09:35,14:25 10 Jun,28h 50m,1 stop,No info,14151
Jet Airways,9/06/2019,Kolkata,Banglore,CCU → BOM → BLR,18:55,08:15 10 Jun,13h 20m,1 stop,No info,14939
Jet Airways,01/03/2019,Banglore,New Delhi,BLR → BOM → DEL,11:40,11:25 02 Mar,23h 45m,1 stop,No info,25735
Jet Airways,12/06/2019,Delhi,Cochin,DEL → LKO → BOM → COK,09:25,04:25 13 Jun,19h,2 stops,No info,13882
Vistara,18/05/2019,Kolkata,Banglore,CCU → DEL → BLR,20:20,18:50 19 May,22h 30m,1 stop,No info,9555
IndiGo,27/04/2019,Kolkata,Banglore,CCU → BLR,20:20,22:55,2h 35m,non-stop,No info,4804
Vistara,15/03/2019,Chennai,Kolkata,MAA → CCU,07:05,09:20,2h 15m,non-stop,No info,6627
Jet Airways,12/05/2019,Kolkata,Banglore,CCU → BOM → BLR,06:30,12:00,5h 30m,1 stop,In-flight meal not included,8586
IndiGo,9/05/2019,Kolkata,Banglore,CCU → BLR,22:15,00:50 10 May,2h 35m,non-stop,No info,4804
Air India,01/03/2019,Banglore,New Delhi,BLR → BOM → AMD → DEL,08:50,23:55 02 Mar,39h 5m,2 stops,No info,17135
Jet Airways,9/05/2019,Delhi,Cochin,DEL → BOM → COK,10:00,19:00,9h,1 stop,No info,15554
IndiGo,27/05/2019,Delhi,Cochin,DEL → BOM → COK,08:30,21:00,12h 30m,1 stop,No info,6838
IndiGo,3/03/2019,Delhi,Cochin,DEL → HYD → COK,07:35,12:00,4h 25m,1 stop,No info,8258
GoAir,6/03/2019,Delhi,Cochin,DEL → BOM → COK,10:25,19:20,8h 55m,1 stop,No info,8213
Multiple carriers,6/06/2019,Delhi,Cochin,DEL → BOM → COK,07:00,19:00,12h,1 stop,No info,12192
Multiple carriers,3/06/2019,Delhi,Cochin,DEL → BOM → COK,10:00,19:15,9h 15m,1 stop,No info,14848
IndiGo,21/03/2019,Kolkata,Banglore,CCU → BLR,15:10,17:45,2h 35m,non-stop,No info,4148
Jet Airways,6/06/2019,Kolkata,Banglore,CCU → BOM → BLR,20:00,12:00 07 Jun,16h,1 stop,In-flight meal not included,10844
Jet Airways,18/05/2019,Kolkata,Banglore,CCU → BOM → BLR,18:55,22:35 19 May,27h 40m,1 stop,In-flight meal not included,10844
Multiple carriers,24/06/2019,Delhi,Cochin,DEL → BOM → COK,19:00,01:30 25 Jun,6h 30m,1 stop,No info,6795
Jet Airways,15/05/2019,Kolkata,Banglore,CCU → BOM → BLR,16:30,04:40 16 May,12h 10m,1 stop,No info,14781
IndiGo,27/06/2019,Delhi,Cochin,DEL → MAA → COK,07:15,12:30,5h 15m,1 stop,No info,6582
SpiceJet,24/04/2019,Banglore,Delhi,BLR → DEL,09:30,12:20,2h 50m,non-stop,No check-in baggage included,3919
Multiple carriers,27/06/2019,Delhi,Cochin,DEL → HYD → COK,09:45,22:30,12h 45m,1 stop,No info,9646
SpiceJet,01/03/2019,Banglore,New Delhi,BLR → HYD → DEL,15:35,23:40,8h 5m,1 stop,1 Long layover,7744
Jet Airways,6/06/2019,Delhi,Cochin,DEL → JAI → BOM → COK,09:40,12:35 07 Jun,26h 55m,2 stops,In-flight meal not included,11733
Jet Airways,15/06/2019,Delhi,Cochin,DEL → BOM → COK,09:00,04:25 16 Jun,19h 25m,1 stop,In-flight meal not included,10262
Jet Airways,12/03/2019,Banglore,New Delhi,BLR → BOM → DEL,05:45,12:15,6h 30m,1 stop,No info,17524
SpiceJet,9/03/2019,Mumbai,Hyderabad,BOM → HYD,22:45,00:10 10 Mar,1h 25m,non-stop,No info,3603
Multiple carriers,18/05/2019,Delhi,Cochin,DEL → BOM → COK,07:30,19:15,11h 45m,1 stop,No info,7564
Multiple carriers,9/06/2019,Delhi,Cochin,DEL → BOM → COK,10:20,21:00,10h 40m,1 stop,No info,7005
IndiGo,3/03/2019,Delhi,Cochin,DEL → BOM → COK,09:10,01:35 04 Mar,16h 25m,1 stop,No info,14871
Air Asia,18/04/2019,Banglore,Delhi,BLR → DEL,04:55,07:45,2h 50m,non-stop,No info,4282
Jet Airways,27/05/2019,Delhi,Cochin,DEL → AMD → BOM → COK,23:05,12:35 28 May,13h 30m,2 stops,No info,15129
Air Asia,24/06/2019,Delhi,Cochin,DEL → BLR → COK,16:45,22:25,5h 40m,1 stop,No info,6752
Air India,21/05/2019,Delhi,Cochin,DEL → COK,14:05,17:55,3h 50m,non-stop,No info,6094
IndiGo,1/05/2019,Mumbai,Hyderabad,BOM → HYD,16:55,18:25,1h 30m,non-stop,No info,3175
Multiple carriers,27/06/2019,Delhi,Cochin,DEL → BOM → COK,08:45,19:15,10h 30m,1 stop,No info,8266
GoAir,12/04/2019,Banglore,Delhi,BLR → DEL,20:55,23:40,2h 45m,non-stop,No info,6722
SpiceJet,24/06/2019,Kolkata,Banglore,CCU → BLR,06:55,09:30,2h 35m,non-stop,No info,3873
Air India,3/04/2019,Mumbai,Hyderabad,BOM → HYD,13:55,15:25,1h 30m,non-stop,No info,2575
Multiple carriers,21/05/2019,Delhi,Cochin,DEL → BOM → COK,06:40,19:15,12h 35m,1 stop,No info,7787
IndiGo,3/03/2019,Delhi,Cochin,DEL → BLR → COK,02:00,07:45,5h 45m,1 stop,No info,9257
Jet Airways,12/05/2019,Banglore,Delhi,BLR → DEL,18:55,22:00,3h 5m,non-stop,In-flight meal not included,4030
SpiceJet,3/05/2019,Banglore,Delhi,BLR → DEL,21:10,00:05 04 May,2h 55m,non-stop,No info,4991
IndiGo,21/03/2019,Delhi,Cochin,DEL → BOM → COK,07:30,13:20,5h 50m,1 stop,No info,9861
IndiGo,15/03/2019,Banglore,New Delhi,BLR → NAG → DEL,16:50,21:35,4h 45m,1 stop,No info,10406
Jet Airways,9/06/2019,Banglore,Delhi,BLR → DEL,15:15,18:10,2h 55m,non-stop,In-flight meal not included,7229
Multiple carriers,15/05/2019,Delhi,Cochin,DEL → BOM → COK,08:45,21:00,12h 15m,1 stop,No info,7670
Jet Airways,24/06/2019,Delhi,Cochin,DEL → ATQ → BOM → COK,20:00,04:25 25 Jun,8h 25m,2 stops,No info,14300
Vistara,15/05/2019,Kolkata,Banglore,CCU → DEL → BLR,07:10,10:45 16 May,27h 35m,1 stop,No info,8452
SpiceJet,6/04/2019,Kolkata,Banglore,CCU → BLR,14:55,17:25,2h 30m,non-stop,No info,3873
SpiceJet,9/06/2019,Kolkata,Banglore,CCU → PNQ → BLR,08:35,17:15,8h 40m,1 stop,No info,6853
Jet Airways,6/04/2019,Banglore,Delhi,BLR → DEL,11:10,14:05,2h 55m,non-stop,No info,7229
Jet Airways,15/04/2019,Banglore,Delhi,BLR → DEL,19:50,22:50,3h,non-stop,No info,7229
Jet Airways,3/06/2019,Delhi,Cochin,DEL → BOM → COK,19:15,12:35 04 Jun,17h 20m,1 stop,No info,14714
IndiGo,12/06/2019,Kolkata,Banglore,CCU → BLR,17:15,19:50,2h 35m,non-stop,No info,4804
IndiGo,9/05/2019,Kolkata,Banglore,CCU → PAT → BLR,09:20,14:15,4h 55m,1 stop,No info,11465
IndiGo,21/04/2019,Banglore,Delhi,BLR → DEL,23:30,02:20 22 Apr,2h 50m,non-stop,No info,4591
IndiGo,9/06/2019,Delhi,Cochin,DEL → BOM → COK,09:15,01:30 10 Jun,16h 15m,1 stop,No info,6628
IndiGo,6/03/2019,Delhi,Cochin,DEL → BLR → COK,02:00,07:45,5h 45m,1 stop,No info,8025
Air Asia,12/06/2019,Delhi,Cochin,DEL → BLR → COK,07:55,15:45,7h 50m,1 stop,No info,6152
IndiGo,3/04/2019,Banglore,Delhi,BLR → DEL,10:10,13:00,2h 50m,non-stop,No info,3943
Vistara,6/06/2019,Kolkata,Banglore,CCU → DEL → BLR,07:10,10:45 07 Jun,27h 35m,1 stop,No info,9187
Vistara,21/05/2019,Kolkata,Banglore,CCU → DEL → BLR,20:20,10:45 22 May,14h 25m,1 stop,No info,9187
Air India,1/05/2019,Kolkata,Banglore,CCU → DEL → COK → BLR,10:00,13:45 02 May,27h 45m,2 stops,No info,15164
Multiple carriers,6/03/2019,Delhi,Cochin,DEL → HYD → COK,09:45,16:10,6h 25m,1 stop,No info,10276
Multiple carriers,1/06/2019,Delhi,Cochin,DEL → BOM → COK,03:50,19:00,15h 10m,1 stop,No info,12192
Air Asia,24/03/2019,Kolkata,Banglore,CCU → BBI → BLR,19:55,23:30,3h 35m,1 stop,No info,5554
Air India,27/03/2019,Delhi,Cochin,DEL → BOM → COK,07:00,19:15,12h 15m,1 stop,No info,6377
IndiGo,21/03/2019,Delhi,Cochin,DEL → BOM → COK,20:30,01:35 22 Mar,5h 5m,1 stop,No info,6232
IndiGo,9/05/2019,Delhi,Cochin,DEL → BLR → COK,05:10,10:05,4h 55m,1 stop,No info,6496
IndiGo,24/06/2019,Banglore,Delhi,BLR → DEL,18:15,21:20,3h 5m,non-stop,No info,4823
IndiGo,6/06/2019,Kolkata,Banglore,CCU → BBI → BLR,19:35,23:15,3h 40m,1 stop,No info,6116
Jet Airways,9/05/2019,Kolkata,Banglore,CCU → BOM → BLR,20:00,18:15 10 May,22h 15m,1 stop,In-flight meal not included,7757
Multiple carriers,21/05/2019,Delhi,Cochin,DEL → BOM → COK,08:45,19:15,10h 30m,1 stop,No info,8266
SpiceJet,21/05/2019,Kolkata,Banglore,CCU → BLR,06:55,09:30,2h 35m,non-stop,No info,3873
Jet Airways,15/05/2019,Kolkata,Banglore,CCU → BOM → BLR,21:10,10:05 16 May,12h 55m,1 stop,In-flight meal not included,11841
IndiGo,24/05/2019,Kolkata,Banglore,CCU → BLR,15:30,18:05,2h 35m,non-stop,No info,4804
IndiGo,1/06/2019,Banglore,Delhi,BLR → DEL,10:10,13:00,2h 50m,non-stop,No info,3943
Multiple carriers,27/05/2019,Delhi,Cochin,DEL → BOM → COK,11:30,19:15,7h 45m,1 stop,No info,15898
Jet Airways,15/05/2019,Kolkata,Banglore,CCU → DEL → BLR,17:00,21:05 16 May,28h 5m,1 stop,No info,14151
Jet Airways,9/06/2019,Delhi,Cochin,DEL → BOM → COK,16:00,04:25 10 Jun,12h 25m,1 stop,In-flight meal not included,10577
Air India,3/04/2019,Banglore,Delhi,BLR → DEL,06:10,08:55,2h 45m,non-stop,No info,4441
Jet Airways,6/04/2019,Delhi,Cochin,DEL → BOM → COK,11:30,12:35 07 Apr,25h 5m,1 stop,In-flight meal not included,5177
Air India,1/04/2019,Kolkata,Banglore,CCU → BLR,20:45,23:20,2h 35m,non-stop,No info,4460
Multiple carriers,18/05/2019,Delhi,Cochin,DEL → BOM → COK,08:00,21:00,13h,1 stop,No info,13727
Jet Airways,3/06/2019,Delhi,Cochin,DEL → BOM → COK,16:00,12:35 04 Jun,20h 35m,1 stop,No info,14714
Jet Airways,6/06/2019,Delhi,Cochin,DEL → IDR → BOM → COK,21:25,19:00 07 Jun,21h 35m,2 stops,In-flight meal not included,10588
Jet Airways,21/03/2019,Delhi,Cochin,DEL → BOM → COK,09:00,18:50,9h 50m,1 stop,In-flight meal not included,7438
Air India,6/03/2019,Delhi,Cochin,DEL → MAA → COK,20:40,09:25 07 Mar,12h 45m,1 stop,No info,12677
Jet Airways,6/06/2019,Delhi,Cochin,DEL → BOM → COK,18:15,19:00 07 Jun,24h 45m,1 stop,No info,14714
IndiGo,24/06/2019,Mumbai,Hyderabad,BOM → HYD,12:00,13:30,1h 30m,non-stop,No info,2754
IndiGo,21/03/2019,Delhi,Cochin,DEL → HYD → MAA → COK,07:35,21:20,13h 45m,2 stops,No info,6494
IndiGo,15/03/2019,Banglore,New Delhi,BLR → HYD → DEL,16:15,20:35,4h 20m,1 stop,No info,5607
Jet Airways,01/03/2019,Banglore,New Delhi,BLR → BOM → DEL,22:50,21:20 02 Mar,22h 30m,1 stop,No info,25735
IndiGo,3/05/2019,Banglore,Delhi,BLR → DEL,07:10,10:05,2h 55m,non-stop,No info,4823
Air India,21/03/2019,Mumbai,Hyderabad,BOM → HYD,21:05,22:25,1h 20m,non-stop,No info,2050
Air India,12/03/2019,Banglore,New Delhi,BLR → BOM → DEL,08:50,23:15,14h 25m,1 stop,No info,12127
Multiple carriers,12/06/2019,Delhi,Cochin,DEL → BOM → COK,18:15,01:30 13 Jun,7h 15m,1 stop,No info,13377
Jet Airways,6/05/2019,Banglore,Delhi,BLR → DEL,19:50,22:50,3h,non-stop,No info,7229
Vistara,24/04/2019,Delhi,Cochin,DEL → COK,06:00,09:10,3h 10m,non-stop,No info,6216
Air India,9/06/2019,Delhi,Cochin,DEL → COK,18:05,21:10,3h 5m,non-stop,No info,8456
Jet Airways,18/05/2019,Delhi,Cochin,DEL → AMD → BOM → COK,19:10,12:35 19 May,17h 25m,2 stops,No info,15129
Jet Airways,12/03/2019,Banglore,New Delhi,BLR → BOM → DEL,16:55,07:40 13 Mar,14h 45m,1 stop,No info,13817
GoAir,6/05/2019,Delhi,Cochin,DEL → AMD → COK,07:25,13:35,6h 10m,1 stop,No info,6296
Air India,21/03/2019,Kolkata,Banglore,CCU → BLR,14:15,16:45,2h 30m,non-stop,No info,5170
SpiceJet,24/05/2019,Banglore,Delhi,BLR → DEL,21:10,00:05 25 May,2h 55m,non-stop,No check-in baggage included,3919
IndiGo,3/04/2019,Banglore,Delhi,BLR → DEL,07:10,10:05,2h 55m,non-stop,No info,4823
Jet Airways,24/06/2019,Delhi,Cochin,DEL → BOM → COK,10:00,04:25 25 Jun,18h 25m,1 stop,In-flight meal not included,10262
Jet Airways,9/06/2019,Delhi,Cochin,DEL → LKO → BOM → COK,14:05,12:35 10 Jun,22h 30m,2 stops,No info,13882
Multiple carriers,6/06/2019,Delhi,Cochin,DEL → BOM → COK,13:00,21:00,8h,1 stop,No info,13587
Jet Airways,9/03/2019,Delhi,Cochin,DEL → BOM → COK,00:20,04:25 10 Mar,28h 5m,1 stop,In-flight meal not included,11848
Air India,6/03/2019,Mumbai,Hyderabad,BOM → DEL → HYD,10:00,23:45,13h 45m,1 stop,No info,11678
IndiGo,18/05/2019,Banglore,Delhi,BLR → DEL,18:25,21:20,2h 55m,non-stop,No info,4823
SpiceJet,15/04/2019,Banglore,Delhi,BLR → DEL,21:10,00:05 16 Apr,2h 55m,non-stop,No check-in baggage included,3919
Vistara,12/06/2019,Chennai,Kolkata,MAA → CCU,17:45,20:05,2h 20m,non-stop,No info,11982
Jet Airways,1/05/2019,Kolkata,Banglore,CCU → DEL → BLR,09:35,18:00,8h 25m,1 stop,In-flight meal not included,10703
Jet Airways,18/05/2019,Kolkata,Banglore,CCU → BOM → BLR,18:55,23:35 19 May,28h 40m,1 stop,In-flight meal not included,10844
Jet Airways,15/05/2019,Kolkata,Banglore,CCU → BOM → BLR,18:55,19:50 16 May,24h 55m,1 stop,In-flight meal not included,10844
IndiGo,27/06/2019,Mumbai,Hyderabad,BOM → HYD,16:55,18:25,1h 30m,non-stop,No info,3175
Air India,1/06/2019,Delhi,Cochin,DEL → BOM → COK,08:00,19:15,11h 15m,1 stop,No info,9929
Jet Airways,06/03/2019,Banglore,New Delhi,BLR → BOM → DEL,14:05,19:10,5h 5m,1 stop,No info,19225
SpiceJet,24/05/2019,Mumbai,Hyderabad,BOM → HYD,05:45,07:15,1h 30m,non-stop,No info,2017
Jet Airways,21/03/2019,Banglore,New Delhi,BLR → BOM → DEL,11:40,12:15 19 Mar,24h 35m,1 stop,In-flight meal not included,7832
Jet Airways,1/05/2019,Kolkata,Banglore,CCU → BOM → BLR,06:30,09:20 02 May,26h 50m,1 stop,In-flight meal not included,9663
Multiple carriers,9/06/2019,Delhi,Cochin,DEL → BOM → COK,11:40,21:00,9h 20m,1 stop,No info,7005
IndiGo,12/05/2019,Mumbai,Hyderabad,BOM → HYD,02:35,04:05,1h 30m,non-stop,No info,3175
Air India,1/04/2019,Kolkata,Banglore,CCU → MAA → BLR,14:35,15:20 02 Apr,24h 45m,1 stop,No info,5006
Multiple carriers,15/06/2019,Delhi,Cochin,DEL → BOM → COK,08:45,19:15,10h 30m,1 stop,No info,9526
Jet Airways,6/06/2019,Delhi,Cochin,DEL → IDR → BOM → COK,05:30,19:00,13h 30m,2 stops,No info,13292
IndiGo,9/05/2019,Delhi,Cochin,DEL → LKO → COK,21:50,03:35 10 May,5h 45m,1 stop,No info,6058
Air India,24/06/2019,Delhi,Cochin,DEL → RPR → NAG → BOM → COK,05:15,07:40 25 Jun,26h 25m,3 stops,No info,10493
Jet Airways,9/06/2019,Kolkata,Banglore,CCU → BOM → BLR,16:30,22:35,6h 5m,1 stop,In-flight meal not included,10844
Jet Airways,1/04/2019,Kolkata,Banglore,CCU → DEL → BLR,09:35,21:05,11h 30m,1 stop,No info,10953
Jet Airways,21/05/2019,Kolkata,Banglore,CCU → BOM → BLR,20:00,12:00 22 May,16h,1 stop,In-flight meal not included,10844
Jet Airways,6/06/2019,Kolkata,Banglore,CCU → DEL → BLR,20:25,09:45 07 Jun,13h 20m,1 stop,In-flight meal not included,10539
Jet Airways,15/06/2019,Delhi,Cochin,DEL → IDR → BOM → COK,05:30,04:25 16 Jun,22h 55m,2 stops,No info,13292
Vistara,18/05/2019,Delhi,Cochin,DEL → COK,06:00,09:10,3h 10m,non-stop,No info,6741
Jet Airways,6/06/2019,Kolkata,Banglore,CCU → BOM → BLR,20:00,09:20 07 Jun,13h 20m,1 stop,No info,14571
Jet Airways,9/05/2019,Kolkata,Banglore,CCU → BOM → BLR,08:25,18:15,9h 50m,1 stop,No info,14781
IndiGo,18/05/2019,Mumbai,Hyderabad,BOM → HYD,16:55,18:25,1h 30m,non-stop,No info,3838
Air India,18/06/2019,Delhi,Cochin,DEL → COK,14:05,17:55,3h 50m,non-stop,No info,5201
Air Asia,9/06/2019,Delhi,Cochin,DEL → BLR → COK,07:55,15:45,7h 50m,1 stop,No info,8759
GoAir,24/04/2019,Delhi,Cochin,DEL → BOM → COK,07:00,12:55,5h 55m,1 stop,No info,6195
Air India,15/03/2019,Mumbai,Hyderabad,BOM → HYD,19:30,20:45,1h 15m,non-stop,No info,3100
SpiceJet,18/05/2019,Delhi,Cochin,DEL → BLR → COK,17:55,22:50,4h 55m,1 stop,No info,5975
Jet Airways,9/06/2019,Kolkata,Banglore,CCU → BOM → BLR,14:05,23:35,9h 30m,1 stop,In-flight meal not included,10844
Jet Airways,27/05/2019,Delhi,Cochin,DEL → BOM → COK,20:55,04:25 28 May,7h 30m,1 stop,No info,16079
SpiceJet,27/05/2019,Chennai,Kolkata,MAA → CCU,08:20,10:35,2h 15m,non-stop,No check-in baggage included,3543
SpiceJet,3/05/2019,Kolkata,Banglore,CCU → BLR,17:10,19:40,2h 30m,non-stop,No check-in baggage included,3841
Jet Airways,15/06/2019,Delhi,Cochin,DEL → BOM → COK,19:15,12:35 16 Jun,17h 20m,1 stop,In-flight meal not included,10262
Jet Airways,12/06/2019,Kolkata,Banglore,CCU → DEL → BLR,09:35,23:35,14h,1 stop,No info,12692
IndiGo,1/06/2019,Chennai,Kolkata,MAA → CCU,07:55,10:15,2h 20m,non-stop,No info,3850
Jet Airways,18/05/2019,Delhi,Cochin,DEL → BOM → COK,08:00,04:25 19 May,20h 25m,1 stop,In-flight meal not included,12373
Air India,21/03/2019,Mumbai,Hyderabad,BOM → HYD,13:55,15:25,1h 30m,non-stop,No info,3100
Vistara,18/05/2019,Banglore,Delhi,BLR → DEL,19:30,22:15,2h 45m,non-stop,No info,4878
Jet Airways,9/05/2019,Delhi,Cochin,DEL → AMD → BOM → COK,19:10,19:00 10 May,23h 50m,2 stops,No info,15129
Multiple carriers Premium economy,21/03/2019,Delhi,Cochin,DEL → BOM → COK,08:55,21:00,12h 5m,1 stop,No info,9845
IndiGo,1/05/2019,Banglore,Delhi,BLR → DEL,01:30,04:15,2h 45m,non-stop,No info,4077
Multiple carriers,21/05/2019,Delhi,Cochin,DEL → BOM → COK,07:30,19:00,11h 30m,1 stop,No info,9315
Jet Airways,9/05/2019,Kolkata,Banglore,CCU → BOM → BLR,14:05,23:35,9h 30m,1 stop,No info,14781
Air India,6/03/2019,Mumbai,Hyderabad,BOM → GOI → PNQ → HYD,16:50,16:55,5m,2 stops,No info,17327
Air India,09/03/2019,Banglore,New Delhi,BLR → DEL,17:00,19:50,2h 50m,non-stop,No info,9481
Jet Airways,27/03/2019,Delhi,Cochin,DEL → MAA → BOM → COK,05:10,19:45 28 Mar,38h 35m,2 stops,In-flight meal not included,8938
Jet Airways,9/05/2019,Kolkata,Banglore,CCU → BOM → BLR,06:30,12:00,5h 30m,1 stop,No info,14388
Air India,21/03/2019,Delhi,Cochin,DEL → BLR → COK,20:30,23:00 22 Mar,26h 30m,1 stop,No info,5704
GoAir,9/06/2019,Banglore,Delhi,BLR → DEL,07:45,10:40,2h 55m,non-stop,No info,3898
Jet Airways,27/03/2019,Mumbai,Hyderabad,BOM → HYD,02:55,04:25,1h 30m,non-stop,No info,5678
IndiGo,9/03/2019,Delhi,Cochin,DEL → HYD → COK,07:35,12:00,4h 25m,1 stop,No info,6937
IndiGo,21/03/2019,Mumbai,Hyderabad,BOM → HYD,19:05,20:30,1h 25m,non-stop,No info,2754
SpiceJet,15/03/2019,Mumbai,Hyderabad,BOM → HYD,22:45,00:10 16 Mar,1h 25m,non-stop,No check-in baggage included,2647
IndiGo,21/05/2019,Kolkata,Banglore,CCU → MAA → BLR,06:20,10:20,4h,1 stop,No info,4226
GoAir,18/05/2019,Banglore,Delhi,BLR → DEL,07:45,10:40,2h 55m,non-stop,No info,4239
IndiGo,27/06/2019,Delhi,Cochin,DEL → PNQ → COK,23:30,04:35 28 Jun,5h 5m,1 stop,No info,9165
Jet Airways,01/03/2019,Banglore,New Delhi,BLR → DEL,19:55,22:35,2h 40m,non-stop,No info,18308
Multiple carriers,21/03/2019,Delhi,Cochin,DEL → BOM → COK,07:05,15:30,8h 25m,1 stop,No info,14486
Air Asia,9/04/2019,Banglore,Delhi,BLR → DEL,04:55,07:45,2h 50m,non-stop,No info,4282
Multiple carriers,27/06/2019,Delhi,Cochin,DEL → BOM → COK,08:00,21:00,13h,1 stop,No info,13587
Multiple carriers,3/06/2019,Delhi,Cochin,DEL → BOM → COK,11:30,21:00,9h 30m,1 stop,No info,13587
Jet Airways,27/03/2019,Delhi,Cochin,DEL → BOM → COK,08:00,04:25 28 Mar,20h 25m,1 stop,In-flight meal not included,6645
SpiceJet,15/04/2019,Banglore,Delhi,BLR → DEL,05:55,08:35,2h 40m,non-stop,No info,4423
Air India,18/03/2019,Banglore,New Delhi,BLR → BOM → BHO → DEL,17:25,23:25 16 Mar,30h,2 stops,No info,11518
Jet Airways,24/03/2019,Kolkata,Banglore,CCU → BOM → BLR,13:55,04:45 25 Mar,14h 50m,1 stop,No info,13759
SpiceJet,18/06/2019,Banglore,Delhi,BLR → DEL,05:55,08:35,2h 40m,non-stop,No info,3625
IndiGo,15/03/2019,Kolkata,Banglore,CCU → BLR,05:30,08:20,2h 50m,non-stop,No info,4148
Vistara,24/04/2019,Banglore,Delhi,BLR → DEL,17:00,19:35,2h 35m,non-stop,No info,5613
Air India,6/05/2019,Kolkata,Banglore,CCU → DEL → VGA → BLR,10:00,10:00 07 May,24h,2 stops,No info,14298
Jet Airways,21/03/2019,Banglore,New Delhi,BLR → BOM → DEL,08:00,21:20,13h 20m,1 stop,In-flight meal not included,7832
IndiGo,21/05/2019,Delhi,Cochin,DEL → HYD → COK,08:35,18:10,9h 35m,1 stop,No info,6442
Jet Airways,1/04/2019,Mumbai,Hyderabad,BOM → HYD,02:55,04:20,1h 25m,non-stop,No info,5678
Jet Airways,1/04/2019,Kolkata,Banglore,CCU → BOM → BLR,18:55,04:40 02 Apr,9h 45m,1 stop,In-flight meal not included,7064
Jet Airways,18/05/2019,Kolkata,Banglore,CCU → DEL → BLR,17:00,09:45 19 May,16h 45m,1 stop,No info,14151
GoAir,24/06/2019,Banglore,Delhi,BLR → DEL,20:55,23:40,2h 45m,non-stop,No info,3419
Jet Airways,9/03/2019,Delhi,Cochin,DEL → BOM → COK,17:25,04:25 10 Mar,11h,1 stop,No info,15554
Air India,18/03/2019,Banglore,New Delhi,BLR → AMD → DEL,00:30,08:45,8h 15m,1 stop,No info,13859
SpiceJet,15/03/2019,Kolkata,Banglore,CCU → BLR,22:20,00:40 16 Mar,2h 20m,non-stop,No info,3847
GoAir,09/03/2019,Banglore,New Delhi,BLR → GOI → DEL,15:50,20:15,4h 25m,1 stop,No info,7657
Air India,9/05/2019,Delhi,Cochin,DEL → HYD → BOM → COK,07:05,07:40 10 May,24h 35m,2 stops,No info,13547
Jet Airways,27/05/2019,Banglore,Delhi,BLR → DEL,07:10,10:10,3h,non-stop,No info,7229
Jet Airways,15/06/2019,Delhi,Cochin,DEL → NAG → BOM → COK,06:45,04:25 16 Jun,21h 40m,2 stops,No info,13376
IndiGo,18/06/2019,Mumbai,Hyderabad,BOM → HYD,20:05,21:40,1h 35m,non-stop,No info,2227
SpiceJet,21/06/2019,Banglore,Delhi,BLR → DEL,05:55,08:35,2h 40m,non-stop,No info,3971
IndiGo,27/06/2019,Delhi,Cochin,DEL → BOM → COK,09:15,01:30 28 Jun,16h 15m,1 stop,No info,6628
Jet Airways,6/05/2019,Kolkata,Banglore,CCU → BOM → BLR,21:10,10:05 07 May,12h 55m,1 stop,No info,13584
SpiceJet,21/03/2019,Kolkata,Banglore,CCU → BLR,06:55,09:35,2h 40m,non-stop,No info,4148
Jet Airways,9/06/2019,Kolkata,Banglore,CCU → BOM → BLR,06:30,18:15,11h 45m,1 stop,No info,14571
SpiceJet,21/05/2019,Kolkata,Banglore,CCU → BLR,22:20,00:40 22 May,2h 20m,non-stop,No check-in baggage included,3841
Jet Airways,12/04/2019,Banglore,Delhi,BLR → DEL,06:00,08:45,2h 45m,non-stop,In-flight meal not included,5198
Air Asia,24/04/2019,Banglore,Delhi,BLR → DEL,04:55,07:45,2h 50m,non-stop,No info,3383
Jet Airways,6/06/2019,Delhi,Cochin,DEL → COK,11:00,14:15,3h 15m,non-stop,In-flight meal not included,7202
IndiGo,3/04/2019,Delhi,Cochin,DEL → COK,21:05,00:20 04 Apr,3h 15m,non-stop,No info,5021
GoAir,3/05/2019,Banglore,Delhi,BLR → DEL,20:55,23:40,2h 45m,non-stop,No info,4239
Jet Airways,27/05/2019,Delhi,Cochin,DEL → JAI → BOM → COK,19:30,12:35 28 May,17h 5m,2 stops,No info,15129
Vistara,01/03/2019,Banglore,New Delhi,BLR → DEL,07:00,09:40,2h 40m,non-stop,No info,21520
IndiGo,3/03/2019,Delhi,Cochin,DEL → COK,05:35,08:50,3h 15m,non-stop,No info,7673
IndiGo,18/06/2019,Banglore,Delhi,BLR → DEL,20:00,22:50,2h 50m,non-stop,No info,4823
Jet Airways,1/06/2019,Delhi,Cochin,DEL → BOM → COK,07:05,19:00,11h 55m,1 stop,In-flight meal not included,15190
Jet Airways,18/05/2019,Kolkata,Banglore,CCU → BOM → BLR,08:25,22:35,14h 10m,1 stop,No info,14781
IndiGo,18/05/2019,Kolkata,Banglore,CCU → BLR,15:30,18:05,2h 35m,non-stop,No info,4804
Jet Airways,1/06/2019,Delhi,Cochin,DEL → BOM → COK,13:00,12:35 02 Jun,23h 35m,1 stop,In-flight meal not included,10262
IndiGo,15/05/2019,Delhi,Cochin,DEL → BOM → COK,09:15,21:00,11h 45m,1 stop,No info,7503
Jet Airways,15/06/2019,Banglore,Delhi,BLR → DEL,11:10,14:05,2h 55m,non-stop,No info,8016
IndiGo,9/06/2019,Mumbai,Hyderabad,BOM → HYD,06:25,07:55,1h 30m,non-stop,No info,4049
Air India,03/03/2019,Banglore,New Delhi,BLR → CCU → DEL,05:50,12:55,7h 5m,1 stop,No info,12389
SpiceJet,12/05/2019,Chennai,Kolkata,MAA → CCU,17:45,20:05,2h 20m,non-stop,No info,3597
Multiple carriers,15/05/2019,Delhi,Cochin,DEL → BOM → COK,11:30,01:30 16 May,14h,1 stop,No info,13727
Jet Airways,1/05/2019,Mumbai,Hyderabad,BOM → HYD,02:55,04:20,1h 25m,non-stop,No info,5678
Multiple carriers,9/05/2019,Delhi,Cochin,DEL → BOM → COK,10:20,21:00,10h 40m,1 stop,No info,7670
Jet Airways,18/05/2019,Kolkata,Banglore,CCU → BOM → BLR,14:05,23:35,9h 30m,1 stop,In-flight meal not included,10844
Jet Airways,1/04/2019,Kolkata,Banglore,CCU → BOM → BLR,16:30,18:15 02 Apr,25h 45m,1 stop,In-flight meal not included,7064
Multiple carriers,3/06/2019,Delhi,Cochin,DEL → BOM → COK,09:00,21:00,12h,1 stop,No info,8930
Air Asia,1/04/2019,Banglore,Delhi,BLR → DEL,04:55,07:45,2h 50m,non-stop,No info,4282
IndiGo,21/06/2019,Banglore,Delhi,BLR → DEL,08:30,11:20,2h 50m,non-stop,No info,4823
Jet Airways,9/05/2019,Delhi,Cochin,DEL → BOM → COK,07:05,04:25 10 May,21h 20m,1 stop,In-flight meal not included,12373
Jet Airways,09/03/2019,Banglore,New Delhi,BLR → BOM → DEL,07:00,20:20,13h 20m,1 stop,In-flight meal not included,11087
Jet Airways,3/06/2019,Delhi,Cochin,DEL → BOM → COK,21:50,04:25 04 Jun,6h 35m,1 stop,No info,16079
IndiGo,12/06/2019,Delhi,Cochin,DEL → COK,05:35,08:50,3h 15m,non-stop,No info,5601
SpiceJet,9/06/2019,Mumbai,Hyderabad,BOM → HYD,05:45,07:15,1h 30m,non-stop,No info,2753
Jet Airways,27/06/2019,Delhi,Cochin,DEL → BOM → COK,22:50,04:25 28 Jun,5h 35m,1 stop,In-flight meal not included,12898
Multiple carriers,6/03/2019,Delhi,Cochin,DEL → BOM → COK,13:00,21:00,8h,1 stop,No info,15603
IndiGo,12/04/2019,Kolkata,Banglore,CCU → BLR,09:35,12:20,2h 45m,non-stop,No info,4174
IndiGo,24/03/2019,Banglore,New Delhi,BLR → DEL,20:00,22:55,2h 55m,non-stop,No info,6144
Jet Airways,6/05/2019,Kolkata,Banglore,CCU → BOM → BLR,08:25,18:15,9h 50m,1 stop,No info,14781
IndiGo,15/06/2019,Delhi,Cochin,DEL → LKO → COK,21:50,03:35 16 Jun,5h 45m,1 stop,No info,6195
Jet Airways,6/05/2019,Kolkata,Banglore,CCU → BOM → BLR,06:30,08:15 07 May,25h 45m,1 stop,In-flight meal not included,8586
IndiGo,01/03/2019,Banglore,New Delhi,BLR → DEL,22:20,01:10 02 Mar,2h 50m,non-stop,No info,11934
Air India,15/05/2019,Kolkata,Banglore,CCU → DEL → AMD → BLR,07:00,05:25 16 May,22h 25m,2 stops,No info,14424
Jet Airways,24/06/2019,Delhi,Cochin,DEL → BOM → COK,07:05,19:00,11h 55m,1 stop,No info,18581
Jet Airways,12/05/2019,Kolkata,Banglore,CCU → BOM → BLR,21:10,04:40 13 May,7h 30m,1 stop,No info,13941
Jet Airways,6/05/2019,Banglore,Delhi,BLR → DEL,18:55,22:00,3h 5m,non-stop,No info,7229
SpiceJet,15/05/2019,Kolkata,Banglore,CCU → BLR,06:55,09:30,2h 35m,non-stop,No info,3873
Jet Airways,12/06/2019,Delhi,Cochin,DEL → BOM → COK,11:30,19:00,7h 30m,1 stop,No info,14714
Air Asia,24/03/2019,Kolkata,Banglore,CCU → IXR → DEL → BLR,15:25,22:55,7h 30m,2 stops,No info,11245
IndiGo,27/05/2019,Delhi,Cochin,DEL → BOM → COK,11:25,01:30 28 May,14h 5m,1 stop,No info,6104
IndiGo,6/03/2019,Delhi,Cochin,DEL → HYD → COK,07:35,22:20,14h 45m,1 stop,No info,7094
Jet Airways,24/03/2019,Kolkata,Banglore,CCU → BOM → BLR,06:30,04:45 25 Mar,22h 15m,1 stop,In-flight meal not included,10031
Jet Airways,18/05/2019,Kolkata,Banglore,CCU → BOM → BLR,05:45,12:00,6h 15m,1 stop,No info,13941
Multiple carriers,24/06/2019,Delhi,Cochin,DEL → BOM → COK,19:00,01:30 25 Jun,6h 30m,1 stop,No info,7198
SpiceJet,24/03/2019,Banglore,New Delhi,BLR → DEL,09:35,12:30,2h 55m,non-stop,No check-in baggage included,3873
Air India,12/03/2019,Kolkata,Banglore,CCU → BLR,14:15,16:45,2h 30m,non-stop,No info,5747
Air India,15/06/2019,Mumbai,Hyderabad,BOM → HYD,19:30,20:45,1h 15m,non-stop,No info,3100
Air India,6/05/2019,Kolkata,Banglore,CCU → BBI → BLR,09:10,13:15,4h 5m,1 stop,No info,8996
Multiple carriers,15/05/2019,Delhi,Cochin,DEL → BOM → COK,10:35,19:00,8h 25m,1 stop,No info,9103
Jet Airways,01/03/2019,Banglore,New Delhi,BLR → BOM → DEL,18:40,09:30 02 Mar,14h 50m,1 stop,1 Long layover,31825
Jet Airways,15/05/2019,Kolkata,Banglore,CCU → BOM → BLR,16:30,10:05 16 May,17h 35m,1 stop,No info,14781
Jet Airways,18/05/2019,Banglore,Delhi,BLR → DEL,08:20,11:20,3h,non-stop,No info,7229
IndiGo,01/03/2019,Banglore,New Delhi,BLR → DEL,23:30,02:20 02 Mar,2h 50m,non-stop,No info,10067
Jet Airways,9/04/2019,Delhi,Cochin,DEL → JAI → BOM → COK,09:40,04:25 10 Apr,18h 45m,2 stops,No info,10909
IndiGo,27/04/2019,Kolkata,Banglore,CCU → BLR,15:30,18:05,2h 35m,non-stop,No info,4804
Jet Airways,1/06/2019,Mumbai,Hyderabad,BOM → HYD,02:55,04:20,1h 25m,non-stop,In-flight meal not included,4050
Jet Airways,15/05/2019,Kolkata,Banglore,CCU → DEL → BLR,20:25,23:35 16 May,27h 10m,1 stop,No info,14151
SpiceJet,1/06/2019,Kolkata,Banglore,CCU → BLR,06:55,09:30,2h 35m,non-stop,No check-in baggage included,3841
Jet Airways,9/05/2019,Kolkata,Banglore,CCU → BOM → BLR,14:05,19:50,5h 45m,1 stop,No info,14781
Vistara,9/06/2019,Kolkata,Banglore,CCU → DEL → BLR,17:00,23:25,6h 25m,1 stop,No info,9870
Air India,27/05/2019,Delhi,Cochin,DEL → BLR → COK,13:30,23:00,9h 30m,1 stop,No info,8907
Jet Airways,01/03/2019,Banglore,New Delhi,BLR → BOM → DEL,22:50,07:40 02 Mar,8h 50m,1 stop,No info,26890
GoAir,15/04/2019,Delhi,Cochin,DEL → BOM → COK,07:00,12:55,5h 55m,1 stop,No info,6195
Jet Airways,21/03/2019,Banglore,New Delhi,BLR → BOM → DEL,14:05,19:10,5h 5m,1 stop,In-flight meal not included,7832
Multiple carriers Premium economy,21/03/2019,Delhi,Cochin,DEL → BOM → COK,08:55,15:30,6h 35m,1 stop,No info,11269
Vistara,24/03/2019,Banglore,New Delhi,BLR → DEL,16:00,18:35,2h 35m,non-stop,No info,5613
IndiGo,1/05/2019,Banglore,Delhi,BLR → DEL,00:30,03:25,2h 55m,non-stop,No info,4284
Vistara,6/05/2019,Banglore,Delhi,BLR → DEL,21:00,23:50,2h 50m,non-stop,No info,4668
Air India,3/03/2019,Delhi,Cochin,DEL → BOM → COK,08:00,19:15,11h 15m,1 stop,No info,15197
Jet Airways,12/06/2019,Kolkata,Banglore,CCU → BOM → BLR,08:25,16:20,7h 55m,1 stop,In-flight meal not included,9899
GoAir,27/06/2019,Delhi,Cochin,DEL → BOM → COK,10:35,19:35,9h,1 stop,No info,3948
Jet Airways,15/03/2019,Banglore,New Delhi,BLR → BOM → DEL,08:55,08:15 16 Mar,23h 20m,1 stop,In-flight meal not included,10405
Multiple carriers,9/06/2019,Delhi,Cochin,DEL → GWL → IDR → BOM → COK,11:35,01:30 10 Jun,13h 55m,3 stops,No info,15419
Multiple carriers,3/03/2019,Delhi,Cochin,DEL → BOM → COK,08:25,18:50,10h 25m,1 stop,No info,15135
Multiple carriers Premium economy,21/03/2019,Delhi,Cochin,DEL → BOM → COK,06:00,12:35,6h 35m,1 stop,No info,13369
Jet Airways,27/06/2019,Delhi,Cochin,DEL → JDH → BOM → COK,11:40,19:00,7h 20m,2 stops,No info,18804
Air Asia,9/05/2019,Delhi,Cochin,DEL → BLR → COK,20:45,07:10 10 May,10h 25m,1 stop,No info,6751
Air India,9/05/2019,Kolkata,Banglore,CCU → DEL → BLR,20:30,08:55 10 May,12h 25m,1 stop,No info,10203
Jet Airways,01/03/2019,Banglore,New Delhi,BLR → BOM → DEL,07:00,21:20,14h 20m,1 stop,No info,27992
Air India,12/06/2019,Delhi,Cochin,DEL → LKO → BOM → COK,07:10,19:15,12h 5m,2 stops,No info,12488
Jet Airways,12/04/2019,Banglore,Delhi,BLR → DEL,07:10,10:10,3h,non-stop,In-flight meal not included,5198
Jet Airways,1/05/2019,Banglore,Delhi,BLR → DEL,17:45,20:45,3h,non-stop,No info,7229
Air India,12/06/2019,Kolkata,Banglore,CCU → IXR → DEL → BLR,05:50,23:15,17h 25m,2 stops,No info,12723
Air India,6/03/2019,Mumbai,Hyderabad,BOM → BHO → DEL → HYD,06:00,09:10 07 Mar,27h 10m,2 stops,No info,13169
Air India,15/05/2019,Kolkata,Banglore,CCU → BOM → HBX → BLR,09:25,18:20,8h 55m,2 stops,No info,8366
Multiple carriers,9/05/2019,Delhi,Cochin,DEL → BOM → COK,06:00,21:00,15h,1 stop,No info,7670
Jet Airways,1/04/2019,Banglore,Delhi,BLR → DEL,06:00,08:45,2h 45m,non-stop,No info,7229
Vistara,1/06/2019,Banglore,Delhi,BLR → DEL,21:00,23:50,2h 50m,non-stop,No info,4668
Air Asia,9/03/2019,Delhi,Cochin,DEL → BLR → COK,20:10,07:10 10 Mar,11h,1 stop,No info,8327
Jet Airways,21/05/2019,Delhi,Cochin,DEL → BOM → COK,20:55,12:35 22 May,15h 40m,1 stop,In-flight meal not included,12898
IndiGo,6/05/2019,Kolkata,Banglore,CCU → MAA → BLR,06:20,10:20,4h,1 stop,No info,4226
Jet Airways,27/06/2019,Delhi,Cochin,DEL → BOM → COK,19:15,19:00 28 Jun,23h 45m,1 stop,In-flight meal not included,10262
Multiple carriers,24/06/2019,Delhi,Cochin,DEL → BOM → COK,04:55,19:00,14h 5m,1 stop,No info,10678
Air India,21/03/2019,Delhi,Cochin,DEL → HYD → BOM → COK,17:15,07:40 22 Mar,14h 25m,2 stops,No info,8052
GoAir,24/03/2019,Banglore,New Delhi,BLR → DEL,11:40,14:35,2h 55m,non-stop,No info,3898
Air Asia,12/06/2019,Kolkata,Banglore,CCU → BLR,10:20,12:55,2h 35m,non-stop,No info,3807
IndiGo,3/06/2019,Delhi,Cochin,DEL → BOM → COK,09:15,21:00,11h 45m,1 stop,No info,6838
Jet Airways,24/06/2019,Delhi,Cochin,DEL → JAI → BOM → COK,05:30,19:00,13h 30m,2 stops,No info,13014
IndiGo,12/04/2019,Kolkata,Banglore,CCU → BLR,14:25,16:55,2h 30m,non-stop,No info,5224
Multiple carriers,6/06/2019,Delhi,Cochin,DEL → BOM → COK,13:00,01:30 07 Jun,12h 30m,1 stop,No info,13377
GoAir,21/05/2019,Delhi,Cochin,DEL → BOM → COK,07:00,12:55,5h 55m,1 stop,No info,6633
Air Asia,24/05/2019,Kolkata,Banglore,CCU → DEL → BLR,07:35,23:30,15h 55m,1 stop,No info,5192
IndiGo,18/04/2019,Banglore,Delhi,BLR → DEL,22:10,01:00 19 Apr,2h 50m,non-stop,No info,4591
Air India,12/05/2019,Kolkata,Banglore,CCU → BLR,20:45,23:20,2h 35m,non-stop,No info,4880
Jet Airways,27/04/2019,Banglore,Delhi,BLR → DEL,17:45,20:45,3h,non-stop,No info,7229
Jet Airways,9/05/2019,Delhi,Cochin,DEL → BOM → COK,19:45,04:25 10 May,8h 40m,1 stop,In-flight meal not included,12373
Air India,27/04/2019,Delhi,Cochin,DEL → COK,14:10,17:10,3h,non-stop,No info,6094
Jet Airways,12/06/2019,Delhi,Cochin,DEL → BOM → COK,20:55,12:35 13 Jun,15h 40m,1 stop,In-flight meal not included,10262
Jet Airways,9/04/2019,Delhi,Cochin,DEL → JDH → BOM → COK,11:40,19:00,7h 20m,2 stops,No info,15439
IndiGo,6/05/2019,Banglore,Delhi,BLR → DEL,23:30,02:20 07 May,2h 50m,non-stop,No info,4077
GoAir,18/05/2019,Banglore,Delhi,BLR → DEL,20:55,23:40,2h 45m,non-stop,No info,4632
Jet Airways,6/06/2019,Kolkata,Banglore,CCU → DEL → BLR,09:35,18:00,8h 25m,1 stop,No info,12692
IndiGo,24/04/2019,Kolkata,Banglore,CCU → HYD → BLR,19:20,23:45,4h 25m,1 stop,No info,3480
Multiple carriers,18/05/2019,Delhi,Cochin,DEL → IXU → BOM → COK,17:50,01:30 19 May,7h 40m,2 stops,No info,19360
Jet Airways,15/03/2019,Banglore,New Delhi,BLR → BOM → DEL,11:40,08:15 16 Mar,20h 35m,1 stop,In-flight meal not included,9134
Multiple carriers,24/06/2019,Delhi,Cochin,DEL → BOM → COK,14:00,21:00,7h,1 stop,No info,13587
Jet Airways,9/05/2019,Delhi,Cochin,DEL → BOM → COK,17:30,19:00 10 May,25h 30m,1 stop,No info,15554
Jet Airways,09/03/2019,Banglore,New Delhi,BLR → DEL,19:55,22:35,2h 40m,non-stop,No info,7229
IndiGo,6/03/2019,Delhi,Cochin,DEL → HYD → COK,08:35,22:20,13h 45m,1 stop,No info,7514
Multiple carriers,6/06/2019,Delhi,Cochin,DEL → BOM → COK,08:00,21:00,13h,1 stop,No info,13587
Jet Airways,9/06/2019,Banglore,Delhi,BLR → DEL,07:10,10:10,3h,non-stop,In-flight meal not included,7229
Jet Airways,1/06/2019,Delhi,Cochin,DEL → BOM → COK,02:15,04:25 02 Jun,26h 10m,1 stop,In-flight meal not included,10262
IndiGo,3/03/2019,Delhi,Cochin,DEL → BOM → COK,07:30,21:00,13h 30m,1 stop,No info,14871
Multiple carriers,27/05/2019,Delhi,Cochin,DEL → BOM → COK,08:45,19:00,10h 15m,1 stop,No info,10529
IndiGo,12/06/2019,Delhi,Cochin,DEL → HYD → COK,07:35,22:30,14h 55m,1 stop,No info,6442
IndiGo,21/05/2019,Kolkata,Banglore,CCU → HYD → BLR,15:15,20:05,4h 50m,1 stop,No info,5170
IndiGo,15/05/2019,Delhi,Cochin,DEL → HYD → COK,07:35,22:30,14h 55m,1 stop,No info,6442
IndiGo,27/05/2019,Banglore,Delhi,BLR → DEL,00:30,03:25,2h 55m,non-stop,No info,3419
Jet Airways,06/03/2019,Banglore,New Delhi,BLR → BOM → DEL,20:35,10:25 07 Mar,13h 50m,1 stop,No info,17261
SpiceJet,24/06/2019,Chennai,Kolkata,MAA → CCU,08:20,10:35,2h 15m,non-stop,No check-in baggage included,3543
Air Asia,12/05/2019,Banglore,Delhi,BLR → DEL,11:10,13:55,2h 45m,non-stop,No info,3383
Air India,24/06/2019,Delhi,Cochin,DEL → GOI → BOM → COK,22:00,19:15 25 Jun,21h 15m,2 stops,No info,9181
Jet Airways,12/03/2019,Banglore,New Delhi,BLR → BOM → DEL,18:55,11:25 13 Mar,16h 30m,1 stop,In-flight meal not included,11087
Jet Airways,18/04/2019,Banglore,Delhi,BLR → DEL,07:10,10:10,3h,non-stop,No info,7229
Multiple carriers,9/03/2019,Delhi,Cochin,DEL → BOM → COK,04:45,19:15,14h 30m,1 stop,No info,11249
Jet Airways,06/03/2019,Banglore,New Delhi,BLR → BOM → DEL,07:00,23:00,16h,1 stop,No info,16736
Jet Airways,24/06/2019,Delhi,Cochin,DEL → BOM → COK,17:30,04:25 25 Jun,10h 55m,1 stop,In-flight meal not included,10262
Jet Airways,1/06/2019,Delhi,Cochin,DEL → BOM → COK,14:00,19:00,5h,1 stop,In-flight meal not included,10262
Jet Airways,15/05/2019,Mumbai,Hyderabad,BOM → HYD,02:55,04:20,1h 25m,non-stop,No info,5678
Multiple carriers,21/03/2019,Delhi,Cochin,DEL → BOM → COK,09:00,15:30,6h 30m,1 stop,No info,8307
Air India,18/05/2019,Delhi,Cochin,DEL → MAA → COK,17:20,09:25 19 May,16h 5m,1 stop,No info,7690
Jet Airways,18/05/2019,Delhi,Cochin,DEL → AMD → BOM → COK,13:25,12:35 19 May,23h 10m,2 stops,No info,16704
Air India,9/03/2019,Delhi,Cochin,DEL → BOM → COK,04:00,07:40 10 Mar,27h 40m,1 stop,No info,10315
Jet Airways,27/05/2019,Delhi,Cochin,DEL → JAI → BOM → COK,09:40,12:35 28 May,26h 55m,2 stops,No info,15129
Air India,24/03/2019,Kolkata,Banglore,CCU → DEL → BLR,07:00,08:55 25 Mar,25h 55m,1 stop,No info,12173
Air India,3/04/2019,Kolkata,Banglore,CCU → HYD → BLR,19:00,11:05 04 Apr,16h 5m,1 stop,No info,4227
IndiGo,12/06/2019,Banglore,Delhi,BLR → DEL,06:05,08:50,2h 45m,non-stop,No info,3943
Jet Airways,1/06/2019,Banglore,Delhi,BLR → DEL,11:10,14:05,2h 55m,non-stop,In-flight meal not included,7229
Vistara,15/05/2019,Kolkata,Banglore,CCU → DEL → BLR,07:10,20:20,13h 10m,1 stop,No info,8610
IndiGo,09/03/2019,Banglore,New Delhi,BLR → DEL,07:10,10:05,2h 55m,non-stop,No info,7303
Jet Airways,18/03/2019,Banglore,New Delhi,BLR → BOM → DEL,18:40,07:40 16 Mar,13h,1 stop,In-flight meal not included,10972
Multiple carriers,18/05/2019,Delhi,Cochin,DEL → BOM → COK,10:20,21:00,10h 40m,1 stop,No info,7670
Air India,15/05/2019,Delhi,Cochin,DEL → BOM → COK,10:00,19:15,9h 15m,1 stop,No info,8372
IndiGo,1/06/2019,Delhi,Cochin,DEL → BOM → COK,15:00,01:30 02 Jun,10h 30m,1 stop,No info,6628
Jet Airways,9/06/2019,Delhi,Cochin,DEL → BOM → COK,13:00,12:35 10 Jun,23h 35m,1 stop,In-flight meal not included,10262
Jet Airways,24/05/2019,Kolkata,Banglore,CCU → BOM → BLR,16:30,09:20 25 May,16h 50m,1 stop,No info,14178
Jet Airways,27/03/2019,Delhi,Cochin,DEL → MAA → BOM → COK,05:10,18:50,13h 40m,2 stops,In-flight meal not included,8518
Jet Airways,24/06/2019,Delhi,Cochin,DEL → NAG → BOM → COK,14:35,12:35 25 Jun,22h,2 stops,No info,13376
Vistara,12/06/2019,Kolkata,Banglore,CCU → DEL → BLR,17:00,10:45 13 Jun,17h 45m,1 stop,No info,8452
Jet Airways,24/06/2019,Delhi,Cochin,DEL → BOM → COK,02:15,12:35,10h 20m,1 stop,No info,18371
SpiceJet,3/04/2019,Mumbai,Hyderabad,BOM → HYD,13:15,14:45,1h 30m,non-stop,No check-in baggage included,1965
Jet Airways,1/06/2019,Delhi,Cochin,DEL → JAI → BOM → COK,19:30,12:35 02 Jun,17h 5m,2 stops,In-flight meal not included,10368
Jet Airways,6/05/2019,Kolkata,Banglore,CCU → DEL → BLR,20:25,18:00 07 May,21h 35m,1 stop,No info,11467
Jet Airways,9/05/2019,Kolkata,Banglore,CCU → BOM → BLR,16:30,04:40 10 May,12h 10m,1 stop,No info,14781
Air India,6/03/2019,Mumbai,Hyderabad,BOM → BLR → HYD,20:15,09:15 07 Mar,13h,1 stop,No info,9535
Air India,3/04/2019,Mumbai,Hyderabad,BOM → HYD,21:05,22:25,1h 20m,non-stop,No info,2050
Jet Airways,12/06/2019,Delhi,Cochin,DEL → JAI → BOM → COK,19:30,04:25 13 Jun,8h 55m,2 stops,In-flight meal not included,10368
Jet Airways,24/03/2019,Kolkata,Banglore,CCU → BOM → BLR,08:25,22:35,14h 10m,1 stop,In-flight meal not included,10031
SpiceJet,21/04/2019,Kolkata,Banglore,CCU → BLR,09:00,11:25,2h 25m,non-stop,No info,4491
Jet Airways,15/05/2019,Banglore,Delhi,BLR → DEL,17:45,20:45,3h,non-stop,No info,7229
SpiceJet,03/03/2019,Banglore,New Delhi,BLR → PNQ → DEL,10:20,18:15,7h 55m,1 stop,No info,11401
IndiGo,27/06/2019,Chennai,Kolkata,MAA → CCU,14:45,17:05,2h 20m,non-stop,No info,3597
Vistara,12/06/2019,Kolkata,Banglore,CCU → DEL → BLR,17:00,09:05 13 Jun,16h 5m,1 stop,No info,7927
SpiceJet,1/05/2019,Kolkata,Banglore,CCU → BLR,09:00,11:25,2h 25m,non-stop,No info,4174
Air India,1/05/2019,Kolkata,Banglore,CCU → DEL → BLR,07:00,16:15,9h 15m,1 stop,No info,10203
Vistara,9/05/2019,Kolkata,Banglore,CCU → DEL → BLR,07:10,20:20,13h 10m,1 stop,No info,8610
Jet Airways,12/06/2019,Banglore,Delhi,BLR → DEL,15:15,18:10,2h 55m,non-stop,In-flight meal not included,5769
IndiGo,1/05/2019,Kolkata,Banglore,CCU → BLR,11:30,14:05,2h 35m,non-stop,No info,5644
Jet Airways,3/06/2019,Banglore,Delhi,BLR → DEL,07:10,10:10,3h,non-stop,In-flight meal not included,5769
Jet Airways,15/05/2019,Banglore,Delhi,BLR → DEL,06:00,08:45,2h 45m,non-stop,No info,7229
IndiGo,9/06/2019,Kolkata,Banglore,CCU → MAA → BLR,06:20,10:20,4h,1 stop,No info,4226
IndiGo,09/03/2019,Banglore,New Delhi,BLR → HYD → DEL,12:05,17:05,5h,1 stop,No info,4588
Jet Airways,21/05/2019,Mumbai,Hyderabad,BOM → HYD,10:20,11:50,1h 30m,non-stop,In-flight meal not included,4995
Jet Airways,1/04/2019,Delhi,Cochin,DEL → BOM → COK,17:30,12:35 02 Apr,19h 5m,1 stop,In-flight meal not included,5406
SpiceJet,24/06/2019,Kolkata,Banglore,CCU → BLR,17:10,19:40,2h 30m,non-stop,No info,3873
Jet Airways,6/03/2019,Delhi,Cochin,DEL → BOM → COK,11:30,18:50,7h 20m,1 stop,No info,17024
SpiceJet,9/06/2019,Delhi,Cochin,DEL → PNQ → COK,08:45,13:15,4h 30m,1 stop,No check-in baggage included,5158
Jet Airways,1/05/2019,Mumbai,Hyderabad,BOM → HYD,10:20,11:50,1h 30m,non-stop,No info,8040
Jet Airways,18/05/2019,Kolkata,Banglore,CCU → BOM → BLR,05:45,16:20,10h 35m,1 stop,In-flight meal not included,10844
Air India,12/05/2019,Chennai,Kolkata,MAA → CCU,11:40,13:55,2h 15m,non-stop,No info,4667
Jet Airways,3/04/2019,Mumbai,Hyderabad,BOM → HYD,19:35,21:05,1h 30m,non-stop,No info,5678
Air India,12/05/2019,Kolkata,Banglore,CCU → IXR → DEL → BLR,05:50,20:25,14h 35m,2 stops,No info,12513
Jet Airways,27/06/2019,Banglore,Delhi,BLR → DEL,07:10,10:10,3h,non-stop,No info,8016
SpiceJet,1/06/2019,Chennai,Kolkata,MAA → CCU,17:45,20:05,2h 20m,non-stop,No check-in baggage included,3543
Jet Airways,21/03/2019,Delhi,Cochin,DEL → BOM → COK,17:30,04:25 22 Mar,10h 55m,1 stop,In-flight meal not included,5963
Jet Airways,18/05/2019,Kolkata,Banglore,CCU → BOM → BLR,08:25,16:20,7h 55m,1 stop,No info,14781
Jet Airways,18/05/2019,Delhi,Cochin,DEL → BOM → COK,09:00,12:35 19 May,27h 35m,1 stop,In-flight meal not included,12373
Jet Airways,1/06/2019,Mumbai,Hyderabad,BOM → HYD,19:35,21:05,1h 30m,non-stop,In-flight meal not included,3210
Jet Airways,15/03/2019,Banglore,New Delhi,BLR → BOM → DEL,05:45,18:25,12h 40m,1 stop,In-flight meal not included,9134
Jet Airways,6/06/2019,Delhi,Cochin,DEL → NAG → BOM → COK,14:35,04:25 07 Jun,13h 50m,2 stops,In-flight meal not included,10919
IndiGo,1/05/2019,Mumbai,Hyderabad,BOM → HYD,09:10,10:40,1h 30m,non-stop,No info,4575
IndiGo,15/06/2019,Delhi,Cochin,DEL → COK,05:35,08:50,3h 15m,non-stop,No info,5601
Jet Airways,18/05/2019,Kolkata,Banglore,CCU → DEL → BLR,17:00,23:35,6h 35m,1 stop,No info,14151
Air India,6/05/2019,Kolkata,Banglore,CCU → BBI → BOM → BLR,12:00,07:55 07 May,19h 55m,2 stops,No info,10151
Vistara,18/04/2019,Banglore,Delhi,BLR → DEL,09:45,12:35,2h 50m,non-stop,No info,5403
IndiGo,27/05/2019,Delhi,Cochin,DEL → BLR → COK,02:00,07:45,5h 45m,1 stop,No info,6147
IndiGo,27/06/2019,Kolkata,Banglore,CCU → BLR,14:25,16:55,2h 30m,non-stop,No info,4804
Multiple carriers,27/03/2019,Delhi,Cochin,DEL → BOM → COK,08:55,19:15,10h 20m,1 stop,No info,8371
Jet Airways,9/06/2019,Delhi,Cochin,DEL → JAI → BOM → COK,19:30,04:25 10 Jun,8h 55m,2 stops,No info,13014
Air Asia,24/05/2019,Banglore,Delhi,BLR → DEL,04:55,07:45,2h 50m,non-stop,No info,3383
SpiceJet,6/03/2019,Chennai,Kolkata,MAA → CCU,17:45,20:05,2h 20m,non-stop,No info,7298
Jet Airways,3/04/2019,Banglore,Delhi,BLR → DEL,07:10,10:10,3h,non-stop,In-flight meal not included,4544
Multiple carriers,6/03/2019,Delhi,Cochin,DEL → BOM → COK,08:55,15:30,6h 35m,1 stop,No info,15147
Multiple carriers,9/03/2019,Delhi,Cochin,DEL → BOM → COK,04:45,19:45,15h,1 stop,No info,10782
IndiGo,15/05/2019,Delhi,Cochin,DEL → BLR → COK,15:10,20:00,4h 50m,1 stop,No info,6027
Jet Airways,6/06/2019,Delhi,Cochin,DEL → NAG → BOM → COK,14:35,04:25 07 Jun,13h 50m,2 stops,In-flight meal not included,10919
Air India,27/03/2019,Delhi,Cochin,DEL → BLR → COK,06:10,08:15 28 Mar,26h 5m,1 stop,No info,6681
IndiGo,24/06/2019,Banglore,Delhi,BLR → DEL,23:30,02:20 25 Jun,2h 50m,non-stop,No info,3943
Jet Airways,27/05/2019,Delhi,Cochin,DEL → BOM → COK,21:50,12:35 28 May,14h 45m,1 stop,In-flight meal not included,12898
IndiGo,6/06/2019,Delhi,Cochin,DEL → BOM → COK,18:35,01:30 07 Jun,6h 55m,1 stop,No info,6628
Air India,3/04/2019,Delhi,Cochin,DEL → BLR → COK,20:30,23:00 04 Apr,26h 30m,1 stop,No info,5022
Air India,3/06/2019,Delhi,Cochin,DEL → LKO → BOM → COK,07:10,07:40 04 Jun,24h 30m,2 stops,No info,12698
Air Asia,9/06/2019,Delhi,Cochin,DEL → BLR → COK,20:45,07:10 10 Jun,10h 25m,1 stop,No info,10794
IndiGo,9/06/2019,Delhi,Cochin,DEL → BOM → COK,11:25,21:00,9h 35m,1 stop,No info,6416
SpiceJet,9/03/2019,Kolkata,Banglore,CCU → BLR,22:20,00:40 10 Mar,2h 20m,non-stop,No info,4622
IndiGo,27/05/2019,Banglore,Delhi,BLR → DEL,13:00,15:50,2h 50m,non-stop,No info,3943
Air Asia,6/06/2019,Kolkata,Banglore,CCU → BLR,19:55,22:25,2h 30m,non-stop,No info,4508
Vistara,12/06/2019,Kolkata,Banglore,CCU → DEL → BLR,07:10,22:40,15h 30m,1 stop,No info,8452
Air India,12/05/2019,Kolkata,Banglore,CCU → GAU → DEL → BLR,16:45,08:55 13 May,16h 10m,2 stops,No info,13437
Vistara,18/05/2019,Chennai,Kolkata,MAA → CCU,17:45,20:05,2h 20m,non-stop,No info,11982
Jet Airways,24/05/2019,Kolkata,Banglore,CCU → BOM → BLR,18:55,12:00 25 May,17h 5m,1 stop,In-flight meal not included,10844
Jet Airways,9/05/2019,Delhi,Cochin,DEL → JAI → BOM → COK,09:40,04:25 10 May,18h 45m,2 stops,No info,15129
Jet Airways,27/06/2019,Delhi,Cochin,DEL → BOM → COK,14:00,19:00,5h,1 stop,No info,14714
IndiGo,27/06/2019,Delhi,Cochin,DEL → BOM → COK,06:40,21:00,14h 20m,1 stop,No info,6093
IndiGo,6/04/2019,Delhi,Cochin,DEL → BOM → COK,04:55,13:20,8h 25m,1 stop,No info,5307
GoAir,15/05/2019,Delhi,Cochin,DEL → BOM → COK,14:25,19:35,5h 10m,1 stop,No info,10188
Jet Airways,6/06/2019,Kolkata,Banglore,CCU → BOM → BLR,20:00,08:15 07 Jun,12h 15m,1 stop,No info,14571
Jet Airways,27/03/2019,Delhi,Cochin,DEL → AMD → BOM → COK,19:10,04:25 28 Mar,9h 15m,2 stops,No info,10976
Jet Airways,24/05/2019,Kolkata,Banglore,CCU → BOM → BLR,06:30,16:20,9h 50m,1 stop,In-flight meal not included,10844
IndiGo,9/04/2019,Kolkata,Banglore,CCU → BLR,20:20,22:55,2h 35m,non-stop,No info,4488
Air India,24/05/2019,Delhi,Cochin,DEL → BOM → COK,23:00,19:15 25 May,20h 15m,1 stop,No info,8582
Jet Airways,24/06/2019,Delhi,Cochin,DEL → BOM → COK,19:45,12:35 25 Jun,16h 50m,1 stop,In-flight meal not included,10262
Vistara,6/05/2019,Kolkata,Banglore,CCU → DEL → BLR,17:00,10:45 07 May,17h 45m,1 stop,No info,8662
IndiGo,24/03/2019,Banglore,New Delhi,BLR → DEL,06:00,08:45,2h 45m,non-stop,No info,4777
Jet Airways,27/03/2019,Mumbai,Hyderabad,BOM → HYD,15:50,17:20,1h 30m,non-stop,In-flight meal not included,2071
Jet Airways,12/03/2019,Banglore,New Delhi,BLR → BOM → DEL,22:55,15:15 13 Mar,16h 20m,1 stop,In-flight meal not included,11087
Air India,18/04/2019,Banglore,Delhi,BLR → DEL,21:05,23:55,2h 50m,non-stop,No info,5228
Jet Airways,1/04/2019,Kolkata,Banglore,CCU → BOM → BLR,06:30,16:20,9h 50m,1 stop,No info,12996
Jet Airways,06/03/2019,Banglore,New Delhi,BLR → BOM → DEL,08:00,23:00,15h,1 stop,No info,16736
Jet Airways,1/05/2019,Kolkata,Banglore,CCU → BOM → BLR,18:55,10:05 02 May,15h 10m,1 stop,No info,13941
Air India,15/03/2019,Banglore,New Delhi,BLR → GAU → DEL,13:50,22:10,8h 20m,1 stop,No info,9166
Air India,3/03/2019,Delhi,Cochin,DEL → TRV → COK,05:15,06:50 04 Mar,25h 35m,1 stop,No info,12677
Air India,24/03/2019,Chennai,Kolkata,MAA → CCU,11:40,13:55,2h 15m,non-stop,No info,4405
Jet Airways,6/05/2019,Kolkata,Banglore,CCU → DEL → BLR,09:35,23:35,14h,1 stop,No info,12121
Air India,6/06/2019,Banglore,Delhi,BLR → DEL,21:05,23:55,2h 50m,non-stop,No info,6121
Jet Airways,18/05/2019,Kolkata,Banglore,CCU → BOM → BLR,08:25,09:20 19 May,24h 55m,1 stop,No info,14388
Jet Airways,1/04/2019,Kolkata,Banglore,CCU → DEL → BLR,20:25,10:55 02 Apr,14h 30m,1 stop,No info,11467
Jet Airways,12/03/2019,Banglore,New Delhi,BLR → BOM → DEL,21:25,10:25 13 Mar,13h,1 stop,No info,13817
Air India,6/05/2019,Mumbai,Hyderabad,BOM → HYD,19:30,20:45,1h 15m,non-stop,No info,3100
Multiple carriers,21/05/2019,Delhi,Cochin,DEL → BOM → COK,11:40,19:15,7h 35m,1 stop,No info,8266
Jet Airways,24/03/2019,Kolkata,Banglore,CCU → BOM → BLR,19:45,23:25 25 Mar,27h 40m,1 stop,No info,13759
IndiGo,9/06/2019,Banglore,Delhi,BLR → DEL,00:25,03:15,2h 50m,non-stop,No info,3943
Multiple carriers,27/03/2019,Delhi,Cochin,DEL → BOM → COK,18:15,01:35 28 Mar,7h 20m,1 stop,No info,12327
IndiGo,12/06/2019,Mumbai,Hyderabad,BOM → HYD,06:25,07:55,1h 30m,non-stop,No info,4049
SpiceJet,1/06/2019,Banglore,Delhi,BLR → DEL,21:10,00:05 02 Jun,2h 55m,non-stop,No check-in baggage included,3573
Air Asia,15/05/2019,Kolkata,Banglore,CCU → BLR,19:55,22:25,2h 30m,non-stop,No info,4409
Air India,27/03/2019,Delhi,Cochin,DEL → HYD → MAA → COK,07:05,09:25 28 Mar,26h 20m,2 stops,No info,6565
IndiGo,15/04/2019,Kolkata,Banglore,CCU → BLR,21:25,00:05 16 Apr,2h 40m,non-stop,No info,4174
Jet Airways,24/05/2019,Banglore,Delhi,BLR → DEL,07:10,10:10,3h,non-stop,In-flight meal not included,4030
Air Asia,21/03/2019,Kolkata,Banglore,CCU → BLR,10:20,12:55,2h 35m,non-stop,No info,4082
Air India,24/05/2019,Kolkata,Banglore,CCU → BBI → HYD → BLR,09:10,11:05 25 May,25h 55m,2 stops,No info,6117
Jet Airways,21/03/2019,Banglore,New Delhi,BLR → BDQ → DEL,05:50,12:20,6h 30m,1 stop,In-flight meal not included,6163
Jet Airways,27/03/2019,Delhi,Cochin,DEL → BOM → COK,16:00,04:25 28 Mar,12h 25m,1 stop,In-flight meal not included,6540
SpiceJet,12/05/2019,Kolkata,Banglore,CCU → MAA → BLR,15:05,20:20,5h 15m,1 stop,No info,4649
Jet Airways,9/06/2019,Delhi,Cochin,DEL → BOM → COK,21:50,19:00 10 Jun,21h 10m,1 stop,In-flight meal not included,10262
Vistara,6/04/2019,Banglore,Delhi,BLR → DEL,19:30,22:15,2h 45m,non-stop,No info,5613
IndiGo,24/03/2019,Banglore,New Delhi,BLR → DEL,08:30,11:30,3h,non-stop,No info,6144
Jet Airways,12/05/2019,Kolkata,Banglore,CCU → DEL → BLR,17:00,22:05 13 May,29h 5m,1 stop,No info,13067
Vistara,03/03/2019,Banglore,New Delhi,BLR → DEL,21:10,00:05 07 Mar,2h 55m,non-stop,No info,7608
Multiple carriers,9/06/2019,Delhi,Cochin,DEL → BOM → COK,10:00,01:30 10 Jun,15h 30m,1 stop,No info,7198
Jet Airways,15/05/2019,Kolkata,Banglore,CCU → BOM → BLR,16:30,23:35,7h 5m,1 stop,No info,13941
Jet Airways,9/06/2019,Delhi,Cochin,DEL → JAI → BOM → COK,09:40,04:25 10 Jun,18h 45m,2 stops,In-flight meal not included,10368
SpiceJet,27/06/2019,Chennai,Kolkata,MAA → CCU,08:20,10:35,2h 15m,non-stop,No check-in baggage included,3543
IndiGo,27/03/2019,Kolkata,Banglore,CCU → BLR,20:25,23:05,2h 40m,non-stop,No info,4462
Air India,24/03/2019,Kolkata,Banglore,CCU → IXR → BBI → BLR,05:50,13:40,7h 50m,2 stops,No info,8005
Jet Airways,1/04/2019,Kolkata,Banglore,CCU → BOM → BLR,18:55,22:35 02 Apr,27h 40m,1 stop,In-flight meal not included,7064
Jet Airways,1/05/2019,Kolkata,Banglore,CCU → DEL → BLR,20:25,21:05 02 May,24h 40m,1 stop,No info,12121
Air India,9/05/2019,Delhi,Cochin,DEL → JAI → BOM → COK,12:00,19:15,7h 15m,2 stops,No info,8918
Air India,12/05/2019,Kolkata,Banglore,CCU → BOM → BLR,09:25,21:50,12h 25m,1 stop,No info,8891
Air India,1/05/2019,Kolkata,Banglore,CCU → DEL → BLR,10:00,16:15,6h 15m,1 stop,No info,10203
Multiple carriers,15/05/2019,Delhi,Cochin,DEL → BOM → COK,13:00,21:00,8h,1 stop,No info,8073
IndiGo,3/03/2019,Delhi,Cochin,DEL → HYD → COK,16:10,22:20,6h 10m,1 stop,No info,11237
Jet Airways,12/06/2019,Delhi,Cochin,DEL → NAG → BOM → COK,06:45,04:25 13 Jun,21h 40m,2 stops,No info,13376
Multiple carriers,9/06/2019,Delhi,Cochin,DEL → HYD → COK,07:10,22:30,15h 20m,1 stop,No info,6513
Jet Airways,24/05/2019,Kolkata,Banglore,CCU → BOM → BLR,18:55,04:40 25 May,9h 45m,1 stop,No info,13731
Jet Airways,1/04/2019,Kolkata,Banglore,CCU → BOM → BLR,20:00,19:50 02 Apr,23h 50m,1 stop,In-flight meal not included,7064
Jet Airways,06/03/2019,Banglore,New Delhi,BLR → BOM → DEL,05:45,19:10,13h 25m,1 stop,No info,16736
Jet Airways,15/05/2019,Kolkata,Banglore,CCU → BOM → BLR,20:00,10:05 16 May,14h 5m,1 stop,In-flight meal not included,8586
Multiple carriers,15/06/2019,Delhi,Cochin,DEL → BOM → COK,06:00,19:00,13h,1 stop,No info,11789
IndiGo,24/05/2019,Kolkata,Banglore,CCU → BLR,11:30,14:05,2h 35m,non-stop,No info,5224
IndiGo,15/05/2019,Delhi,Cochin,DEL → COK,21:05,00:20 16 May,3h 15m,non-stop,No info,6834
IndiGo,15/06/2019,Delhi,Cochin,DEL → BOM → COK,16:00,01:30 16 Jun,9h 30m,1 stop,No info,6316
Jet Airways,21/03/2019,Delhi,Cochin,DEL → BDQ → BOM → COK,10:45,18:50 22 Mar,32h 5m,2 stops,No info,11869
Air Asia,6/03/2019,Kolkata,Banglore,CCU → BLR,22:50,01:20 07 Mar,2h 30m,non-stop,No info,4384
IndiGo,21/04/2019,Kolkata,Banglore,CCU → BLR,14:25,16:55,2h 30m,non-stop,No info,5644
Air India,9/03/2019,Delhi,Cochin,DEL → CCU → BOM → COK,20:15,19:15 10 Mar,23h,2 stops,No info,19681
Multiple carriers,6/06/2019,Delhi,Cochin,DEL → BOM → COK,10:00,01:30 07 Jun,15h 30m,1 stop,No info,13377
Multiple carriers,9/03/2019,Delhi,Cochin,DEL → HYD → MAA → COK,09:45,21:20,11h 35m,2 stops,No info,10090
Jet Airways,6/03/2019,Mumbai,Hyderabad,BOM → IDR → DEL → HYD,17:50,16:50 07 Mar,23h,2 stops,No info,20845
Vistara,24/06/2019,Banglore,Delhi,BLR → DEL,17:00,19:35,2h 35m,non-stop,No info,4878
IndiGo,1/06/2019,Mumbai,Hyderabad,BOM → HYD,21:20,22:50,1h 30m,non-stop,No info,2227
IndiGo,18/05/2019,Delhi,Cochin,DEL → HYD → COK,07:35,16:10,8h 35m,1 stop,No info,6442
SpiceJet,27/05/2019,Banglore,Delhi,BLR → DEL,21:10,00:05 28 May,2h 55m,non-stop,No check-in baggage included,3257
Jet Airways,15/06/2019,Banglore,Delhi,BLR → DEL,06:00,08:45,2h 45m,non-stop,In-flight meal not included,7229
Air India,1/05/2019,Kolkata,Banglore,CCU → DEL → COK → BLR,20:30,13:45 02 May,17h 15m,2 stops,No info,15164
IndiGo,24/03/2019,Banglore,New Delhi,BLR → DEL,10:10,13:00,2h 50m,non-stop,No info,10067
Air India,15/03/2019,Delhi,Cochin,DEL → COK,14:10,17:10,3h,non-stop,No info,5674
Jet Airways,01/03/2019,Banglore,New Delhi,BLR → BOM → DEL,14:05,10:25 02 Mar,20h 20m,1 stop,No info,20800
IndiGo,18/05/2019,Delhi,Cochin,DEL → HYD → COK,06:50,22:30,15h 40m,1 stop,No info,7144
Air India,27/05/2019,Delhi,Cochin,DEL → COK,05:10,08:00,2h 50m,non-stop,No info,6094
Jet Airways,18/05/2019,Mumbai,Hyderabad,BOM → HYD,10:20,11:50,1h 30m,non-stop,In-flight meal not included,4050
SpiceJet,24/06/2019,Chennai,Kolkata,MAA → CCU,09:45,12:00,2h 15m,non-stop,No check-in baggage included,3859
Jet Airways,21/03/2019,Delhi,Cochin,DEL → IDR → BOM → COK,10:20,18:50 22 Mar,32h 30m,2 stops,No info,11664
Multiple carriers,6/03/2019,Delhi,Cochin,DEL → HYD → MAA → COK,07:10,21:20,14h 10m,2 stops,In-flight meal not included,7731
Jet Airways,12/06/2019,Kolkata,Banglore,CCU → DEL → BLR,09:35,19:10,9h 35m,1 stop,No info,12692
Air India,18/05/2019,Delhi,Cochin,DEL → HYD → MAA → COK,13:15,09:25 19 May,20h 10m,2 stops,No info,11307
Jet Airways,9/06/2019,Kolkata,Banglore,CCU → BOM → BLR,21:10,04:40 10 Jun,7h 30m,1 stop,In-flight meal not included,8586
IndiGo,21/03/2019,Banglore,New Delhi,BLR → STV → DEL,11:20,15:25,4h 5m,1 stop,No info,5746
Multiple carriers,21/03/2019,Delhi,Cochin,DEL → BOM → COK,08:00,19:15,11h 15m,1 stop,No info,13378
Air India,24/03/2019,Banglore,New Delhi,BLR → DEL,17:00,19:45,2h 45m,non-stop,No info,7486
SpiceJet,6/03/2019,Chennai,Kolkata,MAA → CCU,09:30,12:05,2h 35m,non-stop,No info,7298
Multiple carriers,12/06/2019,Delhi,Cochin,DEL → BOM → COK,11:40,21:00,9h 20m,1 stop,No info,7005
IndiGo,12/05/2019,Kolkata,Banglore,CCU → BLR,17:15,19:50,2h 35m,non-stop,No info,4804
IndiGo,9/03/2019,Delhi,Cochin,DEL → BOM → COK,04:45,12:55,8h 10m,1 stop,No info,16162
IndiGo,24/04/2019,Banglore,Delhi,BLR → DEL,00:30,03:25,2h 55m,non-stop,No info,3419
Air Asia,1/05/2019,Kolkata,Banglore,CCU → IXR → DEL → BLR,15:10,23:30,8h 20m,2 stops,No info,5192
Air Asia,15/04/2019,Kolkata,Banglore,CCU → BLR,10:20,12:55,2h 35m,non-stop,No info,4409
Jet Airways,18/04/2019,Banglore,Delhi,BLR → DEL,08:20,11:20,3h,non-stop,No info,7229
IndiGo,15/03/2019,Banglore,New Delhi,BLR → HYD → DEL,16:55,21:50,4h 55m,1 stop,No info,5397
Jet Airways,15/04/2019,Delhi,Cochin,DEL → BOM → COK,14:00,19:00,5h,1 stop,In-flight meal not included,6542
GoAir,27/03/2019,Delhi,Cochin,DEL → BOM → COK,10:25,19:20,8h 55m,1 stop,No info,5281
Multiple carriers,6/06/2019,Delhi,Cochin,DEL → BOM → COK,12:50,19:15,6h 25m,1 stop,No info,8266
Jet Airways,12/06/2019,Delhi,Cochin,DEL → BOM → COK,14:00,19:00,5h,1 stop,In-flight meal not included,10262
Vistara,24/03/2019,Kolkata,Banglore,CCU → DEL → BLR,20:20,20:25 25 Mar,24h 5m,1 stop,No info,11105
Jet Airways,3/04/2019,Banglore,Delhi,BLR → DEL,08:20,11:20,3h,non-stop,In-flight meal not included,4544
Air India,6/03/2019,Kolkata,Banglore,CCU → BLR,14:15,16:45,2h 30m,non-stop,No info,4960
Jet Airways,06/03/2019,Banglore,New Delhi,BLR → BOM → DEL,08:55,05:05 07 Mar,20h 10m,1 stop,No info,16736
Multiple carriers,1/06/2019,Delhi,Cochin,DEL → BOM → COK,10:00,01:30 02 Jun,15h 30m,1 stop,No info,13377
SpiceJet,18/05/2019,Mumbai,Hyderabad,BOM → HYD,13:15,14:45,1h 30m,non-stop,No info,2227
Air India,15/03/2019,Mumbai,Hyderabad,BOM → HYD,06:20,07:40,1h 20m,non-stop,No info,3100
Air India,9/06/2019,Mumbai,Hyderabad,BOM → HYD,21:05,22:25,1h 20m,non-stop,No info,3100
SpiceJet,18/05/2019,Kolkata,Banglore,CCU → BLR,06:55,09:30,2h 35m,non-stop,No info,3873
IndiGo,3/03/2019,Mumbai,Hyderabad,BOM → HYD,20:05,21:35,1h 30m,non-stop,No info,5232
Jet Airways,27/05/2019,Banglore,Delhi,BLR → DEL,18:55,22:00,3h 5m,non-stop,In-flight meal not included,3359
IndiGo,24/03/2019,Banglore,New Delhi,BLR → DEL,07:10,10:05,2h 55m,non-stop,No info,6144
IndiGo,6/03/2019,Delhi,Cochin,DEL → HYD → COK,07:35,12:00,4h 25m,1 stop,No info,7725
Air India,24/03/2019,Banglore,New Delhi,BLR → DEL,21:05,23:55,2h 50m,non-stop,No info,4441
Air India,27/06/2019,Delhi,Cochin,DEL → RPR → NAG → BOM → COK,05:15,19:15 28 Jun,38h,3 stops,No info,10703
Jet Airways,12/06/2019,Kolkata,Banglore,CCU → BOM → BLR,21:10,10:05 13 Jun,12h 55m,1 stop,In-flight meal not included,8529
Multiple carriers,3/03/2019,Delhi,Cochin,DEL → BOM → COK,04:00,13:20,9h 20m,1 stop,No info,14973
Jet Airways,24/05/2019,Kolkata,Banglore,CCU → BOM → BLR,08:25,19:50,11h 25m,1 stop,No info,14571
SpiceJet,3/06/2019,Banglore,Delhi,BLR → DEL,21:10,00:05 04 Jun,2h 55m,non-stop,No check-in baggage included,3257
Jet Airways,18/03/2019,Banglore,New Delhi,BLR → BOM → DEL,16:55,23:00,6h 5m,1 stop,In-flight meal not included,11087
SpiceJet,1/04/2019,Kolkata,Banglore,CCU → BLR,06:55,09:30,2h 35m,non-stop,No info,3873
SpiceJet,15/04/2019,Banglore,Delhi,BLR → DEL,09:30,12:20,2h 50m,non-stop,No info,4423
Air India,3/06/2019,Delhi,Cochin,DEL → GOI → BOM → COK,10:55,07:40 04 Jun,20h 45m,2 stops,No info,11753
Jet Airways,24/05/2019,Kolkata,Banglore,CCU → BOM → BLR,16:30,23:35,7h 5m,1 stop,No info,14571
Multiple carriers,3/06/2019,Delhi,Cochin,DEL → BOM → COK,06:00,21:00,15h,1 stop,No info,8475
Jet Airways,1/05/2019,Kolkata,Banglore,CCU → BOM → BLR,20:00,10:05 02 May,14h 5m,1 stop,No info,13941
Jet Airways,21/05/2019,Delhi,Cochin,DEL → BOM → COK,19:45,19:00 22 May,23h 15m,1 stop,No info,16079
Multiple carriers,6/03/2019,Delhi,Cochin,DEL → BOM → COK,04:00,18:50,14h 50m,1 stop,No info,13399
Air India,6/06/2019,Delhi,Cochin,DEL → AMD → BOM → COK,16:40,19:15 07 Jun,26h 35m,2 stops,No info,9653
Jet Airways,6/06/2019,Delhi,Cochin,DEL → BOM → COK,10:00,19:00,9h,1 stop,No info,14714
Air Asia,18/06/2019,Banglore,Delhi,BLR → DEL,11:10,13:55,2h 45m,non-stop,No info,3383
Jet Airways,01/03/2019,Banglore,New Delhi,BLR → BOM → DEL,14:05,08:15 02 Mar,18h 10m,1 stop,No info,22270
Vistara,3/03/2019,Chennai,Kolkata,MAA → CCU,07:05,09:20,2h 15m,non-stop,No info,5944
Jet Airways,12/05/2019,Kolkata,Banglore,CCU → BOM → BLR,18:55,08:15 13 May,13h 20m,1 stop,In-flight meal not included,9663
Multiple carriers,1/06/2019,Delhi,Cochin,DEL → BOM → COK,11:40,21:00,9h 20m,1 stop,No info,7740
Air India,1/04/2019,Kolkata,Banglore,CCU → DEL → BLR,20:30,23:15 02 Apr,26h 45m,1 stop,No info,7211
Jet Airways,1/04/2019,Banglore,Delhi,BLR → DEL,18:55,22:00,3h 5m,non-stop,No info,7229
IndiGo,6/04/2019,Kolkata,Banglore,CCU → BLR,11:30,14:05,2h 35m,non-stop,No info,4174
Air India,15/03/2019,Kolkata,Banglore,CCU → BLR,14:15,16:45,2h 30m,non-stop,No info,5170
Multiple carriers,3/03/2019,Delhi,Cochin,DEL → BOM → COK,09:10,18:50,9h 40m,1 stop,No info,15135
SpiceJet,9/04/2019,Kolkata,Banglore,CCU → MAA → BLR,15:05,20:20,5h 15m,1 stop,No info,4649
Vistara,1/05/2019,Banglore,Delhi,BLR → DEL,07:00,09:40,2h 40m,non-stop,No info,4668
Air India,12/06/2019,Delhi,Cochin,DEL → MAA → COK,20:40,09:25 13 Jun,12h 45m,1 stop,No info,7480
Air India,18/04/2019,Banglore,Delhi,BLR → DEL,17:00,19:45,2h 45m,non-stop,No info,6121
Jet Airways,27/05/2019,Delhi,Cochin,DEL → AMD → BOM → COK,23:05,19:00 28 May,19h 55m,2 stops,No info,15129
Air India,6/05/2019,Kolkata,Banglore,CCU → GAU → BLR,09:50,21:05,11h 15m,1 stop,No info,7452
Jet Airways,6/06/2019,Kolkata,Banglore,CCU → DEL → BLR,09:35,10:55 07 Jun,25h 20m,1 stop,In-flight meal not included,10539
IndiGo,03/03/2019,Banglore,New Delhi,BLR → DEL,22:20,01:10 07 Mar,2h 50m,non-stop,No info,7648
SpiceJet,24/03/2019,Banglore,New Delhi,BLR → DEL,09:35,12:30,2h 55m,non-stop,No info,3925
IndiGo,15/06/2019,Chennai,Kolkata,MAA → CCU,13:15,15:35,2h 20m,non-stop,No info,3597
Jet Airways,1/05/2019,Kolkata,Banglore,CCU → BOM → BLR,18:55,10:05 02 May,15h 10m,1 stop,In-flight meal not included,8586
Air India,27/06/2019,Delhi,Cochin,DEL → CCU → BOM → COK,16:55,19:15 28 Jun,26h 20m,2 stops,No info,13591
Multiple carriers,1/06/2019,Delhi,Cochin,DEL → HYD → COK,07:05,16:10,9h 5m,1 stop,No info,9646
Vistara,6/05/2019,Banglore,Delhi,BLR → DEL,09:45,12:35,2h 50m,non-stop,No info,4668
Air India,9/05/2019,Kolkata,Banglore,CCU → DEL → BLR,10:00,20:25,10h 25m,1 stop,No info,10203
Air India,24/03/2019,Banglore,New Delhi,BLR → COK → DEL,06:55,13:20,6h 25m,1 stop,No info,7932
Air India,1/04/2019,Kolkata,Banglore,CCU → BOM → BLR,16:50,07:55 02 Apr,15h 5m,1 stop,No info,7893
Jet Airways,9/05/2019,Delhi,Cochin,DEL → JAI → BOM → COK,05:30,19:00,13h 30m,2 stops,In-flight meal not included,13029
Jet Airways,12/06/2019,Delhi,Cochin,DEL → BOM → COK,09:00,12:35 13 Jun,27h 35m,1 stop,In-flight meal not included,10262
IndiGo,12/06/2019,Kolkata,Banglore,CCU → HYD → BLR,19:20,23:45,4h 25m,1 stop,No info,3574
Air Asia,3/06/2019,Delhi,Cochin,DEL → BLR → COK,07:55,22:25,14h 30m,1 stop,No info,8759
Jet Airways,03/03/2019,Banglore,New Delhi,BLR → BOM → DEL,08:00,07:40 07 Mar,23h 40m,1 stop,In-flight meal not included,13502
Air India,18/05/2019,Kolkata,Banglore,CCU → MAA → BLR,14:35,14:35 19 May,24h,1 stop,No info,6528
Jet Airways,27/03/2019,Delhi,Cochin,DEL → BOM → COK,15:05,04:25 28 Mar,13h 20m,1 stop,In-flight meal not included,6017
Vistara,9/04/2019,Banglore,Delhi,BLR → DEL,19:30,22:15,2h 45m,non-stop,No info,5613
Jet Airways,27/06/2019,Mumbai,Hyderabad,BOM → HYD,08:45,10:15,1h 30m,non-stop,No info,8040
IndiGo,24/03/2019,Banglore,New Delhi,BLR → DEL,04:00,06:50,2h 50m,non-stop,No info,5694
Jet Airways,21/05/2019,Delhi,Cochin,DEL → BOM → COK,17:30,19:00 22 May,25h 30m,1 stop,In-flight meal not included,12898
Air Asia,12/06/2019,Kolkata,Banglore,CCU → DEL → BLR,07:35,19:25,11h 50m,1 stop,No info,5192
Jet Airways,1/06/2019,Delhi,Cochin,DEL → BOM → COK,15:00,19:00 02 Jun,28h,1 stop,No info,14714
Jet Airways,12/03/2019,Banglore,New Delhi,BLR → BOM → DEL,05:45,23:00,17h 15m,1 stop,No info,13817
Jet Airways,15/06/2019,Delhi,Cochin,DEL → BOM → COK,09:00,19:00,10h,1 stop,No info,14714
IndiGo,12/05/2019,Chennai,Kolkata,MAA → CCU,19:35,21:55,2h 20m,non-stop,No info,3597
Air India,9/05/2019,Banglore,Delhi,BLR → DEL,13:20,16:10,2h 50m,non-stop,No info,6121
Air India,9/06/2019,Kolkata,Banglore,CCU → BOM → GOI → BLR,16:50,05:35 10 Jun,12h 45m,2 stops,No info,11642
Jet Airways,6/03/2019,Delhi,Cochin,DEL → BOM → COK,16:00,04:25 07 Mar,12h 25m,1 stop,No info,15764
IndiGo,1/06/2019,Kolkata,Banglore,CCU → BLR,04:40,07:15,2h 35m,non-stop,No info,4804
Air India,27/05/2019,Delhi,Cochin,DEL → GOI → BOM → COK,10:55,19:15,8h 20m,2 stops,No info,13223
IndiGo,24/06/2019,Chennai,Kolkata,MAA → CCU,11:35,14:00,2h 25m,non-stop,No info,3858
Multiple carriers,3/06/2019,Delhi,Cochin,DEL → BOM → COK,10:20,01:30 04 Jun,15h 10m,1 stop,No info,6795
Air Asia,9/03/2019,Delhi,Cochin,DEL → BLR → COK,16:45,22:15,5h 30m,1 stop,No info,8327
Air India,21/05/2019,Delhi,Cochin,DEL → BLR → COK,09:30,23:00,13h 30m,1 stop,No info,8907
IndiGo,9/06/2019,Kolkata,Banglore,CCU → GAU → BLR,15:10,20:30,5h 20m,1 stop,No info,7095
Air India,21/03/2019,Delhi,Cochin,DEL → BOM → COK,21:00,07:40 22 Mar,10h 40m,1 stop,No info,6902
Jet Airways,21/05/2019,Delhi,Cochin,DEL → JAI → BOM → COK,19:30,12:35 22 May,17h 5m,2 stops,In-flight meal not included,13029
Air India,9/05/2019,Delhi,Cochin,DEL → BOM → COK,10:00,19:15,9h 15m,1 stop,No info,8372
Jet Airways,24/05/2019,Kolkata,Banglore,CCU → BOM → BLR,08:25,19:50,11h 25m,1 stop,In-flight meal not included,10844
Air Asia,6/03/2019,Kolkata,Banglore,CCU → BLR,19:35,22:05,2h 30m,non-stop,No info,4384
Jet Airways,15/05/2019,Kolkata,Banglore,CCU → DEL → BLR,09:35,22:05,12h 30m,1 stop,No info,12121
Jet Airways,21/05/2019,Kolkata,Banglore,CCU → DEL → BLR,09:35,14:25 22 May,28h 50m,1 stop,No info,11467
IndiGo,03/03/2019,Banglore,New Delhi,BLR → DEL,20:00,22:55,2h 55m,non-stop,No info,6860
Air India,15/06/2019,Delhi,Cochin,DEL → BOM → COK,10:00,19:15,9h 15m,1 stop,No info,11241
Jet Airways,24/03/2019,Kolkata,Banglore,CCU → BOM → BLR,19:45,20:40 25 Mar,24h 55m,1 stop,No info,13759
IndiGo,1/05/2019,Kolkata,Banglore,CCU → BBI → BLR,19:35,23:15,3h 40m,1 stop,No info,4226
IndiGo,9/05/2019,Delhi,Cochin,DEL → BOM → COK,16:00,01:30 10 May,9h 30m,1 stop,No info,9274
Multiple carriers,27/06/2019,Delhi,Cochin,DEL → BOM → COK,08:00,19:00,11h,1 stop,No info,12192
IndiGo,9/06/2019,Kolkata,Banglore,CCU → BLR,09:35,12:20,2h 45m,non-stop,No info,4804
Jet Airways,27/06/2019,Delhi,Cochin,DEL → BOM → COK,11:30,12:35 28 Jun,25h 5m,1 stop,In-flight meal not included,10262
Jet Airways,15/06/2019,Delhi,Cochin,DEL → BOM → COK,13:00,12:35 16 Jun,23h 35m,1 stop,In-flight meal not included,10262
IndiGo,9/06/2019,Mumbai,Hyderabad,BOM → HYD,16:55,18:25,1h 30m,non-stop,No info,3175
Jet Airways,27/05/2019,Delhi,Cochin,DEL → BOM → COK,17:30,12:35 28 May,19h 5m,1 stop,In-flight meal not included,12898
Jet Airways,21/06/2019,Delhi,Cochin,DEL → COK,11:00,14:15,3h 15m,non-stop,No info,9564
Jet Airways,27/06/2019,Delhi,Cochin,DEL → AMD → BOM → COK,13:25,19:00 28 Jun,29h 35m,2 stops,No info,12819
Air India,24/03/2019,Kolkata,Banglore,CCU → BBI → BOM → BLR,09:10,07:55 25 Mar,22h 45m,2 stops,No info,15187
Air India,24/05/2019,Kolkata,Banglore,CCU → BOM → COK → BLR,09:25,13:45 25 May,28h 20m,2 stops,No info,12802
IndiGo,3/06/2019,Kolkata,Banglore,CCU → BLR,09:35,12:10,2h 35m,non-stop,No info,4804
SpiceJet,9/03/2019,Chennai,Kolkata,MAA → CCU,17:45,20:05,2h 20m,non-stop,No info,6300
SpiceJet,27/05/2019,Kolkata,Banglore,CCU → BLR,17:10,19:40,2h 30m,non-stop,No info,3873
IndiGo,1/06/2019,Kolkata,Banglore,CCU → BLR,17:15,19:50,2h 35m,non-stop,No info,5224
Air India,15/04/2019,Banglore,Delhi,BLR → DEL,21:05,23:55,2h 50m,non-stop,No info,5228
Air India,12/03/2019,Mumbai,Hyderabad,BOM → BLR → HYD,09:15,09:15 13 Mar,24h,1 stop,No info,8065
Air India,3/04/2019,Banglore,Delhi,BLR → DEL,21:05,23:55,2h 50m,non-stop,No info,4441
Multiple carriers,3/06/2019,Delhi,Cochin,DEL → BOM → COK,10:35,19:15,8h 40m,1 stop,No info,7354
Air India,21/05/2019,Delhi,Cochin,DEL → COK,05:10,08:00,2h 50m,non-stop,No info,6094
Jet Airways,1/04/2019,Kolkata,Banglore,CCU → BOM → BLR,20:00,12:00 02 Apr,16h,1 stop,In-flight meal not included,7064
Jet Airways,9/06/2019,Delhi,Cochin,DEL → IDR → BOM → COK,09:35,04:25 10 Jun,18h 50m,2 stops,No info,13292
Jet Airways,12/06/2019,Delhi,Cochin,DEL → NAG → BOM → COK,14:35,12:35 13 Jun,22h,2 stops,No info,13376
Jet Airways,21/03/2019,Delhi,Cochin,DEL → BDQ → BOM → COK,10:45,18:50 22 Mar,32h 5m,2 stops,In-flight meal not included,7791
Air India,12/06/2019,Delhi,Cochin,DEL → MAA → COK,12:30,09:25 13 Jun,20h 55m,1 stop,No info,7480
IndiGo,15/05/2019,Kolkata,Banglore,CCU → MAA → BLR,08:10,13:00,4h 50m,1 stop,No info,5069
SpiceJet,18/06/2019,Banglore,Delhi,BLR → DEL,09:30,12:20,2h 50m,non-stop,No check-in baggage included,3257
Multiple carriers,9/05/2019,Delhi,Cochin,DEL → BOM → COK,12:50,01:30 10 May,12h 40m,1 stop,No info,34273
Jet Airways,18/05/2019,Delhi,Cochin,DEL → AMD → BOM → COK,19:10,19:00 19 May,23h 50m,2 stops,No info,16704
Air India,9/05/2019,Kolkata,Banglore,CCU → JAI → DEL → BLR,08:20,23:15,14h 55m,2 stops,No info,11432
Air India,12/03/2019,Mumbai,Hyderabad,BOM → HYD,21:05,22:25,1h 20m,non-stop,No info,4307
Jet Airways,27/05/2019,Delhi,Cochin,DEL → JAI → BOM → COK,19:30,12:35 28 May,17h 5m,2 stops,In-flight meal not included,13029
Air India,21/05/2019,Mumbai,Hyderabad,BOM → HYD,15:00,16:25,1h 25m,non-stop,No info,3100
Jet Airways,24/03/2019,Kolkata,Banglore,CCU → BOM → BLR,19:45,22:35 25 Mar,26h 50m,1 stop,In-flight meal not included,10031
SpiceJet,6/06/2019,Kolkata,Banglore,CCU → BLR,06:55,09:30,2h 35m,non-stop,No check-in baggage included,3841
Jet Airways,15/05/2019,Banglore,Delhi,BLR → DEL,19:50,22:50,3h,non-stop,In-flight meal not included,4030
Air India,15/06/2019,Delhi,Cochin,DEL → GOI → BOM → COK,22:00,19:15 16 Jun,21h 15m,2 stops,No info,10441
Air India,24/03/2019,Kolkata,Banglore,CCU → BBI → IXR → DEL → BLR,12:00,23:15 25 Mar,35h 15m,3 stops,No info,14221
Jet Airways,3/06/2019,Delhi,Cochin,DEL → BOM → COK,11:30,19:00,7h 30m,1 stop,In-flight meal not included,10262
Jet Airways,15/04/2019,Banglore,Delhi,BLR → DEL,11:10,14:05,2h 55m,non-stop,No info,7229
IndiGo,24/03/2019,Banglore,New Delhi,BLR → DEL,13:00,15:50,2h 50m,non-stop,No info,8033
IndiGo,15/06/2019,Delhi,Cochin,DEL → HYD → COK,05:05,12:10,7h 5m,1 stop,No info,6818
Multiple carriers,21/05/2019,Delhi,Cochin,DEL → BOM → COK,08:45,21:00,12h 15m,1 stop,No info,7485
SpiceJet,3/06/2019,Banglore,Delhi,BLR → DEL,09:30,12:20,2h 50m,non-stop,No info,3971
SpiceJet,15/05/2019,Chennai,Kolkata,MAA → CCU,17:45,20:05,2h 20m,non-stop,No info,3597
Jet Airways,18/03/2019,Mumbai,Hyderabad,BOM → HYD,02:55,04:25,1h 30m,non-stop,No info,5678
Air India,24/05/2019,Kolkata,Banglore,CCU → BOM → BLR,09:25,07:55 25 May,22h 30m,1 stop,No info,8366
Air India,6/06/2019,Delhi,Cochin,DEL → GOI → BOM → COK,10:55,19:15,8h 20m,2 stops,No info,11753
SpiceJet,24/06/2019,Kolkata,Banglore,CCU → BLR,22:20,00:40 25 Jun,2h 20m,non-stop,No check-in baggage included,3841
Vistara,15/05/2019,Kolkata,Banglore,CCU → DEL → BLR,17:00,23:25,6h 25m,1 stop,No info,9345
Air India,6/06/2019,Kolkata,Banglore,CCU → VNS → DEL → BLR,14:30,08:55 07 Jun,18h 25m,2 stops,No info,15107
Multiple carriers,6/06/2019,Delhi,Cochin,DEL → HYD → COK,07:05,22:30,15h 25m,1 stop,No info,9646
Jet Airways,9/06/2019,Delhi,Cochin,DEL → BOM → COK,07:05,04:25 10 Jun,21h 20m,1 stop,In-flight meal not included,10262
Jet Airways,27/03/2019,Delhi,Cochin,DEL → AMD → BOM → COK,19:10,04:25 28 Mar,9h 15m,2 stops,In-flight meal not included,8456
SpiceJet,9/06/2019,Kolkata,Banglore,CCU → BLR,22:20,00:40 10 Jun,2h 20m,non-stop,No check-in baggage included,3841
Multiple carriers,27/03/2019,Delhi,Cochin,DEL → BOM → COK,07:05,13:20,6h 15m,1 stop,No info,12537
IndiGo,6/06/2019,Kolkata,Banglore,CCU → BLR,09:35,12:10,2h 35m,non-stop,No info,4804
Multiple carriers,6/06/2019,Delhi,Cochin,DEL → BOM → COK,10:20,21:00,10h 40m,1 stop,No info,7005
Multiple carriers,15/06/2019,Delhi,Cochin,DEL → BOM → COK,07:05,21:00,13h 55m,1 stop,No info,13587
Jet Airways,12/05/2019,Mumbai,Hyderabad,BOM → HYD,07:05,08:30,1h 25m,non-stop,In-flight meal not included,4050
IndiGo,21/03/2019,Kolkata,Banglore,CCU → BLR,09:35,12:20,2h 45m,non-stop,No info,4148
IndiGo,1/05/2019,Chennai,Kolkata,MAA → CCU,05:15,07:40,2h 25m,non-stop,No info,3850
IndiGo,27/04/2019,Banglore,Delhi,BLR → DEL,01:30,04:15,2h 45m,non-stop,No info,4591
Jet Airways,18/06/2019,Banglore,Delhi,BLR → DEL,17:45,20:45,3h,non-stop,No info,8016
IndiGo,18/05/2019,Kolkata,Banglore,CCU → BLR,15:15,17:45,2h 30m,non-stop,No info,4804
Jet Airways,18/05/2019,Kolkata,Banglore,CCU → BOM → BLR,05:45,08:15 19 May,26h 30m,1 stop,No info,13941
IndiGo,21/05/2019,Delhi,Cochin,DEL → BOM → COK,06:40,21:00,14h 20m,1 stop,No info,7006
Air India,12/05/2019,Kolkata,Banglore,CCU → GAU → IMF → DEL → BLR,09:50,23:15,13h 25m,3 stops,No info,14015
Jet Airways,12/03/2019,Banglore,New Delhi,BLR → BOM → DEL,22:55,07:40 13 Mar,8h 45m,1 stop,In-flight meal not included,11087
IndiGo,9/03/2019,Delhi,Cochin,DEL → HYD → COK,06:40,12:00,5h 20m,1 stop,No info,5647
IndiGo,21/05/2019,Delhi,Cochin,DEL → PNQ → COK,23:30,04:35 22 May,5h 5m,1 stop,No info,8745
Jet Airways,1/06/2019,Banglore,Delhi,BLR → DEL,06:00,08:45,2h 45m,non-stop,No info,8016
Jet Airways,9/06/2019,Delhi,Cochin,DEL → COK,11:00,14:15,3h 15m,non-stop,In-flight meal not included,7202
Jet Airways,21/03/2019,Delhi,Cochin,DEL → BOM → COK,16:00,18:50 22 Mar,26h 50m,1 stop,In-flight meal not included,5963
Multiple carriers,6/06/2019,Delhi,Cochin,DEL → HYD → COK,09:45,22:30,12h 45m,1 stop,No info,9646
Air India,21/06/2019,Mumbai,Hyderabad,BOM → HYD,13:55,15:25,1h 30m,non-stop,No info,3100
IndiGo,9/03/2019,Kolkata,Banglore,CCU → BLR,15:20,17:55,2h 35m,non-stop,No info,4148
IndiGo,1/05/2019,Banglore,Delhi,BLR → DEL,18:25,21:20,2h 55m,non-stop,No info,4823
SpiceJet,6/04/2019,Kolkata,Banglore,CCU → BLR,17:10,19:40,2h 30m,non-stop,No check-in baggage included,3841
Jet Airways,3/06/2019,Delhi,Cochin,DEL → JAI → BOM → COK,09:40,19:00,9h 20m,2 stops,No info,13014
Jet Airways,9/06/2019,Delhi,Cochin,DEL → BOM → COK,02:15,04:25 10 Jun,26h 10m,1 stop,In-flight meal not included,10262
Air India,27/03/2019,Mumbai,Hyderabad,BOM → HYD,21:05,22:25,1h 20m,non-stop,No info,2575
Jet Airways,06/03/2019,Banglore,New Delhi,BLR → BOM → DEL,08:00,15:15,7h 15m,1 stop,No info,19225
IndiGo,6/04/2019,Kolkata,Banglore,CCU → BLR,20:20,22:55,2h 35m,non-stop,No info,4174
GoAir,6/06/2019,Delhi,Cochin,DEL → BOM → COK,14:25,19:35,5h 10m,1 stop,No info,7870
Air India,21/03/2019,Delhi,Cochin,DEL → BOM → COK,13:00,19:15,6h 15m,1 stop,No info,7934
Jet Airways,21/03/2019,Delhi,Cochin,DEL → BDQ → BOM → COK,10:45,18:50,8h 5m,2 stops,No info,11360
IndiGo,27/06/2019,Delhi,Cochin,DEL → HYD → COK,06:50,16:10,9h 20m,1 stop,No info,6442
Jet Airways,3/06/2019,Delhi,Cochin,DEL → BOM → COK,20:55,04:25 04 Jun,7h 30m,1 stop,In-flight meal not included,10262
Multiple carriers,27/03/2019,Delhi,Cochin,DEL → BOM → COK,11:30,19:15,7h 45m,1 stop,No info,6732
Vistara,9/06/2019,Banglore,Delhi,BLR → DEL,09:45,12:35,2h 50m,non-stop,No info,4668
IndiGo,21/04/2019,Delhi,Cochin,DEL → BLR → COK,02:00,07:45,5h 45m,1 stop,No info,6258
Multiple carriers,15/06/2019,Delhi,Cochin,DEL → BOM → COK,07:05,19:15,12h 10m,1 stop,No info,16108
IndiGo,6/03/2019,Delhi,Cochin,DEL → BOM → COK,06:40,13:20,6h 40m,1 stop,No info,14871
Air Asia,9/04/2019,Banglore,Delhi,BLR → DEL,23:55,02:45 10 Apr,2h 50m,non-stop,No info,4483
Jet Airways,12/05/2019,Kolkata,Banglore,CCU → DEL → BLR,20:25,23:35 13 May,27h 10m,1 stop,In-flight meal not included,8066
SpiceJet,9/06/2019,Kolkata,Banglore,CCU → IXB → BLR,11:15,18:30,7h 15m,1 stop,No info,9946
IndiGo,21/05/2019,Delhi,Cochin,DEL → BLR → COK,15:10,20:50,5h 40m,1 stop,No info,6027
Jet Airways,9/06/2019,Delhi,Cochin,DEL → BOM → COK,22:50,12:35 10 Jun,13h 45m,1 stop,In-flight meal not included,10262
Jet Airways,9/06/2019,Kolkata,Banglore,CCU → BOM → BLR,21:10,18:15 10 Jun,21h 5m,1 stop,In-flight meal not included,10844
Jet Airways,15/05/2019,Kolkata,Banglore,CCU → BOM → BLR,16:30,23:35,7h 5m,1 stop,In-flight meal not included,8586
IndiGo,27/05/2019,Delhi,Cochin,DEL → COK,14:25,17:40,3h 15m,non-stop,No info,6015
IndiGo,18/04/2019,Banglore,Delhi,BLR → DEL,13:00,15:50,2h 50m,non-stop,No info,4990
Jet Airways,12/05/2019,Kolkata,Banglore,CCU → BOM → BLR,21:10,16:20 13 May,19h 10m,1 stop,In-flight meal not included,10844
Multiple carriers,6/06/2019,Delhi,Cochin,DEL → BOM → COK,11:30,01:30 07 Jun,14h,1 stop,No info,13377
Air India,9/06/2019,Delhi,Cochin,DEL → JAI → BOM → COK,18:45,19:15 10 Jun,24h 30m,2 stops,No info,12257
IndiGo,27/05/2019,Kolkata,Banglore,CCU → BLR,17:15,19:50,2h 35m,non-stop,No info,4804
Vistara,09/03/2019,Banglore,New Delhi,BLR → AMD → DEL,06:40,21:55,15h 15m,1 stop,No info,10008
IndiGo,1/05/2019,Chennai,Kolkata,MAA → CCU,19:35,21:55,2h 20m,non-stop,No info,3597
IndiGo,6/05/2019,Banglore,Delhi,BLR → DEL,22:10,01:00 07 May,2h 50m,non-stop,No info,3419
Jet Airways,27/05/2019,Delhi,Cochin,DEL → BOM → COK,07:05,19:00,11h 55m,1 stop,No info,16289
Jet Airways,18/05/2019,Kolkata,Banglore,CCU → BOM → BLR,16:30,12:00 19 May,19h 30m,1 stop,In-flight meal not included,10844
Multiple carriers,1/06/2019,Delhi,Cochin,DEL → BOM → COK,10:20,19:15,8h 55m,1 stop,No info,9526
Jet Airways,1/04/2019,Kolkata,Banglore,CCU → BOM → BLR,21:10,09:20 02 Apr,12h 10m,1 stop,In-flight meal not included,8849
Air India,6/05/2019,Banglore,Delhi,BLR → DEL,06:10,08:55,2h 45m,non-stop,No info,6121
Jet Airways,21/03/2019,Delhi,Cochin,DEL → BDQ → BOM → COK,18:25,18:50 22 Mar,24h 25m,2 stops,No info,12347
Vistara,18/04/2019,Banglore,Delhi,BLR → DEL,21:00,23:50,2h 50m,non-stop,No info,5613
Jet Airways,3/03/2019,Delhi,Cochin,DEL → BOM → COK,23:05,18:50 04 Mar,19h 45m,1 stop,No info,18253
Multiple carriers,21/05/2019,Delhi,Cochin,DEL → BOM → COK,10:00,19:15,9h 15m,1 stop,No info,14848
Jet Airways,15/05/2019,Mumbai,Hyderabad,BOM → HYD,10:20,11:50,1h 30m,non-stop,In-flight meal not included,4995
IndiGo,6/06/2019,Banglore,Delhi,BLR → DEL,23:30,02:20 07 Jun,2h 50m,non-stop,No info,4591
IndiGo,18/03/2019,Kolkata,Banglore,CCU → BLR,20:25,23:05,2h 40m,non-stop,No info,4462
Jet Airways,21/05/2019,Delhi,Cochin,DEL → BOM → COK,22:50,19:00 22 May,20h 10m,1 stop,In-flight meal not included,12898
Jet Airways,27/03/2019,Delhi,Cochin,DEL → BOM → COK,09:00,18:50,9h 50m,1 stop,No info,12032
Jet Airways,9/05/2019,Delhi,Cochin,DEL → JAI → BOM → COK,09:40,04:25 10 May,18h 45m,2 stops,In-flight meal not included,13029
SpiceJet,3/06/2019,Chennai,Kolkata,MAA → CCU,17:45,20:05,2h 20m,non-stop,No check-in baggage included,3543
Air India,03/03/2019,Banglore,New Delhi,BLR → DEL,06:10,08:55,2h 45m,non-stop,No info,8851
Jet Airways,6/06/2019,Delhi,Cochin,DEL → BOM → COK,22:50,04:25 07 Jun,5h 35m,1 stop,No info,14714
SpiceJet,24/04/2019,Kolkata,Banglore,CCU → BLR,06:55,09:30,2h 35m,non-stop,No check-in baggage included,3841
Multiple carriers,21/03/2019,Delhi,Cochin,DEL → BOM → COK,11:40,19:15,7h 35m,1 stop,No info,7531
Multiple carriers,27/03/2019,Delhi,Cochin,DEL → BOM → COK,06:00,13:20,7h 20m,1 stop,No info,7845
Jet Airways,9/05/2019,Kolkata,Banglore,CCU → BOM → BLR,06:30,12:00,5h 30m,1 stop,In-flight meal not included,9663
Jet Airways,6/05/2019,Mumbai,Hyderabad,BOM → HYD,02:55,04:20,1h 25m,non-stop,No info,5678
IndiGo,18/05/2019,Banglore,Delhi,BLR → DEL,01:30,04:15,2h 45m,non-stop,No info,5780
SpiceJet,9/04/2019,Kolkata,Banglore,CCU → BLR,09:00,11:25,2h 25m,non-stop,No check-in baggage included,3841
Air India,24/06/2019,Delhi,Cochin,DEL → BLR → COK,17:40,23:00,5h 20m,1 stop,No info,7174
Air India,18/05/2019,Kolkata,Banglore,CCU → BOM → HBX → BLR,09:25,17:20 19 May,31h 55m,2 stops,No info,13616
Multiple carriers,27/05/2019,Delhi,Cochin,DEL → IXU → BOM → COK,17:50,01:30 28 May,7h 40m,2 stops,No info,18275
Air India,15/05/2019,Kolkata,Banglore,CCU → BOM → COK → BLR,09:25,13:45 16 May,28h 20m,2 stops,No info,14482
Air India,6/05/2019,Kolkata,Banglore,CCU → IXR → BBI → BLR,05:50,13:15,7h 25m,2 stops,No info,7662
Air India,15/05/2019,Delhi,Cochin,DEL → GOI → BOM → COK,22:00,19:15 16 May,21h 15m,2 stops,No info,11281
Air India,21/05/2019,Kolkata,Banglore,CCU → HYD → BLR,19:00,11:05 22 May,16h 5m,1 stop,No info,6117
SpiceJet,6/04/2019,Banglore,Delhi,BLR → DEL,05:55,08:35,2h 40m,non-stop,No info,4423
Air India,6/06/2019,Kolkata,Banglore,CCU → BBI → BOM → BLR,12:00,21:50,9h 50m,2 stops,No info,9416
Air India,21/06/2019,Banglore,Delhi,BLR → DEL,10:00,12:45,2h 45m,non-stop,No info,6961
Jet Airways,1/06/2019,Delhi,Cochin,DEL → NAG → BOM → COK,06:45,04:25 02 Jun,21h 40m,2 stops,No info,13376
GoAir,24/03/2019,Banglore,New Delhi,BLR → DEL,07:45,10:40,2h 55m,non-stop,No info,4239
Multiple carriers,15/05/2019,Delhi,Cochin,DEL → BOM → COK,10:00,21:00,11h,1 stop,No info,13727
Jet Airways,18/05/2019,Kolkata,Banglore,CCU → DEL → BLR,17:00,14:25 19 May,21h 25m,1 stop,No info,13067
Air India,21/06/2019,Banglore,Delhi,BLR → DEL,13:20,16:10,2h 50m,non-stop,No info,6961
Jet Airways,1/04/2019,Kolkata,Banglore,CCU → BOM → BLR,18:55,23:35 02 Apr,28h 40m,1 stop,In-flight meal not included,7064
IndiGo,21/03/2019,Delhi,Cochin,DEL → BOM → COK,06:40,21:00,14h 20m,1 stop,No info,8784
Jet Airways,1/05/2019,Kolkata,Banglore,CCU → BOM → BLR,08:25,04:40 02 May,20h 15m,1 stop,No info,13941
Multiple carriers,24/06/2019,Delhi,Cochin,DEL → BOM → COK,07:05,19:15,12h 10m,1 stop,No info,15058
Air Asia,27/06/2019,Delhi,Cochin,DEL → BLR → COK,20:45,07:10 28 Jun,10h 25m,1 stop,No info,6451
Jet Airways,6/06/2019,Delhi,Cochin,DEL → JAI → BOM → COK,05:30,19:00,13h 30m,2 stops,No info,13014
GoAir,3/03/2019,Delhi,Cochin,DEL → BOM → COK,14:10,19:20,5h 10m,1 stop,No info,22794
GoAir,27/04/2019,Delhi,Cochin,DEL → BOM → COK,10:35,19:35,9h,1 stop,No info,6922
Jet Airways,12/04/2019,Banglore,Delhi,BLR → DEL,11:10,14:05,2h 55m,non-stop,No info,7229
Multiple carriers,12/06/2019,Delhi,Cochin,DEL → BOM → COK,10:00,21:00,11h,1 stop,No info,13587
Air India,21/03/2019,Delhi,Cochin,DEL → JDH → BOM → COK,12:55,19:15 22 Mar,30h 20m,2 stops,No info,11228
Air Asia,1/05/2019,Banglore,Delhi,BLR → DEL,04:55,07:45,2h 50m,non-stop,No info,4282
Jet Airways,18/03/2019,Banglore,New Delhi,BLR → BOM → DEL,05:45,10:25,4h 40m,1 stop,No info,12284
Jet Airways,9/06/2019,Delhi,Cochin,DEL → BOM → COK,09:00,12:35 10 Jun,27h 35m,1 stop,In-flight meal not included,10262
Vistara,21/05/2019,Delhi,Cochin,DEL → COK,06:00,09:10,3h 10m,non-stop,No info,6741
IndiGo,15/06/2019,Banglore,Delhi,BLR → DEL,10:30,13:20,2h 50m,non-stop,No info,3943
Air India,12/05/2019,Kolkata,Banglore,CCU → GAU → BLR,16:45,21:05 13 May,28h 20m,1 stop,No info,7662
Jet Airways,12/05/2019,Kolkata,Banglore,CCU → BOM → BLR,08:25,08:15 13 May,23h 50m,1 stop,In-flight meal not included,8586
Air India,27/03/2019,Delhi,Cochin,DEL → MAA → COK,20:40,09:25 28 Mar,12h 45m,1 stop,No info,5117
Jet Airways,24/06/2019,Delhi,Cochin,DEL → NAG → BOM → COK,14:35,12:35 25 Jun,22h,2 stops,No info,13376
IndiGo,15/05/2019,Delhi,Cochin,DEL → HYD → COK,06:50,12:10,5h 20m,1 stop,No info,5298
GoAir,9/04/2019,Banglore,Delhi,BLR → DEL,07:45,10:40,2h 55m,non-stop,No info,4632
Jet Airways,1/06/2019,Delhi,Cochin,DEL → JAI → BOM → COK,19:30,04:25 02 Jun,8h 55m,2 stops,No info,13014
IndiGo,01/03/2019,Banglore,New Delhi,BLR → DEL,21:20,00:15 02 Mar,2h 55m,non-stop,No info,12649
IndiGo,24/03/2019,Kolkata,Banglore,CCU → MAA → BLR,08:15,13:00,4h 45m,1 stop,No info,6303
Multiple carriers,9/03/2019,Delhi,Cochin,DEL → HYD → MAA → COK,13:15,21:20,8h 5m,2 stops,No info,11560
IndiGo,21/05/2019,Banglore,Delhi,BLR → DEL,08:30,11:20,2h 50m,non-stop,No info,4823
GoAir,21/04/2019,Delhi,Cochin,DEL → BOM → COK,10:35,19:35,9h,1 stop,No info,7031
SpiceJet,15/05/2019,Banglore,Delhi,BLR → DEL,09:30,12:20,2h 50m,non-stop,No info,4423
Air India,12/06/2019,Delhi,Cochin,DEL → HYD → MAA → COK,09:45,09:25 13 Jun,23h 40m,2 stops,No info,10975
SpiceJet,9/04/2019,Kolkata,Banglore,CCU → BLR,22:20,00:40 10 Apr,2h 20m,non-stop,No info,3873
Air Asia,24/04/2019,Kolkata,Banglore,CCU → BLR,19:55,22:25,2h 30m,non-stop,No info,4107
Jet Airways,18/03/2019,Banglore,New Delhi,BLR → BOM → DEL,16:55,10:25 16 Mar,17h 30m,1 stop,In-flight meal not included,11087
Multiple carriers,15/05/2019,Delhi,Cochin,DEL → BOM → COK,07:30,19:00,11h 30m,1 stop,No info,10529
Vistara,15/03/2019,Banglore,New Delhi,BLR → DEL,07:00,09:40,2h 40m,non-stop,No info,6138
Jet Airways,12/03/2019,Banglore,New Delhi,BLR → BOM → DEL,22:55,15:15 13 Mar,16h 20m,1 stop,No info,13817
Multiple carriers,27/06/2019,Delhi,Cochin,DEL → HYD → COK,07:10,22:30,15h 20m,1 stop,In-flight meal not included,6093
Jet Airways,24/03/2019,Mumbai,Hyderabad,BOM → HYD,07:10,08:35,1h 25m,non-stop,No info,5678
Air India,1/04/2019,Kolkata,Banglore,CCU → DEL → BLR,17:30,08:55 02 Apr,15h 25m,1 stop,No info,7893
Air India,1/05/2019,Banglore,Delhi,BLR → DEL,13:20,16:10,2h 50m,non-stop,No info,6121
Jet Airways,9/04/2019,Banglore,Delhi,BLR → DEL,17:45,20:45,3h,non-stop,In-flight meal not included,4544
Jet Airways,3/06/2019,Delhi,Cochin,DEL → BOM → COK,02:15,19:00,16h 45m,1 stop,No info,14714
Jet Airways,18/05/2019,Kolkata,Banglore,CCU → BOM → BLR,14:05,08:15 19 May,18h 10m,1 stop,No info,14388
Multiple carriers,1/06/2019,Delhi,Cochin,DEL → BOM → COK,08:00,19:15,11h 15m,1 stop,No info,16108
Multiple carriers,3/06/2019,Delhi,Cochin,DEL → BOM → COK,07:00,19:00,12h,1 stop,No info,12402
Jet Airways,1/05/2019,Kolkata,Banglore,CCU → DEL → BLR,09:35,21:05,11h 30m,1 stop,In-flight meal not included,12384
Air India,24/04/2019,Delhi,Cochin,DEL → COK,14:10,17:10,3h,non-stop,No info,6094
IndiGo,9/06/2019,Kolkata,Banglore,CCU → BBI → BLR,19:35,23:15,3h 40m,1 stop,No info,5276
IndiGo,24/06/2019,Kolkata,Banglore,CCU → BLR,04:40,07:15,2h 35m,non-stop,No info,4804
Air India,1/05/2019,Delhi,Cochin,DEL → GOI → BOM → COK,22:00,19:15 02 May,21h 15m,2 stops,No info,11281
Jet Airways,27/03/2019,Delhi,Cochin,DEL → BOM → COK,08:00,18:50,10h 50m,1 stop,In-flight meal not included,6068
Jet Airways,12/05/2019,Banglore,Delhi,BLR → DEL,07:10,10:10,3h,non-stop,No info,7229
IndiGo,12/06/2019,Delhi,Cochin,DEL → BOM → COK,09:15,01:30 13 Jun,16h 15m,1 stop,No info,6628
Jet Airways,06/03/2019,Banglore,New Delhi,BLR → BOM → DEL,14:05,07:40 07 Mar,17h 35m,1 stop,In-flight meal not included,13502
Multiple carriers,9/03/2019,Delhi,Cochin,DEL → BOM → COK,16:00,01:35 10 Mar,9h 35m,1 stop,In-flight meal not included,14086
GoAir,12/06/2019,Delhi,Cochin,DEL → BOM → COK,10:35,19:35,9h,1 stop,No info,4959
Jet Airways,27/05/2019,Delhi,Cochin,DEL → BOM → COK,02:15,12:35,10h 20m,1 stop,No info,16376
IndiGo,15/06/2019,Kolkata,Banglore,CCU → BLR,22:15,00:50 16 Jun,2h 35m,non-stop,No info,4804
Jet Airways,12/03/2019,Banglore,New Delhi,BLR → BOM → DEL,22:55,16:10 13 Mar,17h 15m,1 stop,No info,13817
Jet Airways,1/05/2019,Banglore,Delhi,BLR → DEL,15:15,18:10,2h 55m,non-stop,No info,7229
SpiceJet,3/06/2019,Chennai,Kolkata,MAA → CCU,09:45,12:00,2h 15m,non-stop,No check-in baggage included,3859
Air India,21/05/2019,Kolkata,Banglore,CCU → DEL → AMD → BLR,10:00,05:25 22 May,19h 25m,2 stops,No info,13899
IndiGo,24/06/2019,Delhi,Cochin,DEL → BOM → COK,09:15,01:30 25 Jun,16h 15m,1 stop,No info,6628
IndiGo,15/05/2019,Delhi,Cochin,DEL → PNQ → COK,23:30,04:35 16 May,5h 5m,1 stop,No info,10123
SpiceJet,3/04/2019,Kolkata,Banglore,CCU → BLR,06:55,09:30,2h 35m,non-stop,No info,3873
Jet Airways,24/03/2019,Kolkata,Banglore,CCU → BOM → BLR,06:30,23:25,16h 55m,1 stop,No info,13339
Jet Airways,6/06/2019,Delhi,Cochin,DEL → BOM → COK,19:45,04:25 07 Jun,8h 40m,1 stop,No info,14714
Jet Airways,12/06/2019,Kolkata,Banglore,CCU → DEL → BLR,20:25,18:00 13 Jun,21h 35m,1 stop,No info,12692
GoAir,15/06/2019,Delhi,Cochin,DEL → BOM → COK,07:00,12:55,5h 55m,1 stop,No info,5281
Jet Airways,24/06/2019,Delhi,Cochin,DEL → JAI → BOM → COK,05:30,19:00,13h 30m,2 stops,In-flight meal not included,10368
Multiple carriers,27/05/2019,Delhi,Cochin,DEL → BOM → COK,16:00,01:30 28 May,9h 30m,1 stop,No info,13377
Jet Airways,27/05/2019,Delhi,Cochin,DEL → AMD → BOM → COK,23:05,19:00 28 May,19h 55m,2 stops,No info,15129
Air India,6/06/2019,Banglore,Delhi,BLR → DEL,10:00,12:45,2h 45m,non-stop,No info,6961
Jet Airways,24/05/2019,Kolkata,Banglore,CCU → BOM → BLR,20:00,19:50 25 May,23h 50m,1 stop,In-flight meal not included,10844
Jet Airways,24/03/2019,Kolkata,Banglore,CCU → BOM → BLR,19:45,16:20 25 Mar,20h 35m,1 stop,No info,13759
Air India,12/03/2019,Mumbai,Hyderabad,BOM → BHO → DEL → HYD,06:00,19:25 13 Mar,37h 25m,2 stops,No info,12119
Air Asia,15/06/2019,Kolkata,Banglore,CCU → BLR,22:50,01:20 16 Jun,2h 30m,non-stop,No info,3807
IndiGo,18/05/2019,Banglore,Delhi,BLR → DEL,22:10,01:00 19 May,2h 50m,non-stop,No info,3943
Jet Airways,1/05/2019,Kolkata,Banglore,CCU → BOM → BLR,16:30,08:15 02 May,15h 45m,1 stop,No info,13941
Jet Airways,24/05/2019,Kolkata,Banglore,CCU → BOM → BLR,20:00,10:05 25 May,14h 5m,1 stop,In-flight meal not included,8586
Air India,1/04/2019,Kolkata,Banglore,CCU → BLR,14:15,16:45,2h 30m,non-stop,No info,6245
Jet Airways,6/05/2019,Kolkata,Banglore,CCU → DEL → BLR,09:35,18:00,8h 25m,1 stop,No info,13067
IndiGo,6/03/2019,Delhi,Cochin,DEL → BOM → COK,08:25,15:30,7h 5m,1 stop,No info,14871
Multiple carriers,24/06/2019,Delhi,Cochin,DEL → BOM → COK,14:00,01:30 25 Jun,11h 30m,1 stop,No info,13377
Jet Airways,9/05/2019,Delhi,Cochin,DEL → BOM → COK,19:45,19:00 10 May,23h 15m,1 stop,In-flight meal not included,12373
Jet Airways,24/03/2019,Kolkata,Banglore,CCU → BOM → BLR,13:55,19:40,5h 45m,1 stop,No info,14231
SpiceJet,1/05/2019,Mumbai,Hyderabad,BOM → HYD,22:45,00:15 02 May,1h 30m,non-stop,No check-in baggage included,1965
Jet Airways,3/06/2019,Delhi,Cochin,DEL → BOM → COK,07:05,12:35,5h 30m,1 stop,No info,14924
IndiGo,1/04/2019,Kolkata,Banglore,CCU → BLR,15:30,18:05,2h 35m,non-stop,No info,4174
GoAir,3/04/2019,Delhi,Cochin,DEL → BOM → COK,07:00,12:55,5h 55m,1 stop,No info,4725
Multiple carriers,3/03/2019,Delhi,Cochin,DEL → BOM → COK,02:15,13:20,11h 5m,1 stop,No info,17057
Air India,03/03/2019,Banglore,New Delhi,BLR → CCU → DEL,11:05,22:45,11h 40m,1 stop,No info,11444
Jet Airways,12/06/2019,Delhi,Cochin,DEL → COK,11:00,14:15,3h 15m,non-stop,In-flight meal not included,7202
Jet Airways,15/05/2019,Banglore,Delhi,BLR → DEL,18:55,22:00,3h 5m,non-stop,In-flight meal not included,4030
Air India,6/03/2019,Mumbai,Hyderabad,BOM → BLR → HYD,09:15,09:15 07 Mar,24h,1 stop,No info,9535
Jet Airways,1/05/2019,Kolkata,Banglore,CCU → BOM → BLR,16:30,10:05 02 May,17h 35m,1 stop,In-flight meal not included,8586
Jet Airways,18/05/2019,Kolkata,Banglore,CCU → BOM → BLR,05:45,04:40 19 May,22h 55m,1 stop,In-flight meal not included,8586
SpiceJet,18/05/2019,Banglore,Delhi,BLR → DEL,05:55,08:35,2h 40m,non-stop,No info,3625
Multiple carriers,27/03/2019,Delhi,Cochin,DEL → BOM → COK,06:00,21:00,15h,1 stop,No info,8055
Air India,21/03/2019,Mumbai,Hyderabad,BOM → HYD,06:20,07:40,1h 20m,non-stop,No info,3100
IndiGo,9/06/2019,Kolkata,Banglore,CCU → MAA → BLR,17:35,22:15,4h 40m,1 stop,No info,5699
Jet Airways,27/05/2019,Delhi,Cochin,DEL → JAI → BOM → COK,19:30,04:25 28 May,8h 55m,2 stops,No info,15129
Vistara,9/05/2019,Kolkata,Banglore,CCU → DEL → BLR,17:00,09:05 10 May,16h 5m,1 stop,No info,9187
Air India,24/06/2019,Delhi,Cochin,DEL → JAI → BOM → COK,18:45,19:15 25 Jun,24h 30m,2 stops,No info,11732
SpiceJet,1/04/2019,Kolkata,Banglore,CCU → BLR,22:20,00:40 02 Apr,2h 20m,non-stop,No check-in baggage included,3841
Multiple carriers,6/05/2019,Delhi,Cochin,DEL → BOM → COK,10:20,19:00,8h 40m,1 stop,No info,9794
IndiGo,18/05/2019,Kolkata,Banglore,CCU → PAT → BLR,09:20,14:15,4h 55m,1 stop,No info,12198
Jet Airways,6/06/2019,Kolkata,Banglore,CCU → BOM → BLR,21:10,10:05 07 Jun,12h 55m,1 stop,No info,14571
IndiGo,3/03/2019,Mumbai,Hyderabad,BOM → HYD,09:10,10:40,1h 30m,non-stop,No info,5755
Jet Airways,6/06/2019,Kolkata,Banglore,CCU → DEL → BLR,09:35,22:05,12h 30m,1 stop,No info,14151
Vistara,18/04/2019,Banglore,Delhi,BLR → DEL,17:00,19:35,2h 35m,non-stop,No info,5613
Jet Airways,6/05/2019,Kolkata,Banglore,CCU → DEL → BLR,17:00,10:55 07 May,17h 55m,1 stop,No info,13067
Jet Airways,21/03/2019,Delhi,Cochin,DEL → BOM → COK,18:15,18:50 22 Mar,24h 35m,1 stop,No info,12557
Jet Airways,3/06/2019,Delhi,Cochin,DEL → BOM → COK,20:55,04:25 04 Jun,7h 30m,1 stop,No info,14714
Jet Airways,3/05/2019,Banglore,Delhi,BLR → DEL,15:15,18:10,2h 55m,non-stop,In-flight meal not included,4544
Air India,1/06/2019,Delhi,Cochin,DEL → GOI → BOM → COK,22:00,19:15 02 Jun,21h 15m,2 stops,No info,10441
Air Asia,1/04/2019,Kolkata,Banglore,CCU → BLR,22:50,01:20 02 Apr,2h 30m,non-stop,No info,4107
IndiGo,18/04/2019,Banglore,Delhi,BLR → DEL,16:55,19:55,3h,non-stop,No info,4990
Jet Airways,21/03/2019,Delhi,Cochin,DEL → JAI → BOM → COK,05:30,18:50 22 Mar,37h 20m,2 stops,No info,12341
Air India,3/03/2019,Delhi,Cochin,DEL → AMD → BOM → COK,19:45,19:15 04 Mar,23h 30m,2 stops,No info,12856
Air India,1/04/2019,Kolkata,Banglore,CCU → DEL → BLR,10:00,23:15,13h 15m,1 stop,No info,7893
Vistara,15/03/2019,Delhi,Cochin,DEL → COK,14:55,17:50,2h 55m,non-stop,No info,6688
Jet Airways,27/03/2019,Delhi,Cochin,DEL → BOM → COK,09:00,18:50,9h 50m,1 stop,In-flight meal not included,5963
IndiGo,24/05/2019,Banglore,Delhi,BLR → DEL,22:10,01:00 25 May,2h 50m,non-stop,No info,3419
Jet Airways,21/03/2019,Mumbai,Hyderabad,BOM → HYD,19:35,21:05,1h 30m,non-stop,In-flight meal not included,2228
Air India,24/03/2019,Mumbai,Hyderabad,BOM → HYD,19:30,20:45,1h 15m,non-stop,No info,2575
Jet Airways,24/06/2019,Delhi,Cochin,DEL → IDR → BOM → COK,21:25,19:00 25 Jun,21h 35m,2 stops,No info,13292
IndiGo,9/05/2019,Banglore,Delhi,BLR → DEL,08:30,11:20,2h 50m,non-stop,No info,4823
Jet Airways,12/06/2019,Kolkata,Banglore,CCU → BOM → BLR,14:05,20:45,6h 40m,1 stop,In-flight meal not included,9899
Air India,6/05/2019,Kolkata,Banglore,CCU → GAU → DEL → BLR,09:50,23:15,13h 25m,2 stops,No info,14120
Air India,6/03/2019,Delhi,Cochin,DEL → BOM → COK,09:00,19:15,10h 15m,1 stop,No info,15284
Multiple carriers,9/06/2019,Delhi,Cochin,DEL → BOM → COK,03:50,19:00,15h 10m,1 stop,No info,12192
Air India,24/03/2019,Kolkata,Banglore,CCU → DEL → COK → BLR,07:00,01:20 25 Mar,18h 20m,2 stops,No info,13428
SpiceJet,3/06/2019,Chennai,Kolkata,MAA → CCU,08:20,10:35,2h 15m,non-stop,No check-in baggage included,3543
Jet Airways,1/04/2019,Delhi,Cochin,DEL → BOM → COK,10:00,12:35 02 Apr,26h 35m,1 stop,In-flight meal not included,5406
Air India,1/06/2019,Delhi,Cochin,DEL → RPR → NAG → BOM → COK,05:15,07:40 02 Jun,26h 25m,3 stops,No info,12383
Air India,24/06/2019,Delhi,Cochin,DEL → BOM → COK,13:00,19:15,6h 15m,1 stop,No info,8372
IndiGo,03/03/2019,Banglore,New Delhi,BLR → DEL,21:20,00:15 04 Mar,2h 55m,non-stop,No info,6144
Jet Airways,24/05/2019,Kolkata,Banglore,CCU → BOM → BLR,18:55,08:15 25 May,13h 20m,1 stop,In-flight meal not included,8586
Air Asia,9/05/2019,Banglore,Delhi,BLR → DEL,04:55,07:45,2h 50m,non-stop,No info,4282
Jet Airways,21/05/2019,Delhi,Cochin,DEL → BOM → COK,11:30,19:00,7h 30m,1 stop,No info,16079
IndiGo,15/03/2019,Mumbai,Hyderabad,BOM → HYD,16:55,18:25,1h 30m,non-stop,No info,3175
Jet Airways,6/03/2019,Delhi,Cochin,DEL → BOM → COK,13:00,04:25 07 Mar,15h 25m,1 stop,No info,15764
IndiGo,6/03/2019,Mumbai,Hyderabad,BOM → HYD,06:20,07:45,1h 25m,non-stop,No info,4784
Multiple carriers,3/03/2019,Delhi,Cochin,DEL → BOM → COK,08:00,15:30,7h 30m,1 stop,No info,17057
Jet Airways,15/06/2019,Delhi,Cochin,DEL → JAI → BOM → COK,05:30,04:25 16 Jun,22h 55m,2 stops,No info,13014
Jet Airways,12/06/2019,Delhi,Cochin,DEL → BOM → COK,22:50,19:00 13 Jun,20h 10m,1 stop,No info,14714
Jet Airways,21/05/2019,Delhi,Cochin,DEL → COK,09:50,13:05,3h 15m,non-stop,No info,9564
Air India,12/06/2019,Delhi,Cochin,DEL → BLR → COK,20:30,08:15 13 Jun,11h 45m,1 stop,No info,8991
IndiGo,15/06/2019,Kolkata,Banglore,CCU → BLR,15:15,17:45,2h 30m,non-stop,No info,4804
Jet Airways,27/03/2019,Delhi,Cochin,DEL → BOM → COK,19:15,04:25 28 Mar,9h 10m,1 stop,No info,12242
IndiGo,21/03/2019,Kolkata,Banglore,CCU → BLR,22:10,00:55 22 Mar,2h 45m,non-stop,No info,4148
Jet Airways,18/05/2019,Kolkata,Banglore,CCU → BOM → BLR,16:30,08:15 19 May,15h 45m,1 stop,In-flight meal not included,8586
Jet Airways,3/06/2019,Delhi,Cochin,DEL → BOM → COK,10:00,04:25 04 Jun,18h 25m,1 stop,In-flight meal not included,11627
Jet Airways,1/04/2019,Kolkata,Banglore,CCU → BOM → BLR,08:25,19:50,11h 25m,1 stop,In-flight meal not included,7064
Vistara,03/03/2019,Banglore,New Delhi,BLR → AMD → DEL,06:40,10:25 07 Mar,27h 45m,1 stop,No info,12476
Jet Airways,1/06/2019,Delhi,Cochin,DEL → BOM → COK,13:00,04:25 02 Jun,15h 25m,1 stop,In-flight meal not included,10262
Jet Airways,1/06/2019,Mumbai,Hyderabad,BOM → HYD,10:20,11:50,1h 30m,non-stop,No info,5678
Air Asia,27/03/2019,Delhi,Cochin,DEL → BLR → COK,07:55,13:10,5h 15m,1 stop,No info,6151
Multiple carriers,21/05/2019,Delhi,Cochin,DEL → BOM → COK,18:15,01:30 22 May,7h 15m,1 stop,No info,14067
Air India,15/05/2019,Kolkata,Banglore,CCU → DEL → BLR,07:00,16:15,9h 15m,1 stop,No info,11936
Air India,12/05/2019,Kolkata,Banglore,CCU → HYD → BLR,19:00,11:05 13 May,16h 5m,1 stop,No info,6327
Jet Airways,12/06/2019,Kolkata,Banglore,CCU → BOM → BLR,08:25,10:05 13 Jun,25h 40m,1 stop,In-flight meal not included,8529
Air India,18/05/2019,Delhi,Cochin,DEL → AMD → BOM → COK,19:45,19:15 19 May,23h 30m,2 stops,No info,10651
Vistara,1/06/2019,Banglore,Delhi,BLR → DEL,11:30,14:20,2h 50m,non-stop,No info,4668
GoAir,24/04/2019,Delhi,Cochin,DEL → BOM → COK,10:35,19:35,9h,1 stop,No info,5430
Jet Airways,1/06/2019,Banglore,Delhi,BLR → DEL,17:45,20:45,3h,non-stop,In-flight meal not included,7229
IndiGo,21/03/2019,Delhi,Cochin,DEL → BOM → COK,04:45,21:00,16h 15m,1 stop,No info,6314
Air Asia,3/06/2019,Banglore,Delhi,BLR → DEL,23:55,02:45 04 Jun,2h 50m,non-stop,No info,7120
Jet Airways,18/05/2019,Delhi,Cochin,DEL → AMD → BOM → COK,23:05,04:25 20 May,29h 20m,2 stops,No info,15129
SpiceJet,6/05/2019,Kolkata,Banglore,CCU → BLR,09:00,11:25,2h 25m,non-stop,No check-in baggage included,3841
SpiceJet,27/04/2019,Kolkata,Banglore,CCU → BLR,14:55,17:25,2h 30m,non-stop,No check-in baggage included,3841
Air India,24/06/2019,Delhi,Cochin,DEL → MAA → COK,17:20,09:25 25 Jun,16h 5m,1 stop,No info,7480
Air India,6/05/2019,Kolkata,Banglore,CCU → BBI → BOM → BLR,12:00,11:10 07 May,23h 10m,2 stops,No info,10676
IndiGo,21/04/2019,Banglore,Delhi,BLR → DEL,06:05,08:50,2h 45m,non-stop,No info,4423
IndiGo,21/03/2019,Delhi,Cochin,DEL → BOM → COK,09:10,15:30,6h 20m,1 stop,No info,9709
Multiple carriers,27/06/2019,Delhi,Cochin,DEL → BOM → COK,10:00,01:30 28 Jun,15h 30m,1 stop,No info,7198
Multiple carriers,6/06/2019,Delhi,Cochin,DEL → BOM → COK,07:05,19:15,12h 10m,1 stop,No info,14848
SpiceJet,12/05/2019,Mumbai,Hyderabad,BOM → HYD,05:45,07:15,1h 30m,non-stop,No check-in baggage included,1965
Jet Airways,15/03/2019,Banglore,New Delhi,BLR → BOM → DEL,08:00,18:25,10h 25m,1 stop,In-flight meal not included,9134
Multiple carriers,21/05/2019,Delhi,Cochin,DEL → BOM → COK,12:50,01:30 22 May,12h 40m,1 stop,No info,7485
IndiGo,12/06/2019,Delhi,Cochin,DEL → HYD → COK,07:35,16:10,8h 35m,1 stop,No info,6442
Jet Airways,3/06/2019,Delhi,Cochin,DEL → JDH → BOM → COK,11:40,19:00,7h 20m,2 stops,In-flight meal not included,15812
Air India,9/06/2019,Delhi,Cochin,DEL → HYD → MAA → COK,09:45,09:25 10 Jun,23h 40m,2 stops,No info,11185
IndiGo,15/03/2019,Mumbai,Hyderabad,BOM → HYD,12:00,13:25,1h 25m,non-stop,No info,3175
Vistara,21/05/2019,Kolkata,Banglore,CCU → DEL → BLR,07:10,22:40,15h 30m,1 stop,No info,8452
Jet Airways,15/06/2019,Delhi,Cochin,DEL → BOM → COK,19:45,12:35 16 Jun,16h 50m,1 stop,In-flight meal not included,10262
Air India,21/05/2019,Banglore,Delhi,BLR → DEL,21:05,23:55,2h 50m,non-stop,No info,5228
Jet Airways,9/05/2019,Kolkata,Banglore,CCU → DEL → BLR,20:25,14:25 10 May,18h,1 stop,In-flight meal not included,9314
Jet Airways,1/06/2019,Delhi,Cochin,DEL → JDH → BOM → COK,11:40,19:00,7h 20m,2 stops,In-flight meal not included,15812
Jet Airways,12/05/2019,Kolkata,Banglore,CCU → DEL → BLR,17:00,10:55 13 May,17h 55m,1 stop,No info,14151
SpiceJet,24/05/2019,Banglore,Delhi,BLR → DEL,09:30,12:20,2h 50m,non-stop,No info,3625
Air India,3/03/2019,Delhi,Cochin,DEL → AMD → BOM → COK,05:00,19:15 04 Mar,38h 15m,2 stops,No info,10283
Jet Airways,1/06/2019,Delhi,Cochin,DEL → BOM → COK,02:15,19:00,16h 45m,1 stop,In-flight meal not included,10262
Jet Airways,21/05/2019,Kolkata,Banglore,CCU → BOM → BLR,08:25,18:15,9h 50m,1 stop,In-flight meal not included,10844
Jet Airways,1/05/2019,Kolkata,Banglore,CCU → DEL → BLR,17:00,23:35,6h 35m,1 stop,In-flight meal not included,12384
Jet Airways,9/04/2019,Delhi,Cochin,DEL → BOM → COK,22:50,12:35 10 Apr,13h 45m,1 stop,No info,11822
Vistara,09/03/2019,Banglore,New Delhi,BLR → AMD → DEL,06:40,10:25 13 Mar,27h 45m,1 stop,No info,10008
IndiGo,18/05/2019,Delhi,Cochin,DEL → HYD → COK,16:10,22:30,6h 20m,1 stop,No info,7640
Jet Airways,1/05/2019,Kolkata,Banglore,CCU → BOM → BLR,14:05,19:50,5h 45m,1 stop,No info,14781
SpiceJet,24/03/2019,Banglore,New Delhi,BLR → DEL,09:35,12:30,2h 55m,non-stop,No info,4377
IndiGo,15/06/2019,Delhi,Cochin,DEL → HYD → COK,06:50,12:10,5h 20m,1 stop,No info,5298
IndiGo,24/03/2019,Mumbai,Hyderabad,BOM → HYD,20:05,21:35,1h 30m,non-stop,No info,2227
Multiple carriers,27/05/2019,Delhi,Cochin,DEL → BOM → COK,07:00,19:00,12h,1 stop,No info,10407
Jet Airways,27/06/2019,Delhi,Cochin,DEL → IDR → BOM → COK,21:25,12:35 28 Jun,15h 10m,2 stops,In-flight meal not included,11507
IndiGo,9/06/2019,Delhi,Cochin,DEL → BOM → COK,20:25,01:30 10 Jun,5h 5m,1 stop,No info,5458
IndiGo,12/06/2019,Banglore,Delhi,BLR → DEL,23:30,02:20 13 Jun,2h 50m,non-stop,No info,3943
Jet Airways,3/03/2019,Delhi,Cochin,DEL → BOM → COK,11:30,18:50,7h 20m,1 stop,No info,18550
Vistara,9/06/2019,Kolkata,Banglore,CCU → DEL → BLR,20:20,10:45 10 Jun,14h 25m,1 stop,No info,9397
SpiceJet,21/05/2019,Kolkata,Banglore,CCU → BLR,06:55,09:30,2h 35m,non-stop,No check-in baggage included,3841
Jet Airways,27/04/2019,Banglore,Delhi,BLR → DEL,07:10,10:10,3h,non-stop,No info,7229
IndiGo,18/06/2019,Banglore,Delhi,BLR → DEL,18:55,21:50,2h 55m,non-stop,No info,4823
Jet Airways,9/06/2019,Kolkata,Banglore,CCU → BOM → BLR,18:55,20:45 10 Jun,25h 50m,1 stop,In-flight meal not included,10844
Air India,9/05/2019,Delhi,Cochin,DEL → BLR → COK,06:10,23:00,16h 50m,1 stop,No info,7174
IndiGo,3/03/2019,Kolkata,Banglore,CCU → BLR,15:10,17:45,2h 35m,non-stop,No info,6985
Jet Airways,27/03/2019,Delhi,Cochin,DEL → IDR → BOM → COK,05:25,19:45 28 Mar,38h 20m,2 stops,No info,11664
Multiple carriers,15/05/2019,Delhi,Cochin,DEL → BOM → COK,07:00,21:00,14h,1 stop,No info,8073
Air India,12/06/2019,Delhi,Cochin,DEL → HYD → MAA → COK,17:15,09:25 13 Jun,16h 10m,2 stops,No info,9417
Air India,27/06/2019,Delhi,Cochin,DEL → BOM → COK,08:00,19:15,11h 15m,1 stop,No info,8372
Multiple carriers,9/03/2019,Delhi,Cochin,DEL → BOM → COK,06:00,19:15,13h 15m,1 stop,No info,14408
Jet Airways,24/05/2019,Mumbai,Hyderabad,BOM → HYD,19:35,21:05,1h 30m,non-stop,No info,5678
IndiGo,21/03/2019,Banglore,New Delhi,BLR → DEL,13:00,15:50,2h 50m,non-stop,No info,5694
Jet Airways,12/05/2019,Kolkata,Banglore,CCU → BOM → BLR,21:10,04:40 13 May,7h 30m,1 stop,In-flight meal not included,8586
Jet Airways,18/03/2019,Banglore,New Delhi,BLR → BOM → DEL,22:50,08:15 16 Mar,9h 25m,1 stop,In-flight meal not included,11087
IndiGo,27/04/2019,Banglore,Delhi,BLR → DEL,16:55,19:55,3h,non-stop,No info,4823
SpiceJet,3/06/2019,Delhi,Cochin,DEL → MAA → COK,06:05,11:20,5h 15m,1 stop,No info,5583
Jet Airways,21/03/2019,Delhi,Cochin,DEL → BDQ → BOM → COK,18:25,18:50 22 Mar,24h 25m,2 stops,No info,11869
IndiGo,24/06/2019,Banglore,Delhi,BLR → DEL,16:55,19:55,3h,non-stop,No info,4823
Jet Airways,9/05/2019,Delhi,Cochin,DEL → BOM → COK,07:05,12:35,5h 30m,1 stop,In-flight meal not included,12373
Multiple carriers,24/06/2019,Delhi,Cochin,DEL → BOM → COK,10:20,19:15,8h 55m,1 stop,In-flight meal not included,7268
Jet Airways,06/03/2019,Banglore,New Delhi,BLR → BOM → DEL,16:55,11:25 07 Mar,18h 30m,1 stop,No info,17261
Jet Airways,15/06/2019,Delhi,Cochin,DEL → JAI → BOM → COK,05:30,04:25 16 Jun,22h 55m,2 stops,In-flight meal not included,10368
IndiGo,27/03/2019,Chennai,Kolkata,MAA → CCU,13:20,15:35,2h 15m,non-stop,No info,3384
SpiceJet,27/03/2019,Kolkata,Banglore,CCU → BLR,09:00,11:30,2h 30m,non-stop,No info,3847
IndiGo,3/06/2019,Delhi,Cochin,DEL → BOM → COK,10:35,21:00,10h 25m,1 stop,No info,6093
Air India,27/06/2019,Delhi,Cochin,DEL → HYD → BOM → COK,13:15,07:40 28 Jun,18h 25m,2 stops,No info,13547
Air Asia,6/06/2019,Banglore,Delhi,BLR → DEL,23:55,02:45 07 Jun,2h 50m,non-stop,No info,7120
Jet Airways Business,3/03/2019,Delhi,Cochin,DEL → ATQ → BOM → COK,20:05,04:25 04 Mar,8h 20m,2 stops,No info,46490
Jet Airways,27/05/2019,Delhi,Cochin,DEL → IDR → BOM → COK,09:35,12:35 28 May,27h,2 stops,In-flight meal not included,12872
IndiGo,15/05/2019,Kolkata,Banglore,CCU → BBI → BLR,19:35,23:15,3h 40m,1 stop,No info,4226
Jet Airways,24/05/2019,Kolkata,Banglore,CCU → BOM → BLR,18:55,09:20 25 May,14h 25m,1 stop,In-flight meal not included,10844
Vistara,9/06/2019,Banglore,Delhi,BLR → DEL,11:30,14:20,2h 50m,non-stop,No info,4668
Multiple carriers,1/03/2019,Delhi,Cochin,DEL → BOM → COK,00:20,13:20,13h,1 stop,No info,29528
SpiceJet,12/03/2019,Chennai,Kolkata,MAA → CCU,17:45,20:05,2h 20m,non-stop,No info,6300
Jet Airways,9/06/2019,Delhi,Cochin,DEL → LKO → BOM → COK,11:45,04:25 10 Jun,16h 40m,2 stops,No info,13882
Vistara,24/05/2019,Banglore,Delhi,BLR → DEL,07:00,09:40,2h 40m,non-stop,No info,4668
IndiGo,1/04/2019,Kolkata,Banglore,CCU → BLR,17:15,19:50,2h 35m,non-stop,No info,4174
IndiGo,15/05/2019,Mumbai,Hyderabad,BOM → HYD,12:00,13:30,1h 30m,non-stop,No info,2754
IndiGo,21/05/2019,Mumbai,Hyderabad,BOM → HYD,12:00,13:30,1h 30m,non-stop,No info,2754
Vistara,12/05/2019,Banglore,Delhi,BLR → DEL,09:45,12:35,2h 50m,non-stop,No info,4668
IndiGo,12/06/2019,Kolkata,Banglore,CCU → BLR,15:30,18:05,2h 35m,non-stop,No info,4804
Air India,9/06/2019,Delhi,Cochin,DEL → AMD → BOM → COK,05:00,07:40 10 Jun,26h 40m,2 stops,No info,10756
Multiple carriers,1/06/2019,Delhi,Cochin,DEL → BOM → COK,18:00,01:30 02 Jun,7h 30m,1 stop,No info,7933
SpiceJet,9/05/2019,Chennai,Kolkata,MAA → CCU,09:45,12:00,2h 15m,non-stop,No check-in baggage included,3543
Jet Airways,21/05/2019,Delhi,Cochin,DEL → JAI → BOM → COK,09:40,04:25 22 May,18h 45m,2 stops,In-flight meal not included,13029
Jet Airways,9/06/2019,Kolkata,Banglore,CCU → BOM → BLR,08:25,04:40 10 Jun,20h 15m,1 stop,No info,13731
IndiGo,27/06/2019,Kolkata,Banglore,CCU → BLR,21:25,00:05 28 Jun,2h 40m,non-stop,No info,4804
IndiGo,9/03/2019,Kolkata,Banglore,CCU → BLR,09:35,12:20,2h 45m,non-stop,No info,4148
IndiGo,1/04/2019,Delhi,Cochin,DEL → MAA → COK,02:00,07:25,5h 25m,1 stop,No info,5164
Multiple carriers,27/06/2019,Delhi,Cochin,DEL → BOM → COK,07:00,19:00,12h,1 stop,No info,12192
Multiple carriers,6/03/2019,Delhi,Cochin,DEL → BOM → COK,09:00,21:00,12h,1 stop,No info,15078
IndiGo,6/04/2019,Kolkata,Banglore,CCU → HYD → BLR,15:15,20:30,5h 15m,1 stop,No info,4268
Jet Airways,24/06/2019,Banglore,Delhi,BLR → DEL,11:10,14:05,2h 55m,non-stop,In-flight meal not included,5769
Jet Airways,01/03/2019,Banglore,New Delhi,BLR → BOM → DEL,08:55,18:25,9h 30m,1 stop,No info,26890
SpiceJet,15/03/2019,Kolkata,Banglore,CCU → BLR,17:15,19:45,2h 30m,non-stop,No check-in baggage included,3815
Jet Airways,24/05/2019,Kolkata,Banglore,CCU → BOM → BLR,14:05,09:20 25 May,19h 15m,1 stop,In-flight meal not included,9663
IndiGo,3/04/2019,Banglore,Delhi,BLR → DEL,18:25,21:20,2h 55m,non-stop,No info,4823
IndiGo,6/03/2019,Delhi,Cochin,DEL → BOM → COK,07:30,13:20,5h 50m,1 stop,No info,13628
GoAir,6/05/2019,Kolkata,Banglore,CCU → BOM → BLR,23:30,07:45 07 May,8h 15m,1 stop,No info,7451
Jet Airways,1/04/2019,Banglore,Delhi,BLR → DEL,07:10,10:10,3h,non-stop,No info,7229
Jet Airways,3/06/2019,Delhi,Cochin,DEL → JAI → BOM → COK,09:40,12:35 04 Jun,26h 55m,2 stops,In-flight meal not included,10368
IndiGo,1/06/2019,Chennai,Kolkata,MAA → CCU,11:35,14:00,2h 25m,non-stop,No info,3858
Jet Airways,21/05/2019,Kolkata,Banglore,CCU → BOM → BLR,21:10,10:05 22 May,12h 55m,1 stop,In-flight meal not included,8586
Jet Airways,18/05/2019,Kolkata,Banglore,CCU → BOM → BLR,05:45,19:50,14h 5m,1 stop,No info,14781
Air India,15/05/2019,Delhi,Cochin,DEL → HYD → BOM → COK,17:15,07:40 16 May,14h 25m,2 stops,No info,13039
Vistara,21/06/2019,Banglore,Delhi,BLR → DEL,21:00,23:50,2h 50m,non-stop,No info,5613
GoAir,09/03/2019,Banglore,New Delhi,BLR → DEL,11:40,14:35,2h 55m,non-stop,No info,7305
Jet Airways,24/06/2019,Delhi,Cochin,DEL → BOM → COK,18:15,04:25 25 Jun,10h 10m,1 stop,In-flight meal not included,10262
Air India,1/03/2019,Mumbai,Hyderabad,BOM → HYD,19:30,20:45,1h 15m,non-stop,No info,15385
Jet Airways,24/03/2019,Kolkata,Banglore,CCU → BOM → BLR,16:55,16:20 25 Mar,23h 25m,1 stop,In-flight meal not included,11134
Jet Airways,12/04/2019,Banglore,Delhi,BLR → DEL,18:55,22:00,3h 5m,non-stop,No info,7229
SpiceJet,03/03/2019,Banglore,New Delhi,BLR → DEL,20:30,23:20,2h 50m,non-stop,No info,6860
Jet Airways,9/03/2019,Delhi,Cochin,DEL → BOM → COK,19:45,04:25 10 Mar,8h 40m,1 stop,No info,15554
Jet Airways,1/04/2019,Kolkata,Banglore,CCU → DEL → BLR,09:35,21:05,11h 30m,1 stop,In-flight meal not included,8066
IndiGo,3/06/2019,Delhi,Cochin,DEL → BLR → COK,15:10,20:00,4h 50m,1 stop,No info,6493
Air India,15/03/2019,Banglore,New Delhi,BLR → HYD → VGA → DEL,17:00,22:55 16 Mar,29h 55m,2 stops,No info,8534
Jet Airways,6/06/2019,Delhi,Cochin,DEL → BHO → BOM → COK,05:30,12:35,7h 5m,2 stops,In-flight meal not included,13344
Vistara,6/03/2019,Mumbai,Hyderabad,BOM → DEL → HYD,14:40,09:25 07 Mar,18h 45m,1 stop,No info,12395
Air India,3/06/2019,Delhi,Cochin,DEL → JDH → BOM → COK,12:55,19:15 04 Jun,30h 20m,2 stops,No info,12436
IndiGo,9/06/2019,Delhi,Cochin,DEL → HYD → COK,14:20,22:30,8h 10m,1 stop,No info,6938
Air India,3/04/2019,Kolkata,Banglore,CCU → BLR,20:45,23:20,2h 35m,non-stop,No info,4460
SpiceJet,24/03/2019,Kolkata,Banglore,CCU → BLR,17:15,19:45,2h 30m,non-stop,No info,6461
GoAir,12/06/2019,Delhi,Cochin,DEL → BOM → COK,14:25,19:35,5h 10m,1 stop,No info,7870
Vistara,6/03/2019,Mumbai,Hyderabad,BOM → DEL → HYD,11:55,22:55,11h,1 stop,No info,12395
Air India,27/06/2019,Delhi,Cochin,DEL → BOM → COK,09:00,19:15,10h 15m,1 stop,No info,8372
Jet Airways,12/06/2019,Kolkata,Banglore,CCU → BOM → BLR,14:05,18:15 13 Jun,28h 10m,1 stop,In-flight meal not included,8529
Air Asia,9/06/2019,Kolkata,Banglore,CCU → BBI → BLR,06:50,10:30,3h 40m,1 stop,No info,6857
Vistara,1/05/2019,Banglore,Delhi,BLR → DEL,11:30,14:20,2h 50m,non-stop,No info,4668
Air India,3/05/2019,Mumbai,Hyderabad,BOM → HYD,21:05,22:25,1h 20m,non-stop,No info,3100
SpiceJet,27/04/2019,Banglore,Delhi,BLR → DEL,09:30,12:20,2h 50m,non-stop,No info,4991
IndiGo,6/05/2019,Kolkata,Banglore,CCU → BLR,15:15,17:45,2h 30m,non-stop,No info,4804
Jet Airways,24/03/2019,Kolkata,Banglore,CCU → BOM → BLR,08:25,20:40,12h 15m,1 stop,In-flight meal not included,11134
Multiple carriers,21/03/2019,Delhi,Cochin,DEL → BOM → COK,17:00,01:35 22 Mar,8h 35m,1 stop,No info,7363
IndiGo,1/04/2019,Mumbai,Hyderabad,BOM → HYD,20:05,21:40,1h 35m,non-stop,No info,2227
Jet Airways,21/05/2019,Delhi,Cochin,DEL → IDR → BOM → COK,09:35,12:35 22 May,27h,2 stops,No info,13559
Multiple carriers,9/06/2019,Delhi,Cochin,DEL → HYD → COK,09:45,22:30,12h 45m,1 stop,No info,9646
IndiGo,27/05/2019,Delhi,Cochin,DEL → BOM → COK,07:30,21:00,13h 30m,1 stop,No info,6526
Jet Airways,24/06/2019,Mumbai,Hyderabad,BOM → HYD,08:45,10:15,1h 30m,non-stop,No info,8040
Jet Airways,1/05/2019,Delhi,Cochin,DEL → JAI → BOM → COK,09:40,12:35 02 May,26h 55m,2 stops,No info,15129
IndiGo,21/04/2019,Delhi,Cochin,DEL → MAA → COK,02:00,07:25,5h 25m,1 stop,No info,5636
Jet Airways,15/06/2019,Mumbai,Hyderabad,BOM → HYD,02:55,04:20,1h 25m,non-stop,No info,5678
Air India,01/03/2019,Banglore,New Delhi,BLR → GAU → DEL,13:50,18:40 02 Mar,28h 50m,1 stop,No info,17198
Multiple carriers,9/03/2019,Delhi,Cochin,DEL → BOM → COK,08:00,19:45,11h 45m,1 stop,No info,16287
IndiGo,9/03/2019,Delhi,Cochin,DEL → LKO → COK,05:35,10:10,4h 35m,1 stop,No info,9476
Air India,9/06/2019,Kolkata,Banglore,CCU → BOM → AMD → BLR,09:25,05:25 10 Jun,20h,2 stops,No info,13007
IndiGo,27/05/2019,Delhi,Cochin,DEL → HYD → COK,07:35,22:30,14h 55m,1 stop,No info,7514
IndiGo,6/03/2019,Kolkata,Banglore,CCU → BLR,15:10,17:45,2h 35m,non-stop,No info,5618
SpiceJet,6/05/2019,Chennai,Kolkata,MAA → CCU,08:20,10:35,2h 15m,non-stop,No info,3911
IndiGo,18/05/2019,Banglore,Delhi,BLR → DEL,20:00,22:50,2h 50m,non-stop,No info,4823
Air India,9/06/2019,Kolkata,Banglore,CCU → BOM → COK → BLR,09:25,13:45 10 Jun,28h 20m,2 stops,No info,11752
Jet Airways,9/06/2019,Kolkata,Banglore,CCU → BOM → BLR,20:00,12:00 10 Jun,16h,1 stop,No info,14571
Air India,9/06/2019,Delhi,Cochin,DEL → BOM → COK,20:00,19:15 10 Jun,23h 15m,1 stop,No info,8372
SpiceJet,24/04/2019,Banglore,Delhi,BLR → DEL,05:55,08:35,2h 40m,non-stop,No info,3971
Jet Airways,12/06/2019,Delhi,Cochin,DEL → BOM → COK,22:50,04:25 13 Jun,5h 35m,1 stop,In-flight meal not included,10262
IndiGo,6/05/2019,Chennai,Kolkata,MAA → CCU,13:15,15:35,2h 20m,non-stop,No info,3597
Air India,9/06/2019,Delhi,Cochin,DEL → JDH → BOM → COK,12:55,19:15 10 Jun,30h 20m,2 stops,No info,12436
Jet Airways,6/06/2019,Delhi,Cochin,DEL → BOM → COK,13:00,19:00,6h,1 stop,No info,14714
Jet Airways,21/05/2019,Delhi,Cochin,DEL → BOM → COK,19:45,12:35 22 May,16h 50m,1 stop,In-flight meal not included,12898
SpiceJet,24/03/2019,Kolkata,Banglore,CCU → IXB → BLR,11:15,18:15,7h,1 stop,No info,12287
IndiGo,21/05/2019,Delhi,Cochin,DEL → LKO → COK,21:50,03:35 22 May,5h 45m,1 stop,No info,7189
Air India,21/05/2019,Banglore,Delhi,BLR → DEL,17:00,19:50,2h 50m,non-stop,No info,6961
Air India,24/03/2019,Kolkata,Banglore,CCU → IXB → DEL → BLR,13:55,23:15 25 Mar,33h 20m,2 stops,No info,15292
Jet Airways,1/06/2019,Delhi,Cochin,DEL → JAI → BOM → COK,05:30,19:00,13h 30m,2 stops,In-flight meal not included,10368
Jet Airways,6/06/2019,Delhi,Cochin,DEL → IDR → BOM → COK,21:25,19:00 07 Jun,21h 35m,2 stops,No info,13292
Air India,9/03/2019,Delhi,Cochin,DEL → BLR → COK,06:10,23:00,16h 50m,1 stop,No info,9064
Jet Airways,18/05/2019,Kolkata,Banglore,CCU → BOM → BLR,21:10,09:20 19 May,12h 10m,1 stop,No info,14388
SpiceJet,12/06/2019,Banglore,Delhi,BLR → DEL,05:55,08:35,2h 40m,non-stop,No info,4423
Air India,1/05/2019,Delhi,Cochin,DEL → HYD → MAA → COK,17:15,09:25 02 May,16h 10m,2 stops,No info,8839
Vistara,24/05/2019,Kolkata,Banglore,CCU → DEL → BLR,17:00,23:25,6h 25m,1 stop,No info,9870
Jet Airways,27/06/2019,Delhi,Cochin,DEL → AMD → BOM → COK,23:05,19:00 28 Jun,19h 55m,2 stops,No info,12819
Multiple carriers,15/05/2019,Delhi,Cochin,DEL → BOM → COK,19:00,01:30 16 May,6h 30m,1 stop,No info,7670
Jet Airways,9/05/2019,Kolkata,Banglore,CCU → DEL → BLR,20:25,10:55 10 May,14h 30m,1 stop,In-flight meal not included,8066
Air India,6/03/2019,Mumbai,Hyderabad,BOM → GOI → PNQ → HYD,05:05,16:55,11h 50m,2 stops,No info,16697
IndiGo,12/06/2019,Delhi,Cochin,DEL → BOM → COK,15:00,01:30 13 Jun,10h 30m,1 stop,No info,5684
Multiple carriers,1/06/2019,Delhi,Cochin,DEL → BOM → COK,11:25,19:00,7h 35m,1 stop,No info,11200
Jet Airways,24/03/2019,Kolkata,Banglore,CCU → BOM → BLR,21:10,20:40 25 Mar,23h 30m,1 stop,No info,13759
IndiGo,24/03/2019,Banglore,New Delhi,BLR → DEL,13:00,15:50,2h 50m,non-stop,No info,5694
Vistara,01/03/2019,Banglore,New Delhi,BLR → AMD → DEL,06:40,10:25 02 Mar,27h 45m,1 stop,No info,12371
IndiGo,9/04/2019,Delhi,Cochin,DEL → BOM → COK,16:00,01:30 10 Apr,9h 30m,1 stop,No info,6573
GoAir,6/03/2019,Delhi,Cochin,DEL → AMD → COK,06:00,13:20,7h 20m,1 stop,No info,6393
IndiGo,6/06/2019,Kolkata,Banglore,CCU → BLR,11:30,14:05,2h 35m,non-stop,No info,5224
Jet Airways,9/05/2019,Banglore,Delhi,BLR → DEL,17:45,20:45,3h,non-stop,In-flight meal not included,5198
Jet Airways,21/05/2019,Kolkata,Banglore,CCU → BOM → BLR,21:10,04:40 22 May,7h 30m,1 stop,No info,13941
SpiceJet,15/03/2019,Chennai,Kolkata,MAA → CCU,09:30,12:05,2h 35m,non-stop,No info,6300
Jet Airways,24/06/2019,Delhi,Cochin,DEL → IDR → BOM → COK,09:35,12:35 25 Jun,27h,2 stops,No info,12609
Multiple carriers,3/06/2019,Delhi,Cochin,DEL → BOM → COK,09:00,21:00,12h,1 stop,No info,13587
Multiple carriers,24/06/2019,Delhi,Cochin,DEL → BOM → COK,13:00,21:00,8h,1 stop,No info,13587
Jet Airways,27/06/2019,Delhi,Cochin,DEL → BOM → COK,10:00,12:35 28 Jun,26h 35m,1 stop,In-flight meal not included,10262
Air India,6/03/2019,Delhi,Cochin,DEL → BOM → COK,10:00,19:15,9h 15m,1 stop,No info,16439
Jet Airways,21/05/2019,Kolkata,Banglore,CCU → BOM → BLR,14:05,22:35,8h 30m,1 stop,No info,14781
Jet Airways,3/06/2019,Delhi,Cochin,DEL → BOM → COK,19:45,12:35 04 Jun,16h 50m,1 stop,In-flight meal not included,10262
Jet Airways,24/05/2019,Kolkata,Banglore,CCU → BOM → BLR,14:05,18:15 25 May,28h 10m,1 stop,In-flight meal not included,10844
IndiGo,15/06/2019,Banglore,Delhi,BLR → DEL,18:25,21:20,2h 55m,non-stop,No info,4823
Air India,9/04/2019,Banglore,Delhi,BLR → DEL,17:00,19:50,2h 50m,non-stop,No info,5911
Multiple carriers,24/06/2019,Delhi,Cochin,DEL → BOM → COK,13:00,01:30 25 Jun,12h 30m,1 stop,No info,13377
Multiple carriers,27/03/2019,Delhi,Cochin,DEL → HYD → COK,07:10,22:20,15h 10m,1 stop,No info,6145
SpiceJet,27/06/2019,Mumbai,Hyderabad,BOM → HYD,22:45,00:15 28 Jun,1h 30m,non-stop,No check-in baggage included,1965
IndiGo,27/03/2019,Delhi,Cochin,DEL → HYD → COK,07:35,16:10,8h 35m,1 stop,No info,6442
Jet Airways,6/05/2019,Kolkata,Banglore,CCU → BOM → BLR,16:30,16:20 07 May,23h 50m,1 stop,No info,13941
Air India,3/03/2019,Delhi,Cochin,DEL → BLR → COK,06:10,23:00,16h 50m,1 stop,No info,13002
Air India,24/06/2019,Delhi,Cochin,DEL → BLR → COK,13:30,23:00,9h 30m,1 stop,No info,8907
Jet Airways,27/05/2019,Delhi,Cochin,DEL → IDR → BOM → COK,09:35,12:35 28 May,27h,2 stops,No info,14657
SpiceJet,6/05/2019,Kolkata,Banglore,CCU → BLR,22:20,00:40 07 May,2h 20m,non-stop,No info,3873
Jet Airways,21/05/2019,Kolkata,Banglore,CCU → BOM → BLR,14:05,23:35,9h 30m,1 stop,No info,14781
Air India,18/06/2019,Banglore,Delhi,BLR → DEL,21:05,23:55,2h 50m,non-stop,No info,5228
Air Asia,09/03/2019,Banglore,New Delhi,BLR → DEL,05:50,08:40,2h 50m,non-stop,No info,7652
Jet Airways,24/03/2019,Banglore,New Delhi,BLR → DEL,08:20,11:15,2h 55m,non-stop,No info,7229
IndiGo,1/05/2019,Kolkata,Banglore,CCU → MAA → BLR,06:20,10:20,4h,1 stop,No info,4226
Jet Airways,9/05/2019,Delhi,Cochin,DEL → BOM → COK,20:55,19:00 10 May,22h 5m,1 stop,In-flight meal not included,12373
IndiGo,15/03/2019,Banglore,New Delhi,BLR → DEL,08:30,11:30,3h,non-stop,No info,6860
Jet Airways,24/05/2019,Kolkata,Banglore,CCU → BOM → BLR,16:30,12:00 25 May,19h 30m,1 stop,In-flight meal not included,10844
Jet Airways,18/05/2019,Delhi,Cochin,DEL → BOM → COK,15:00,12:35 19 May,21h 35m,1 stop,In-flight meal not included,12373
IndiGo,24/03/2019,Banglore,New Delhi,BLR → DEL,01:30,04:15,2h 45m,non-stop,No info,4238
Jet Airways,03/03/2019,Banglore,New Delhi,BLR → BOM → DEL,08:00,05:05 07 Mar,21h 5m,1 stop,In-flight meal not included,13502
Jet Airways,6/05/2019,Kolkata,Banglore,CCU → DEL → BLR,20:25,23:35 07 May,27h 10m,1 stop,No info,10953
Air Asia,21/03/2019,Kolkata,Banglore,CCU → BLR,22:50,01:20 22 Mar,2h 30m,non-stop,No info,3782
Jet Airways,12/05/2019,Kolkata,Banglore,CCU → BOM → BLR,14:05,19:50,5h 45m,1 stop,No info,14781
IndiGo,6/06/2019,Kolkata,Banglore,CCU → BLR,20:25,23:10,2h 45m,non-stop,No info,4804
SpiceJet,03/03/2019,Banglore,New Delhi,BLR → DEL,20:30,23:20,2h 50m,non-stop,No info,6860
Air India,24/05/2019,Kolkata,Banglore,CCU → BBI → HYD → BLR,09:10,04:40 25 May,19h 30m,2 stops,No info,6117
Jet Airways,15/06/2019,Banglore,Delhi,BLR → DEL,15:15,18:10,2h 55m,non-stop,No info,8016
Vistara,21/06/2019,Delhi,Cochin,DEL → COK,06:00,09:10,3h 10m,non-stop,No info,6216
Jet Airways,12/06/2019,Banglore,Delhi,BLR → DEL,06:00,08:45,2h 45m,non-stop,No info,8016
Jet Airways,18/03/2019,Banglore,New Delhi,BLR → BOM → DEL,22:50,10:25 16 Mar,11h 35m,1 stop,In-flight meal not included,11087
Jet Airways,18/05/2019,Mumbai,Hyderabad,BOM → HYD,07:05,08:30,1h 25m,non-stop,No info,5678
Jet Airways,9/05/2019,Banglore,Delhi,BLR → DEL,11:10,14:05,2h 55m,non-stop,No info,7229
IndiGo,03/03/2019,Banglore,New Delhi,BLR → DEL,07:10,10:05,2h 55m,non-stop,No info,6860
Multiple carriers,27/05/2019,Delhi,Cochin,DEL → BOM → COK,08:00,19:00,11h,1 stop,No info,10407
Multiple carriers,24/06/2019,Delhi,Cochin,DEL → BOM → COK,07:05,21:00,13h 55m,1 stop,No info,13797
Air India,24/06/2019,Banglore,Delhi,BLR → DEL,06:10,08:55,2h 45m,non-stop,No info,6961
Jet Airways,9/05/2019,Kolkata,Banglore,CCU → DEL → BLR,17:00,23:35,6h 35m,1 stop,No info,10624
Jet Airways,15/06/2019,Delhi,Cochin,DEL → ATQ → BOM → COK,12:15,04:25 16 Jun,16h 10m,2 stops,No info,14300
SpiceJet,24/03/2019,Chennai,Kolkata,MAA → CCU,17:45,20:05,2h 20m,non-stop,No info,5418
Jet Airways,18/05/2019,Delhi,Cochin,DEL → JAI → BOM → COK,05:30,04:25 19 May,22h 55m,2 stops,No info,15129
SpiceJet,18/06/2019,Chennai,Kolkata,MAA → CCU,08:20,10:35,2h 15m,non-stop,No check-in baggage included,3543
SpiceJet,21/06/2019,Mumbai,Hyderabad,BOM → HYD,13:15,14:45,1h 30m,non-stop,No check-in baggage included,1965
Air Asia,6/05/2019,Banglore,Delhi,BLR → DEL,04:55,07:45,2h 50m,non-stop,No info,4282
Air India,6/05/2019,Kolkata,Banglore,CCU → DEL → VGA → BLR,07:00,10:00 07 May,27h,2 stops,No info,14508
Air Asia,12/05/2019,Kolkata,Banglore,CCU → BBI → BLR,06:50,10:30,3h 40m,1 stop,No info,5162
Jet Airways,12/06/2019,Delhi,Cochin,DEL → BOM → COK,19:15,19:00 13 Jun,23h 45m,1 stop,In-flight meal not included,10262
Multiple carriers,9/03/2019,Delhi,Cochin,DEL → BOM → COK,07:00,19:45,12h 45m,1 stop,No info,15237
Multiple carriers,1/06/2019,Delhi,Cochin,DEL → BOM → COK,11:40,19:00,7h 20m,1 stop,No info,12524
Jet Airways,18/05/2019,Kolkata,Banglore,CCU → BOM → BLR,18:55,19:50 19 May,24h 55m,1 stop,In-flight meal not included,10844
Air India,21/03/2019,Banglore,New Delhi,BLR → MAA → DEL,11:50,13:00 19 Mar,25h 10m,1 stop,No info,5092
Multiple carriers,18/05/2019,Delhi,Cochin,DEL → BOM → COK,09:15,19:15,10h,1 stop,No info,8309
GoAir,9/04/2019,Delhi,Cochin,DEL → AMD → COK,07:25,13:20,5h 55m,1 stop,No info,4106
Jet Airways,9/06/2019,Kolkata,Banglore,CCU → DEL → BLR,09:35,10:55 10 Jun,25h 20m,1 stop,No info,14151
Jet Airways,6/04/2019,Delhi,Cochin,DEL → BOM → COK,02:15,12:35,10h 20m,1 stop,In-flight meal not included,5177
Jet Airways,21/05/2019,Kolkata,Banglore,CCU → BOM → BLR,14:05,20:45,6h 40m,1 stop,In-flight meal not included,10844
IndiGo,18/05/2019,Banglore,Delhi,BLR → DEL,16:55,19:55,3h,non-stop,No info,4823
Jet Airways,9/06/2019,Delhi,Cochin,DEL → BOM → COK,17:30,19:00 10 Jun,25h 30m,1 stop,In-flight meal not included,10262
Air India,21/05/2019,Delhi,Cochin,DEL → CCU → BOM → COK,20:15,19:15 22 May,23h,2 stops,No info,13381
IndiGo,1/05/2019,Chennai,Kolkata,MAA → CCU,11:35,14:00,2h 25m,non-stop,No info,4332
Jet Airways,01/03/2019,Banglore,New Delhi,BLR → BOM → DEL,05:45,18:25,12h 40m,1 stop,No info,26890
Air India,15/05/2019,Delhi,Cochin,DEL → GOI → BOM → COK,10:55,07:40 16 May,20h 45m,2 stops,No info,12803
Jet Airways,12/06/2019,Kolkata,Banglore,CCU → BOM → BLR,14:05,16:20 13 Jun,26h 15m,1 stop,In-flight meal not included,8529
SpiceJet,3/04/2019,Kolkata,Banglore,CCU → BLR,09:00,11:25,2h 25m,non-stop,No info,3873
Jet Airways,6/06/2019,Kolkata,Banglore,CCU → BOM → BLR,08:25,16:20,7h 55m,1 stop,In-flight meal not included,10844
Jet Airways,3/05/2019,Banglore,Delhi,BLR → DEL,19:50,22:50,3h,non-stop,In-flight meal not included,6144
Jet Airways,1/05/2019,Banglore,Delhi,BLR → DEL,11:10,14:05,2h 55m,non-stop,No info,7229
Jet Airways,21/03/2019,Delhi,Cochin,DEL → BOM → COK,07:05,18:50,11h 45m,1 stop,No info,12767
Jet Airways,6/05/2019,Banglore,Delhi,BLR → DEL,15:15,18:10,2h 55m,non-stop,No info,7229
Multiple carriers,12/06/2019,Delhi,Cochin,DEL → BOM → COK,11:25,19:15,7h 50m,1 stop,No info,7354
IndiGo,21/05/2019,Mumbai,Hyderabad,BOM → HYD,09:10,10:40,1h 30m,non-stop,No info,4049
Multiple carriers,27/05/2019,Delhi,Cochin,DEL → BOM → COK,11:30,01:30 28 May,14h,1 stop,No info,13377
IndiGo,15/03/2019,Banglore,New Delhi,BLR → DEL,10:10,13:00,2h 50m,non-stop,No info,6144
Multiple carriers,15/05/2019,Delhi,Cochin,DEL → BOM → COK,06:00,19:15,13h 15m,1 stop,No info,8266
Air India,15/05/2019,Delhi,Cochin,DEL → HYD → MAA → COK,07:05,09:25 16 May,26h 20m,2 stops,No info,10975
Multiple carriers,15/06/2019,Delhi,Cochin,DEL → BOM → COK,07:00,19:00,12h,1 stop,No info,12192
Jet Airways,27/03/2019,Delhi,Cochin,DEL → IXC → BOM → COK,06:20,19:45 28 Mar,37h 25m,2 stops,No info,12273
Jet Airways,01/03/2019,Banglore,New Delhi,BLR → BOM → DEL,14:05,00:45 02 Mar,10h 40m,1 stop,No info,26890
Multiple carriers,6/03/2019,Delhi,Cochin,DEL → BOM → COK,16:00,01:35 07 Mar,9h 35m,1 stop,In-flight meal not included,15136
Jet Airways,9/06/2019,Delhi,Cochin,DEL → BOM → COK,07:05,12:35,5h 30m,1 stop,In-flight meal not included,10262
Jet Airways,3/06/2019,Delhi,Cochin,DEL → BOM → COK,17:30,19:00 04 Jun,25h 30m,1 stop,In-flight meal not included,10262
Jet Airways,24/03/2019,Mumbai,Hyderabad,BOM → HYD,15:50,17:20,1h 30m,non-stop,In-flight meal not included,2228
IndiGo,27/06/2019,Chennai,Kolkata,MAA → CCU,19:35,21:55,2h 20m,non-stop,No info,3597
SpiceJet,15/05/2019,Kolkata,Banglore,CCU → BLR,06:55,09:30,2h 35m,non-stop,No check-in baggage included,3841
Jet Airways,12/06/2019,Kolkata,Banglore,CCU → BOM → BLR,16:30,23:35,7h 5m,1 stop,In-flight meal not included,9899
Multiple carriers,9/06/2019,Delhi,Cochin,DEL → BOM → COK,02:15,11:30,9h 15m,1 stop,No info,13587
Air Asia,9/06/2019,Kolkata,Banglore,CCU → BLR,19:55,22:25,2h 30m,non-stop,No info,4409
IndiGo,6/05/2019,Mumbai,Hyderabad,BOM → HYD,21:20,22:50,1h 30m,non-stop,No info,2227
Air India,3/03/2019,Mumbai,Hyderabad,BOM → HYD,06:20,07:40,1h 20m,non-stop,No info,4937
IndiGo,24/03/2019,Kolkata,Banglore,CCU → BOM → BLR,05:35,11:20,5h 45m,1 stop,No info,9319
Jet Airways,12/05/2019,Kolkata,Banglore,CCU → DEL → BLR,09:35,18:00,8h 25m,1 stop,No info,14151
Jet Airways,9/06/2019,Delhi,Cochin,DEL → BOM → COK,13:00,19:00,6h,1 stop,No info,14714
Jet Airways,3/05/2019,Banglore,Delhi,BLR → DEL,17:45,20:45,3h,non-stop,No info,7229
Vistara,3/05/2019,Chennai,Kolkata,MAA → CCU,17:45,20:05,2h 20m,non-stop,No info,11982
IndiGo,12/04/2019,Banglore,Delhi,BLR → DEL,18:25,21:20,2h 55m,non-stop,No info,4990
Multiple carriers,21/05/2019,Delhi,Cochin,DEL → BOM → COK,10:35,19:00,8h 25m,1 stop,No info,9103
SpiceJet,12/03/2019,Chennai,Kolkata,MAA → CCU,09:30,12:05,2h 35m,non-stop,No info,6300
Jet Airways,24/06/2019,Delhi,Cochin,DEL → BHO → BOM → COK,05:30,12:35,7h 5m,2 stops,No info,14441
Air India,12/06/2019,Kolkata,Banglore,CCU → BOM → BLR,09:25,18:30,9h 5m,1 stop,No info,8366
SpiceJet,18/05/2019,Delhi,Cochin,DEL → MAA → COK,15:45,22:05,6h 20m,1 stop,No info,7317
GoAir,24/03/2019,Banglore,New Delhi,BLR → DEL,07:45,10:40,2h 55m,non-stop,No info,3898
Jet Airways,1/06/2019,Delhi,Cochin,DEL → BOM → COK,22:50,19:00 02 Jun,20h 10m,1 stop,No info,14714
SpiceJet,18/06/2019,Kolkata,Banglore,CCU → BLR,09:00,11:25,2h 25m,non-stop,No check-in baggage included,3841
Multiple carriers,1/05/2019,Delhi,Cochin,DEL → BOM → COK,09:00,19:15,10h 15m,1 stop,No info,15373
Air India,9/05/2019,Kolkata,Banglore,CCU → JAI → BOM → BLR,08:20,11:10 10 May,26h 50m,2 stops,No info,11222
Multiple carriers,24/06/2019,Delhi,Cochin,DEL → BOM → COK,04:55,19:15,14h 20m,1 stop,No info,7155
Multiple carriers,9/03/2019,Delhi,Cochin,DEL → BOM → COK,15:15,01:35 10 Mar,10h 20m,1 stop,No info,15200
Jet Airways,21/03/2019,Banglore,New Delhi,BLR → BOM → DEL,18:40,07:40 19 Mar,13h,1 stop,In-flight meal not included,7832
IndiGo,3/06/2019,Delhi,Cochin,DEL → BOM → COK,16:00,21:00,5h,1 stop,No info,6593
Air India,6/05/2019,Kolkata,Banglore,CCU → DEL → COK → TRV → BLR,07:00,10:30 07 May,27h 30m,3 stops,No info,13007
Jet Airways,6/03/2019,Delhi,Cochin,DEL → BOM → COK,09:55,18:50,8h 55m,1 stop,In-flight meal not included,15400
Air India,9/06/2019,Kolkata,Banglore,CCU → MAA → BLR,14:35,14:35 10 Jun,24h,1 stop,No info,6528
Jet Airways,24/06/2019,Delhi,Cochin,DEL → JAI → BOM → COK,09:40,12:35 25 Jun,26h 55m,2 stops,In-flight meal not included,10368
IndiGo,24/04/2019,Delhi,Cochin,DEL → BOM → COK,04:55,21:00,16h 5m,1 stop,No info,6162
Jet Airways,06/03/2019,Banglore,New Delhi,BLR → BOM → DEL,14:05,09:00 07 Mar,18h 55m,1 stop,No info,17261
Jet Airways,1/04/2019,Kolkata,Banglore,CCU → BOM → BLR,16:30,20:45 02 Apr,28h 15m,1 stop,In-flight meal not included,7064
Jet Airways,9/06/2019,Delhi,Cochin,DEL → LKO → BOM → COK,11:45,12:35 10 Jun,24h 50m,2 stops,No info,13882
Vistara,3/06/2019,Delhi,Cochin,DEL → COK,14:40,17:50,3h 10m,non-stop,No info,6216
Jet Airways,18/05/2019,Delhi,Cochin,DEL → JDH → BOM → COK,11:40,19:00,7h 20m,2 stops,In-flight meal not included,19644
Jet Airways,9/05/2019,Banglore,Delhi,BLR → DEL,15:15,18:10,2h 55m,non-stop,In-flight meal not included,4544
IndiGo,27/03/2019,Chennai,Kolkata,MAA → CCU,14:40,17:05,2h 25m,non-stop,No info,3384
IndiGo,6/06/2019,Kolkata,Banglore,CCU → BLR,15:15,17:45,2h 30m,non-stop,No info,4804
Jet Airways,24/03/2019,Kolkata,Banglore,CCU → BOM → BLR,19:45,19:40 25 Mar,23h 55m,1 stop,In-flight meal not included,10031
Jet Airways,12/05/2019,Kolkata,Banglore,CCU → BOM → BLR,21:10,08:15 13 May,11h 5m,1 stop,In-flight meal not included,8586
Jet Airways,21/03/2019,Banglore,New Delhi,BLR → BOM → DEL,07:00,13:15,6h 15m,1 stop,In-flight meal not included,7832
Vistara,24/05/2019,Kolkata,Banglore,CCU → DEL → BLR,17:00,09:05 25 May,16h 5m,1 stop,No info,10027
IndiGo,18/03/2019,Mumbai,Hyderabad,BOM → HYD,12:00,13:25,1h 25m,non-stop,No info,2754
Jet Airways,21/03/2019,Delhi,Cochin,DEL → BOM → COK,08:00,04:25 22 Mar,20h 25m,1 stop,No info,12767
GoAir,9/05/2019,Kolkata,Banglore,CCU → AMD → BLR,16:40,00:15 10 May,7h 35m,1 stop,No info,8777
GoAir,24/06/2019,Delhi,Cochin,DEL → BOM → COK,14:25,19:35,5h 10m,1 stop,No info,7870
Air India,12/06/2019,Kolkata,Banglore,CCU → BBI → BOM → BLR,12:00,11:10 13 Jun,23h 10m,2 stops,No info,9416
SpiceJet,6/05/2019,Mumbai,Hyderabad,BOM → HYD,22:45,00:15 07 May,1h 30m,non-stop,No check-in baggage included,2175
Multiple carriers,24/06/2019,Delhi,Cochin,DEL → HYD → COK,09:45,22:30,12h 45m,1 stop,No info,9646
Jet Airways,24/05/2019,Kolkata,Banglore,CCU → BOM → BLR,20:00,04:40 25 May,8h 40m,1 stop,No info,13731
Air India,6/03/2019,Delhi,Cochin,DEL → HYD → BOM → COK,07:05,19:15 07 Mar,36h 10m,2 stops,No info,11552
Air India,18/03/2019,Banglore,New Delhi,BLR → BOM → BHO → DEL,08:50,23:25 16 Mar,38h 35m,2 stops,No info,10783
Jet Airways,1/05/2019,Kolkata,Banglore,CCU → DEL → BLR,17:00,14:25 02 May,21h 25m,1 stop,No info,11467
Air India,3/06/2019,Delhi,Cochin,DEL → BOM → COK,07:00,19:15,12h 15m,1 stop,No info,8879
Multiple carriers,6/06/2019,Delhi,Cochin,DEL → BOM → COK,12:50,01:30 07 Jun,12h 40m,1 stop,No info,6795
IndiGo,3/03/2019,Delhi,Cochin,DEL → BOM → COK,07:30,15:30,8h,1 stop,No info,14871
Multiple carriers,3/03/2019,Delhi,Cochin,DEL → IDR → BOM → COK,15:05,01:35 04 Mar,10h 30m,2 stops,No info,34503
Air India,15/06/2019,Delhi,Cochin,DEL → HYD → MAA → COK,07:05,09:25 16 Jun,26h 20m,2 stops,No info,10975
Air India,24/05/2019,Kolkata,Banglore,CCU → GAU → DEL → BLR,09:50,23:15,13h 25m,2 stops,No info,15170
Air India,1/05/2019,Kolkata,Banglore,CCU → MAA → BLR,14:35,14:35 02 May,24h,1 stop,No info,7001
Air India,18/05/2019,Kolkata,Banglore,CCU → BOM → BLR,09:25,18:30,9h 5m,1 stop,No info,8576
Jet Airways,9/05/2019,Delhi,Cochin,DEL → JAI → BOM → COK,19:30,04:25 10 May,8h 55m,2 stops,No info,15129
IndiGo,9/04/2019,Banglore,Delhi,BLR → DEL,08:30,11:20,2h 50m,non-stop,No info,4823
Jet Airways,21/05/2019,Kolkata,Banglore,CCU → BOM → BLR,06:30,19:50,13h 20m,1 stop,In-flight meal not included,10844
Vistara,9/06/2019,Kolkata,Banglore,CCU → DEL → BLR,20:20,20:20 10 Jun,24h,1 stop,No info,8085
Jet Airways,3/03/2019,Delhi,Cochin,DEL → UDR → BOM → COK,18:20,04:25 05 Mar,34h 5m,2 stops,No info,20747
Air India,6/05/2019,Kolkata,Banglore,CCU → DEL → BLR,17:30,08:55 07 May,15h 25m,1 stop,No info,10203
Jet Airways,21/05/2019,Delhi,Cochin,DEL → BOM → COK,19:45,19:00 22 May,23h 15m,1 stop,In-flight meal not included,12898
Jet Airways,12/05/2019,Kolkata,Banglore,CCU → BOM → BLR,06:30,08:15 13 May,25h 45m,1 stop,No info,13941
IndiGo,18/05/2019,Delhi,Cochin,DEL → BOM → COK,10:35,21:00,10h 25m,1 stop,No info,7503
Jet Airways,1/06/2019,Delhi,Cochin,DEL → BOM → COK,09:00,19:00,10h,1 stop,No info,14714
IndiGo,24/06/2019,Delhi,Cochin,DEL → HYD → COK,07:35,12:10,4h 35m,1 stop,No info,5054
GoAir,15/03/2019,Banglore,New Delhi,BLR → DEL,20:55,23:50,2h 55m,non-stop,No info,8722
Jet Airways,6/05/2019,Kolkata,Banglore,CCU → BOM → BLR,06:30,10:05 07 May,27h 35m,1 stop,In-flight meal not included,8586
Air India,9/06/2019,Banglore,Delhi,BLR → DEL,21:05,23:55,2h 50m,non-stop,No info,5228
Air India,9/05/2019,Mumbai,Hyderabad,BOM → HYD,13:55,15:25,1h 30m,non-stop,No info,3100
IndiGo,1/06/2019,Delhi,Cochin,DEL → COK,05:35,08:50,3h 15m,non-stop,No info,6541
Multiple carriers,21/05/2019,Delhi,Cochin,DEL → BOM → COK,10:20,19:15,8h 55m,1 stop,No info,8266
IndiGo,3/06/2019,Delhi,Cochin,DEL → BOM → COK,18:35,01:30 04 Jun,6h 55m,1 stop,No info,6628
Jet Airways,21/05/2019,Kolkata,Banglore,CCU → BOM → BLR,16:30,04:40 22 May,12h 10m,1 stop,In-flight meal not included,9663
Jet Airways,12/06/2019,Kolkata,Banglore,CCU → BOM → BLR,16:30,22:35,6h 5m,1 stop,In-flight meal not included,9899
IndiGo,27/03/2019,Delhi,Cochin,DEL → HYD → MAA → COK,04:55,21:20,16h 25m,2 stops,No info,6223
IndiGo,9/06/2019,Kolkata,Banglore,CCU → HYD → BLR,15:15,20:30,5h 15m,1 stop,No info,5380
Multiple carriers,6/06/2019,Delhi,Cochin,DEL → BOM → COK,07:30,21:00,13h 30m,1 stop,No info,7740
Jet Airways,12/06/2019,Kolkata,Banglore,CCU → BOM → BLR,06:30,19:50,13h 20m,1 stop,In-flight meal not included,9899
Jet Airways,18/05/2019,Banglore,Delhi,BLR → DEL,11:10,14:05,2h 55m,non-stop,In-flight meal not included,5198
Jet Airways,27/03/2019,Delhi,Cochin,DEL → IDR → BOM → COK,05:25,04:25 28 Mar,23h,2 stops,In-flight meal not included,9254
Jet Airways,18/05/2019,Kolkata,Banglore,CCU → BOM → BLR,14:05,10:05 19 May,20h,1 stop,No info,14388
Vistara,6/05/2019,Kolkata,Banglore,CCU → DEL → BLR,07:10,09:05 07 May,25h 55m,1 stop,No info,8137
Air India,9/05/2019,Delhi,Cochin,DEL → CCU → BOM → COK,20:15,19:15 10 May,23h,2 stops,No info,13591
SpiceJet,12/05/2019,Kolkata,Banglore,CCU → KNU → BLR,11:35,18:50,7h 15m,1 stop,No info,8479
Jet Airways,15/05/2019,Kolkata,Banglore,CCU → BOM → BLR,18:55,18:15 16 May,23h 20m,1 stop,In-flight meal not included,10844
Air India,12/06/2019,Kolkata,Banglore,CCU → DEL → BLR,17:30,20:25 13 Jun,26h 55m,1 stop,No info,10203
IndiGo,12/06/2019,Delhi,Cochin,DEL → HYD → COK,14:20,22:30,8h 10m,1 stop,No info,6938
Multiple carriers,15/06/2019,Delhi,Cochin,DEL → HYD → COK,09:45,22:30,12h 45m,1 stop,No info,9646
IndiGo,1/06/2019,Delhi,Cochin,DEL → BOM → COK,16:00,21:00,5h,1 stop,No info,6593
Vistara Premium economy,1/03/2019,Chennai,Kolkata,MAA → CCU,07:05,09:20,2h 15m,non-stop,No info,9125
Multiple carriers,15/05/2019,Delhi,Cochin,DEL → BOM → COK,15:15,01:30 16 May,10h 15m,1 stop,No info,7670
Air India,6/06/2019,Kolkata,Banglore,CCU → VNS → DEL → BLR,14:30,23:15,8h 45m,2 stops,No info,15894
Jet Airways,15/05/2019,Kolkata,Banglore,CCU → GAU → BLR,10:20,17:35,7h 15m,1 stop,In-flight meal not included,5608
GoAir,21/05/2019,Delhi,Cochin,DEL → AMD → COK,07:25,13:20,5h 55m,1 stop,No info,5842
SpiceJet,27/03/2019,Delhi,Cochin,DEL → PNQ → COK,08:45,13:15,4h 30m,1 stop,No info,4466
IndiGo,24/06/2019,Chennai,Kolkata,MAA → CCU,13:15,15:35,2h 20m,non-stop,No info,3597
Jet Airways,18/03/2019,Banglore,New Delhi,BLR → BOM → DEL,11:40,23:00,11h 20m,1 stop,No info,13555
Air India,3/06/2019,Delhi,Cochin,DEL → BOM → COK,10:00,19:15,9h 15m,1 stop,No info,10979
Jet Airways,18/05/2019,Delhi,Cochin,DEL → JAI → BOM → COK,05:30,19:00,13h 30m,2 stops,No info,15129
Air India,21/03/2019,Delhi,Cochin,DEL → COK,14:10,17:10,3h,non-stop,No info,5674
Vistara,27/04/2019,Banglore,Delhi,BLR → DEL,09:45,12:35,2h 50m,non-stop,No info,5613
SpiceJet,24/03/2019,Kolkata,Banglore,CCU → BLR,22:20,00:40 25 Mar,2h 20m,non-stop,No check-in baggage included,5725
IndiGo,09/03/2019,Banglore,New Delhi,BLR → DEL,16:55,19:45,2h 50m,non-stop,No info,10067
SpiceJet,12/04/2019,Banglore,Delhi,BLR → DEL,09:30,12:20,2h 50m,non-stop,No check-in baggage included,4885
Air India,9/06/2019,Delhi,Cochin,DEL → MAA → COK,06:05,09:25 10 Jun,27h 20m,1 stop,No info,7690
IndiGo,3/03/2019,Delhi,Cochin,DEL → BOM → COK,20:30,01:35 04 Mar,5h 5m,1 stop,No info,8258
Multiple carriers,12/06/2019,Delhi,Cochin,DEL → BOM → COK,07:00,21:00,14h,1 stop,No info,7408
Jet Airways,24/05/2019,Kolkata,Banglore,CCU → BOM → BLR,08:25,20:45,12h 20m,1 stop,In-flight meal not included,10844
Jet Airways,21/03/2019,Delhi,Cochin,DEL → MAA → BOM → COK,16:10,18:50 22 Mar,26h 40m,2 stops,In-flight meal not included,8728
IndiGo,24/06/2019,Delhi,Cochin,DEL → BOM → COK,11:25,21:00,9h 35m,1 stop,No info,5894
Air India,12/03/2019,Kolkata,Banglore,CCU → BLR,20:45,23:20,2h 35m,non-stop,No info,4435
Jet Airways,21/05/2019,Mumbai,Hyderabad,BOM → HYD,02:55,04:20,1h 25m,non-stop,In-flight meal not included,4050
IndiGo,15/04/2019,Kolkata,Banglore,CCU → BLR,22:15,00:50 16 Apr,2h 35m,non-stop,No info,4174
Air India,27/03/2019,Delhi,Cochin,DEL → MAA → COK,09:45,09:25 28 Mar,23h 40m,1 stop,No info,5957
Jet Airways,9/06/2019,Kolkata,Banglore,CCU → DEL → BLR,17:00,21:05 10 Jun,28h 5m,1 stop,No info,12692
IndiGo,24/03/2019,Banglore,New Delhi,BLR → DEL,16:55,19:45,2h 50m,non-stop,No info,7303
Air India,1/05/2019,Kolkata,Banglore,CCU → HYD → BLR,19:00,11:05 02 May,16h 5m,1 stop,No info,6117
IndiGo,12/05/2019,Delhi,Cochin,DEL → COK,05:35,08:50,3h 15m,non-stop,No info,6015
Air India,9/06/2019,Kolkata,Banglore,CCU → BOM → GOI → BLR,09:25,05:35 10 Jun,20h 10m,2 stops,No info,11642
Multiple carriers,18/05/2019,Delhi,Cochin,DEL → BOM → COK,06:40,19:15,12h 35m,1 stop,No info,7564
IndiGo,24/04/2019,Banglore,Delhi,BLR → DEL,16:55,19:55,3h,non-stop,No info,4823
IndiGo,27/06/2019,Delhi,Cochin,DEL → HYD → COK,05:05,16:10,11h 5m,1 stop,No info,6442
Air India,9/06/2019,Kolkata,Banglore,CCU → HYD → BLR,19:00,11:05 10 Jun,16h 5m,1 stop,No info,6327
Air India,27/03/2019,Delhi,Cochin,DEL → BLR → COK,09:45,08:15 28 Mar,22h 30m,1 stop,No info,7416
Air India,27/05/2019,Delhi,Cochin,DEL → LKO → BOM → COK,07:10,07:40 28 May,24h 30m,2 stops,No info,14588
Multiple carriers,12/06/2019,Delhi,Cochin,DEL → BOM → COK,10:00,01:30 13 Jun,15h 30m,1 stop,No info,7198
Air India,27/06/2019,Delhi,Cochin,DEL → BOM → COK,07:00,19:15,12h 15m,1 stop,No info,8669
IndiGo,9/06/2019,Delhi,Cochin,DEL → BOM → COK,06:40,21:00,14h 20m,1 stop,No info,6093
Air India,9/05/2019,Kolkata,Banglore,CCU → VNS → DEL → BLR,14:30,12:30 10 May,22h,2 stops,No info,15107
Air India,18/05/2019,Delhi,Cochin,DEL → BOM → COK,09:00,07:40 19 May,22h 40m,1 stop,No info,8372
Jet Airways,1/04/2019,Kolkata,Banglore,CCU → BOM → BLR,08:25,22:35,14h 10m,1 stop,In-flight meal not included,7064
Vistara,24/03/2019,Kolkata,Banglore,CCU → DEL → BLR,07:10,22:55,15h 45m,1 stop,No info,12732
SpiceJet,27/06/2019,Chennai,Kolkata,MAA → CCU,17:45,20:05,2h 20m,non-stop,No info,3597
IndiGo,24/03/2019,Banglore,New Delhi,BLR → DEL,08:30,11:30,3h,non-stop,No info,7303
Air India,6/06/2019,Kolkata,Banglore,CCU → IXR → DEL → BLR,05:50,20:25,14h 35m,2 stops,No info,10991
Air India,09/03/2019,Banglore,New Delhi,BLR → VGA → DEL,10:30,11:20 13 Mar,24h 50m,1 stop,No info,10321
IndiGo,6/06/2019,Banglore,Delhi,BLR → DEL,13:00,15:50,2h 50m,non-stop,No info,3943
IndiGo,21/05/2019,Delhi,Cochin,DEL → MAA → COK,07:15,12:30,5h 15m,1 stop,No info,5636
IndiGo,9/04/2019,Kolkata,Banglore,CCU → HYD → BLR,15:15,20:05,4h 50m,1 stop,No info,4268
Jet Airways,9/06/2019,Delhi,Cochin,DEL → JAI → BOM → COK,05:30,19:00,13h 30m,2 stops,No info,13014
Multiple carriers,9/05/2019,Delhi,Cochin,DEL → BOM → COK,09:00,21:00,12h,1 stop,No info,13727
IndiGo,9/04/2019,Kolkata,Banglore,CCU → BLR,15:15,17:45,2h 30m,non-stop,No info,4174
Air India,27/03/2019,Delhi,Cochin,DEL → JAI → BOM → COK,12:00,19:15,7h 15m,2 stops,No info,10493
IndiGo,21/05/2019,Delhi,Cochin,DEL → BOM → COK,10:35,21:00,10h 25m,1 stop,No info,6794
IndiGo,12/05/2019,Kolkata,Banglore,CCU → PNQ → BLR,21:00,02:15 13 May,5h 15m,1 stop,No info,7228
Jet Airways,01/03/2019,Banglore,New Delhi,BLR → BOM → DEL,07:00,18:25,11h 25m,1 stop,No info,26890
Multiple carriers,1/06/2019,Delhi,Cochin,DEL → HYD → COK,07:10,16:10,9h,1 stop,No info,7038
Jet Airways,1/04/2019,Kolkata,Banglore,CCU → BOM → BLR,06:30,08:15 02 Apr,25h 45m,1 stop,In-flight meal not included,7064
Jet Airways,24/03/2019,Kolkata,Banglore,CCU → BOM → BLR,21:10,23:25 25 Mar,26h 15m,1 stop,In-flight meal not included,10031
Jet Airways,6/05/2019,Kolkata,Banglore,CCU → BOM → BLR,20:00,04:40 07 May,8h 40m,1 stop,In-flight meal not included,9663
Air Asia,1/05/2019,Banglore,Delhi,BLR → DEL,23:55,02:45 02 May,2h 50m,non-stop,No info,4483
Jet Airways,3/06/2019,Banglore,Delhi,BLR → DEL,08:20,11:20,3h,non-stop,In-flight meal not included,5769
IndiGo,24/04/2019,Kolkata,Banglore,CCU → BLR,15:15,17:45,2h 30m,non-stop,No info,4804
Air India,15/05/2019,Kolkata,Banglore,CCU → BLR,20:45,23:20,2h 35m,non-stop,No info,4145
Air India,18/05/2019,Kolkata,Banglore,CCU → BLR,20:45,23:20,2h 35m,non-stop,No info,4880
SpiceJet,6/06/2019,Chennai,Kolkata,MAA → CCU,09:45,12:00,2h 15m,non-stop,No check-in baggage included,3543
Jet Airways,01/03/2019,Banglore,New Delhi,BLR → BOM → DEL,08:55,21:20,12h 25m,1 stop,1 Long layover,27992
IndiGo,9/05/2019,Delhi,Cochin,DEL → BOM → COK,07:30,21:00,13h 30m,1 stop,No info,7191
Vistara,1/04/2019,Banglore,Delhi,BLR → DEL,07:00,09:40,2h 40m,non-stop,No info,5403
Jet Airways,9/06/2019,Delhi,Cochin,DEL → JDH → BOM → COK,11:40,19:00,7h 20m,2 stops,In-flight meal not included,15812
Jet Airways,9/04/2019,Banglore,Delhi,BLR → DEL,19:50,22:50,3h,non-stop,In-flight meal not included,4544
Air Asia,3/06/2019,Delhi,Cochin,DEL → BLR → COK,16:45,22:25,5h 40m,1 stop,No info,11410
IndiGo,3/05/2019,Chennai,Kolkata,MAA → CCU,11:35,14:00,2h 25m,non-stop,No info,4332
Jet Airways,15/04/2019,Banglore,Delhi,BLR → DEL,17:45,20:45,3h,non-stop,In-flight meal not included,4544
IndiGo,24/05/2019,Kolkata,Banglore,CCU → MAA → BLR,06:20,10:20,4h,1 stop,No info,4226
Air India,3/06/2019,Kolkata,Banglore,CCU → BLR,20:45,23:20,2h 35m,non-stop,No info,4145
Multiple carriers,27/06/2019,Delhi,Cochin,DEL → BOM → COK,10:00,19:15,9h 15m,1 stop,No info,14848
IndiGo,3/04/2019,Banglore,Delhi,BLR → DEL,00:30,03:25,2h 55m,non-stop,No info,3419
Jet Airways,24/03/2019,Banglore,New Delhi,BLR → DEL,18:55,21:55,3h,non-stop,No info,7229
SpiceJet,3/06/2019,Delhi,Cochin,DEL → PNQ → COK,08:45,13:15,4h 30m,1 stop,No info,5830
Jet Airways,18/03/2019,Banglore,New Delhi,BLR → BOM → DEL,14:05,07:40 16 Mar,17h 35m,1 stop,In-flight meal not included,10972
Jet Airways,24/03/2019,Kolkata,Banglore,CCU → BOM → BLR,18:55,08:10 25 Mar,13h 15m,1 stop,No info,14231
Jet Airways,9/06/2019,Kolkata,Banglore,CCU → BOM → BLR,18:55,19:50 10 Jun,24h 55m,1 stop,In-flight meal not included,10844
SpiceJet,12/05/2019,Kolkata,Banglore,CCU → IXB → BLR,11:15,18:30,7h 15m,1 stop,No info,11468
Air Asia,18/05/2019,Kolkata,Banglore,CCU → BLR,22:50,01:20 19 May,2h 30m,non-stop,No info,4409
Jet Airways,27/06/2019,Delhi,Cochin,DEL → NAG → BOM → COK,14:35,12:35 28 Jun,22h,2 stops,No info,13376
IndiGo,21/06/2019,Banglore,Delhi,BLR → DEL,23:30,02:20 22 Jun,2h 50m,non-stop,No info,4077
Jet Airways,9/05/2019,Kolkata,Banglore,CCU → DEL → BLR,09:35,21:05,11h 30m,1 stop,No info,13067
IndiGo,6/06/2019,Banglore,Delhi,BLR → DEL,07:10,10:05,2h 55m,non-stop,No info,4823
Multiple carriers,9/03/2019,Delhi,Cochin,DEL → BOM → COK,06:50,19:15,12h 25m,1 stop,In-flight meal not included,14817
IndiGo,24/03/2019,Chennai,Kolkata,MAA → CCU,07:55,10:15,2h 20m,non-stop,No info,4326
Multiple carriers,3/03/2019,Delhi,Cochin,DEL → BOM → COK,07:00,21:00,14h,1 stop,No info,15603
Air India,24/03/2019,Kolkata,Banglore,CCU → GAU → DEL → BLR,16:45,23:15 25 Mar,30h 30m,2 stops,No info,13885
Jet Airways,06/03/2019,Banglore,New Delhi,BLR → BOM → DEL,11:40,09:00 07 Mar,21h 20m,1 stop,No info,17261
Multiple carriers,9/06/2019,Delhi,Cochin,DEL → GWL → IDR → BOM → COK,11:35,21:00,9h 25m,3 stops,No info,15629
Air India,6/05/2019,Kolkata,Banglore,CCU → BBI → HYD → BLR,09:10,04:40 07 May,19h 30m,2 stops,No info,6117
Jet Airways,24/06/2019,Delhi,Cochin,DEL → AMD → BOM → COK,23:05,04:25 26 Jun,29h 20m,2 stops,No info,12819
Multiple carriers,27/05/2019,Delhi,Cochin,DEL → BOM → COK,18:15,01:30 28 May,7h 15m,1 stop,No info,13377
Jet Airways,01/03/2019,Banglore,New Delhi,BLR → BOM → DEL,07:00,15:15,8h 15m,1 stop,No info,26890
IndiGo,15/05/2019,Banglore,Delhi,BLR → DEL,00:30,03:25,2h 55m,non-stop,No info,3419
Air India,15/05/2019,Kolkata,Banglore,CCU → GAU → DEL → BLR,09:50,23:15,13h 25m,2 stops,No info,14960
Air India,3/03/2019,Mumbai,Hyderabad,BOM → HYD,19:30,20:45,1h 15m,non-stop,No info,11185
Air India,27/05/2019,Delhi,Cochin,DEL → BOM → COK,19:00,19:15 28 May,24h 15m,1 stop,No info,8372
Jet Airways,6/06/2019,Delhi,Cochin,DEL → BOM → COK,02:15,12:35,10h 20m,1 stop,In-flight meal not included,10262
Air India,12/06/2019,Kolkata,Banglore,CCU → BOM → COK → BLR,16:50,13:45 13 Jun,20h 55m,2 stops,No info,11542
SpiceJet,3/04/2019,Kolkata,Banglore,CCU → MAA → BLR,15:05,20:20,5h 15m,1 stop,No info,4649
Jet Airways,9/03/2019,Mumbai,Hyderabad,BOM → HYD,19:40,21:10,1h 30m,non-stop,No info,5678
SpiceJet,1/06/2019,Banglore,Delhi,BLR → DEL,09:30,12:20,2h 50m,non-stop,No info,3971
Multiple carriers,3/06/2019,Delhi,Cochin,DEL → HYD → COK,07:10,16:10,9h,1 stop,No info,7878
Jet Airways,27/06/2019,Delhi,Cochin,DEL → JAI → BOM → COK,05:30,19:00,13h 30m,2 stops,No info,13014
IndiGo,1/05/2019,Banglore,Delhi,BLR → DEL,06:05,08:50,2h 45m,non-stop,No info,4423
Jet Airways,1/06/2019,Delhi,Cochin,DEL → BOM → COK,14:00,04:25 02 Jun,14h 25m,1 stop,In-flight meal not included,10262
Vistara,27/05/2019,Banglore,Delhi,BLR → DEL,09:45,12:35,2h 50m,non-stop,No info,4668
Jet Airways,21/05/2019,Kolkata,Banglore,CCU → BOM → BLR,21:10,18:15 22 May,21h 5m,1 stop,In-flight meal not included,10844
Jet Airways,24/06/2019,Delhi,Cochin,DEL → JAI → BOM → COK,09:40,04:25 25 Jun,18h 45m,2 stops,In-flight meal not included,10368
IndiGo,21/04/2019,Banglore,Delhi,BLR → DEL,10:10,13:00,2h 50m,non-stop,No info,4591
IndiGo,6/05/2019,Delhi,Cochin,DEL → BOM → COK,18:35,01:30 07 May,6h 55m,1 stop,No info,7191
Multiple carriers,18/05/2019,Delhi,Cochin,DEL → BOM → COK,06:00,12:35,6h 35m,1 stop,No info,9794
IndiGo,1/06/2019,Banglore,Delhi,BLR → DEL,04:00,06:50,2h 50m,non-stop,No info,3943
Jet Airways,12/06/2019,Kolkata,Banglore,CCU → BOM → BLR,06:30,12:00,5h 30m,1 stop,No info,13626
Jet Airways,12/05/2019,Kolkata,Banglore,CCU → BOM → BLR,20:00,09:20 13 May,13h 20m,1 stop,In-flight meal not included,9663
Multiple carriers,15/06/2019,Delhi,Cochin,DEL → HYD → COK,07:10,16:10,9h,1 stop,In-flight meal not included,6093
Jet Airways,12/03/2019,Banglore,New Delhi,BLR → BOM → DEL,21:25,07:40 13 Mar,10h 15m,1 stop,No info,11717
Jet Airways,18/05/2019,Kolkata,Banglore,CCU → BOM → BLR,20:00,09:20 19 May,13h 20m,1 stop,No info,14781
Jet Airways,3/05/2019,Banglore,Delhi,BLR → DEL,06:00,08:45,2h 45m,non-stop,No info,7229
GoAir,1/06/2019,Banglore,Delhi,BLR → DEL,20:55,23:40,2h 45m,non-stop,No info,3898
Jet Airways,3/06/2019,Delhi,Cochin,DEL → BOM → COK,22:50,12:35 04 Jun,13h 45m,1 stop,No info,14714
Multiple carriers,27/05/2019,Delhi,Cochin,DEL → BOM → COK,11:40,21:00,9h 20m,1 stop,No info,7005
IndiGo,15/06/2019,Chennai,Kolkata,MAA → CCU,14:45,17:05,2h 20m,non-stop,No info,3597
SpiceJet,18/03/2019,Kolkata,Banglore,CCU → BLR,06:55,09:35,2h 40m,non-stop,No check-in baggage included,4413
Multiple carriers,6/03/2019,Delhi,Cochin,DEL → BOM → COK,10:20,19:15,8h 55m,1 stop,No info,15353
IndiGo,1/05/2019,Banglore,Delhi,BLR → DEL,10:10,13:00,2h 50m,non-stop,No info,3943
IndiGo,15/03/2019,Chennai,Kolkata,MAA → CCU,13:20,15:35,2h 15m,non-stop,No info,6297
IndiGo,09/03/2019,Banglore,New Delhi,BLR → DEL,20:00,22:55,2h 55m,non-stop,No info,6144
Air India,21/05/2019,Delhi,Cochin,DEL → JAI → BOM → COK,18:45,19:15 22 May,24h 30m,2 stops,No info,12257
Jet Airways,21/05/2019,Delhi,Cochin,DEL → AMD → BOM → COK,13:25,12:35 22 May,23h 10m,2 stops,No info,15129
Jet Airways,24/06/2019,Delhi,Cochin,DEL → JAI → BOM → COK,05:30,04:25 25 Jun,22h 55m,2 stops,In-flight meal not included,10368
Jet Airways,9/05/2019,Delhi,Cochin,DEL → JAI → BOM → COK,09:40,19:00,9h 20m,2 stops,In-flight meal not included,13029
Air India,6/06/2019,Kolkata,Banglore,CCU → BBI → BOM → BLR,12:00,11:10 07 Jun,23h 10m,2 stops,No info,9416
Air India,3/06/2019,Delhi,Cochin,DEL → COK,18:05,21:10,3h 5m,non-stop,No info,6934
Jet Airways,21/05/2019,Kolkata,Banglore,CCU → DEL → BLR,20:25,14:25 22 May,18h,1 stop,No info,11467
Multiple carriers,3/06/2019,Delhi,Cochin,DEL → BOM → COK,15:15,01:30 04 Jun,10h 15m,1 stop,No info,6795
IndiGo,27/03/2019,Kolkata,Banglore,CCU → BLR,15:20,17:55,2h 35m,non-stop,No info,5198
Jet Airways,9/03/2019,Delhi,Cochin,DEL → BOM → COK,17:25,18:50 10 Mar,25h 25m,1 stop,In-flight meal not included,14053
Vistara,1/04/2019,Kolkata,Banglore,CCU → DEL → BLR,07:10,23:25,16h 15m,1 stop,No info,7927
IndiGo,18/03/2019,Kolkata,Banglore,CCU → BLR,10:10,12:55,2h 45m,non-stop,No info,4462
GoAir,27/04/2019,Banglore,Delhi,BLR → DEL,07:45,10:40,2h 55m,non-stop,No info,5048
Jet Airways,24/05/2019,Kolkata,Banglore,CCU → BOM → BLR,20:00,23:35 25 May,27h 35m,1 stop,In-flight meal not included,10844
Multiple carriers,3/03/2019,Delhi,Cochin,DEL → BOM → COK,08:55,18:50,9h 55m,1 stop,No info,15411
IndiGo,18/03/2019,Kolkata,Banglore,CCU → BLR,17:15,19:55,2h 40m,non-stop,No info,4462
Jet Airways,27/03/2019,Mumbai,Hyderabad,BOM → HYD,15:50,17:20,1h 30m,non-stop,No info,5678
Jet Airways,6/03/2019,Delhi,Cochin,DEL → BOM → COK,09:55,04:25 07 Mar,18h 30m,1 stop,No info,15764
Jet Airways,6/03/2019,Delhi,Cochin,DEL → BOM → COK,22:20,19:45 07 Mar,21h 25m,1 stop,No info,17024
Air India,18/06/2019,Mumbai,Hyderabad,BOM → HYD,06:20,07:40,1h 20m,non-stop,No info,3100
Jet Airways,1/05/2019,Banglore,Delhi,BLR → DEL,18:55,22:00,3h 5m,non-stop,No info,7229
IndiGo,24/04/2019,Kolkata,Banglore,CCU → BLR,14:25,16:55,2h 30m,non-stop,No info,4804
Jet Airways,24/06/2019,Banglore,Delhi,BLR → DEL,08:20,11:20,3h,non-stop,In-flight meal not included,5769
Air Asia,18/03/2019,Kolkata,Banglore,CCU → BLR,19:35,22:05,2h 30m,non-stop,No info,4384
Air India,27/06/2019,Delhi,Cochin,DEL → TRV → COK,05:15,06:50 28 Jun,25h 35m,1 stop,No info,6587
Jet Airways,21/03/2019,Banglore,New Delhi,BLR → BOM → DEL,05:45,19:10,13h 25m,1 stop,In-flight meal not included,7832
Air India,15/03/2019,Chennai,Kolkata,MAA → CCU,11:40,13:55,2h 15m,non-stop,No info,7082
SpiceJet,15/03/2019,Chennai,Kolkata,MAA → CCU,08:20,10:35,2h 15m,non-stop,No info,6300
Jet Airways,6/06/2019,Kolkata,Banglore,CCU → BOM → BLR,08:25,16:20,7h 55m,1 stop,No info,14571
IndiGo,27/06/2019,Banglore,Delhi,BLR → DEL,13:00,15:50,2h 50m,non-stop,No info,3943
Multiple carriers,21/05/2019,Delhi,Cochin,DEL → HYD → COK,14:55,00:55 22 May,10h,1 stop,No info,6878
SpiceJet,1/04/2019,Mumbai,Hyderabad,BOM → HYD,05:45,07:15,1h 30m,non-stop,No check-in baggage included,1965
Vistara,21/05/2019,Kolkata,Banglore,CCU → DEL → BLR,17:00,10:45 22 May,17h 45m,1 stop,No info,9187
Air India,24/03/2019,Banglore,New Delhi,BLR → DEL,21:10,23:55,2h 45m,non-stop,No info,4441
IndiGo,01/03/2019,Banglore,New Delhi,BLR → DEL,08:30,11:30,3h,non-stop,No info,10067
IndiGo,27/06/2019,Delhi,Cochin,DEL → BOM → COK,20:25,01:30 28 Jun,5h 5m,1 stop,No info,5054
Multiple carriers,6/06/2019,Delhi,Cochin,DEL → BOM → COK,06:00,21:00,15h,1 stop,No info,7005
Jet Airways,15/05/2019,Kolkata,Banglore,CCU → DEL → BLR,09:35,21:05,11h 30m,1 stop,No info,12121
IndiGo,27/05/2019,Delhi,Cochin,DEL → BLR → COK,15:10,20:00,4h 50m,1 stop,No info,5912
Air Asia,1/04/2019,Kolkata,Banglore,CCU → DEL → BLR,07:35,19:25,11h 50m,1 stop,No info,5192
IndiGo,9/06/2019,Chennai,Kolkata,MAA → CCU,13:15,15:35,2h 20m,non-stop,No info,3597
Jet Airways,09/03/2019,Banglore,New Delhi,BLR → DEL,18:20,21:00,2h 40m,non-stop,No info,8016
Air India,15/03/2019,Mumbai,Hyderabad,BOM → HYD,15:00,16:25,1h 25m,non-stop,No info,2050
SpiceJet,21/03/2019,Banglore,New Delhi,BLR → DEL,09:35,12:30,2h 55m,non-stop,No check-in baggage included,4839
IndiGo,27/05/2019,Mumbai,Hyderabad,BOM → HYD,06:25,07:55,1h 30m,non-stop,No info,4049
Vistara,18/06/2019,Delhi,Cochin,DEL → COK,06:00,09:10,3h 10m,non-stop,No info,6216
SpiceJet,21/06/2019,Kolkata,Banglore,CCU → BLR,22:20,00:40 22 Jun,2h 20m,non-stop,No check-in baggage included,3841
SpiceJet,15/03/2019,Kolkata,Banglore,CCU → BLR,06:55,09:35,2h 40m,non-stop,No check-in baggage included,3815
Air India,3/04/2019,Banglore,Delhi,BLR → DEL,17:00,19:45,2h 45m,non-stop,No info,5176
SpiceJet,9/05/2019,Mumbai,Hyderabad,BOM → HYD,22:45,00:15 10 May,1h 30m,non-stop,No info,2017
Vistara,9/05/2019,Kolkata,Banglore,CCU → DEL → BLR,07:10,09:05 10 May,25h 55m,1 stop,No info,9187
Vistara,09/03/2019,Banglore,New Delhi,BLR → DEL,09:50,12:35,2h 45m,non-stop,No info,11598
Jet Airways,1/06/2019,Delhi,Cochin,DEL → JAI → BOM → COK,19:30,12:35 02 Jun,17h 5m,2 stops,No info,13014
Jet Airways,1/06/2019,Delhi,Cochin,DEL → BOM → COK,19:15,12:35 02 Jun,17h 20m,1 stop,In-flight meal not included,10262
Air India,9/04/2019,Delhi,Cochin,DEL → CCU → BOM → COK,20:15,19:15 10 Apr,23h,2 stops,No info,9916
Jet Airways,24/03/2019,Kolkata,Banglore,CCU → BOM → BLR,16:55,12:00 25 Mar,19h 5m,1 stop,No info,14231
Jet Airways,15/06/2019,Banglore,Delhi,BLR → DEL,11:10,14:05,2h 55m,non-stop,In-flight meal not included,7229
IndiGo,27/03/2019,Delhi,Cochin,DEL → BOM → COK,17:10,01:35 28 Mar,8h 25m,1 stop,No info,6316
Air Asia,9/03/2019,Kolkata,Banglore,CCU → BLR,10:20,12:55,2h 35m,non-stop,No info,4384
Air India,12/06/2019,Delhi,Cochin,DEL → CCU → BOM → COK,16:55,19:15 13 Jun,26h 20m,2 stops,No info,13381
IndiGo,12/05/2019,Chennai,Kolkata,MAA → CCU,11:35,14:00,2h 25m,non-stop,No info,4332
Air India,15/06/2019,Delhi,Cochin,DEL → BLR → COK,13:30,23:00,9h 30m,1 stop,No info,8907
IndiGo,12/06/2019,Kolkata,Banglore,CCU → BLR,04:40,07:15,2h 35m,non-stop,No info,4804
Air India,6/03/2019,Delhi,Cochin,DEL → BOM → COK,07:00,07:40 07 Mar,24h 40m,1 stop,No info,15407
Jet Airways,27/05/2019,Delhi,Cochin,DEL → BOM → COK,10:00,04:25 28 May,18h 25m,1 stop,In-flight meal not included,12898
Multiple carriers,27/03/2019,Delhi,Cochin,DEL → BOM → COK,13:00,21:00,8h,1 stop,No info,6883
SpiceJet,3/05/2019,Chennai,Kolkata,MAA → CCU,17:45,20:05,2h 20m,non-stop,No check-in baggage included,3543
IndiGo,6/05/2019,Banglore,Delhi,BLR → DEL,01:30,04:15,2h 45m,non-stop,No info,4284
IndiGo,3/05/2019,Mumbai,Hyderabad,BOM → HYD,21:20,22:50,1h 30m,non-stop,No info,2437
SpiceJet,18/04/2019,Kolkata,Banglore,CCU → BLR,22:20,00:40 19 Apr,2h 20m,non-stop,No info,4174
Jet Airways,21/05/2019,Kolkata,Banglore,CCU → BOM → BLR,20:00,12:00 22 May,16h,1 stop,No info,14781
Air India,21/05/2019,Kolkata,Banglore,CCU → GAU → DEL → BLR,16:45,08:55 22 May,16h 10m,2 stops,No info,14960
Jet Airways,27/06/2019,Banglore,Delhi,BLR → DEL,11:10,14:05,2h 55m,non-stop,In-flight meal not included,5769
SpiceJet,24/04/2019,Delhi,Cochin,DEL → PNQ → COK,08:45,13:15,4h 30m,1 stop,No info,4812
Vistara,18/05/2019,Kolkata,Banglore,CCU → DEL → BLR,07:10,23:25,16h 15m,1 stop,No info,9345
IndiGo,15/05/2019,Kolkata,Banglore,CCU → BBI → BLR,07:10,12:40,5h 30m,1 stop,No info,4864
IndiGo,6/03/2019,Chennai,Kolkata,MAA → CCU,19:35,21:55,2h 20m,non-stop,No info,7295
Air India,12/06/2019,Delhi,Cochin,DEL → GOI → BOM → COK,22:00,19:15 13 Jun,21h 15m,2 stops,No info,10231
Jet Airways,1/06/2019,Delhi,Cochin,DEL → BOM → COK,14:00,19:00,5h,1 stop,No info,14714
Jet Airways,27/03/2019,Delhi,Cochin,DEL → BOM → COK,19:15,19:45 28 Mar,24h 30m,1 stop,No info,12032
Jet Airways,15/04/2019,Banglore,Delhi,BLR → DEL,15:15,18:10,2h 55m,non-stop,In-flight meal not included,4544
Jet Airways,15/05/2019,Kolkata,Banglore,CCU → BOM → BLR,06:30,18:15,11h 45m,1 stop,In-flight meal not included,10844
Vistara,03/03/2019,Banglore,New Delhi,BLR → AMD → DEL,06:40,12:35,5h 55m,1 stop,No info,12476
Jet Airways,12/03/2019,Banglore,New Delhi,BLR → BOM → DEL,20:35,23:00 13 Mar,26h 25m,1 stop,In-flight meal not included,11087
Air India,6/06/2019,Delhi,Cochin,DEL → RPR → NAG → BOM → COK,05:15,19:15 07 Jun,38h,3 stops,No info,10703
IndiGo,9/05/2019,Delhi,Cochin,DEL → HYD → COK,08:35,22:30,13h 55m,1 stop,No info,6734
Jet Airways,21/03/2019,Banglore,New Delhi,BLR → BOM → DEL,14:05,20:20,6h 15m,1 stop,In-flight meal not included,7832
Air India,1/04/2019,Kolkata,Banglore,CCU → IXR → DEL → BLR,05:50,23:15,17h 25m,2 stops,No info,11516
IndiGo,18/03/2019,Chennai,Kolkata,MAA → CCU,07:55,10:15,2h 20m,non-stop,No info,3850
Jet Airways,9/03/2019,Delhi,Cochin,DEL → JDH → BOM → COK,13:55,04:25 10 Mar,14h 30m,2 stops,No info,17229
SpiceJet,27/06/2019,Kolkata,Banglore,CCU → BLR,22:20,00:40 28 Jun,2h 20m,non-stop,No info,3873
Jet Airways,3/04/2019,Mumbai,Hyderabad,BOM → HYD,07:05,08:30,1h 25m,non-stop,In-flight meal not included,4160
Multiple carriers,18/05/2019,Delhi,Cochin,DEL → BOM → COK,12:50,21:00,8h 10m,1 stop,No info,7670
Jet Airways,24/03/2019,Kolkata,Banglore,CCU → BOM → BLR,08:25,16:20,7h 55m,1 stop,In-flight meal not included,10031
Jet Airways,27/06/2019,Delhi,Cochin,DEL → AMD → BOM → COK,13:25,12:35 28 Jun,23h 10m,2 stops,In-flight meal not included,11150
Jet Airways,15/03/2019,Banglore,New Delhi,BLR → BOM → DEL,11:40,18:25,6h 45m,1 stop,In-flight meal not included,9134
SpiceJet,18/05/2019,Banglore,Delhi,BLR → DEL,09:30,12:20,2h 50m,non-stop,No info,4423
Air Asia,21/06/2019,Kolkata,Banglore,CCU → BLR,22:50,01:20 22 Jun,2h 30m,non-stop,No info,3807
Air India,21/05/2019,Delhi,Cochin,DEL → MAA → COK,06:05,09:25 22 May,27h 20m,1 stop,No info,7480
IndiGo,6/05/2019,Banglore,Delhi,BLR → DEL,06:05,08:50,2h 45m,non-stop,No info,4423
IndiGo,18/06/2019,Banglore,Delhi,BLR → DEL,16:55,19:55,3h,non-stop,No info,4823
Vistara,24/03/2019,Kolkata,Banglore,CCU → DEL → BLR,17:00,20:25 25 Mar,27h 25m,1 stop,No info,12102
Multiple carriers,6/03/2019,Delhi,Cochin,DEL → BOM → COK,09:00,19:15,10h 15m,1 stop,In-flight meal not included,15342
Jet Airways,6/05/2019,Kolkata,Banglore,CCU → BOM → BLR,16:30,22:35,6h 5m,1 stop,In-flight meal not included,10844
Air India,12/06/2019,Delhi,Cochin,DEL → MAA → COK,09:45,09:25 13 Jun,23h 40m,1 stop,No info,7480
Air India,1/04/2019,Kolkata,Banglore,CCU → HYD → BLR,19:00,04:40 02 Apr,9h 40m,1 stop,No info,4227
Air India,9/06/2019,Delhi,Cochin,DEL → MAA → COK,09:45,09:25 10 Jun,23h 40m,1 stop,No info,7690
SpiceJet,18/05/2019,Kolkata,Banglore,CCU → IXB → BLR,15:55,21:25,5h 30m,1 stop,No info,8224
Vistara,18/04/2019,Banglore,Delhi,BLR → DEL,19:30,22:15,2h 45m,non-stop,No info,5823
Jet Airways,15/03/2019,Banglore,New Delhi,BLR → BOM → DEL,08:55,18:25,9h 30m,1 stop,In-flight meal not included,9134
Jet Airways,01/03/2019,Banglore,New Delhi,BLR → BOM → DEL,16:55,00:45 02 Mar,7h 50m,1 stop,No info,26890
Air India,9/06/2019,Kolkata,Banglore,CCU → BOM → BLR,09:25,07:55 10 Jun,22h 30m,1 stop,No info,8366
Air India,1/06/2019,Delhi,Cochin,DEL → TRV → COK,05:15,06:50 02 Jun,25h 35m,1 stop,No info,7480
Jet Airways,12/05/2019,Kolkata,Banglore,CCU → BOM → BLR,16:30,22:35,6h 5m,1 stop,No info,14781
Air India,24/03/2019,Kolkata,Banglore,CCU → GAU → DEL → BLR,05:55,23:15 25 Mar,41h 20m,2 stops,No info,13990
Air India,21/03/2019,Delhi,Cochin,DEL → HYD → BOM → COK,17:15,19:15 22 Mar,26h,2 stops,No info,8245
Jet Airways,24/06/2019,Delhi,Cochin,DEL → BOM → COK,10:00,19:00,9h,1 stop,In-flight meal not included,10262
Jet Airways,12/06/2019,Kolkata,Banglore,CCU → BOM → BLR,06:30,04:40 13 Jun,22h 10m,1 stop,No info,12739
Multiple carriers,21/05/2019,Delhi,Cochin,DEL → BOM → COK,11:25,19:15,7h 50m,1 stop,No info,7575
Air India,18/03/2019,Banglore,New Delhi,BLR → DEL,17:00,19:45,2h 45m,non-stop,No info,11633
Jet Airways,15/06/2019,Delhi,Cochin,DEL → JAI → BOM → COK,05:30,19:00,13h 30m,2 stops,In-flight meal not included,10368
Jet Airways,12/03/2019,Banglore,New Delhi,BLR → BOM → DEL,16:55,23:00,6h 5m,1 stop,No info,13817
Jet Airways,24/03/2019,Kolkata,Banglore,CCU → BOM → BLR,13:55,22:35,8h 40m,1 stop,No info,14231
Jet Airways,21/03/2019,Banglore,New Delhi,BLR → BOM → DEL,11:40,23:00,11h 20m,1 stop,In-flight meal not included,6992
Air India,21/06/2019,Banglore,Delhi,BLR → DEL,06:10,08:55,2h 45m,non-stop,No info,6961
Jet Airways,1/06/2019,Delhi,Cochin,DEL → ATQ → BOM → COK,20:00,04:25 02 Jun,8h 25m,2 stops,No info,16263
Jet Airways,27/06/2019,Delhi,Cochin,DEL → BOM → COK,07:05,12:35,5h 30m,1 stop,No info,14714
Multiple carriers,24/06/2019,Delhi,Cochin,DEL → BOM → COK,07:30,21:00,13h 30m,1 stop,No info,7740
Jet Airways,18/03/2019,Banglore,New Delhi,BLR → BOM → DEL,11:40,20:20,8h 40m,1 stop,In-flight meal not included,11087
Multiple carriers,21/03/2019,Delhi,Cochin,DEL → BOM → COK,08:00,15:30,7h 30m,1 stop,No info,14486
IndiGo,21/05/2019,Delhi,Cochin,DEL → HYD → COK,11:55,18:10,6h 15m,1 stop,No info,6442
Air India,18/05/2019,Kolkata,Banglore,CCU → BBI → BOM → BLR,12:00,18:30 19 May,30h 30m,2 stops,No info,10361
Air Asia,12/05/2019,Kolkata,Banglore,CCU → DEL → BLR,07:35,23:30,15h 55m,1 stop,No info,5320
Jet Airways,15/06/2019,Delhi,Cochin,DEL → JAI → BOM → COK,09:40,12:35 16 Jun,26h 55m,2 stops,In-flight meal not included,10368
SpiceJet,15/05/2019,Kolkata,Banglore,CCU → BLR,17:10,19:40,2h 30m,non-stop,No info,4174
Air India,21/05/2019,Delhi,Cochin,DEL → BLR → COK,17:40,08:15 22 May,14h 35m,1 stop,No info,8151
Jet Airways,21/03/2019,Delhi,Cochin,DEL → BOM → COK,16:00,18:50 22 Mar,26h 50m,1 stop,No info,12557
Air India,15/06/2019,Banglore,Delhi,BLR → DEL,10:00,12:45,2h 45m,non-stop,No info,6961
Air India,9/04/2019,Banglore,Delhi,BLR → DEL,21:05,23:55,2h 50m,non-stop,No info,4441
SpiceJet,15/03/2019,Mumbai,Hyderabad,BOM → HYD,22:45,00:10 16 Mar,1h 25m,non-stop,No info,2753
SpiceJet,6/04/2019,Kolkata,Banglore,CCU → BLR,22:20,00:40 07 Apr,2h 20m,non-stop,No check-in baggage included,3841
Air India,6/04/2019,Delhi,Cochin,DEL → BLR → COK,06:10,23:00,16h 50m,1 stop,No info,5022
Air India,6/06/2019,Delhi,Cochin,DEL → COK,05:10,08:00,2h 50m,non-stop,No info,5201
Air India,3/06/2019,Delhi,Cochin,DEL → COK,14:10,17:10,3h,non-stop,No info,6934
IndiGo,1/04/2019,Kolkata,Banglore,CCU → MAA → BLR,17:35,22:15,4h 40m,1 stop,No info,5699
Vistara,27/06/2019,Banglore,Delhi,BLR → DEL,19:30,22:15,2h 45m,non-stop,No info,5088
Multiple carriers,21/03/2019,Delhi,Cochin,DEL → BOM → COK,08:25,19:15,10h 50m,1 stop,No info,8601
IndiGo,15/05/2019,Kolkata,Banglore,CCU → PAT → BLR,09:20,14:15,4h 55m,1 stop,No info,11319
IndiGo,9/03/2019,Mumbai,Hyderabad,BOM → HYD,21:20,22:45,1h 25m,non-stop,No info,3838
Jet Airways,12/05/2019,Kolkata,Banglore,CCU → BOM → BLR,16:30,09:20 13 May,16h 50m,1 stop,No info,14388
Jet Airways,15/06/2019,Delhi,Cochin,DEL → IDR → BOM → COK,09:35,12:35 16 Jun,27h,2 stops,In-flight meal not included,10824
Jet Airways,6/04/2019,Delhi,Cochin,DEL → BOM → COK,13:00,19:00,6h,1 stop,In-flight meal not included,5177
Jet Airways,27/06/2019,Delhi,Cochin,DEL → BOM → COK,11:30,19:00,7h 30m,1 stop,No info,14714
Jet Airways,12/06/2019,Kolkata,Banglore,CCU → BOM → BLR,08:25,19:50,11h 25m,1 stop,No info,13626
Air India,24/06/2019,Delhi,Cochin,DEL → CCU → BOM → COK,06:50,07:40 25 Jun,24h 50m,2 stops,No info,13381
Air India,9/03/2019,Delhi,Cochin,DEL → LKO → BOM → COK,18:30,19:15 10 Mar,24h 45m,2 stops,No info,18211
Multiple carriers,21/03/2019,Delhi,Cochin,DEL → HYD → MAA → COK,13:15,21:20,8h 5m,2 stops,No info,6653
Jet Airways,12/05/2019,Kolkata,Banglore,CCU → BOM → BLR,14:05,23:35,9h 30m,1 stop,No info,14781
Air India,6/05/2019,Kolkata,Banglore,CCU → BOM → COK → BLR,09:25,01:20 07 May,15h 55m,2 stops,No info,11458
Jet Airways,9/06/2019,Kolkata,Banglore,CCU → BOM → BLR,06:30,19:50,13h 20m,1 stop,In-flight meal not included,10844
IndiGo,24/05/2019,Mumbai,Hyderabad,BOM → HYD,02:35,04:05,1h 30m,non-stop,No info,3342
Jet Airways,24/06/2019,Delhi,Cochin,DEL → BOM → COK,18:15,12:35 25 Jun,18h 20m,1 stop,In-flight meal not included,10262
IndiGo,24/06/2019,Chennai,Kolkata,MAA → CCU,22:05,00:25 25 Jun,2h 20m,non-stop,No info,5277
Air India,24/03/2019,Banglore,New Delhi,BLR → DEL,06:10,08:55,2h 45m,non-stop,No info,4441
SpiceJet,3/05/2019,Chennai,Kolkata,MAA → CCU,08:20,10:35,2h 15m,non-stop,No check-in baggage included,3543
Air India,06/03/2019,Banglore,New Delhi,BLR → BOM → DEL,06:45,12:15,5h 30m,1 stop,No info,13912
Multiple carriers,27/05/2019,Delhi,Cochin,DEL → BOM → COK,06:40,19:00,12h 20m,1 stop,No info,9315
Jet Airways,1/06/2019,Delhi,Cochin,DEL → BOM → COK,22:50,04:25 02 Jun,5h 35m,1 stop,In-flight meal not included,10262
Air India,27/06/2019,Delhi,Cochin,DEL → HYD → BOM → COK,17:15,19:15 28 Jun,26h,2 stops,No info,12199
IndiGo,27/05/2019,Chennai,Kolkata,MAA → CCU,22:05,00:25 28 May,2h 20m,non-stop,No info,5277
Air India,12/06/2019,Kolkata,Banglore,CCU → BBI → HYD → BLR,09:10,04:40 13 Jun,19h 30m,2 stops,No info,6117
IndiGo,24/03/2019,Banglore,New Delhi,BLR → DEL,10:10,13:00,2h 50m,non-stop,No info,5734
Air Asia,6/03/2019,Delhi,Cochin,DEL → BLR → COK,20:10,07:10 07 Mar,11h,1 stop,No info,8627
Multiple carriers,15/06/2019,Delhi,Cochin,DEL → BOM → COK,11:40,01:30 16 Jun,13h 50m,1 stop,No info,6795
IndiGo,21/05/2019,Delhi,Cochin,DEL → COK,14:25,17:40,3h 15m,non-stop,No info,5601
Jet Airways,21/04/2019,Banglore,Delhi,BLR → DEL,17:45,20:45,3h,non-stop,No info,7229
IndiGo,9/05/2019,Delhi,Cochin,DEL → BOM → COK,15:00,01:30 10 May,10h 30m,1 stop,No info,8330
IndiGo,3/05/2019,Banglore,Delhi,BLR → DEL,08:30,11:20,2h 50m,non-stop,No info,4823
Jet Airways,24/03/2019,Kolkata,Banglore,CCU → BOM → BLR,19:45,22:35 25 Mar,26h 50m,1 stop,No info,13759
Air India,12/06/2019,Delhi,Cochin,DEL → AMD → BOM → COK,05:00,07:40 13 Jun,26h 40m,2 stops,No info,10231
Jet Airways,27/05/2019,Delhi,Cochin,DEL → BOM → COK,19:15,19:00 28 May,23h 45m,1 stop,In-flight meal not included,12898
Jet Airways,06/03/2019,Banglore,New Delhi,BLR → BOM → DEL,05:45,10:25,4h 40m,1 stop,No info,19225
Jet Airways,27/05/2019,Mumbai,Hyderabad,BOM → HYD,07:05,08:30,1h 25m,non-stop,In-flight meal not included,4995
IndiGo,12/06/2019,Delhi,Cochin,DEL → HYD → COK,06:50,12:10,5h 20m,1 stop,No info,5298
Jet Airways,21/03/2019,Delhi,Cochin,DEL → IDR → BOM → COK,10:20,18:50 22 Mar,32h 30m,2 stops,In-flight meal not included,9254
Jet Airways,6/04/2019,Delhi,Cochin,DEL → BOM → COK,14:00,19:00,5h,1 stop,In-flight meal not included,5177
Vistara,21/05/2019,Kolkata,Banglore,CCU → DEL → BLR,20:20,23:25 22 May,27h 5m,1 stop,No info,9345
Jet Airways,6/05/2019,Kolkata,Banglore,CCU → BOM → BLR,08:25,16:20,7h 55m,1 stop,In-flight meal not included,10844
Air India,3/03/2019,Delhi,Cochin,DEL → NAG → BOM → COK,05:55,07:40 04 Mar,25h 45m,2 stops,No info,15428
IndiGo,21/05/2019,Delhi,Cochin,DEL → BOM → COK,16:00,21:00,5h,1 stop,No info,7255
Jet Airways,21/05/2019,Delhi,Cochin,DEL → BOM → COK,09:00,12:35 22 May,27h 35m,1 stop,In-flight meal not included,12898
IndiGo,01/03/2019,Banglore,New Delhi,BLR → IDR → DEL,13:40,18:35,4h 55m,1 stop,No info,8707
Jet Airways,3/06/2019,Delhi,Cochin,DEL → BOM → COK,18:15,12:35 04 Jun,18h 20m,1 stop,In-flight meal not included,10262
Jet Airways,6/05/2019,Kolkata,Banglore,CCU → DEL → BLR,20:25,10:55 07 May,14h 30m,1 stop,No info,13067
Jet Airways,6/06/2019,Delhi,Cochin,DEL → BOM → COK,19:45,19:00 07 Jun,23h 15m,1 stop,In-flight meal not included,10262
Air India,9/04/2019,Kolkata,Banglore,CCU → BLR,20:45,23:20,2h 35m,non-stop,No info,4460
Jet Airways,24/05/2019,Kolkata,Banglore,CCU → BOM → BLR,14:05,23:35,9h 30m,1 stop,No info,14571
Air India,9/06/2019,Delhi,Cochin,DEL → AMD → BOM → COK,19:45,19:15 10 Jun,23h 30m,2 stops,No info,10178
SpiceJet,1/03/2019,Chennai,Kolkata,MAA → CCU,17:45,20:05,2h 20m,non-stop,No info,7718
Jet Airways,21/05/2019,Delhi,Cochin,DEL → BOM → COK,02:15,12:35,10h 20m,1 stop,No info,16376
Jet Airways,6/06/2019,Mumbai,Hyderabad,BOM → HYD,19:35,21:05,1h 30m,non-stop,No info,5678
Multiple carriers,9/05/2019,Delhi,Cochin,DEL → BOM → COK,10:35,19:00,8h 25m,1 stop,No info,9103
Jet Airways,6/06/2019,Delhi,Cochin,DEL → BOM → COK,13:00,04:25 07 Jun,15h 25m,1 stop,No info,14714
SpiceJet,24/06/2019,Delhi,Cochin,DEL → MAA → COK,15:45,22:05,6h 20m,1 stop,No info,5583
IndiGo,24/04/2019,Banglore,Delhi,BLR → DEL,18:55,21:50,2h 55m,non-stop,No info,4823
Jet Airways,15/04/2019,Banglore,Delhi,BLR → DEL,18:55,22:00,3h 5m,non-stop,In-flight meal not included,4544
Air Asia,18/05/2019,Delhi,Cochin,DEL → BLR → COK,07:55,13:25,5h 30m,1 stop,No info,8759
Air Asia,24/06/2019,Delhi,Cochin,DEL → BLR → COK,07:55,13:25,5h 30m,1 stop,No info,6152
Jet Airways,18/03/2019,Banglore,New Delhi,BLR → BOM → DEL,11:40,10:25 16 Mar,22h 45m,1 stop,In-flight meal not included,11087
Air India,6/06/2019,Kolkata,Banglore,CCU → JAI → DEL → BLR,08:20,20:25,12h 5m,2 stops,No info,11432
SpiceJet,27/03/2019,Kolkata,Banglore,CCU → BLR,17:15,19:45,2h 30m,non-stop,No check-in baggage included,3815
Vistara,1/04/2019,Kolkata,Banglore,CCU → DEL → BLR,17:00,09:05 02 Apr,16h 5m,1 stop,No info,8662
Jet Airways,06/03/2019,Banglore,New Delhi,BLR → BOM → DEL,11:40,11:25 07 Mar,23h 45m,1 stop,No info,17261
IndiGo,9/04/2019,Kolkata,Banglore,CCU → MAA → BLR,19:35,00:10 10 Apr,4h 35m,1 stop,No info,4860
Air India,3/03/2019,Delhi,Cochin,DEL → HYD → BOM → COK,17:15,19:15 04 Mar,26h,2 stops,No info,13442
Vistara,6/03/2019,Mumbai,Hyderabad,BOM → DEL → HYD,15:40,22:55,7h 15m,1 stop,No info,12395
Air India,15/05/2019,Kolkata,Banglore,CCU → MAA → BLR,14:35,14:35 16 May,24h,1 stop,No info,6528
IndiGo,1/06/2019,Delhi,Cochin,DEL → BOM → COK,04:55,21:00,16h 5m,1 stop,No info,6314
IndiGo,9/04/2019,Delhi,Cochin,DEL → BOM → COK,11:25,01:30 10 Apr,14h 5m,1 stop,No info,6270
Jet Airways,6/06/2019,Delhi,Cochin,DEL → BOM → COK,19:45,19:00 07 Jun,23h 15m,1 stop,No info,14714
Multiple carriers,15/06/2019,Delhi,Cochin,DEL → BOM → COK,09:15,19:15,10h,1 stop,No info,9359
Air India,9/04/2019,Delhi,Cochin,DEL → COK,14:05,17:55,3h 50m,non-stop,No info,6724
Jet Airways,24/06/2019,Delhi,Cochin,DEL → BOM → COK,22:50,19:00 25 Jun,20h 10m,1 stop,In-flight meal not included,10262
Vistara,21/05/2019,Banglore,Delhi,BLR → DEL,07:00,09:40,2h 40m,non-stop,No info,4668
IndiGo,6/03/2019,Delhi,Cochin,DEL → HYD → MAA → COK,11:55,21:20,9h 25m,2 stops,No info,6610
SpiceJet,15/05/2019,Chennai,Kolkata,MAA → CCU,08:20,10:35,2h 15m,non-stop,No info,3597
IndiGo,9/03/2019,Kolkata,Banglore,CCU → BLR,10:10,12:55,2h 45m,non-stop,No info,4462
Air India,6/03/2019,Delhi,Cochin,DEL → MAA → COK,06:05,09:25 07 Mar,27h 20m,1 stop,No info,12677
Multiple carriers,1/03/2019,Delhi,Cochin,DEL → BOM → COK,00:20,15:30,15h 10m,1 stop,No info,23170
IndiGo,6/06/2019,Kolkata,Banglore,CCU → BLR,04:40,07:15,2h 35m,non-stop,No info,4804
Multiple carriers,27/05/2019,Delhi,Cochin,DEL → BOM → COK,12:50,01:30 28 May,12h 40m,1 stop,No info,6795
Air India,18/05/2019,Kolkata,Banglore,CCU → BBI → BLR,12:00,13:15 19 May,25h 15m,1 stop,No info,7662
Air India,6/06/2019,Delhi,Cochin,DEL → UDR → BOM → COK,13:20,07:40 07 Jun,18h 20m,2 stops,No info,12751
Jet Airways,6/03/2019,Mumbai,Hyderabad,BOM → DEL → HYD,20:45,16:50 07 Mar,20h 5m,1 stop,No info,19595
Vistara,09/03/2019,Banglore,New Delhi,BLR → DEL,07:00,09:40,2h 40m,non-stop,No info,7975
Jet Airways,18/05/2019,Kolkata,Banglore,CCU → BOM → BLR,14:05,19:50,5h 45m,1 stop,No info,14781
Jet Airways,9/05/2019,Kolkata,Banglore,CCU → BOM → BLR,08:25,20:45,12h 20m,1 stop,No info,14781
Jet Airways,24/03/2019,Kolkata,Banglore,CCU → BOM → BLR,13:55,16:20 25 Mar,26h 25m,1 stop,In-flight meal not included,10031
Jet Airways,9/06/2019,Kolkata,Banglore,CCU → BOM → BLR,14:05,19:50,5h 45m,1 stop,In-flight meal not included,10844
Jet Airways,9/05/2019,Banglore,Delhi,BLR → DEL,19:50,22:50,3h,non-stop,In-flight meal not included,3502
Jet Airways,1/06/2019,Delhi,Cochin,DEL → IDR → BOM → COK,09:35,04:25 02 Jun,18h 50m,2 stops,No info,13292
Jet Airways,6/06/2019,Kolkata,Banglore,CCU → DEL → BLR,20:25,23:35 07 Jun,27h 10m,1 stop,No info,14151
SpiceJet,1/03/2019,Mumbai,Hyderabad,BOM → HYD,05:45,07:05,1h 20m,non-stop,No info,12475
Jet Airways,3/06/2019,Delhi,Cochin,DEL → BOM → COK,20:55,12:35 04 Jun,15h 40m,1 stop,No info,14714
Multiple carriers,24/05/2019,Delhi,Cochin,DEL → BOM → COK,19:00,01:30 25 May,6h 30m,1 stop,No info,8283
Jet Airways,12/03/2019,Banglore,New Delhi,BLR → BOM → DEL,20:35,09:30 13 Mar,12h 55m,1 stop,In-flight meal not included,11087
Jet Airways,21/05/2019,Kolkata,Banglore,CCU → BOM → BLR,14:05,19:50,5h 45m,1 stop,In-flight meal not included,10844
IndiGo,24/06/2019,Delhi,Cochin,DEL → BOM → COK,18:35,01:30 25 Jun,6h 55m,1 stop,No info,5883
Air India,15/03/2019,Banglore,New Delhi,BLR → CCU → BBI → DEL,05:50,16:20,10h 30m,2 stops,No info,7664
Jet Airways,27/05/2019,Delhi,Cochin,DEL → BOM → COK,08:00,04:25 28 May,20h 25m,1 stop,In-flight meal not included,12898
Jet Airways,12/06/2019,Delhi,Cochin,DEL → BOM → COK,22:50,19:00 13 Jun,20h 10m,1 stop,In-flight meal not included,10262
Jet Airways,15/05/2019,Kolkata,Banglore,CCU → DEL → BLR,09:35,19:10,9h 35m,1 stop,No info,13067
IndiGo,18/03/2019,Kolkata,Banglore,CCU → BLR,15:10,17:45,2h 35m,non-stop,No info,4462
Jet Airways,27/06/2019,Mumbai,Hyderabad,BOM → HYD,02:55,04:20,1h 25m,non-stop,No info,5678
Jet Airways,21/05/2019,Kolkata,Banglore,CCU → BOM → BLR,06:30,12:00,5h 30m,1 stop,No info,14388
Jet Airways,3/06/2019,Delhi,Cochin,DEL → BOM → COK,19:45,12:35 04 Jun,16h 50m,1 stop,No info,14714
IndiGo,27/05/2019,Kolkata,Banglore,CCU → BLR,09:35,12:20,2h 45m,non-stop,No info,4804
Air India,9/05/2019,Delhi,Cochin,DEL → AMD → BOM → COK,05:00,07:40 10 May,26h 40m,2 stops,No info,11281
Jet Airways,24/03/2019,Kolkata,Banglore,CCU → BOM → BLR,21:10,08:10 25 Mar,11h,1 stop,In-flight meal not included,11134
Air India,12/03/2019,Mumbai,Hyderabad,BOM → BHO → DEL → HYD,19:40,09:10 13 Mar,13h 30m,2 stops,No info,11647
Jet Airways,9/06/2019,Kolkata,Banglore,CCU → DEL → BLR,17:00,21:05 10 Jun,28h 5m,1 stop,In-flight meal not included,10539
Multiple carriers,1/06/2019,Delhi,Cochin,DEL → BOM → COK,08:00,19:00,11h,1 stop,No info,12192
Air India,24/04/2019,Banglore,Delhi,BLR → DEL,13:20,16:10,2h 50m,non-stop,No info,6121
Jet Airways,24/03/2019,Kolkata,Banglore,CCU → BOM → BLR,19:45,04:45 25 Mar,9h,1 stop,No info,13759
Multiple carriers,27/03/2019,Delhi,Cochin,DEL → BOM → COK,10:20,01:35 28 Mar,15h 15m,1 stop,No info,6427
IndiGo,9/04/2019,Banglore,Delhi,BLR → DEL,22:10,01:00 10 Apr,2h 50m,non-stop,No info,3943
IndiGo,12/05/2019,Banglore,Delhi,BLR → DEL,22:10,01:00 13 May,2h 50m,non-stop,No info,4284
IndiGo,9/03/2019,Delhi,Cochin,DEL → BLR → COK,05:05,10:05,5h,1 stop,No info,8147
Jet Airways,12/05/2019,Banglore,Delhi,BLR → DEL,19:50,22:50,3h,non-stop,In-flight meal not included,3502
IndiGo,15/03/2019,Mumbai,Hyderabad,BOM → HYD,02:30,04:00,1h 30m,non-stop,No info,3342
IndiGo,21/03/2019,Banglore,New Delhi,BLR → DEL,06:00,08:45,2h 45m,non-stop,No info,5734
SpiceJet,6/06/2019,Kolkata,Banglore,CCU → IXB → BLR,15:55,21:25,5h 30m,1 stop,No info,8224
SpiceJet,6/03/2019,Delhi,Cochin,DEL → MAA → COK,06:10,11:20,5h 10m,1 stop,No info,9748
Jet Airways,21/03/2019,Delhi,Cochin,DEL → AMD → BOM → COK,19:10,04:25 23 Mar,33h 15m,2 stops,In-flight meal not included,8834
GoAir,6/05/2019,Kolkata,Banglore,CCU → AMD → BLR,16:40,00:15 07 May,7h 35m,1 stop,No info,7102
Multiple carriers,15/05/2019,Delhi,Cochin,DEL → BOM → COK,13:00,01:30 16 May,12h 30m,1 stop,No info,13727
Jet Airways,18/03/2019,Banglore,New Delhi,BLR → BOM → DEL,11:40,09:30 16 Mar,21h 50m,1 stop,In-flight meal not included,11087
Jet Airways,15/06/2019,Delhi,Cochin,DEL → JAI → BOM → COK,09:40,04:25 16 Jun,18h 45m,2 stops,In-flight meal not included,10368
Jet Airways,1/06/2019,Banglore,Delhi,BLR → DEL,06:00,08:45,2h 45m,non-stop,In-flight meal not included,7229
Jet Airways,15/06/2019,Delhi,Cochin,DEL → BOM → COK,18:15,19:00 16 Jun,24h 45m,1 stop,In-flight meal not included,10262
IndiGo,15/04/2019,Banglore,Delhi,BLR → DEL,20:00,22:50,2h 50m,non-stop,No info,4823
IndiGo,24/05/2019,Kolkata,Banglore,CCU → BLR,04:40,07:15,2h 35m,non-stop,No info,4804
IndiGo,6/06/2019,Delhi,Cochin,DEL → PNQ → COK,23:30,04:35 07 Jun,5h 5m,1 stop,No info,10112
Jet Airways,27/05/2019,Banglore,Delhi,BLR → DEL,06:00,08:45,2h 45m,non-stop,No info,7229
Jet Airways,24/05/2019,Kolkata,Banglore,CCU → DEL → BLR,17:00,22:05 25 May,29h 5m,1 stop,No info,13067
Jet Airways,3/06/2019,Delhi,Cochin,DEL → BOM → COK,14:00,04:25 04 Jun,14h 25m,1 stop,No info,14714
Air India,3/06/2019,Delhi,Cochin,DEL → BLR → COK,09:45,23:00,13h 15m,1 stop,No info,8907
Jet Airways,9/04/2019,Banglore,Delhi,BLR → DEL,11:10,14:05,2h 55m,non-stop,No info,7229
Multiple carriers,3/03/2019,Delhi,Cochin,DEL → IXU → BOM → COK,17:50,01:35 04 Mar,7h 45m,2 stops,No info,24528
IndiGo,3/06/2019,Delhi,Cochin,DEL → BOM → COK,04:55,21:00,16h 5m,1 stop,No info,6838
Multiple carriers,12/06/2019,Delhi,Cochin,DEL → BOM → COK,07:05,21:00,13h 55m,1 stop,In-flight meal not included,10406
Vistara,6/03/2019,Mumbai,Hyderabad,BOM → DEL → HYD,21:55,09:25 07 Mar,11h 30m,1 stop,No info,12395
Air India,6/05/2019,Kolkata,Banglore,CCU → DEL → BLR,20:30,20:25 07 May,23h 55m,1 stop,No info,10203
IndiGo,12/05/2019,Mumbai,Hyderabad,BOM → HYD,06:25,07:55,1h 30m,non-stop,No info,4049
Jet Airways,9/06/2019,Kolkata,Banglore,CCU → DEL → BLR,20:25,18:00 10 Jun,21h 35m,1 stop,No info,13401
Air India,9/05/2019,Delhi,Cochin,DEL → JAI → BOM → COK,12:00,07:40 10 May,19h 40m,2 stops,No info,9968
Jet Airways,6/05/2019,Mumbai,Hyderabad,BOM → HYD,10:20,11:50,1h 30m,non-stop,No info,8040
Multiple carriers,27/03/2019,Delhi,Cochin,DEL → BOM → COK,15:15,01:35 28 Mar,10h 20m,1 stop,No info,6427
IndiGo,6/05/2019,Chennai,Kolkata,MAA → CCU,22:05,00:25 07 May,2h 20m,non-stop,No info,5277
Jet Airways,1/04/2019,Mumbai,Hyderabad,BOM → HYD,02:55,04:20,1h 25m,non-stop,In-flight meal not included,2228
Vistara,24/05/2019,Banglore,Delhi,BLR → DEL,21:00,23:50,2h 50m,non-stop,No info,5613
IndiGo,12/05/2019,Kolkata,Banglore,CCU → MAA → BLR,17:35,22:15,4h 40m,1 stop,No info,6669
Vistara,15/05/2019,Chennai,Kolkata,MAA → CCU,17:45,20:05,2h 20m,non-stop,No info,11982
Jet Airways,21/05/2019,Kolkata,Banglore,CCU → BOM → PNQ → BLR,06:30,07:25 22 May,24h 55m,2 stops,In-flight meal not included,10118
IndiGo,15/03/2019,Kolkata,Banglore,CCU → BLR,21:25,00:05 16 Mar,2h 40m,non-stop,No info,4148
Jet Airways,9/06/2019,Delhi,Cochin,DEL → BOM → COK,02:15,12:35,10h 20m,1 stop,No info,18371
Multiple carriers,12/06/2019,Delhi,Cochin,DEL → BOM → COK,11:30,21:00,9h 30m,1 stop,No info,13587
Air India,6/06/2019,Delhi,Cochin,DEL → HYD → BOM → COK,17:15,19:15 07 Jun,26h,2 stops,No info,12760
Jet Airways,6/06/2019,Delhi,Cochin,DEL → JAI → BOM → COK,09:40,04:25 07 Jun,18h 45m,2 stops,In-flight meal not included,10368
IndiGo,1/06/2019,Mumbai,Hyderabad,BOM → HYD,02:35,04:05,1h 30m,non-stop,No info,3175
SpiceJet,9/05/2019,Chennai,Kolkata,MAA → CCU,09:45,12:00,2h 15m,non-stop,No info,3597
Multiple carriers,27/05/2019,Delhi,Cochin,DEL → BOM → COK,11:30,01:30 28 May,14h,1 stop,In-flight meal not included,6733
Multiple carriers,1/06/2019,Delhi,Cochin,DEL → BOM → COK,03:50,12:35,8h 45m,1 stop,No info,12192
Jet Airways,27/05/2019,Delhi,Cochin,DEL → AMD → BOM → COK,19:10,19:00 28 May,23h 50m,2 stops,No info,15129
Vistara,12/05/2019,Banglore,Delhi,BLR → DEL,11:30,14:20,2h 50m,non-stop,No info,4668
Jet Airways,27/06/2019,Delhi,Cochin,DEL → BOM → COK,17:30,12:35 28 Jun,19h 5m,1 stop,In-flight meal not included,10262
Jet Airways,18/05/2019,Delhi,Cochin,DEL → JAI → BOM → COK,09:40,04:25 19 May,18h 45m,2 stops,No info,15129
Multiple carriers,3/06/2019,Delhi,Cochin,DEL → HYD → COK,07:10,22:30,15h 20m,1 stop,No info,7878
Jet Airways,18/03/2019,Mumbai,Hyderabad,BOM → HYD,10:20,11:50,1h 30m,non-stop,No info,8040
Jet Airways,9/05/2019,Delhi,Cochin,DEL → BOM → COK,02:15,12:35,10h 20m,1 stop,In-flight meal not included,12373
Air India,18/05/2019,Delhi,Cochin,DEL → HYD → BOM → COK,17:15,19:15 19 May,26h,2 stops,No info,12392
IndiGo,18/05/2019,Chennai,Kolkata,MAA → CCU,22:05,00:25 19 May,2h 20m,non-stop,No info,5277
Multiple carriers,21/05/2019,Delhi,Cochin,DEL → BOM → COK,13:00,21:00,8h,1 stop,No info,7888
Multiple carriers,3/06/2019,Delhi,Cochin,DEL → BOM → COK,08:45,19:15,10h 30m,1 stop,No info,9001
IndiGo,21/03/2019,Mumbai,Hyderabad,BOM → HYD,06:20,07:45,1h 25m,non-stop,No info,4049
IndiGo,24/03/2019,Chennai,Kolkata,MAA → CCU,05:15,07:35,2h 20m,non-stop,No info,4326
IndiGo,09/03/2019,Banglore,New Delhi,BLR → DEL,23:30,02:20 13 Mar,2h 50m,non-stop,No info,4777
IndiGo,21/03/2019,Delhi,Cochin,DEL → BOM → COK,11:30,21:00,9h 30m,1 stop,No info,6838
IndiGo,6/06/2019,Delhi,Cochin,DEL → MAA → COK,07:15,12:30,5h 15m,1 stop,No info,6582
Jet Airways,1/06/2019,Delhi,Cochin,DEL → BOM → COK,21:50,12:35 02 Jun,14h 45m,1 stop,In-flight meal not included,10262
Air Asia,01/03/2019,Banglore,New Delhi,BLR → DEL,23:25,02:10 02 Mar,2h 45m,non-stop,Red-eye flight,10873
Jet Airways,27/06/2019,Delhi,Cochin,DEL → BOM → COK,02:15,12:35,10h 20m,1 stop,In-flight meal not included,10262
IndiGo,27/03/2019,Kolkata,Banglore,CCU → BLR,05:30,08:20,2h 50m,non-stop,No info,4148
IndiGo,27/03/2019,Delhi,Cochin,DEL → HYD → MAA → COK,11:55,21:20,9h 25m,2 stops,No info,6494
Jet Airways,21/05/2019,Delhi,Cochin,DEL → BOM → COK,10:00,12:35 22 May,26h 35m,1 stop,In-flight meal not included,12898
Air India,9/06/2019,Delhi,Cochin,DEL → AMD → BOM → COK,05:00,19:15 10 Jun,38h 15m,2 stops,No info,9968
Jet Airways,21/05/2019,Delhi,Cochin,DEL → BOM → COK,15:00,04:25 22 May,13h 25m,1 stop,In-flight meal not included,12898
Multiple carriers,24/05/2019,Delhi,Cochin,DEL → HYD → COK,14:55,22:30,7h 35m,1 stop,No info,7740
Air India,9/05/2019,Kolkata,Banglore,CCU → GAU → BLR,09:50,21:05,11h 15m,1 stop,No info,7452
Jet Airways,21/03/2019,Mumbai,Hyderabad,BOM → HYD,07:10,08:35,1h 25m,non-stop,In-flight meal not included,4160
IndiGo,27/05/2019,Banglore,Delhi,BLR → DEL,08:30,11:20,2h 50m,non-stop,No info,4823
Air India,18/05/2019,Delhi,Cochin,DEL → GOI → BOM → COK,10:55,19:15,8h 20m,2 stops,No info,13486
Jet Airways,27/04/2019,Banglore,Delhi,BLR → DEL,18:55,22:00,3h 5m,non-stop,In-flight meal not included,4544
Air India,21/05/2019,Delhi,Cochin,DEL → HYD → MAA → COK,09:45,09:25 22 May,23h 40m,2 stops,No info,10975
IndiGo,3/05/2019,Chennai,Kolkata,MAA → CCU,14:45,17:05,2h 20m,non-stop,No info,3858
Jet Airways,6/05/2019,Delhi,Cochin,DEL → JAI → BOM → COK,05:30,04:25 07 May,22h 55m,2 stops,No info,15129
Air India,15/06/2019,Delhi,Cochin,DEL → HYD → MAA → COK,09:45,09:25 16 Jun,23h 40m,2 stops,No info,10975
Air Asia,9/05/2019,Delhi,Cochin,DEL → BLR → COK,16:45,22:25,5h 40m,1 stop,No info,6752
Air Asia,18/06/2019,Kolkata,Banglore,CCU → BLR,09:45,12:15,2h 30m,non-stop,No info,3807
Air India,6/03/2019,Delhi,Cochin,DEL → MAA → COK,12:30,09:25 07 Mar,20h 55m,1 stop,No info,13832
Jet Airways,6/04/2019,Banglore,Delhi,BLR → DEL,18:55,22:00,3h 5m,non-stop,In-flight meal not included,4544
Jet Airways,6/06/2019,Kolkata,Banglore,CCU → BOM → BLR,18:55,08:15 07 Jun,13h 20m,1 stop,No info,14571
Vistara,24/06/2019,Chennai,Kolkata,MAA → CCU,17:45,20:05,2h 20m,non-stop,No info,11982
Jet Airways,1/05/2019,Mumbai,Hyderabad,BOM → HYD,07:05,08:30,1h 25m,non-stop,No info,8040
Vistara,18/03/2019,Banglore,New Delhi,BLR → DEL,16:00,18:35,2h 35m,non-stop,No info,11913
Air Asia,24/05/2019,Kolkata,Banglore,CCU → BBI → BLR,06:50,10:30,3h 40m,1 stop,No info,5162
Jet Airways,15/06/2019,Delhi,Cochin,DEL → JAI → BOM → COK,09:40,12:35 16 Jun,26h 55m,2 stops,No info,13014
Jet Airways,18/05/2019,Kolkata,Banglore,CCU → BOM → BLR,21:10,04:40 19 May,7h 30m,1 stop,In-flight meal not included,8586
Multiple carriers,21/05/2019,Delhi,Cochin,DEL → BOM → COK,08:00,19:00,11h,1 stop,No info,10197
Vistara,1/05/2019,Kolkata,Banglore,CCU → DEL → BLR,17:00,20:20 02 May,27h 20m,1 stop,No info,8610
Air Asia,1/06/2019,Banglore,Delhi,BLR → DEL,23:55,02:45 02 Jun,2h 50m,non-stop,No info,7120
Air India,9/05/2019,Delhi,Cochin,DEL → RPR → NAG → BOM → COK,05:15,19:15 10 May,38h,3 stops,No info,10703
Jet Airways,1/06/2019,Delhi,Cochin,DEL → BOM → COK,09:00,04:25 02 Jun,19h 25m,1 stop,In-flight meal not included,10262
Jet Airways,27/06/2019,Delhi,Cochin,DEL → IDR → BOM → COK,05:30,19:00,13h 30m,2 stops,In-flight meal not included,11507
IndiGo,6/06/2019,Banglore,Delhi,BLR → DEL,21:15,00:15 07 Jun,3h,non-stop,No info,3943
Jet Airways,15/06/2019,Delhi,Cochin,DEL → IDR → BOM → COK,09:35,12:35 16 Jun,27h,2 stops,No info,13292
IndiGo,21/03/2019,Banglore,New Delhi,BLR → IDR → DEL,13:40,18:35,4h 55m,1 stop,No info,7166
Jet Airways,15/06/2019,Delhi,Cochin,DEL → BOM → COK,13:00,19:00,6h,1 stop,In-flight meal not included,10262
Air Asia,12/06/2019,Delhi,Cochin,DEL → BLR → COK,20:45,07:10 13 Jun,10h 25m,1 stop,No info,6152
Jet Airways,15/05/2019,Kolkata,Banglore,CCU → DEL → BLR,09:35,22:05,12h 30m,1 stop,In-flight meal not included,10703
Jet Airways,21/05/2019,Banglore,Delhi,BLR → DEL,07:10,10:10,3h,non-stop,In-flight meal not included,4030
Multiple carriers,6/03/2019,Delhi,Cochin,DEL → BOM → COK,17:30,01:35 07 Mar,8h 5m,1 stop,No info,17057
IndiGo,18/06/2019,Chennai,Kolkata,MAA → CCU,07:55,10:15,2h 20m,non-stop,No info,3850
Jet Airways,6/05/2019,Kolkata,Banglore,CCU → BOM → BLR,20:00,09:20 07 May,13h 20m,1 stop,No info,14388
IndiGo,3/04/2019,Delhi,Cochin,DEL → MAA → COK,02:00,07:25,5h 25m,1 stop,No info,4744
Jet Airways,1/06/2019,Delhi,Cochin,DEL → BOM → COK,17:30,12:35 02 Jun,19h 5m,1 stop,In-flight meal not included,10262
Air India,03/03/2019,Banglore,New Delhi,BLR → DEL,21:10,23:55,2h 45m,non-stop,No info,7591
Air Asia,27/05/2019,Delhi,Cochin,DEL → BLR → COK,07:55,22:25,14h 30m,1 stop,No info,6152
Jet Airways,06/03/2019,Banglore,New Delhi,BLR → BOM → DEL,08:55,09:00 07 Mar,24h 5m,1 stop,No info,15025
IndiGo,3/03/2019,Mumbai,Hyderabad,BOM → HYD,16:55,18:25,1h 30m,non-stop,No info,6795
Air India,24/05/2019,Kolkata,Banglore,CCU → DEL → BLR,17:30,20:25 25 May,26h 55m,1 stop,No info,10623
IndiGo,24/05/2019,Chennai,Kolkata,MAA → CCU,07:55,10:15,2h 20m,non-stop,No info,3850
Jet Airways,21/03/2019,Delhi,Cochin,DEL → AMD → BOM → COK,19:10,18:50 22 Mar,23h 40m,2 stops,In-flight meal not included,6643
Jet Airways,1/05/2019,Kolkata,Banglore,CCU → BOM → BLR,14:05,22:35,8h 30m,1 stop,In-flight meal not included,10844
Air India,27/05/2019,Delhi,Cochin,DEL → AMD → BOM → COK,19:45,19:15 28 May,23h 30m,2 stops,No info,10441
Multiple carriers,27/06/2019,Delhi,Cochin,DEL → BOM → COK,17:30,01:30 28 Jun,8h,1 stop,No info,13377
Air India,18/05/2019,Delhi,Cochin,DEL → JDH → BOM → COK,12:55,19:15 19 May,30h 20m,2 stops,No info,13696
IndiGo,3/06/2019,Banglore,Delhi,BLR → DEL,00:25,03:15,2h 50m,non-stop,No info,3943
Air India,24/06/2019,Delhi,Cochin,DEL → AMD → BOM → COK,19:45,19:15 25 Jun,23h 30m,2 stops,No info,9443
Jet Airways,1/06/2019,Delhi,Cochin,DEL → JAI → BOM → COK,05:30,04:25 02 Jun,22h 55m,2 stops,No info,13014
Air India,24/03/2019,Banglore,New Delhi,BLR → HYD → VGA → DEL,17:00,22:55 19 Mar,29h 55m,2 stops,No info,8114
SpiceJet,24/06/2019,Delhi,Cochin,DEL → MAA → COK,06:05,11:20,5h 15m,1 stop,No info,5583
Jet Airways,12/03/2019,Banglore,New Delhi,BLR → BOM → DEL,16:55,08:15 13 Mar,15h 20m,1 stop,No info,13817
Multiple carriers,27/03/2019,Delhi,Cochin,DEL → BOM → COK,12:50,19:15,6h 25m,1 stop,No info,6953
Multiple carriers,27/03/2019,Delhi,Cochin,DEL → BOM → COK,10:20,21:00,10h 40m,1 stop,No info,6637
IndiGo,3/04/2019,Kolkata,Banglore,CCU → BLR,09:35,12:20,2h 45m,non-stop,No info,4174
Air India,21/03/2019,Delhi,Cochin,DEL → HYD → MAA → COK,09:45,09:25 22 Mar,23h 40m,2 stops,No info,8140
Jet Airways,12/03/2019,Banglore,New Delhi,BLR → BOM → DEL,07:00,23:00,16h,1 stop,No info,13817
Jet Airways,6/06/2019,Delhi,Cochin,DEL → BOM → COK,09:00,19:00,10h,1 stop,In-flight meal not included,10262
IndiGo,18/05/2019,Delhi,Cochin,DEL → BLR → COK,15:10,20:00,4h 50m,1 stop,No info,6496
IndiGo,15/06/2019,Delhi,Cochin,DEL → PNQ → COK,23:30,04:35 16 Jun,5h 5m,1 stop,No info,10112
Air India,27/05/2019,Delhi,Cochin,DEL → HYD → MAA → COK,13:15,09:25 28 May,20h 10m,2 stops,No info,10467
IndiGo,1/06/2019,Delhi,Cochin,DEL → BOM → COK,10:35,01:30 02 Jun,14h 55m,1 stop,No info,6206
Air India,24/05/2019,Kolkata,Banglore,CCU → BBI → BOM → BLR,12:00,18:30 25 May,30h 30m,2 stops,No info,10151
IndiGo,12/06/2019,Kolkata,Banglore,CCU → BLR,15:15,17:45,2h 30m,non-stop,No info,4804
GoAir,24/03/2019,Banglore,New Delhi,BLR → DEL,07:45,10:40,2h 55m,non-stop,No info,5048
Jet Airways,6/06/2019,Mumbai,Hyderabad,BOM → HYD,02:55,04:20,1h 25m,non-stop,In-flight meal not included,4050
SpiceJet,1/06/2019,Banglore,Delhi,BLR → DEL,09:30,12:20,2h 50m,non-stop,No check-in baggage included,3919
Jet Airways,9/06/2019,Kolkata,Banglore,CCU → BOM → BLR,21:10,08:15 10 Jun,11h 5m,1 stop,In-flight meal not included,11841
IndiGo,24/04/2019,Delhi,Cochin,DEL → BOM → COK,20:25,01:30 25 Apr,5h 5m,1 stop,No info,5065
Air India,9/05/2019,Kolkata,Banglore,CCU → BBI → BOM → BLR,12:00,18:30 10 May,30h 30m,2 stops,No info,9626
IndiGo,27/06/2019,Banglore,Delhi,BLR → DEL,22:10,01:00 28 Jun,2h 50m,non-stop,No info,3419
Air India,9/06/2019,Kolkata,Banglore,CCU → GAU → IMF → DEL → BLR,09:50,23:15,13h 25m,3 stops,No info,14960
IndiGo,9/06/2019,Banglore,Delhi,BLR → DEL,21:15,00:15 10 Jun,3h,non-stop,No info,3943
Multiple carriers,9/05/2019,Delhi,Cochin,DEL → BOM → COK,09:00,19:15,10h 15m,1 stop,No info,14323
Air India,9/06/2019,Kolkata,Banglore,CCU → BOM → COK → BLR,16:50,13:45 10 Jun,20h 55m,2 stops,No info,11752
Multiple carriers,6/06/2019,Delhi,Cochin,DEL → BOM → COK,08:30,19:15,10h 45m,1 stop,No info,7677
Multiple carriers,24/05/2019,Delhi,Cochin,DEL → BOM → COK,13:00,21:00,8h,1 stop,No info,14067
Jet Airways,1/05/2019,Kolkata,Banglore,CCU → BOM → BLR,21:10,09:20 02 May,12h 10m,1 stop,No info,14781
Jet Airways,15/05/2019,Kolkata,Banglore,CCU → DEL → BLR,17:00,14:25 16 May,21h 25m,1 stop,No info,11467
Jet Airways,21/05/2019,Delhi,Cochin,DEL → ATQ → BOM → COK,20:00,04:25 22 May,8h 25m,2 stops,No info,16263
Jet Airways,18/05/2019,Delhi,Cochin,DEL → BOM → COK,19:15,04:25 19 May,9h 10m,1 stop,In-flight meal not included,12373
Multiple carriers,15/06/2019,Delhi,Cochin,DEL → BOM → COK,12:50,21:00,8h 10m,1 stop,No info,7005
IndiGo,18/05/2019,Delhi,Cochin,DEL → BLR → COK,05:10,10:05,4h 55m,1 stop,No info,7580
Air India,18/05/2019,Delhi,Cochin,DEL → GOI → BOM → COK,22:00,19:15 19 May,21h 15m,2 stops,No info,10441
Jet Airways,18/05/2019,Banglore,Delhi,BLR → DEL,17:45,20:45,3h,non-stop,No info,7229
IndiGo,9/04/2019,Delhi,Cochin,DEL → BOM → COK,06:40,21:00,14h 20m,1 stop,No info,6093
SpiceJet,15/06/2019,Kolkata,Banglore,CCU → BLR,06:55,09:30,2h 35m,non-stop,No info,3873
Jet Airways,24/06/2019,Delhi,Cochin,DEL → BOM → COK,21:50,04:25 25 Jun,6h 35m,1 stop,In-flight meal not included,10262
Jet Airways,1/04/2019,Kolkata,Banglore,CCU → BOM → BLR,14:05,23:35,9h 30m,1 stop,No info,13364
Jet Airways,15/05/2019,Delhi,Cochin,DEL → BOM → COK,02:15,12:35,10h 20m,1 stop,In-flight meal not included,12373
SpiceJet,12/05/2019,Mumbai,Hyderabad,BOM → HYD,22:45,00:15 13 May,1h 30m,non-stop,No check-in baggage included,1965
Multiple carriers,6/06/2019,Delhi,Cochin,DEL → BOM → COK,12:50,21:00,8h 10m,1 stop,No info,7005
Air India,18/03/2019,Banglore,New Delhi,BLR → DEL,10:00,12:45,2h 45m,non-stop,No info,4441
Multiple carriers,21/03/2019,Delhi,Cochin,DEL → BOM → COK,04:45,18:50,14h 5m,1 stop,No info,11098
IndiGo,21/05/2019,Delhi,Cochin,DEL → BOM → COK,09:15,01:30 22 May,16h 15m,1 stop,No info,7318
Jet Airways,21/03/2019,Delhi,Cochin,DEL → BOM → COK,07:05,04:25 22 Mar,21h 20m,1 stop,No info,12767
SpiceJet,24/03/2019,Kolkata,Banglore,CCU → IXB → BLR,15:55,21:15,5h 20m,1 stop,No info,10654
SpiceJet,9/06/2019,Delhi,Cochin,DEL → MAA → COK,15:45,22:05,6h 20m,1 stop,No info,6297
Multiple carriers,3/03/2019,Delhi,Cochin,DEL → HYD → COK,09:45,16:10,6h 25m,1 stop,No info,11265
Air India,6/03/2019,Mumbai,Hyderabad,BOM → AMD → ISK → HYD,17:20,14:50,2h 30m,2 stops,No info,11972
Multiple carriers,9/06/2019,Delhi,Cochin,DEL → BOM → COK,07:05,21:00,13h 55m,1 stop,No info,13587
IndiGo,3/06/2019,Kolkata,Banglore,CCU → BLR,17:15,19:50,2h 35m,non-stop,No info,4804
Air India,1/05/2019,Kolkata,Banglore,CCU → BOM → HBX → BLR,09:25,18:20,8h 55m,2 stops,No info,8366
Air India,18/05/2019,Kolkata,Banglore,CCU → BOM → BLR,09:25,07:55 19 May,22h 30m,1 stop,No info,8366
Air India,18/05/2019,Kolkata,Banglore,CCU → JAI → BOM → BLR,08:20,21:50,13h 30m,2 stops,No info,10697
Jet Airways,21/05/2019,Delhi,Cochin,DEL → JAI → BOM → COK,05:30,19:00,13h 30m,2 stops,No info,15129
IndiGo,18/05/2019,Chennai,Kolkata,MAA → CCU,14:45,17:05,2h 20m,non-stop,No info,3858
Jet Airways,6/04/2019,Banglore,Delhi,BLR → DEL,18:55,22:00,3h 5m,non-stop,No info,7229
IndiGo,27/04/2019,Delhi,Cochin,DEL → BOM → COK,16:00,21:00,5h,1 stop,No info,6937
Jet Airways,24/06/2019,Delhi,Cochin,DEL → BOM → COK,14:00,19:00,5h,1 stop,No info,14714
Jet Airways,15/03/2019,Banglore,New Delhi,BLR → BOM → DEL,05:45,16:10,10h 25m,1 stop,In-flight meal not included,9134
Jet Airways,3/06/2019,Delhi,Cochin,DEL → BOM → COK,07:05,19:00,11h 55m,1 stop,In-flight meal not included,10577
Jet Airways,6/05/2019,Kolkata,Banglore,CCU → BOM → BLR,20:00,10:05 07 May,14h 5m,1 stop,No info,14388
Air India,12/06/2019,Delhi,Cochin,DEL → BLR → COK,13:30,08:15 13 Jun,18h 45m,1 stop,No info,8991
Air India,27/05/2019,Delhi,Cochin,DEL → JDH → BOM → COK,12:55,19:15 28 May,30h 20m,2 stops,No info,12436
Air India,12/03/2019,Banglore,New Delhi,BLR → BOM → BHO → DEL,06:45,09:25 13 Mar,26h 40m,2 stops,No info,12515
SpiceJet,15/06/2019,Delhi,Cochin,DEL → MAA → COK,15:45,22:05,6h 20m,1 stop,No info,5583
Air India,9/03/2019,Delhi,Cochin,DEL → BOM → COK,23:00,07:40 10 Mar,8h 40m,1 stop,No info,10840
Jet Airways,27/06/2019,Delhi,Cochin,DEL → ATQ → BOM → COK,12:15,12:35 28 Jun,24h 20m,2 stops,No info,14300
SpiceJet,18/04/2019,Banglore,Delhi,BLR → DEL,21:10,00:05 19 Apr,2h 55m,non-stop,No check-in baggage included,5515
Jet Airways,15/05/2019,Kolkata,Banglore,CCU → BOM → BLR,14:05,20:45,6h 40m,1 stop,In-flight meal not included,10844
Jet Airways,24/03/2019,Kolkata,Banglore,CCU → BOM → BLR,16:55,09:15 25 Mar,16h 20m,1 stop,In-flight meal not included,11134
Air India,24/04/2019,Banglore,Delhi,BLR → DEL,10:00,12:45,2h 45m,non-stop,No info,6121
Air India,21/05/2019,Kolkata,Banglore,CCU → BBI → BOM → BLR,12:00,07:55 22 May,19h 55m,2 stops,No info,10676
Jet Airways,1/05/2019,Kolkata,Banglore,CCU → BOM → BLR,16:30,22:35,6h 5m,1 stop,No info,14781
Jet Airways,6/04/2019,Banglore,Delhi,BLR → DEL,19:50,22:50,3h,non-stop,In-flight meal not included,4544
GoAir,6/04/2019,Banglore,Delhi,BLR → DEL,07:45,10:40,2h 55m,non-stop,No info,4632
Jet Airways,21/03/2019,Delhi,Cochin,DEL → AMD → BOM → COK,19:10,04:25 23 Mar,33h 15m,2 stops,No info,10929
Air Asia,21/04/2019,Kolkata,Banglore,CCU → BLR,10:20,12:55,2h 35m,non-stop,No info,4409
SpiceJet,1/05/2019,Kolkata,Banglore,CCU → BLR,06:55,09:30,2h 35m,non-stop,No info,3873
Jet Airways,27/05/2019,Banglore,Delhi,BLR → DEL,07:10,10:10,3h,non-stop,In-flight meal not included,4030
Air Asia,9/05/2019,Kolkata,Banglore,CCU → BLR,22:50,01:20 10 May,2h 30m,non-stop,No info,3807
Air India,12/05/2019,Kolkata,Banglore,CCU → DEL → COK → BLR,10:00,01:20 13 May,15h 20m,2 stops,No info,12140
SpiceJet,6/03/2019,Kolkata,Banglore,CCU → BLR,09:00,11:30,2h 30m,non-stop,No info,4096
Jet Airways,15/06/2019,Delhi,Cochin,DEL → ATQ → BOM → COK,18:20,12:35 16 Jun,18h 15m,2 stops,No info,14300
Multiple carriers,27/06/2019,Delhi,Cochin,DEL → BOM → COK,11:40,21:00,9h 20m,1 stop,In-flight meal not included,6007
IndiGo,1/04/2019,Kolkata,Banglore,CCU → BLR,14:25,16:55,2h 30m,non-stop,No info,4174
SpiceJet,21/06/2019,Chennai,Kolkata,MAA → CCU,17:45,20:05,2h 20m,non-stop,No info,3597
Air India,24/06/2019,Delhi,Cochin,DEL → JAI → BOM → COK,12:00,19:15,7h 15m,2 stops,No info,9548
Air India,15/03/2019,Banglore,New Delhi,BLR → BOM → DEL,08:50,15:15,6h 25m,1 stop,No info,8714
Vistara,12/06/2019,Kolkata,Banglore,CCU → DEL → BLR,17:00,20:20 13 Jun,27h 20m,1 stop,No info,8085
Jet Airways,3/06/2019,Delhi,Cochin,DEL → JAI → BOM → COK,19:30,04:25 04 Jun,8h 55m,2 stops,In-flight meal not included,10368
Air India,27/06/2019,Delhi,Cochin,DEL → HYD → MAA → COK,07:05,09:25 28 Jun,26h 20m,2 stops,No info,10975
Multiple carriers,9/05/2019,Delhi,Cochin,DEL → BOM → COK,07:30,21:00,13h 30m,1 stop,No info,7670
Multiple carriers,15/05/2019,Delhi,Cochin,DEL → BOM → COK,18:00,01:30 16 May,7h 30m,1 stop,No info,8073
Jet Airways,12/03/2019,Banglore,New Delhi,BLR → BOM → DEL,22:55,10:45 13 Mar,11h 50m,1 stop,No info,13817
IndiGo,9/04/2019,Kolkata,Banglore,CCU → HYD → BLR,19:20,23:45,4h 25m,1 stop,No info,3574
Jet Airways,9/05/2019,Delhi,Cochin,DEL → BOM → COK,21:50,04:25 10 May,6h 35m,1 stop,No info,15554
Air India,27/03/2019,Delhi,Cochin,DEL → BOM → COK,21:00,19:15 28 Mar,22h 15m,1 stop,No info,6692
SpiceJet,15/06/2019,Mumbai,Hyderabad,BOM → HYD,22:45,00:15 16 Jun,1h 30m,non-stop,No check-in baggage included,1965
IndiGo,24/06/2019,Mumbai,Hyderabad,BOM → HYD,20:05,21:40,1h 35m,non-stop,No info,2227
IndiGo,9/06/2019,Chennai,Kolkata,MAA → CCU,14:45,17:05,2h 20m,non-stop,No info,3597
Jet Airways,6/06/2019,Delhi,Cochin,DEL → BOM → COK,14:00,04:25 07 Jun,14h 25m,1 stop,No info,14714
SpiceJet,9/03/2019,Kolkata,Banglore,CCU → BLR,17:15,19:45,2h 30m,non-stop,No info,4622
Jet Airways,1/05/2019,Delhi,Cochin,DEL → JAI → BOM → COK,05:30,04:25 02 May,22h 55m,2 stops,No info,15129
IndiGo,15/06/2019,Chennai,Kolkata,MAA → CCU,22:05,00:25 16 Jun,2h 20m,non-stop,No info,5277
Multiple carriers,27/03/2019,Delhi,Cochin,DEL → BOM → COK,09:00,18:50,9h 50m,1 stop,No info,11667
Jet Airways,9/06/2019,Kolkata,Banglore,CCU → DEL → BLR,17:00,19:10 10 Jun,26h 10m,1 stop,In-flight meal not included,10539
Jet Airways,9/05/2019,Kolkata,Banglore,CCU → DEL → BLR,20:25,14:25 10 May,18h,1 stop,No info,11467
Air India,12/06/2019,Delhi,Cochin,DEL → MAA → COK,17:20,09:25 13 Jun,16h 5m,1 stop,No info,7480
GoAir,24/04/2019,Banglore,Delhi,BLR → DEL,20:55,23:40,2h 45m,non-stop,No info,3419
IndiGo,27/06/2019,Delhi,Cochin,DEL → BOM → COK,10:35,01:30 28 Jun,14h 55m,1 stop,No info,5684
IndiGo,12/06/2019,Kolkata,Banglore,CCU → NAG → BLR,18:05,23:30,5h 25m,1 stop,No info,6218
Jet Airways,12/06/2019,Kolkata,Banglore,CCU → BOM → BLR,20:00,04:40 13 Jun,8h 40m,1 stop,In-flight meal not included,6959
Vistara,12/06/2019,Banglore,Delhi,BLR → DEL,19:30,22:15,2h 45m,non-stop,No info,4878
Air India,1/04/2019,Kolkata,Banglore,CCU → DEL → AMD → BLR,07:00,05:25 02 Apr,22h 25m,2 stops,No info,12219
Jet Airways,21/05/2019,Kolkata,Banglore,CCU → DEL → BLR,20:25,09:45 22 May,13h 20m,1 stop,In-flight meal not included,12384
Jet Airways,15/06/2019,Delhi,Cochin,DEL → COK,11:00,14:15,3h 15m,non-stop,In-flight meal not included,7202
SpiceJet,1/06/2019,Kolkata,Banglore,CCU → BLR,17:10,19:40,2h 30m,non-stop,No info,4174
Air India,12/05/2019,Mumbai,Hyderabad,BOM → HYD,15:00,16:25,1h 25m,non-stop,No info,3100
Jet Airways,21/03/2019,Banglore,New Delhi,BLR → BOM → DEL,08:55,15:15,6h 20m,1 stop,In-flight meal not included,7832
Multiple carriers,9/06/2019,Delhi,Cochin,DEL → HYD → COK,14:55,22:30,7h 35m,1 stop,No info,6723
Air India,6/06/2019,Kolkata,Banglore,CCU → JAI → BOM → BLR,08:20,07:55 07 Jun,23h 35m,2 stops,No info,10697
SpiceJet,1/06/2019,Kolkata,Banglore,CCU → BLR,22:20,00:40 02 Jun,2h 20m,non-stop,No check-in baggage included,3841
Air India,1/04/2019,Kolkata,Banglore,CCU → GAU → DEL → BLR,16:45,12:00 02 Apr,19h 15m,2 stops,No info,9920
IndiGo,01/03/2019,Banglore,New Delhi,BLR → DEL,18:25,21:20,2h 55m,non-stop,No info,12649
IndiGo,6/06/2019,Delhi,Cochin,DEL → BOM → COK,11:25,21:00,9h 35m,1 stop,No info,6093
Jet Airways,27/05/2019,Delhi,Cochin,DEL → JAI → BOM → COK,05:30,04:25 28 May,22h 55m,2 stops,No info,15129
Jet Airways,27/04/2019,Banglore,Delhi,BLR → DEL,17:45,20:45,3h,non-stop,In-flight meal not included,4544
Air India,27/03/2019,Kolkata,Banglore,CCU → BLR,14:15,16:45,2h 30m,non-stop,No info,5170
IndiGo,9/06/2019,Mumbai,Hyderabad,BOM → HYD,02:35,04:05,1h 30m,non-stop,No info,2754
Air India,12/06/2019,Mumbai,Hyderabad,BOM → HYD,13:55,15:25,1h 30m,non-stop,No info,3100
Air India,1/04/2019,Kolkata,Banglore,CCU → GAU → DEL → BLR,16:45,23:15 02 Apr,30h 30m,2 stops,No info,9237
Multiple carriers,15/06/2019,Delhi,Cochin,DEL → BOM → COK,13:00,01:30 16 Jun,12h 30m,1 stop,No info,7198
Jet Airways,1/06/2019,Delhi,Cochin,DEL → BOM → COK,11:30,12:35 02 Jun,25h 5m,1 stop,In-flight meal not included,10262
SpiceJet,27/03/2019,Delhi,Cochin,DEL → MAA → COK,15:55,21:55,6h,1 stop,No info,5111
Air India,27/06/2019,Delhi,Cochin,DEL → GOI → BOM → COK,22:00,19:15 28 Jun,21h 15m,2 stops,No info,10441
Multiple carriers,1/06/2019,Delhi,Cochin,DEL → BOM → COK,08:45,19:15,10h 30m,1 stop,No info,10261
IndiGo,9/03/2019,Chennai,Kolkata,MAA → CCU,19:35,21:55,2h 20m,non-stop,No info,6297
Multiple carriers,15/06/2019,Delhi,Cochin,DEL → BOM → COK,03:50,19:00,15h 10m,1 stop,No info,12192
IndiGo,15/06/2019,Banglore,Delhi,BLR → DEL,10:10,13:00,2h 50m,non-stop,No info,3943
Jet Airways,27/05/2019,Delhi,Cochin,DEL → BHO → BOM → COK,05:30,12:35,7h 5m,2 stops,No info,16274
Jet Airways,21/05/2019,Delhi,Cochin,DEL → BOM → COK,07:05,12:35,5h 30m,1 stop,In-flight meal not included,12898
SpiceJet,15/05/2019,Banglore,Delhi,BLR → DEL,05:55,08:35,2h 40m,non-stop,No info,3311
Multiple carriers,21/05/2019,Delhi,Cochin,DEL → BOM → COK,04:55,12:35,7h 40m,1 stop,No info,9103
IndiGo,15/03/2019,Kolkata,Banglore,CCU → BLR,22:10,00:55 16 Mar,2h 45m,non-stop,No info,4148
IndiGo,9/06/2019,Kolkata,Banglore,CCU → BLR,15:30,18:05,2h 35m,non-stop,No info,5224
IndiGo,9/05/2019,Kolkata,Banglore,CCU → BLR,04:40,07:15,2h 35m,non-stop,No info,4804
IndiGo,6/06/2019,Chennai,Kolkata,MAA → CCU,19:35,21:55,2h 20m,non-stop,No info,3597
IndiGo,27/06/2019,Kolkata,Banglore,CCU → BLR,11:30,14:05,2h 35m,non-stop,No info,4804
Jet Airways,6/05/2019,Mumbai,Hyderabad,BOM → HYD,10:20,11:50,1h 30m,non-stop,In-flight meal not included,4995
SpiceJet,9/04/2019,Kolkata,Banglore,CCU → BLR,09:00,11:25,2h 25m,non-stop,No info,3873
Jet Airways,1/06/2019,Delhi,Cochin,DEL → BOM → COK,15:00,04:25 02 Jun,13h 25m,1 stop,In-flight meal not included,10262
Jet Airways,18/06/2019,Mumbai,Hyderabad,BOM → HYD,19:35,21:05,1h 30m,non-stop,In-flight meal not included,3210
GoAir,9/06/2019,Delhi,Cochin,DEL → HYD → COK,07:30,13:35,6h 5m,1 stop,No info,6276
Jet Airways,09/03/2019,Banglore,New Delhi,BLR → BOM → DEL,21:25,08:15 13 Mar,10h 50m,1 stop,In-flight meal not included,9134
Jet Airways,12/03/2019,Banglore,New Delhi,BLR → BOM → DEL,18:55,13:15 13 Mar,18h 20m,1 stop,In-flight meal not included,11087
Jet Airways,1/05/2019,Kolkata,Banglore,CCU → BOM → BLR,14:05,04:40 02 May,14h 35m,1 stop,No info,13941
Air India,3/06/2019,Delhi,Cochin,DEL → COK,05:10,08:00,2h 50m,non-stop,No info,5201
IndiGo,24/04/2019,Delhi,Cochin,DEL → HYD → COK,05:05,16:10,11h 5m,1 stop,No info,6171
Air Asia,1/03/2019,Kolkata,Banglore,CCU → BLR,19:35,22:05,2h 30m,non-stop,No info,5964
Jet Airways,27/05/2019,Delhi,Cochin,DEL → AMD → BOM → COK,19:10,19:00 28 May,23h 50m,2 stops,No info,15129
Jet Airways,18/05/2019,Delhi,Cochin,DEL → JAI → BOM → COK,09:40,12:35 19 May,26h 55m,2 stops,In-flight meal not included,13029
Jet Airways,27/05/2019,Banglore,Delhi,BLR → DEL,08:20,11:20,3h,non-stop,In-flight meal not included,4030
GoAir,18/05/2019,Kolkata,Banglore,CCU → AMD → BLR,16:40,00:15 19 May,7h 35m,1 stop,No info,10586
Air India,6/03/2019,Mumbai,Hyderabad,BOM → JAI → DEL → HYD,11:35,19:25 07 Mar,31h 50m,2 stops,No info,17926
Jet Airways,6/06/2019,Delhi,Cochin,DEL → COK,11:00,14:15,3h 15m,non-stop,No info,9564
Jet Airways,15/05/2019,Kolkata,Banglore,CCU → GAU → BLR,10:20,17:35,7h 15m,1 stop,No info,8355
Multiple carriers,6/06/2019,Delhi,Cochin,DEL → BOM → COK,10:20,01:30 07 Jun,15h 10m,1 stop,No info,6795
Air India,15/05/2019,Delhi,Cochin,DEL → BLR → COK,13:30,08:15 16 May,18h 45m,1 stop,No info,10671
Air India,27/03/2019,Delhi,Cochin,DEL → UDR → BOM → COK,13:20,07:40 28 Mar,18h 20m,2 stops,No info,10178
Vistara,12/06/2019,Kolkata,Banglore,CCU → DEL → BLR,07:10,09:05 13 Jun,25h 55m,1 stop,No info,7927
Air India,18/05/2019,Mumbai,Hyderabad,BOM → HYD,13:55,15:25,1h 30m,non-stop,No info,3100
Air India,6/03/2019,Delhi,Cochin,DEL → AMD → BOM → COK,19:45,19:15 07 Mar,23h 30m,2 stops,No info,12646
IndiGo,6/03/2019,Delhi,Cochin,DEL → BLR → COK,05:05,10:05,5h,1 stop,No info,7894
IndiGo,24/06/2019,Banglore,Delhi,BLR → DEL,01:30,04:15,2h 45m,non-stop,No info,3943
Multiple carriers,9/05/2019,Delhi,Cochin,DEL → BOM → COK,11:25,19:15,7h 50m,1 stop,No info,7575
Jet Airways,6/03/2019,Delhi,Cochin,DEL → IDR → BOM → COK,05:25,19:45 07 Mar,38h 20m,2 stops,No info,16914
Vistara,24/06/2019,Delhi,Cochin,DEL → COK,14:40,17:50,3h 10m,non-stop,No info,6216
IndiGo,21/05/2019,Delhi,Cochin,DEL → BLR → COK,17:05,22:15,5h 10m,1 stop,No info,6147
IndiGo,15/05/2019,Delhi,Cochin,DEL → BOM → COK,17:30,01:30 16 May,8h,1 stop,No info,6979
Air India,27/05/2019,Delhi,Cochin,DEL → COK,18:05,21:10,3h 5m,non-stop,No info,6094
Jet Airways,27/03/2019,Delhi,Cochin,DEL → BOM → COK,20:50,04:25 28 Mar,7h 35m,1 stop,No info,12242
Air India,12/06/2019,Kolkata,Banglore,CCU → BBI → BOM → BLR,12:00,21:50,9h 50m,2 stops,No info,9416
Air India,21/03/2019,Delhi,Cochin,DEL → HYD → MAA → COK,13:15,09:25 22 Mar,20h 10m,2 stops,No info,7107
Jet Airways,9/06/2019,Delhi,Cochin,DEL → IDR → BOM → COK,21:25,19:00 10 Jun,21h 35m,2 stops,No info,13292
IndiGo,3/03/2019,Chennai,Kolkata,MAA → CCU,07:55,10:15,2h 20m,non-stop,No info,7295
IndiGo,18/04/2019,Banglore,Delhi,BLR → DEL,00:30,03:25,2h 55m,non-stop,No info,4423
IndiGo,24/03/2019,Banglore,New Delhi,BLR → DEL,23:30,02:20 28 Mar,2h 50m,non-stop,No info,5694
Jet Airways,24/03/2019,Banglore,New Delhi,BLR → BOM → DEL,05:45,10:25,4h 40m,1 stop,In-flight meal not included,8147
Multiple carriers,27/05/2019,Delhi,Cochin,DEL → BOM → COK,13:00,01:30 28 May,12h 30m,1 stop,No info,13377
Jet Airways,06/03/2019,Banglore,New Delhi,BLR → BOM → DEL,14:05,00:45 07 Mar,10h 40m,1 stop,In-flight meal not included,13502
Jet Airways,9/03/2019,Delhi,Cochin,DEL → BHO → BOM → COK,05:40,04:25 10 Mar,22h 45m,2 stops,In-flight meal not included,13764
Jet Airways,6/06/2019,Kolkata,Banglore,CCU → DEL → BLR,17:00,09:45 07 Jun,16h 45m,1 stop,No info,12692
IndiGo,18/05/2019,Kolkata,Banglore,CCU → BLR,17:15,19:50,2h 35m,non-stop,No info,4804
Jet Airways,1/04/2019,Kolkata,Banglore,CCU → BOM → BLR,08:25,09:20 02 Apr,24h 55m,1 stop,In-flight meal not included,7064
Jet Airways,24/06/2019,Delhi,Cochin,DEL → BOM → COK,07:05,12:35,5h 30m,1 stop,No info,14924
IndiGo,1/03/2019,Kolkata,Banglore,CCU → BLR,15:20,17:55,2h 35m,non-stop,No info,6565
Air India,18/05/2019,Delhi,Cochin,DEL → AMD → BOM → COK,16:40,19:15 19 May,26h 35m,2 stops,No info,9863
IndiGo,6/03/2019,Delhi,Cochin,DEL → BOM → COK,16:00,21:00,5h,1 stop,No info,7725
Air India,15/05/2019,Delhi,Cochin,DEL → GOI → BOM → COK,22:00,19:15 16 May,21h 15m,2 stops,No info,11281
Jet Airways,21/05/2019,Mumbai,Hyderabad,BOM → HYD,19:35,21:05,1h 30m,non-stop,In-flight meal not included,3210
Air India,1/05/2019,Kolkata,Banglore,CCU → HYD → BLR,19:00,04:40 02 May,9h 40m,1 stop,No info,6117
Jet Airways,24/06/2019,Delhi,Cochin,DEL → BOM → COK,16:00,04:25 25 Jun,12h 25m,1 stop,In-flight meal not included,10262
IndiGo,1/04/2019,Banglore,Delhi,BLR → DEL,04:00,06:50,2h 50m,non-stop,No info,3943
Jet Airways,12/06/2019,Kolkata,Banglore,CCU → BOM → BLR,18:55,04:40 13 Jun,9h 45m,1 stop,No info,12576
Air Asia,21/04/2019,Delhi,Cochin,DEL → BLR → COK,07:55,13:25,5h 30m,1 stop,No info,7452
Jet Airways,1/05/2019,Kolkata,Banglore,CCU → BOM → BLR,06:30,16:20,9h 50m,1 stop,No info,14781
Air India,12/06/2019,Kolkata,Banglore,CCU → BBI → BLR,09:10,13:15,4h 5m,1 stop,No info,8996
Air India,6/03/2019,Delhi,Cochin,DEL → BLR → COK,13:30,08:15 07 Mar,18h 45m,1 stop,No info,11563
IndiGo,09/03/2019,Banglore,New Delhi,BLR → DEL,04:00,06:50,2h 50m,non-stop,No info,4777
IndiGo,9/04/2019,Kolkata,Banglore,CCU → BLR,15:30,18:05,2h 35m,non-stop,No info,4174
SpiceJet,6/06/2019,Kolkata,Banglore,CCU → BLR,17:10,19:40,2h 30m,non-stop,No check-in baggage included,3841
Jet Airways,24/06/2019,Delhi,Cochin,DEL → ATQ → BOM → COK,18:20,04:25 25 Jun,10h 5m,2 stops,No info,13775
Air India,27/03/2019,Delhi,Cochin,DEL → MAA → COK,17:20,09:25 28 Mar,16h 5m,1 stop,No info,5117
Jet Airways,15/06/2019,Mumbai,Hyderabad,BOM → HYD,19:35,21:05,1h 30m,non-stop,No info,5678
Jet Airways,1/04/2019,Delhi,Cochin,DEL → BOM → COK,14:00,19:00,5h,1 stop,In-flight meal not included,5177
SpiceJet,9/05/2019,Delhi,Cochin,DEL → BLR → COK,17:55,22:50,4h 55m,1 stop,No info,5975
IndiGo,03/03/2019,Banglore,New Delhi,BLR → DEL,00:40,03:25,2h 45m,non-stop,No info,6860
IndiGo,18/05/2019,Kolkata,Banglore,CCU → BLR,09:35,12:20,2h 45m,non-stop,No info,4804
Multiple carriers,27/06/2019,Delhi,Cochin,DEL → BOM → COK,11:30,01:30 28 Jun,14h,1 stop,No info,13377
Air India,21/05/2019,Delhi,Cochin,DEL → BOM → COK,10:00,19:15,9h 15m,1 stop,No info,8372
Multiple carriers,1/06/2019,Delhi,Cochin,DEL → BOM → COK,09:00,21:00,12h,1 stop,No info,7933
IndiGo,15/05/2019,Mumbai,Hyderabad,BOM → HYD,06:25,07:55,1h 30m,non-stop,No info,4049
Air India,03/03/2019,Banglore,New Delhi,BLR → DEL,10:00,12:45,2h 45m,non-stop,No info,11423
Jet Airways,15/05/2019,Kolkata,Banglore,CCU → BOM → BLR,18:55,16:20 16 May,21h 25m,1 stop,In-flight meal not included,10844
Jet Airways,21/03/2019,Delhi,Cochin,DEL → JAI → BOM → COK,09:40,04:25 23 Mar,42h 45m,2 stops,No info,12819
SpiceJet,18/04/2019,Banglore,Delhi,BLR → DEL,21:10,00:05 19 Apr,2h 55m,non-stop,No info,5621
Air India,9/05/2019,Banglore,Delhi,BLR → DEL,17:00,19:45,2h 45m,non-stop,No info,5228
Jet Airways,27/03/2019,Delhi,Cochin,DEL → IDR → BOM → COK,05:25,19:45 28 Mar,38h 20m,2 stops,In-flight meal not included,9254
IndiGo,1/05/2019,Mumbai,Hyderabad,BOM → HYD,06:25,07:55,1h 30m,non-stop,No info,4392
Jet Airways,21/03/2019,Mumbai,Hyderabad,BOM → HYD,10:20,11:50,1h 30m,non-stop,No info,8040
Air Asia,27/04/2019,Banglore,Delhi,BLR → DEL,11:10,13:55,2h 45m,non-stop,No info,4483
Air India,3/03/2019,Delhi,Cochin,DEL → HYD → MAA → COK,09:45,09:25 04 Mar,23h 40m,2 stops,No info,12760
Jet Airways,15/05/2019,Banglore,Delhi,BLR → DEL,15:15,18:10,2h 55m,non-stop,No info,7229
Vistara,24/04/2019,Banglore,Delhi,BLR → DEL,07:00,09:40,2h 40m,non-stop,No info,5403
Air India,21/03/2019,Delhi,Cochin,DEL → BOM → COK,07:00,19:15,12h 15m,1 stop,No info,7934
GoAir,15/05/2019,Kolkata,Banglore,CCU → BOM → BLR,23:30,07:45 16 May,8h 15m,1 stop,No info,6945
SpiceJet,6/04/2019,Banglore,Delhi,BLR → DEL,09:30,12:20,2h 50m,non-stop,No info,4423
Jet Airways,15/03/2019,Mumbai,Hyderabad,BOM → HYD,07:10,08:35,1h 25m,non-stop,No info,8040
Jet Airways,9/05/2019,Delhi,Cochin,DEL → BOM → COK,08:00,19:00,11h,1 stop,In-flight meal not included,11399
Jet Airways,21/04/2019,Delhi,Cochin,DEL → COK,11:00,14:15,3h 15m,non-stop,In-flight meal not included,7202
Multiple carriers,9/05/2019,Delhi,Cochin,DEL → BOM → COK,11:30,21:00,9h 30m,1 stop,No info,13727
SpiceJet,24/06/2019,Delhi,Cochin,DEL → BLR → COK,17:55,22:50,4h 55m,1 stop,No info,4957
Jet Airways,3/06/2019,Delhi,Cochin,DEL → BOM → COK,13:00,19:00,6h,1 stop,In-flight meal not included,10262
SpiceJet,3/04/2019,Mumbai,Hyderabad,BOM → HYD,05:45,07:15,1h 30m,non-stop,No info,2017
Jet Airways,27/03/2019,Delhi,Cochin,DEL → BOM → COK,18:15,04:25 28 Mar,10h 10m,1 stop,No info,12242
Jet Airways,1/03/2019,Mumbai,Hyderabad,BOM → HYD,10:20,11:50,1h 30m,non-stop,No info,10875
Jet Airways,9/06/2019,Kolkata,Banglore,CCU → BOM → BLR,14:05,20:45,6h 40m,1 stop,In-flight meal not included,10844
Air Asia,3/06/2019,Kolkata,Banglore,CCU → BLR,10:20,12:55,2h 35m,non-stop,No info,4409
Air India,21/03/2019,Banglore,New Delhi,BLR → COK → DEL,06:55,23:20,16h 25m,1 stop,No info,6987
Jet Airways,27/03/2019,Delhi,Cochin,DEL → BHO → BOM → COK,05:40,04:25 28 Mar,22h 45m,2 stops,No info,12074
Multiple carriers,6/06/2019,Delhi,Cochin,DEL → BOM → COK,11:25,19:15,7h 50m,1 stop,No info,7354
Air India,3/06/2019,Delhi,Cochin,DEL → CCU → BOM → COK,16:55,19:15 04 Jun,26h 20m,2 stops,No info,13381
Air India,15/06/2019,Delhi,Cochin,DEL → COK,05:10,08:00,2h 50m,non-stop,No info,5201
Jet Airways,1/05/2019,Kolkata,Banglore,CCU → BOM → BLR,16:30,12:00 02 May,19h 30m,1 stop,In-flight meal not included,9663
Air India,9/05/2019,Delhi,Cochin,DEL → COK,18:05,21:10,3h 5m,non-stop,No info,6094
Jet Airways,12/05/2019,Delhi,Cochin,DEL → COK,11:00,14:15,3h 15m,non-stop,In-flight meal not included,7202
Vistara,6/06/2019,Chennai,Kolkata,MAA → CCU,17:45,20:05,2h 20m,non-stop,No info,11982
Jet Airways,21/03/2019,Banglore,New Delhi,BLR → BOM → DEL,07:00,16:10,9h 10m,1 stop,In-flight meal not included,7832
Air India,9/03/2019,Chennai,Kolkata,MAA → CCU,11:40,13:55,2h 15m,non-stop,No info,7817
Jet Airways,18/05/2019,Delhi,Cochin,DEL → BOM → COK,13:00,19:00,6h,1 stop,In-flight meal not included,12373
Jet Airways,18/05/2019,Kolkata,Banglore,CCU → BOM → BLR,08:25,18:15,9h 50m,1 stop,In-flight meal not included,10844
Jet Airways,9/06/2019,Delhi,Cochin,DEL → NAG → BOM → COK,06:45,12:35 10 Jun,29h 50m,2 stops,No info,13376
Multiple carriers,27/06/2019,Delhi,Cochin,DEL → HYD → COK,09:45,16:10,6h 25m,1 stop,No info,9646
SpiceJet,6/06/2019,Kolkata,Banglore,CCU → BLR,22:20,00:40 07 Jun,2h 20m,non-stop,No check-in baggage included,3841
SpiceJet,21/03/2019,Delhi,Cochin,DEL → BLR → COK,16:35,22:50,6h 15m,1 stop,No info,4957
IndiGo,9/03/2019,Kolkata,Banglore,CCU → BLR,21:25,00:05 10 Mar,2h 40m,non-stop,No info,4148
Jet Airways,01/03/2019,Banglore,New Delhi,BLR → BOM → DEL,22:50,05:05 02 Mar,6h 15m,1 stop,No info,26890
Jet Airways,27/03/2019,Delhi,Cochin,DEL → AMD → BOM → COK,19:10,19:45 28 Mar,24h 35m,2 stops,In-flight meal not included,8834
IndiGo,24/04/2019,Delhi,Cochin,DEL → BLR → COK,02:00,07:45,5h 45m,1 stop,No info,5241
Jet Airways,27/05/2019,Delhi,Cochin,DEL → COK,11:00,14:15,3h 15m,non-stop,In-flight meal not included,7989
IndiGo,12/06/2019,Delhi,Cochin,DEL → BOM → COK,10:35,01:30 13 Jun,14h 55m,1 stop,No info,5883
Air Asia,18/05/2019,Kolkata,Banglore,CCU → BBI → BLR,06:50,10:30,3h 40m,1 stop,No info,6857
SpiceJet,15/03/2019,Banglore,New Delhi,BLR → HYD → DEL,15:35,23:40,8h 5m,1 stop,No info,5822
Jet Airways,9/06/2019,Delhi,Cochin,DEL → BOM → COK,15:00,04:25 10 Jun,13h 25m,1 stop,In-flight meal not included,10262
Jet Airways,12/06/2019,Mumbai,Hyderabad,BOM → HYD,07:05,08:30,1h 25m,non-stop,In-flight meal not included,4995
SpiceJet,21/04/2019,Banglore,Delhi,BLR → DEL,09:30,12:20,2h 50m,non-stop,No info,4991
Jet Airways,06/03/2019,Banglore,New Delhi,BLR → BOM → DEL,05:45,21:20,15h 35m,1 stop,No info,16736
Jet Airways,12/06/2019,Delhi,Cochin,DEL → JDH → BOM → COK,11:40,19:00,7h 20m,2 stops,No info,18804
IndiGo,1/06/2019,Delhi,Cochin,DEL → HYD → COK,08:35,22:30,13h 55m,1 stop,No info,6442
Air India,18/03/2019,Kolkata,Banglore,CCU → BLR,14:15,16:45,2h 30m,non-stop,No info,5170
SpiceJet,18/03/2019,Banglore,New Delhi,BLR → DEL,20:30,23:20,2h 50m,non-stop,No info,4377
Jet Airways,9/06/2019,Delhi,Cochin,DEL → COK,11:00,14:15,3h 15m,non-stop,No info,9564
SpiceJet,27/06/2019,Banglore,Delhi,BLR → DEL,05:55,08:35,2h 40m,non-stop,No check-in baggage included,3573
Jet Airways,6/03/2019,Delhi,Cochin,DEL → BOM → COK,17:30,19:45 07 Mar,26h 15m,1 stop,No info,17024
Air Asia,21/05/2019,Banglore,Delhi,BLR → DEL,04:55,07:45,2h 50m,non-stop,No info,3383
Jet Airways,01/03/2019,Banglore,New Delhi,BLR → BOM → DEL,14:05,20:20,6h 15m,1 stop,No info,27992
Jet Airways,12/05/2019,Banglore,Delhi,BLR → DEL,08:20,11:20,3h,non-stop,No info,7229
Jet Airways,15/03/2019,Banglore,New Delhi,BLR → BOM → DEL,05:45,10:25,4h 40m,1 stop,In-flight meal not included,9134
Air India,21/06/2019,Mumbai,Hyderabad,BOM → HYD,15:00,16:25,1h 25m,non-stop,No info,3100
Multiple carriers,15/05/2019,Delhi,Cochin,DEL → BOM → COK,09:00,21:00,12h,1 stop,No info,13727
Vistara,1/04/2019,Kolkata,Banglore,CCU → DEL → BLR,07:10,20:20,13h 10m,1 stop,No info,8452
Jet Airways,3/06/2019,Delhi,Cochin,DEL → BOM → COK,10:00,19:00,9h,1 stop,No info,14714
Jet Airways,15/03/2019,Banglore,New Delhi,BLR → MAA → DEL,09:45,15:55,6h 10m,1 stop,In-flight meal not included,7280
Air India,6/03/2019,Mumbai,Hyderabad,BOM → GOI → PNQ → HYD,13:30,16:55,3h 25m,2 stops,No info,18797
IndiGo,3/06/2019,Mumbai,Hyderabad,BOM → HYD,12:00,13:30,1h 30m,non-stop,No info,2754
Air Asia,3/06/2019,Kolkata,Banglore,CCU → BLR,22:50,01:20 04 Jun,2h 30m,non-stop,No info,4409
IndiGo,27/04/2019,Delhi,Cochin,DEL → COK,14:20,17:35,3h 15m,non-stop,No info,5021
Jet Airways,9/03/2019,Mumbai,Hyderabad,BOM → HYD,06:30,08:00,1h 30m,non-stop,No info,8040
Air India,15/06/2019,Delhi,Cochin,DEL → BOM → COK,09:00,19:15,10h 15m,1 stop,No info,10454
Multiple carriers,15/05/2019,Delhi,Cochin,DEL → BOM → COK,03:50,12:35,8h 45m,1 stop,No info,10197
Air India,12/05/2019,Banglore,Delhi,BLR → DEL,06:10,08:55,2h 45m,non-stop,No info,5228
Jet Airways,9/06/2019,Delhi,Cochin,DEL → BOM → COK,14:00,19:00,5h,1 stop,No info,14714
Air India,15/03/2019,Banglore,New Delhi,BLR → DEL,06:10,08:55,2h 45m,non-stop,No info,7276
IndiGo,27/03/2019,Delhi,Cochin,DEL → BBI → COK,02:35,08:30,5h 55m,1 stop,No info,7731
Air Asia,18/05/2019,Kolkata,Banglore,CCU → BBI → BLR,19:55,23:30,3h 35m,1 stop,No info,6857
Air India,18/06/2019,Banglore,Delhi,BLR → DEL,05:45,08:45,3h,non-stop,No info,6961
Jet Airways,21/03/2019,Delhi,Cochin,DEL → BDQ → BOM → COK,10:45,04:25 22 Mar,17h 40m,2 stops,In-flight meal not included,7791
IndiGo,21/03/2019,Banglore,New Delhi,BLR → DEL,10:10,13:00,2h 50m,non-stop,No info,4777
Jet Airways,9/03/2019,Delhi,Cochin,DEL → BOM → COK,19:15,04:25 10 Mar,9h 10m,1 stop,No info,16289
Jet Airways,1/04/2019,Kolkata,Banglore,CCU → BOM → BLR,18:55,04:40 02 Apr,9h 45m,1 stop,No info,12681
IndiGo,27/04/2019,Banglore,Delhi,BLR → DEL,18:25,21:20,2h 55m,non-stop,No info,4823
Jet Airways,9/06/2019,Delhi,Cochin,DEL → JAI → BOM → COK,09:40,12:35 10 Jun,26h 55m,2 stops,No info,13014
Jet Airways,6/04/2019,Delhi,Cochin,DEL → BOM → COK,07:05,19:00,11h 55m,1 stop,In-flight meal not included,5406
Multiple carriers,15/05/2019,Delhi,Cochin,DEL → BOM → COK,07:30,19:00,11h 30m,1 stop,No info,9315
Air India,9/05/2019,Delhi,Cochin,DEL → MAA → COK,12:30,09:25 10 May,20h 55m,1 stop,No info,7480
Jet Airways,18/03/2019,Banglore,New Delhi,BLR → BOM → DEL,14:05,19:10,5h 5m,1 stop,No info,14815
Air India,24/03/2019,Kolkata,Banglore,CCU → DEL → BLR,20:30,16:15 25 Mar,19h 45m,1 stop,No info,12173
Air India,15/03/2019,Banglore,New Delhi,BLR → CCU → BBI → DEL,05:50,23:45,17h 55m,2 stops,No info,7664
Air India,6/06/2019,Delhi,Cochin,DEL → HYD → BOM → COK,17:15,19:15 07 Jun,26h,2 stops,No info,12777
Multiple carriers,27/05/2019,Delhi,Cochin,DEL → BOM → COK,07:30,19:15,11h 45m,1 stop,No info,8837
Jet Airways,1/05/2019,Kolkata,Banglore,CCU → BOM → BLR,21:10,10:05 02 May,12h 55m,1 stop,In-flight meal not included,10844
Jet Airways,24/05/2019,Kolkata,Banglore,CCU → BOM → BLR,06:30,19:50,13h 20m,1 stop,No info,14571
IndiGo,15/06/2019,Delhi,Cochin,DEL → BOM → COK,07:30,21:00,13h 30m,1 stop,No info,6093
IndiGo,6/03/2019,Delhi,Cochin,DEL → HYD → COK,08:35,16:10,7h 35m,1 stop,No info,7514
IndiGo,18/05/2019,Delhi,Cochin,DEL → COK,14:25,17:40,3h 15m,non-stop,No info,6015
Jet Airways,21/05/2019,Delhi,Cochin,DEL → BOM → COK,10:00,04:25 22 May,18h 25m,1 stop,In-flight meal not included,12898
Air India,1/06/2019,Delhi,Cochin,DEL → BOM → COK,19:00,19:15 02 Jun,24h 15m,1 stop,No info,8792
IndiGo,15/05/2019,Banglore,Delhi,BLR → DEL,08:30,11:20,2h 50m,non-stop,No info,4823
SpiceJet,1/04/2019,Banglore,Delhi,BLR → DEL,05:55,08:35,2h 40m,non-stop,No check-in baggage included,3919
IndiGo,1/05/2019,Chennai,Kolkata,MAA → CCU,13:15,15:35,2h 20m,non-stop,No info,3597
SpiceJet,21/05/2019,Mumbai,Hyderabad,BOM → HYD,05:45,07:15,1h 30m,non-stop,No info,2017
Air Asia,27/06/2019,Banglore,Delhi,BLR → DEL,23:55,02:45 28 Jun,2h 50m,non-stop,No info,3383
SpiceJet,18/06/2019,Mumbai,Hyderabad,BOM → HYD,22:45,00:15 19 Jun,1h 30m,non-stop,No check-in baggage included,1965
Jet Airways,24/06/2019,Delhi,Cochin,DEL → BOM → COK,02:15,12:35,10h 20m,1 stop,In-flight meal not included,10262
Jet Airways,3/03/2019,Delhi,Cochin,DEL → BOM → COK,16:00,04:25 04 Mar,12h 25m,1 stop,No info,17234
Jet Airways,9/06/2019,Kolkata,Banglore,CCU → BOM → BLR,20:00,04:40 10 Jun,8h 40m,1 stop,No info,14178
IndiGo,3/06/2019,Delhi,Cochin,DEL → MAA → COK,02:00,07:25,5h 25m,1 stop,No info,5636
IndiGo,15/04/2019,Banglore,Delhi,BLR → DEL,18:55,21:50,2h 55m,non-stop,No info,4823
Air India,21/05/2019,Delhi,Cochin,DEL → MAA → COK,12:30,09:25 22 May,20h 55m,1 stop,No info,7480
Jet Airways,9/06/2019,Kolkata,Banglore,CCU → BOM → BLR,18:55,16:20 10 Jun,21h 25m,1 stop,No info,14571
IndiGo,1/03/2019,Mumbai,Hyderabad,BOM → HYD,09:10,10:40,1h 30m,non-stop,No info,13999
Jet Airways,18/05/2019,Kolkata,Banglore,CCU → DEL → BLR,20:25,21:05 19 May,24h 40m,1 stop,No info,14151
Air India,1/05/2019,Banglore,Delhi,BLR → DEL,21:05,23:55,2h 50m,non-stop,No info,6121
SpiceJet,24/05/2019,Chennai,Kolkata,MAA → CCU,08:20,10:35,2h 15m,non-stop,No check-in baggage included,3543
Air India,18/05/2019,Delhi,Cochin,DEL → AMD → BOM → COK,19:45,19:15 19 May,23h 30m,2 stops,No info,10651
Jet Airways,21/05/2019,Delhi,Cochin,DEL → AMD → BOM → COK,23:05,04:25 23 May,29h 20m,2 stops,No info,15129
IndiGo,24/06/2019,Delhi,Cochin,DEL → MAA → COK,07:15,12:30,5h 15m,1 stop,No info,6582
Jet Airways,27/05/2019,Delhi,Cochin,DEL → BHO → BOM → COK,05:30,12:35,7h 5m,2 stops,In-flight meal not included,15544
IndiGo,27/03/2019,Delhi,Cochin,DEL → BOM → COK,18:35,01:35 28 Mar,7h,1 stop,No info,8574
IndiGo,9/03/2019,Mumbai,Hyderabad,BOM → HYD,02:30,04:00,1h 30m,non-stop,No info,4784
IndiGo,3/06/2019,Delhi,Cochin,DEL → HYD → COK,05:05,12:10,7h 5m,1 stop,No info,6818
Jet Airways,01/03/2019,Banglore,New Delhi,BLR → BOM → DEL,14:05,09:30 02 Mar,19h 25m,1 stop,No info,25735
Jet Airways,9/04/2019,Delhi,Cochin,DEL → AMD → BOM → COK,13:25,19:00 10 Apr,29h 35m,2 stops,No info,9483
Jet Airways,24/06/2019,Delhi,Cochin,DEL → JAI → BOM → COK,19:30,12:35 25 Jun,17h 5m,2 stops,In-flight meal not included,10368
Multiple carriers,15/05/2019,Delhi,Cochin,DEL → BOM → COK,09:00,21:00,12h,1 stop,No info,8073
IndiGo,1/03/2019,Kolkata,Banglore,CCU → BLR,22:10,00:55 02 Mar,2h 45m,non-stop,No info,4778
Jet Airways,18/05/2019,Kolkata,Banglore,CCU → BOM → BLR,20:00,04:40 19 May,8h 40m,1 stop,No info,13941
Jet Airways,1/05/2019,Kolkata,Banglore,CCU → BOM → BLR,16:30,22:35,6h 5m,1 stop,In-flight meal not included,10844
Jet Airways,9/05/2019,Kolkata,Banglore,CCU → BOM → BLR,06:30,19:50,13h 20m,1 stop,In-flight meal not included,10844
SpiceJet,24/05/2019,Kolkata,Banglore,CCU → BLR,09:00,11:25,2h 25m,non-stop,No check-in baggage included,3841
Jet Airways,15/05/2019,Kolkata,Banglore,CCU → BOM → BLR,06:30,16:20,9h 50m,1 stop,In-flight meal not included,10844
Jet Airways,27/03/2019,Delhi,Cochin,DEL → MAA → BOM → COK,05:10,18:50,13h 40m,2 stops,In-flight meal not included,8728
Jet Airways,1/05/2019,Kolkata,Banglore,CCU → DEL → BLR,20:25,14:25 02 May,18h,1 stop,No info,11467
Multiple carriers,6/03/2019,Delhi,Cochin,DEL → BOM → COK,09:00,15:30,6h 30m,1 stop,No info,15078
Multiple carriers,6/06/2019,Delhi,Cochin,DEL → BOM → COK,17:00,01:30 07 Jun,8h 30m,1 stop,No info,7198
Air India,24/06/2019,Delhi,Cochin,DEL → BOM → COK,21:00,07:40 25 Jun,10h 40m,1 stop,No info,8372
Multiple carriers,27/05/2019,Delhi,Cochin,DEL → BOM → COK,16:00,01:30 28 May,9h 30m,1 stop,In-flight meal not included,7308
SpiceJet,27/03/2019,Delhi,Cochin,DEL → PNQ → COK,08:45,13:15,4h 30m,1 stop,No check-in baggage included,4414
IndiGo,18/04/2019,Kolkata,Banglore,CCU → BLR,14:25,16:55,2h 30m,non-stop,No info,5224
Jet Airways,21/03/2019,Banglore,New Delhi,BLR → BOM → DEL,05:45,16:10,10h 25m,1 stop,In-flight meal not included,7832
IndiGo,09/03/2019,Banglore,New Delhi,BLR → DEL,01:30,04:15,2h 45m,non-stop,No info,6860
Multiple carriers,6/03/2019,Delhi,Cochin,DEL → BOM → COK,13:00,01:35 07 Mar,12h 35m,1 stop,In-flight meal not included,15136
Jet Airways,27/03/2019,Delhi,Cochin,DEL → BOM → COK,16:00,19:45 28 Mar,27h 45m,1 stop,In-flight meal not included,5963
Air India,27/03/2019,Delhi,Cochin,DEL → HYD → BOM → COK,21:30,19:15 28 Mar,21h 45m,2 stops,No info,8665
Jet Airways,21/05/2019,Delhi,Cochin,DEL → AMD → BOM → COK,23:05,04:25 23 May,29h 20m,2 stops,No info,15129
SpiceJet,18/05/2019,Kolkata,Banglore,CCU → BLR,17:10,19:40,2h 30m,non-stop,No check-in baggage included,3841
Multiple carriers,9/06/2019,Delhi,Cochin,DEL → BOM → COK,10:00,01:30 10 Jun,15h 30m,1 stop,No info,13377
Jet Airways,9/03/2019,Delhi,Cochin,DEL → IDR → BOM → COK,05:25,04:25 10 Mar,23h,2 stops,No info,16914
Jet Airways,9/06/2019,Delhi,Cochin,DEL → BOM → COK,02:15,19:00,16h 45m,1 stop,In-flight meal not included,10262
IndiGo,9/05/2019,Kolkata,Banglore,CCU → MAA → BLR,17:35,22:15,4h 40m,1 stop,No info,5386
Jet Airways,15/05/2019,Kolkata,Banglore,CCU → BOM → BLR,21:10,04:40 16 May,7h 30m,1 stop,No info,14388
Jet Airways,27/05/2019,Delhi,Cochin,DEL → JAI → BOM → COK,05:30,19:00,13h 30m,2 stops,No info,15129
IndiGo,15/05/2019,Delhi,Cochin,DEL → HYD → COK,11:55,22:30,10h 35m,1 stop,No info,6442
Jet Airways,3/06/2019,Delhi,Cochin,DEL → JAI → BOM → COK,19:30,12:35 04 Jun,17h 5m,2 stops,In-flight meal not included,10368
Jet Airways,21/03/2019,Delhi,Cochin,DEL → BOM → COK,15:00,18:50 22 Mar,27h 50m,1 stop,No info,12767
Jet Airways,6/06/2019,Delhi,Cochin,DEL → BOM → COK,15:00,04:25 07 Jun,13h 25m,1 stop,In-flight meal not included,10262
Multiple carriers,12/06/2019,Delhi,Cochin,DEL → BOM → COK,08:00,21:00,13h,1 stop,No info,7408
Multiple carriers,27/06/2019,Delhi,Cochin,DEL → BOM → COK,10:00,21:00,11h,1 stop,No info,13587
Air India,15/05/2019,Kolkata,Banglore,CCU → BOM → BLR,16:50,07:55 16 May,15h 5m,1 stop,No info,8891
IndiGo,6/06/2019,Delhi,Cochin,DEL → BOM → COK,10:35,01:30 07 Jun,14h 55m,1 stop,No info,5883
Jet Airways,27/06/2019,Delhi,Cochin,DEL → BOM → COK,13:00,12:35 28 Jun,23h 35m,1 stop,In-flight meal not included,10262
Jet Airways,9/06/2019,Kolkata,Banglore,CCU → BOM → BLR,21:10,20:45 10 Jun,23h 35m,1 stop,In-flight meal not included,10844
Jet Airways,9/05/2019,Kolkata,Banglore,CCU → BOM → BLR,06:30,19:50,13h 20m,1 stop,No info,14781
IndiGo,15/03/2019,Chennai,Kolkata,MAA → CCU,14:40,17:05,2h 25m,non-stop,No info,6297
Air Asia,12/05/2019,Kolkata,Banglore,CCU → BLR,22:50,01:20 13 May,2h 30m,non-stop,No info,4409
Air India,9/06/2019,Delhi,Cochin,DEL → GOI → BOM → COK,10:55,19:15,8h 20m,2 stops,No info,12383
SpiceJet,3/05/2019,Mumbai,Hyderabad,BOM → HYD,13:15,14:45,1h 30m,non-stop,No info,2017
Air India,6/03/2019,Mumbai,Hyderabad,BOM → DEL → HYD,19:00,09:10 07 Mar,14h 10m,1 stop,No info,12308
SpiceJet,18/03/2019,Chennai,Kolkata,MAA → CCU,17:45,20:05,2h 20m,non-stop,No info,3384
Jet Airways,15/03/2019,Banglore,New Delhi,BLR → BOM → DEL,08:55,16:10,7h 15m,1 stop,In-flight meal not included,9134
IndiGo,18/05/2019,Delhi,Cochin,DEL → MAA → COK,02:00,07:25,5h 25m,1 stop,No info,7464
Multiple carriers,27/04/2019,Delhi,Cochin,DEL → HYD → COK,07:10,16:10,9h,1 stop,In-flight meal not included,6093
Multiple carriers,3/03/2019,Delhi,Cochin,DEL → BOM → COK,04:00,18:50,14h 50m,1 stop,No info,15237
Jet Airways,1/05/2019,Mumbai,Hyderabad,BOM → HYD,07:05,08:30,1h 25m,non-stop,In-flight meal not included,4995
Air India,24/05/2019,Delhi,Cochin,DEL → COK,14:10,17:10,3h,non-stop,No info,6934
Jet Airways,1/04/2019,Kolkata,Banglore,CCU → BOM → BLR,21:10,10:05 02 Apr,12h 55m,1 stop,No info,13784
Air Asia,15/06/2019,Kolkata,Banglore,CCU → BLR,10:20,12:55,2h 35m,non-stop,No info,4409
Multiple carriers,27/05/2019,Delhi,Cochin,DEL → BOM → COK,13:00,19:15,6h 15m,1 stop,No info,15898
Air India,21/05/2019,Delhi,Cochin,DEL → HYD → BOM → COK,17:15,19:15 22 May,26h,2 stops,No info,11989
SpiceJet,3/06/2019,Mumbai,Hyderabad,BOM → HYD,13:15,14:45,1h 30m,non-stop,No info,2017
Multiple carriers,1/06/2019,Delhi,Cochin,DEL → BOM → COK,04:55,19:00,14h 5m,1 stop,No info,11098
IndiGo,21/05/2019,Delhi,Cochin,DEL → BOM → COK,17:30,01:30 22 May,8h,1 stop,No info,6794
Jet Airways,1/05/2019,Kolkata,Banglore,CCU → BOM → BLR,21:10,09:20 02 May,12h 10m,1 stop,In-flight meal not included,10844
Multiple carriers,9/03/2019,Delhi,Cochin,DEL → IDR → BOM → COK,15:05,01:35 10 Mar,10h 30m,2 stops,No info,34608
Air India,15/05/2019,Delhi,Cochin,DEL → COK,14:10,17:10,3h,non-stop,No info,6094
IndiGo,9/05/2019,Kolkata,Banglore,CCU → HYD → BLR,15:15,20:30,5h 15m,1 stop,No info,4565
Air India,27/05/2019,Delhi,Cochin,DEL → RPR → NAG → BOM → COK,05:15,19:15 28 May,38h,3 stops,No info,10493
Air India,27/06/2019,Delhi,Cochin,DEL → AMD → BOM → COK,19:45,19:15 28 Jun,23h 30m,2 stops,No info,9653
Air India,18/03/2019,Banglore,New Delhi,BLR → BOM → NAG → DEL,06:45,10:35 16 Mar,27h 50m,2 stops,No info,12305
Air India,15/05/2019,Banglore,Delhi,BLR → DEL,10:00,12:45,2h 45m,non-stop,No info,6961
Multiple carriers,15/05/2019,Delhi,Cochin,DEL → BOM → COK,06:00,12:35,6h 35m,1 stop,No info,9794
Multiple carriers,27/05/2019,Delhi,Cochin,DEL → BOM → COK,17:30,01:30 28 May,8h,1 stop,No info,13377
Jet Airways,27/05/2019,Delhi,Cochin,DEL → BOM → COK,02:15,19:00,16h 45m,1 stop,In-flight meal not included,12898
Multiple carriers,27/06/2019,Delhi,Cochin,DEL → BOM → COK,11:25,19:15,7h 50m,1 stop,No info,7155
Multiple carriers,24/06/2019,Delhi,Cochin,DEL → BOM → COK,15:00,01:30 25 Jun,10h 30m,1 stop,No info,13377
Vistara,3/05/2019,Banglore,Delhi,BLR → DEL,11:30,14:20,2h 50m,non-stop,No info,4668
IndiGo,01/03/2019,Banglore,New Delhi,BLR → HYD → DEL,07:30,12:20,4h 50m,1 stop,No info,8110
Jet Airways,6/04/2019,Banglore,Delhi,BLR → DEL,08:20,11:20,3h,non-stop,In-flight meal not included,4544
Air India,27/06/2019,Delhi,Cochin,DEL → AMD → BOM → COK,16:40,19:15 28 Jun,26h 35m,2 stops,No info,9653
Jet Airways,1/05/2019,Kolkata,Banglore,CCU → BOM → BLR,08:25,18:15,9h 50m,1 stop,No info,14781
Vistara Premium economy,6/04/2019,Banglore,Delhi,BLR → DEL,11:30,14:20,2h 50m,non-stop,No info,5969
SpiceJet,3/04/2019,Mumbai,Hyderabad,BOM → HYD,13:15,14:45,1h 30m,non-stop,No info,2017
Jet Airways,6/06/2019,Kolkata,Banglore,CCU → DEL → BLR,17:00,23:35,6h 35m,1 stop,No info,14151
Jet Airways,9/06/2019,Kolkata,Banglore,CCU → BOM → BLR,16:30,04:40 10 Jun,12h 10m,1 stop,No info,13731
Jet Airways,3/03/2019,Delhi,Cochin,DEL → BOM → COK,09:00,18:50,9h 50m,1 stop,In-flight meal not included,15400
Jet Airways,9/05/2019,Kolkata,Banglore,CCU → DEL → BLR,09:35,10:55 10 May,25h 20m,1 stop,In-flight meal not included,8066
Jet Airways,3/03/2019,Delhi,Cochin,DEL → BHO → BOM → COK,05:40,18:50 04 Mar,37h 10m,2 stops,No info,21314
Air India,01/03/2019,Banglore,New Delhi,BLR → CCU → DEL,11:05,22:45,11h 40m,1 stop,No info,14069
Jet Airways,15/03/2019,Mumbai,Hyderabad,BOM → HYD,15:50,17:20,1h 30m,non-stop,In-flight meal not included,2470
IndiGo,24/04/2019,Kolkata,Banglore,CCU → BLR,20:20,22:55,2h 35m,non-stop,No info,4804
Air India,15/03/2019,Banglore,New Delhi,BLR → CCU → DEL,05:50,12:55,7h 5m,1 stop,No info,9029
IndiGo,12/05/2019,Kolkata,Banglore,CCU → BLR,04:40,07:15,2h 35m,non-stop,No info,4804
Jet Airways,9/05/2019,Delhi,Cochin,DEL → AMD → BOM → COK,23:05,19:00 10 May,19h 55m,2 stops,No info,15129
IndiGo,24/03/2019,Mumbai,Hyderabad,BOM → HYD,19:05,20:30,1h 25m,non-stop,No info,2754
Jet Airways,1/04/2019,Kolkata,Banglore,CCU → BOM → BLR,21:10,08:15 02 Apr,11h 5m,1 stop,No info,13364
IndiGo,24/03/2019,Kolkata,Banglore,CCU → MAA → BLR,17:35,22:15,4h 40m,1 stop,No info,6933
Jet Airways,18/05/2019,Delhi,Cochin,DEL → AMD → BOM → COK,23:05,12:35 19 May,13h 30m,2 stops,No info,15129
Multiple carriers,9/06/2019,Delhi,Cochin,DEL → BOM → COK,11:25,19:00,7h 35m,1 stop,No info,11200
Jet Airways,15/05/2019,Mumbai,Hyderabad,BOM → HYD,02:55,04:20,1h 25m,non-stop,In-flight meal not included,3210
Jet Airways,18/06/2019,Mumbai,Hyderabad,BOM → HYD,10:20,11:50,1h 30m,non-stop,No info,8040
Jet Airways,12/06/2019,Delhi,Cochin,DEL → NAG → BOM → COK,14:35,04:25 13 Jun,13h 50m,2 stops,In-flight meal not included,10919
IndiGo,27/06/2019,Delhi,Cochin,DEL → HYD → COK,07:35,16:10,8h 35m,1 stop,No info,6442
IndiGo,1/04/2019,Delhi,Cochin,DEL → COK,14:20,17:35,3h 15m,non-stop,No info,4729
IndiGo,6/03/2019,Delhi,Cochin,DEL → HYD → COK,11:55,22:20,10h 25m,1 stop,No info,6442
SpiceJet,12/06/2019,Kolkata,Banglore,CCU → BLR,22:20,00:40 13 Jun,2h 20m,non-stop,No check-in baggage included,3841
Air India,3/06/2019,Delhi,Cochin,DEL → AMD → BOM → COK,19:45,19:15 04 Jun,23h 30m,2 stops,No info,10441
Multiple carriers,1/06/2019,Delhi,Cochin,DEL → BOM → COK,10:00,21:00,11h,1 stop,No info,13587
Jet Airways,15/05/2019,Kolkata,Banglore,CCU → DEL → BLR,20:25,14:25 16 May,18h,1 stop,No info,11467
IndiGo,3/03/2019,Chennai,Kolkata,MAA → CCU,13:20,15:35,2h 15m,non-stop,No info,7295
SpiceJet,1/05/2019,Chennai,Kolkata,MAA → CCU,09:45,12:00,2h 15m,non-stop,No info,3597
Multiple carriers,9/05/2019,Delhi,Cochin,DEL → BOM → COK,06:40,19:15,12h 35m,1 stop,No info,7787
IndiGo,6/03/2019,Delhi,Cochin,DEL → BOM → COK,06:40,21:00,14h 20m,1 stop,No info,14871
IndiGo,15/06/2019,Chennai,Kolkata,MAA → CCU,15:40,18:25,2h 45m,non-stop,No info,3540
IndiGo,1/06/2019,Delhi,Cochin,DEL → HYD → COK,06:50,22:30,15h 40m,1 stop,No info,6442
Air Asia,24/06/2019,Banglore,Delhi,BLR → DEL,11:10,13:55,2h 45m,non-stop,No info,3383
Air Asia,18/04/2019,Kolkata,Banglore,CCU → BLR,22:50,01:20 19 Apr,2h 30m,non-stop,No info,4409
IndiGo,9/05/2019,Chennai,Kolkata,MAA → CCU,07:55,10:15,2h 20m,non-stop,No info,3850
Multiple carriers,24/06/2019,Delhi,Cochin,DEL → HYD → COK,13:15,22:30,9h 15m,1 stop,No info,8018
Jet Airways,1/04/2019,Kolkata,Banglore,CCU → DEL → BLR,20:25,15:05 02 Apr,18h 40m,1 stop,No info,11467
Vistara,6/06/2019,Banglore,Delhi,BLR → DEL,11:30,14:20,2h 50m,non-stop,No info,4668
Jet Airways,24/06/2019,Delhi,Cochin,DEL → CCU → BOM → COK,17:35,19:00 25 Jun,25h 25m,2 stops,No info,13922
Air India,6/05/2019,Mumbai,Hyderabad,BOM → HYD,06:20,07:40,1h 20m,non-stop,No info,3625
Air Asia,18/05/2019,Kolkata,Banglore,CCU → BLR,19:55,22:25,2h 30m,non-stop,No info,5989
IndiGo,21/04/2019,Banglore,Delhi,BLR → DEL,04:00,06:50,2h 50m,non-stop,No info,4423
Jet Airways,18/06/2019,Delhi,Cochin,DEL → COK,09:50,13:05,3h 15m,non-stop,No info,9564
Jet Airways,12/06/2019,Kolkata,Banglore,CCU → BOM → BLR,16:30,18:15 13 Jun,25h 45m,1 stop,In-flight meal not included,8529
Air India,6/06/2019,Kolkata,Banglore,CCU → BLR,20:45,23:20,2h 35m,non-stop,No info,4145
IndiGo,3/05/2019,Kolkata,Banglore,CCU → BLR,17:15,19:50,2h 35m,non-stop,No info,4804
IndiGo,1/06/2019,Delhi,Cochin,DEL → HYD → COK,14:20,22:30,8h 10m,1 stop,No info,6938
Jet Airways,06/03/2019,Banglore,New Delhi,BLR → BOM → DEL,08:00,07:40 07 Mar,23h 40m,1 stop,No info,14815
Multiple carriers,6/03/2019,Delhi,Cochin,DEL → BOM → COK,07:30,19:15,11h 45m,1 stop,No info,15077
Jet Airways,15/06/2019,Delhi,Cochin,DEL → JAI → BOM → COK,09:40,19:00,9h 20m,2 stops,No info,13014
Air India,9/06/2019,Kolkata,Banglore,CCU → IXR → DEL → BLR,05:50,20:25,14h 35m,2 stops,No info,11201
Jet Airways,6/06/2019,Kolkata,Banglore,CCU → DEL → BLR,20:25,18:00 07 Jun,21h 35m,1 stop,No info,12692
Multiple carriers,1/06/2019,Delhi,Cochin,DEL → HYD → COK,09:45,16:10,6h 25m,1 stop,No info,9646
Jet Airways,24/05/2019,Delhi,Cochin,DEL → BOM → COK,22:50,04:25 25 May,5h 35m,1 stop,No info,16079
Air India,15/05/2019,Kolkata,Banglore,CCU → BBI → HYD → BLR,09:10,11:05 16 May,25h 55m,2 stops,No info,6117
Multiple carriers,9/06/2019,Delhi,Cochin,DEL → BOM → COK,15:15,01:30 10 Jun,10h 15m,1 stop,No info,6795
Air India,1/06/2019,Mumbai,Hyderabad,BOM → HYD,21:05,22:25,1h 20m,non-stop,No info,3100
Jet Airways,9/05/2019,Delhi,Cochin,DEL → BOM → COK,02:15,12:35,10h 20m,1 stop,No info,15851
Vistara,6/06/2019,Chennai,Kolkata,MAA → CCU,07:05,09:20,2h 15m,non-stop,No info,3687
IndiGo,12/04/2019,Banglore,Delhi,BLR → DEL,16:55,19:55,3h,non-stop,No info,4990
Jet Airways,9/05/2019,Delhi,Cochin,DEL → BOM → COK,19:15,19:00 10 May,23h 45m,1 stop,No info,15554
Multiple carriers,15/06/2019,Delhi,Cochin,DEL → BOM → COK,06:00,19:15,13h 15m,1 stop,No info,9526
IndiGo,18/05/2019,Delhi,Cochin,DEL → COK,05:35,08:50,3h 15m,non-stop,No info,6015
Air India,1/05/2019,Kolkata,Banglore,CCU → BBI → BOM → BLR,12:00,21:50,9h 50m,2 stops,No info,10676
Jet Airways,27/05/2019,Delhi,Cochin,DEL → BOM → COK,18:15,12:35 28 May,18h 20m,1 stop,In-flight meal not included,12898
Jet Airways,27/05/2019,Delhi,Cochin,DEL → AMD → BOM → COK,23:05,04:25 29 May,29h 20m,2 stops,No info,15129
Multiple carriers,21/03/2019,Delhi,Cochin,DEL → BOM → COK,11:30,19:15,7h 45m,1 stop,No info,13378
SpiceJet,1/06/2019,Kolkata,Banglore,CCU → BLR,09:00,11:25,2h 25m,non-stop,No info,4174
Multiple carriers,21/05/2019,Delhi,Cochin,DEL → BOM → COK,11:25,19:00,7h 35m,1 stop,No info,9103
IndiGo,9/06/2019,Chennai,Kolkata,MAA → CCU,07:55,10:15,2h 20m,non-stop,No info,3850
Vistara,9/06/2019,Delhi,Cochin,DEL → COK,14:40,17:50,3h 10m,non-stop,No info,6216
Vistara,1/04/2019,Kolkata,Banglore,CCU → DEL → BLR,17:00,23:25,6h 25m,1 stop,No info,8610
Jet Airways,6/06/2019,Kolkata,Banglore,CCU → DEL → BLR,17:00,09:45 07 Jun,16h 45m,1 stop,In-flight meal not included,10539
IndiGo,9/03/2019,Delhi,Cochin,DEL → HYD → COK,11:55,22:20,10h 25m,1 stop,No info,6674
Multiple carriers,24/06/2019,Delhi,Cochin,DEL → BOM → COK,08:00,21:00,13h,1 stop,No info,7618
IndiGo,21/04/2019,Banglore,Delhi,BLR → DEL,00:30,03:25,2h 55m,non-stop,No info,3943
Vistara,24/03/2019,Banglore,New Delhi,BLR → DEL,16:00,18:35,2h 35m,non-stop,No info,11913
IndiGo,09/03/2019,Banglore,New Delhi,BLR → DEL,18:55,21:45,2h 50m,non-stop,No info,6860
Jet Airways,12/06/2019,Delhi,Cochin,DEL → IDR → BOM → COK,05:30,19:00,13h 30m,2 stops,No info,13292
Multiple carriers,6/03/2019,Delhi,Cochin,DEL → BOM → COK,02:15,15:30,13h 15m,1 stop,No info,17057
Jet Airways,27/06/2019,Delhi,Cochin,DEL → JAI → BOM → COK,05:30,19:00,13h 30m,2 stops,No info,13014
Air India,3/03/2019,Delhi,Cochin,DEL → HYD → BOM → COK,07:05,19:15 04 Mar,36h 10m,2 stops,No info,11552
IndiGo,12/03/2019,Chennai,Kolkata,MAA → CCU,11:35,14:00,2h 25m,non-stop,No info,6297
IndiGo,24/03/2019,Chennai,Kolkata,MAA → CCU,11:35,14:00,2h 25m,non-stop,No info,4332
Air India,21/03/2019,Delhi,Cochin,DEL → COK,05:10,08:00,2h 50m,non-stop,No info,5674
Multiple carriers,21/05/2019,Delhi,Cochin,DEL → BOM → COK,07:05,19:15,12h 10m,1 stop,In-flight meal not included,10711
Jet Airways,1/04/2019,Kolkata,Banglore,CCU → DEL → BLR,09:35,18:00,8h 25m,1 stop,No info,11467
Air India,6/05/2019,Kolkata,Banglore,CCU → BOM → COK → BLR,16:50,15:05 07 May,22h 15m,2 stops,No info,12434
Air India,24/06/2019,Delhi,Cochin,DEL → COK,18:05,21:10,3h 5m,non-stop,No info,5201
Vistara,18/05/2019,Banglore,Delhi,BLR → DEL,17:00,19:35,2h 35m,non-stop,No info,4878
Jet Airways,6/06/2019,Delhi,Cochin,DEL → JAI → BOM → COK,05:30,04:25 07 Jun,22h 55m,2 stops,No info,13014
SpiceJet,6/06/2019,Chennai,Kolkata,MAA → CCU,08:20,10:35,2h 15m,non-stop,No info,3597
Air India,03/03/2019,Banglore,New Delhi,BLR → BOM → IDR → DEL,08:50,11:10 07 Mar,26h 20m,2 stops,No info,12599
Jet Airways,24/05/2019,Kolkata,Banglore,CCU → BOM → BLR,18:55,22:35 25 May,27h 40m,1 stop,In-flight meal not included,10844
Jet Airways,21/05/2019,Delhi,Cochin,DEL → BOM → COK,02:15,19:00,16h 45m,1 stop,In-flight meal not included,12898
IndiGo,21/06/2019,Banglore,Delhi,BLR → DEL,13:00,15:50,2h 50m,non-stop,No info,3943
Multiple carriers,12/06/2019,Delhi,Cochin,DEL → BOM → COK,13:00,01:30 13 Jun,12h 30m,1 stop,No info,7198
SpiceJet,18/05/2019,Kolkata,Banglore,CCU → MAA → BLR,15:05,20:20,5h 15m,1 stop,No info,4963
IndiGo,01/03/2019,Banglore,New Delhi,BLR → DEL,16:55,19:45,2h 50m,non-stop,No info,12649
Multiple carriers,6/03/2019,Delhi,Cochin,DEL → BOM → COK,08:00,15:30,7h 30m,1 stop,No info,17267
Jet Airways,9/05/2019,Delhi,Cochin,DEL → BOM → COK,07:05,19:00,11h 55m,1 stop,In-flight meal not included,12373
Jet Airways,03/03/2019,Banglore,New Delhi,BLR → BOM → DEL,11:40,00:45 07 Mar,13h 5m,1 stop,In-flight meal not included,13502
Multiple carriers,21/03/2019,Delhi,Cochin,DEL → BOM → COK,11:30,18:50,7h 20m,1 stop,No info,11622
SpiceJet,3/03/2019,Kolkata,Banglore,CCU → BLR,22:20,00:40 04 Mar,2h 20m,non-stop,No info,5515
Jet Airways,15/05/2019,Kolkata,Banglore,CCU → DEL → BLR,20:25,14:25 16 May,18h,1 stop,In-flight meal not included,9314
Multiple carriers,3/06/2019,Delhi,Cochin,DEL → BOM → COK,10:20,19:00,8h 40m,1 stop,No info,11789
IndiGo,6/04/2019,Banglore,Delhi,BLR → DEL,20:00,22:50,2h 50m,non-stop,No info,4823
Air India,3/06/2019,Delhi,Cochin,DEL → HYD → MAA → COK,13:15,09:25 04 Jun,20h 10m,2 stops,No info,10467
Multiple carriers,3/06/2019,Delhi,Cochin,DEL → BOM → COK,13:00,21:00,8h,1 stop,No info,7408
Air India,15/06/2019,Delhi,Cochin,DEL → MAA → COK,06:05,09:25 16 Jun,27h 20m,1 stop,No info,7480
SpiceJet,24/04/2019,Kolkata,Banglore,CCU → BLR,22:20,00:40 25 Apr,2h 20m,non-stop,No check-in baggage included,3841
SpiceJet,18/05/2019,Chennai,Kolkata,MAA → CCU,17:45,20:05,2h 20m,non-stop,No check-in baggage included,3543
Air India,24/06/2019,Delhi,Cochin,DEL → RPR → NAG → BOM → COK,05:15,19:15 25 Jun,38h,3 stops,No info,10493
Multiple carriers,27/05/2019,Delhi,Cochin,DEL → BOM → COK,11:25,19:00,7h 35m,1 stop,No info,9103
Jet Airways,6/05/2019,Kolkata,Banglore,CCU → BOM → BLR,14:05,19:50,5h 45m,1 stop,In-flight meal not included,10844
IndiGo,9/06/2019,Banglore,Delhi,BLR → DEL,20:00,22:50,2h 50m,non-stop,No info,4823
Air Asia,24/03/2019,Banglore,New Delhi,BLR → DEL,23:25,02:10 25 Mar,2h 45m,non-stop,No info,4482
Jet Airways,12/06/2019,Kolkata,Banglore,CCU → BOM → BLR,06:30,10:05 13 Jun,27h 35m,1 stop,In-flight meal not included,8529
Air India,3/03/2019,Delhi,Cochin,DEL → COK,14:10,17:10,3h,non-stop,No info,7931
Jet Airways,18/05/2019,Kolkata,Banglore,CCU → BOM → BLR,18:55,09:20 19 May,14h 25m,1 stop,In-flight meal not included,9663
Jet Airways,1/06/2019,Delhi,Cochin,DEL → JAI → BOM → COK,09:40,19:00,9h 20m,2 stops,In-flight meal not included,10368
Air India,18/05/2019,Kolkata,Banglore,CCU → BBI → BOM → BLR,12:00,21:50,9h 50m,2 stops,No info,10151
SpiceJet,27/05/2019,Chennai,Kolkata,MAA → CCU,17:45,20:05,2h 20m,non-stop,No check-in baggage included,3543
Multiple carriers,1/06/2019,Delhi,Cochin,DEL → BOM → COK,19:00,01:30 02 Jun,6h 30m,1 stop,No info,7530
Multiple carriers,9/05/2019,Delhi,Cochin,DEL → HYD → COK,14:55,22:30,7h 35m,1 stop,No info,6805
GoAir,18/06/2019,Banglore,Delhi,BLR → DEL,07:45,10:40,2h 55m,non-stop,No info,3419
Air Asia,9/06/2019,Banglore,Delhi,BLR → DEL,23:55,02:45 10 Jun,2h 50m,non-stop,No info,7120
Jet Airways,21/05/2019,Kolkata,Banglore,CCU → DEL → BLR,17:00,10:55 22 May,17h 55m,1 stop,No info,14151
Air India,21/06/2019,Mumbai,Hyderabad,BOM → HYD,06:20,07:40,1h 20m,non-stop,No info,3100
Jet Airways,24/05/2019,Kolkata,Banglore,CCU → DEL → BLR,17:00,14:25 25 May,21h 25m,1 stop,No info,12121
SpiceJet,6/05/2019,Mumbai,Hyderabad,BOM → HYD,05:45,07:15,1h 30m,non-stop,No info,2017
SpiceJet,15/06/2019,Mumbai,Hyderabad,BOM → HYD,05:45,07:15,1h 30m,non-stop,No check-in baggage included,2647
IndiGo,12/06/2019,Delhi,Cochin,DEL → BLR → COK,17:05,22:25,5h 20m,1 stop,No info,6147
Jet Airways,1/06/2019,Delhi,Cochin,DEL → BDQ → BOM → COK,18:25,04:25 02 Jun,10h,2 stops,No info,14237
Jet Airways,12/06/2019,Kolkata,Banglore,CCU → BOM → BLR,21:10,09:20 13 Jun,12h 10m,1 stop,No info,13044
Jet Airways,18/05/2019,Delhi,Cochin,DEL → BOM → COK,02:15,19:00,16h 45m,1 stop,No info,15554
SpiceJet,9/04/2019,Banglore,Delhi,BLR → DEL,09:30,12:20,2h 50m,non-stop,No info,4423
Air India,6/06/2019,Delhi,Cochin,DEL → BOM → COK,21:00,07:40 07 Jun,10h 40m,1 stop,No info,8372
Jet Airways,18/05/2019,Kolkata,Banglore,CCU → BOM → BLR,20:00,23:35 19 May,27h 35m,1 stop,In-flight meal not included,10844
Vistara,18/05/2019,Kolkata,Banglore,CCU → DEL → BLR,17:00,18:50 19 May,25h 50m,1 stop,No info,9555
Air India,15/05/2019,Delhi,Cochin,DEL → HYD → MAA → COK,17:15,09:25 16 May,16h 10m,2 stops,No info,8839
Air India,6/05/2019,Kolkata,Banglore,CCU → BBI → BOM → BLR,12:00,18:30 07 May,30h 30m,2 stops,No info,10151
Air India,12/05/2019,Kolkata,Banglore,CCU → BOM → GOI → BLR,09:25,05:35 13 May,20h 10m,2 stops,No info,11432
SpiceJet,15/04/2019,Banglore,Delhi,BLR → DEL,09:30,12:20,2h 50m,non-stop,No check-in baggage included,4319
Air India,6/06/2019,Kolkata,Banglore,CCU → BBI → BOM → BLR,12:00,18:30 07 Jun,30h 30m,2 stops,No info,9626
Air India,18/05/2019,Kolkata,Banglore,CCU → DEL → BLR,17:30,20:25 19 May,26h 55m,1 stop,No info,10623
Jet Airways,18/04/2019,Delhi,Cochin,DEL → COK,11:00,14:15,3h 15m,non-stop,No info,9564
Jet Airways,9/05/2019,Kolkata,Banglore,CCU → BOM → BLR,14:05,20:45,6h 40m,1 stop,No info,14781
Jet Airways,15/05/2019,Banglore,Delhi,BLR → DEL,08:20,11:20,3h,non-stop,No info,7229
IndiGo,27/06/2019,Delhi,Cochin,DEL → BOM → COK,17:30,01:30 28 Jun,8h,1 stop,No info,5684
Jet Airways,18/05/2019,Kolkata,Banglore,CCU → BOM → BLR,05:45,09:20 19 May,27h 35m,1 stop,No info,14388
SpiceJet,18/04/2019,Banglore,Delhi,BLR → DEL,09:30,12:20,2h 50m,non-stop,No check-in baggage included,5515
Jet Airways,9/06/2019,Kolkata,Banglore,CCU → DEL → BLR,20:25,22:05 10 Jun,25h 40m,1 stop,No info,12692
Jet Airways,1/05/2019,Kolkata,Banglore,CCU → DEL → BLR,09:35,19:10,9h 35m,1 stop,In-flight meal not included,9314
SpiceJet,15/06/2019,Kolkata,Banglore,CCU → BLR,17:10,19:40,2h 30m,non-stop,No info,3873
SpiceJet,21/04/2019,Kolkata,Banglore,CCU → BLR,22:20,00:40 22 Apr,2h 20m,non-stop,No check-in baggage included,4807
Multiple carriers,27/06/2019,Delhi,Cochin,DEL → BOM → COK,09:00,19:15,10h 15m,1 stop,No info,14848
IndiGo,24/04/2019,Delhi,Cochin,DEL → HYD → COK,05:05,12:10,7h 5m,1 stop,No info,6171
SpiceJet,24/06/2019,Mumbai,Hyderabad,BOM → HYD,13:15,14:45,1h 30m,non-stop,No check-in baggage included,1965
Jet Airways,12/06/2019,Kolkata,Banglore,CCU → DEL → BLR,09:35,21:05,11h 30m,1 stop,In-flight meal not included,10539
Air Asia,1/06/2019,Banglore,Delhi,BLR → DEL,11:10,13:55,2h 45m,non-stop,No info,4483
Multiple carriers,27/03/2019,Delhi,Cochin,DEL → BOM → COK,06:00,19:15,13h 15m,1 stop,No info,8371
Jet Airways,6/03/2019,Delhi,Cochin,DEL → BOM → COK,13:55,04:25 07 Mar,14h 30m,1 stop,No info,15764
Jet Airways,12/05/2019,Kolkata,Banglore,CCU → BOM → BLR,16:30,23:35,7h 5m,1 stop,In-flight meal not included,10844
Air India,18/05/2019,Kolkata,Banglore,CCU → BOM → GOI → BLR,16:50,05:35 19 May,12h 45m,2 stops,No info,11642
IndiGo,12/04/2019,Banglore,Delhi,BLR → DEL,04:00,06:50,2h 50m,non-stop,No info,4423
Vistara,15/06/2019,Banglore,Delhi,BLR → DEL,09:45,12:35,2h 50m,non-stop,No info,4878
SpiceJet,9/05/2019,Mumbai,Hyderabad,BOM → HYD,13:15,14:45,1h 30m,non-stop,No info,2227
Jet Airways,15/05/2019,Kolkata,Banglore,CCU → BOM → BLR,16:30,18:15 16 May,25h 45m,1 stop,In-flight meal not included,10844
Air Asia,3/04/2019,Kolkata,Banglore,CCU → BLR,19:55,22:25,2h 30m,non-stop,No info,4107
Vistara,24/03/2019,Kolkata,Banglore,CCU → DEL → BLR,07:10,10:50 25 Mar,27h 40m,1 stop,No info,11262
Jet Airways,3/06/2019,Delhi,Cochin,DEL → BOM → COK,14:00,12:35 04 Jun,22h 35m,1 stop,In-flight meal not included,10262
Jet Airways,18/05/2019,Banglore,Delhi,BLR → DEL,15:15,18:10,2h 55m,non-stop,In-flight meal not included,4544
Jet Airways,24/05/2019,Banglore,Delhi,BLR → DEL,18:55,22:00,3h 5m,non-stop,In-flight meal not included,6144
GoAir,15/03/2019,Banglore,New Delhi,BLR → DEL,07:45,10:40,2h 55m,non-stop,No info,5706
Jet Airways,15/03/2019,Banglore,New Delhi,BLR → BDQ → DEL,05:50,12:20,6h 30m,1 stop,In-flight meal not included,5853
Jet Airways,21/05/2019,Kolkata,Banglore,CCU → BOM → PNQ → BLR,06:30,20:50,14h 20m,2 stops,In-flight meal not included,10118
Air India,1/05/2019,Kolkata,Banglore,CCU → BOM → AMD → BLR,09:25,05:25 02 May,20h,2 stops,No info,14687
Multiple carriers,27/05/2019,Delhi,Cochin,DEL → BOM → COK,11:30,19:15,7h 45m,1 stop,In-flight meal not included,9254
Jet Airways,1/06/2019,Delhi,Cochin,DEL → JAI → BOM → COK,09:40,04:25 02 Jun,18h 45m,2 stops,In-flight meal not included,10368
Jet Airways,6/06/2019,Kolkata,Banglore,CCU → BOM → BLR,14:05,20:45,6h 40m,1 stop,No info,14571
Jet Airways,1/06/2019,Banglore,Delhi,BLR → DEL,15:15,18:10,2h 55m,non-stop,In-flight meal not included,7229
IndiGo,6/06/2019,Delhi,Cochin,DEL → BOM → COK,06:40,21:00,14h 20m,1 stop,No info,6093
Multiple carriers,9/03/2019,Delhi,Cochin,DEL → BOM → COK,08:00,21:00,13h,1 stop,No info,16023
IndiGo,6/06/2019,Chennai,Kolkata,MAA → CCU,14:45,17:05,2h 20m,non-stop,No info,3597
Jet Airways,24/03/2019,Kolkata,Banglore,CCU → BOM → BLR,06:30,23:25,16h 55m,1 stop,In-flight meal not included,8824
IndiGo,9/03/2019,Delhi,Cochin,DEL → BLR → COK,02:00,07:45,5h 45m,1 stop,No info,7060
Jet Airways,24/03/2019,Kolkata,Banglore,CCU → BOM → BLR,13:55,09:15 25 Mar,19h 20m,1 stop,No info,14231
Jet Airways,24/04/2019,Banglore,Delhi,BLR → DEL,18:55,22:00,3h 5m,non-stop,In-flight meal not included,4544
Jet Airways,9/03/2019,Delhi,Cochin,DEL → BOM → COK,15:05,18:50 10 Mar,27h 45m,1 stop,No info,16289
IndiGo,3/03/2019,Kolkata,Banglore,CCU → BLR,10:10,12:55,2h 45m,non-stop,No info,6565
IndiGo,21/06/2019,Chennai,Kolkata,MAA → CCU,14:45,17:05,2h 20m,non-stop,No info,3597
Air India,6/05/2019,Delhi,Cochin,DEL → MAA → COK,20:40,09:25 07 May,12h 45m,1 stop,No info,7480
Vistara,12/05/2019,Kolkata,Banglore,CCU → DEL → BLR,17:00,10:45 13 May,17h 45m,1 stop,No info,9922
Jet Airways,27/05/2019,Banglore,Delhi,BLR → DEL,17:45,20:45,3h,non-stop,No info,7229
Jet Airways,15/06/2019,Delhi,Cochin,DEL → ATQ → BOM → COK,20:00,12:35 16 Jun,16h 35m,2 stops,No info,14300
Jet Airways,27/03/2019,Delhi,Cochin,DEL → BOM → COK,02:15,04:25 28 Mar,26h 10m,1 stop,No info,12242
Multiple carriers,24/06/2019,Delhi,Cochin,DEL → BOM → COK,11:25,19:00,7h 35m,1 stop,No info,10678
Multiple carriers,27/05/2019,Delhi,Cochin,DEL → BOM → COK,08:00,21:00,13h,1 stop,In-flight meal not included,9450
IndiGo,6/04/2019,Kolkata,Banglore,CCU → BLR,21:25,00:05 07 Apr,2h 40m,non-stop,No info,4174
Jet Airways,6/04/2019,Banglore,Delhi,BLR → DEL,07:10,10:10,3h,non-stop,In-flight meal not included,4544
IndiGo,15/05/2019,Kolkata,Banglore,CCU → MAA → BLR,17:35,22:15,4h 40m,1 stop,No info,5386
Jet Airways,24/05/2019,Delhi,Cochin,DEL → AMD → BOM → COK,19:10,19:00 25 May,23h 50m,2 stops,No info,15129
IndiGo,15/06/2019,Delhi,Cochin,DEL → HYD → COK,14:20,22:30,8h 10m,1 stop,No info,6412
Jet Airways,27/06/2019,Delhi,Cochin,DEL → AMD → BOM → COK,23:05,04:25 29 Jun,29h 20m,2 stops,No info,15339
Jet Airways,24/03/2019,Banglore,New Delhi,BLR → DEL,02:00,04:45,2h 45m,non-stop,No info,7229
Vistara,1/06/2019,Banglore,Delhi,BLR → DEL,09:45,12:35,2h 50m,non-stop,No info,4878
Air Asia,6/04/2019,Kolkata,Banglore,CCU → BLR,10:20,12:55,2h 35m,non-stop,No info,3807
Jet Airways,18/05/2019,Delhi,Cochin,DEL → BOM → COK,17:30,12:35 19 May,19h 5m,1 stop,In-flight meal not included,12373
Jet Airways,6/06/2019,Kolkata,Banglore,CCU → BOM → BLR,14:05,23:35,9h 30m,1 stop,No info,14571
Jet Airways,12/06/2019,Delhi,Cochin,DEL → BOM → COK,19:45,04:25 13 Jun,8h 40m,1 stop,In-flight meal not included,10262
Jet Airways,9/06/2019,Delhi,Cochin,DEL → BOM → COK,20:55,19:00 10 Jun,22h 5m,1 stop,In-flight meal not included,10577
Vistara,6/03/2019,Mumbai,Hyderabad,BOM → DEL → HYD,20:55,22:55 07 Mar,26h,1 stop,No info,12395
SpiceJet,27/04/2019,Kolkata,Banglore,CCU → BLR,06:55,09:30,2h 35m,non-stop,No check-in baggage included,3841
Air Asia,3/06/2019,Delhi,Cochin,DEL → BLR → COK,07:55,15:45,7h 50m,1 stop,No info,8759
IndiGo,21/03/2019,Delhi,Cochin,DEL → BOM → COK,04:45,15:30,10h 45m,1 stop,No info,7738
IndiGo,18/05/2019,Delhi,Cochin,DEL → BOM → COK,15:00,01:30 19 May,10h 30m,1 stop,No info,7503
IndiGo,3/06/2019,Delhi,Cochin,DEL → BOM → COK,11:25,01:30 04 Jun,14h 5m,1 stop,No info,5883
Jet Airways,12/06/2019,Kolkata,Banglore,CCU → DEL → BLR,20:25,09:45 13 Jun,13h 20m,1 stop,No info,12692
IndiGo,15/04/2019,Banglore,Delhi,BLR → DEL,08:30,11:20,2h 50m,non-stop,No info,4823
SpiceJet,27/05/2019,Mumbai,Hyderabad,BOM → HYD,05:45,07:15,1h 30m,non-stop,No info,2017
Air India,12/06/2019,Delhi,Cochin,DEL → JAI → BOM → COK,12:00,07:40 13 Jun,19h 40m,2 stops,No info,8603
Jet Airways,21/06/2019,Banglore,Delhi,BLR → DEL,11:10,14:05,2h 55m,non-stop,In-flight meal not included,5769
Jet Airways,1/04/2019,Kolkata,Banglore,CCU → BOM → BLR,18:55,18:15 02 Apr,23h 20m,1 stop,No info,12681
SpiceJet,24/06/2019,Banglore,Delhi,BLR → DEL,05:55,08:35,2h 40m,non-stop,No info,3625
IndiGo,9/05/2019,Delhi,Cochin,DEL → BOM → COK,09:15,01:30 10 May,16h 15m,1 stop,No info,8854
IndiGo,15/05/2019,Mumbai,Hyderabad,BOM → HYD,02:35,04:05,1h 30m,non-stop,No info,2754
Air India,12/06/2019,Delhi,Cochin,DEL → BOM → COK,10:00,19:15,9h 15m,1 stop,No info,8372
Jet Airways,12/06/2019,Delhi,Cochin,DEL → BOM → COK,16:00,12:35 13 Jun,20h 35m,1 stop,In-flight meal not included,10262
Air India,3/03/2019,Chennai,Kolkata,MAA → CCU,11:40,13:55,2h 15m,non-stop,No info,10810
IndiGo,15/06/2019,Chennai,Kolkata,MAA → CCU,05:15,07:40,2h 25m,non-stop,No info,3540
Jet Airways,6/06/2019,Banglore,Delhi,BLR → DEL,18:55,22:00,3h 5m,non-stop,No info,8016
IndiGo,09/03/2019,Banglore,New Delhi,BLR → DEL,10:30,13:20,2h 50m,non-stop,No info,6860
Air Asia,27/04/2019,Delhi,Cochin,DEL → BLR → COK,16:45,22:25,5h 40m,1 stop,No info,6451
Jet Airways,6/05/2019,Kolkata,Banglore,CCU → DEL → BLR,20:25,15:05 07 May,18h 40m,1 stop,No info,13067
Jet Airways,6/05/2019,Kolkata,Banglore,CCU → DEL → BLR,17:00,18:00 07 May,25h,1 stop,No info,11467
Air India,9/05/2019,Kolkata,Banglore,CCU → DEL → BLR,10:00,23:15,13h 15m,1 stop,No info,10203
Air Asia,12/03/2019,Kolkata,Banglore,CCU → BLR,22:50,01:20 13 Mar,2h 30m,non-stop,No info,4082
Air India,21/05/2019,Delhi,Cochin,DEL → GOI → BOM → COK,10:55,19:15,8h 20m,2 stops,No info,13276
Jet Airways,09/03/2019,Banglore,New Delhi,BLR → BOM → JDH → DEL,08:55,15:55,7h,2 stops,No info,23001
Jet Airways,6/06/2019,Kolkata,Banglore,CCU → BOM → BLR,18:55,20:45 07 Jun,25h 50m,1 stop,In-flight meal not included,10844
IndiGo,27/06/2019,Banglore,Delhi,BLR → DEL,18:55,21:50,2h 55m,non-stop,No info,4990
Jet Airways,09/03/2019,Banglore,New Delhi,BLR → BDQ → DEL,05:50,15:00,9h 10m,1 stop,In-flight meal not included,10037
Jet Airways,6/05/2019,Kolkata,Banglore,CCU → BOM → BLR,20:00,04:40 07 May,8h 40m,1 stop,No info,14388
IndiGo,24/03/2019,Banglore,New Delhi,BLR → DEL,16:55,19:45,2h 50m,non-stop,No info,7303
Air India,3/03/2019,Delhi,Cochin,DEL → HYD → BOM → COK,21:30,19:15 04 Mar,21h 45m,2 stops,No info,12287
Jet Airways,6/06/2019,Kolkata,Banglore,CCU → BOM → BLR,14:05,20:45,6h 40m,1 stop,In-flight meal not included,10844
Jet Airways,24/05/2019,Mumbai,Hyderabad,BOM → HYD,10:20,11:50,1h 30m,non-stop,In-flight meal not included,4995
Multiple carriers,27/05/2019,Delhi,Cochin,DEL → BOM → COK,11:40,19:00,7h 20m,1 stop,No info,9794
IndiGo,6/06/2019,Kolkata,Banglore,CCU → MAA → BLR,06:20,10:20,4h,1 stop,No info,4226
IndiGo,21/03/2019,Delhi,Cochin,DEL → BOM → COK,11:30,01:35 22 Mar,14h 5m,1 stop,No info,7318
Jet Airways,12/06/2019,Kolkata,Banglore,CCU → BOM → BLR,20:00,08:15 13 Jun,12h 15m,1 stop,In-flight meal not included,8529
Air India,12/06/2019,Kolkata,Banglore,CCU → BBI → BOM → BLR,12:00,18:30 13 Jun,30h 30m,2 stops,No info,9416
Jet Airways,3/06/2019,Delhi,Cochin,DEL → IDR → BOM → COK,09:35,12:35 04 Jun,27h,2 stops,In-flight meal not included,11507
Air India,1/04/2019,Kolkata,Banglore,CCU → GAU → DEL → BLR,16:45,08:55 02 Apr,16h 10m,2 stops,No info,9920
Multiple carriers,18/05/2019,Delhi,Cochin,DEL → HYD → COK,07:10,16:10,9h,1 stop,No info,7038
GoAir,3/06/2019,Delhi,Cochin,DEL → BOM → COK,07:00,12:55,5h 55m,1 stop,No info,4959
Jet Airways,9/06/2019,Mumbai,Hyderabad,BOM → HYD,07:05,08:30,1h 25m,non-stop,No info,5678
Jet Airways,9/06/2019,Banglore,Delhi,BLR → DEL,08:20,11:20,3h,non-stop,In-flight meal not included,7229
Jet Airways,1/04/2019,Kolkata,Banglore,CCU → BOM → BLR,16:30,23:35,7h 5m,1 stop,In-flight meal not included,7064
IndiGo,6/04/2019,Banglore,Delhi,BLR → DEL,08:30,11:20,2h 50m,non-stop,No info,4823
Jet Airways,24/05/2019,Kolkata,Banglore,CCU → BOM → BLR,16:30,22:35,6h 5m,1 stop,No info,14571
IndiGo,27/03/2019,Kolkata,Banglore,CCU → BLR,09:35,12:20,2h 45m,non-stop,No info,4148
Air India,24/05/2019,Kolkata,Banglore,CCU → DEL → COK → BLR,10:00,01:20 25 May,15h 20m,2 stops,No info,13873
Jet Airways,24/06/2019,Delhi,Cochin,DEL → BOM → COK,13:00,12:35 25 Jun,23h 35m,1 stop,In-flight meal not included,10262
Jet Airways,21/05/2019,Delhi,Cochin,DEL → AMD → BOM → COK,19:10,19:00 22 May,23h 50m,2 stops,No info,15129
Multiple carriers,9/04/2019,Delhi,Cochin,DEL → BOM → COK,11:40,01:30 10 Apr,13h 50m,1 stop,No info,6645
IndiGo,1/05/2019,Kolkata,Banglore,CCU → BLR,17:15,19:50,2h 35m,non-stop,No info,4804
IndiGo,09/03/2019,Banglore,New Delhi,BLR → STV → DEL,11:20,15:25,4h 5m,1 stop,No info,5746
GoAir,9/06/2019,Delhi,Cochin,DEL → HYD → COK,05:55,13:35,7h 40m,1 stop,No info,5199
IndiGo,18/03/2019,Chennai,Kolkata,MAA → CCU,19:35,21:55,2h 20m,non-stop,No info,4332
IndiGo,1/06/2019,Delhi,Cochin,DEL → BOM → COK,11:25,21:00,9h 35m,1 stop,No info,6416
Air India,18/03/2019,Banglore,New Delhi,BLR → BOM → JDH → DEL,06:45,16:20,9h 35m,2 stops,No info,12935
Jet Airways,21/03/2019,Banglore,New Delhi,BLR → BOM → DEL,08:55,20:20,11h 25m,1 stop,In-flight meal not included,7832
Jet Airways,1/05/2019,Kolkata,Banglore,CCU → BOM → BLR,16:30,04:40 02 May,12h 10m,1 stop,In-flight meal not included,8586
Jet Airways,24/06/2019,Banglore,Delhi,BLR → DEL,15:15,18:10,2h 55m,non-stop,In-flight meal not included,5769
Jet Airways,21/05/2019,Mumbai,Hyderabad,BOM → HYD,10:20,11:50,1h 30m,non-stop,No info,8040
Vistara,6/03/2019,Delhi,Cochin,DEL → COK,06:00,09:10,3h 10m,non-stop,No info,12411
Air India,9/06/2019,Kolkata,Banglore,CCU → BOM → BLR,09:25,21:50,12h 25m,1 stop,No info,8366
Multiple carriers,3/06/2019,Delhi,Cochin,DEL → BOM → COK,07:30,19:15,11h 45m,1 stop,No info,7354
Air India,01/03/2019,Banglore,New Delhi,BLR → CCU → GAU → DEL,11:05,22:10,11h 5m,2 stops,Change airports,13576
Multiple carriers,3/06/2019,Delhi,Cochin,DEL → BOM → COK,09:15,19:00,9h 45m,1 stop,No info,11622
Air India,6/06/2019,Kolkata,Banglore,CCU → IXR → DEL → BLR,05:50,23:15,17h 25m,2 stops,No info,12723
Jet Airways,24/03/2019,Kolkata,Banglore,CCU → BOM → BLR,08:25,23:25,15h,1 stop,No info,13759
IndiGo,15/05/2019,Delhi,Cochin,DEL → HYD → COK,16:10,22:30,6h 20m,1 stop,No info,6412
IndiGo,27/03/2019,Delhi,Cochin,DEL → HYD → MAA → COK,08:35,21:20,12h 45m,2 stops,No info,6494
Jet Airways,24/03/2019,Mumbai,Hyderabad,BOM → HYD,15:50,17:20,1h 30m,non-stop,No info,5678
Air India,12/05/2019,Kolkata,Banglore,CCU → BOM → BLR,09:25,11:10 13 May,25h 45m,1 stop,No info,8891
Jet Airways,3/03/2019,Delhi,Cochin,DEL → BOM → COK,21:50,18:50 04 Mar,21h,1 stop,No info,17024
Jet Airways,12/06/2019,Delhi,Cochin,DEL → JAI → BOM → COK,09:40,19:00,9h 20m,2 stops,In-flight meal not included,10368
Jet Airways,9/06/2019,Kolkata,Banglore,CCU → BOM → BLR,20:00,18:15 10 Jun,22h 15m,1 stop,No info,14571
Jet Airways,21/03/2019,Banglore,New Delhi,BLR → BOM → DEL,07:00,15:15,8h 15m,1 stop,In-flight meal not included,7832
Jet Airways,9/05/2019,Kolkata,Banglore,CCU → DEL → BLR,09:35,22:05,12h 30m,1 stop,No info,14151
Multiple carriers,21/03/2019,Delhi,Cochin,DEL → BOM → COK,10:45,19:15,8h 30m,1 stop,No info,7154
Air Asia,15/04/2019,Kolkata,Banglore,CCU → DEL → BLR,07:35,19:25,11h 50m,1 stop,No info,5192
Multiple carriers,6/03/2019,Delhi,Cochin,DEL → IDR → BOM → COK,15:05,01:35 07 Mar,10h 30m,2 stops,No info,21483
Jet Airways,6/06/2019,Kolkata,Banglore,CCU → BOM → BLR,16:30,04:40 07 Jun,12h 10m,1 stop,In-flight meal not included,6812
IndiGo,03/03/2019,Banglore,New Delhi,BLR → BOM → DEL,19:35,00:35 07 Mar,5h,1 stop,No info,13292
IndiGo,9/04/2019,Kolkata,Banglore,CCU → BLR,22:15,00:50 10 Apr,2h 35m,non-stop,No info,4174
Jet Airways,27/06/2019,Delhi,Cochin,DEL → AMD → BOM → COK,19:10,12:35 28 Jun,17h 25m,2 stops,In-flight meal not included,11150
IndiGo,24/04/2019,Delhi,Cochin,DEL → BLR → COK,17:05,22:15,5h 10m,1 stop,No info,5912
Air India,27/06/2019,Delhi,Cochin,DEL → BLR → COK,13:30,23:00,9h 30m,1 stop,No info,8907
Air India,09/03/2019,Banglore,New Delhi,BLR → GOI → DEL,17:00,03:40 13 Mar,10h 40m,1 stop,No info,8767
Jet Airways,27/03/2019,Delhi,Cochin,DEL → BOM → COK,19:45,04:25 28 Mar,8h 40m,1 stop,No info,12242
Air India,24/05/2019,Kolkata,Banglore,CCU → HYD → BLR,19:00,04:40 25 May,9h 40m,1 stop,No info,6327
SpiceJet,24/05/2019,Chennai,Kolkata,MAA → CCU,09:45,12:00,2h 15m,non-stop,No check-in baggage included,3543
Multiple carriers,3/06/2019,Delhi,Cochin,DEL → BOM → COK,08:00,19:15,11h 15m,1 stop,No info,15058
Jet Airways,12/03/2019,Banglore,New Delhi,BLR → BOM → DEL,18:55,18:25 13 Mar,23h 30m,1 stop,In-flight meal not included,11087
Jet Airways,9/05/2019,Kolkata,Banglore,CCU → BOM → BLR,20:00,04:40 10 May,8h 40m,1 stop,No info,13941
SpiceJet,1/06/2019,Delhi,Cochin,DEL → MAA → COK,15:45,22:05,6h 20m,1 stop,No info,7317
Jet Airways,9/05/2019,Delhi,Cochin,DEL → AMD → BOM → COK,19:10,19:00 10 May,23h 50m,2 stops,No info,15129
Jet Airways,24/05/2019,Kolkata,Banglore,CCU → BOM → BLR,21:10,10:05 25 May,12h 55m,1 stop,In-flight meal not included,9663
IndiGo,24/04/2019,Delhi,Cochin,DEL → BOM → COK,16:00,21:00,5h,1 stop,No info,5065
Air India,27/06/2019,Delhi,Cochin,DEL → BLR → COK,09:45,23:00,13h 15m,1 stop,No info,8907
SpiceJet,21/03/2019,Kolkata,Banglore,CCU → BLR,09:00,11:30,2h 30m,non-stop,No info,4148
Multiple carriers,9/06/2019,Delhi,Cochin,DEL → BOM → COK,14:00,21:00,7h,1 stop,No info,13587
Jet Airways,6/06/2019,Delhi,Cochin,DEL → BOM → COK,21:50,04:25 07 Jun,6h 35m,1 stop,In-flight meal not included,10262
Jet Airways,18/03/2019,Banglore,New Delhi,BLR → BOM → DEL,14:05,08:15 16 Mar,18h 10m,1 stop,No info,12284
Jet Airways,15/05/2019,Kolkata,Banglore,CCU → BOM → BLR,18:55,16:20 16 May,21h 25m,1 stop,No info,14781
Jet Airways,18/05/2019,Kolkata,Banglore,CCU → BOM → BLR,08:25,09:20 19 May,24h 55m,1 stop,In-flight meal not included,9663
IndiGo,01/03/2019,Banglore,New Delhi,BLR → DEL,13:00,15:50,2h 50m,non-stop,No info,19685
Air India,12/05/2019,Kolkata,Banglore,CCU → DEL → BLR,10:00,23:15,13h 15m,1 stop,No info,10203
Jet Airways,15/05/2019,Kolkata,Banglore,CCU → BOM → BLR,06:30,04:40 16 May,22h 10m,1 stop,No info,13941
Air India,01/03/2019,Banglore,New Delhi,BLR → DEL,21:10,23:55,2h 45m,non-stop,No info,25703
Jet Airways,9/06/2019,Delhi,Cochin,DEL → BOM → COK,14:00,04:25 10 Jun,14h 25m,1 stop,In-flight meal not included,10262
SpiceJet,1/05/2019,Chennai,Kolkata,MAA → CCU,17:45,20:05,2h 20m,non-stop,No check-in baggage included,3543
SpiceJet,6/04/2019,Kolkata,Banglore,CCU → BLR,14:55,17:25,2h 30m,non-stop,No check-in baggage included,3841
Jet Airways,18/05/2019,Delhi,Cochin,DEL → BOM → COK,11:30,19:00,7h 30m,1 stop,No info,15554
Jet Airways,24/05/2019,Kolkata,Banglore,CCU → BOM → BLR,14:05,19:50,5h 45m,1 stop,In-flight meal not included,10844
Jet Airways,12/06/2019,Kolkata,Banglore,CCU → DEL → BLR,17:00,14:25 13 Jun,21h 25m,1 stop,No info,12692
Jet Airways,9/06/2019,Mumbai,Hyderabad,BOM → HYD,19:35,21:05,1h 30m,non-stop,In-flight meal not included,3210
Air India,15/05/2019,Delhi,Cochin,DEL → JAI → BOM → COK,12:00,19:15,7h 15m,2 stops,No info,9601
Multiple carriers,15/06/2019,Delhi,Cochin,DEL → BOM → COK,13:00,01:30 16 Jun,12h 30m,1 stop,No info,13377
Jet Airways,24/03/2019,Kolkata,Banglore,CCU → BOM → BLR,18:55,18:10 25 Mar,23h 15m,1 stop,In-flight meal not included,11134
Multiple carriers,27/03/2019,Delhi,Cochin,DEL → BOM → COK,08:55,21:00,12h 5m,1 stop,No info,8055
Jet Airways,27/03/2019,Delhi,Cochin,DEL → BOM → COK,17:30,04:25 28 Mar,10h 55m,1 stop,No info,12242
Air India,09/03/2019,Banglore,New Delhi,BLR → COK → DEL,22:00,23:20 13 Mar,25h 20m,1 stop,No info,8425
SpiceJet,15/06/2019,Mumbai,Hyderabad,BOM → HYD,05:45,07:15,1h 30m,non-stop,No info,2753
SpiceJet,27/05/2019,Banglore,Delhi,BLR → DEL,21:10,00:05 28 May,2h 55m,non-stop,No info,3311
IndiGo,12/06/2019,Kolkata,Banglore,CCU → MAA → BLR,06:20,10:20,4h,1 stop,No info,4226
Jet Airways,01/03/2019,Banglore,New Delhi,BLR → BOM → DEL,08:55,05:05 02 Mar,20h 10m,1 stop,1 Long layover,26890
Multiple carriers,24/06/2019,Delhi,Cochin,DEL → BOM → COK,06:00,19:00,13h,1 stop,No info,12524
SpiceJet,21/03/2019,Kolkata,Banglore,CCU → BLR,17:15,19:45,2h 30m,non-stop,No info,3847
Jet Airways,1/04/2019,Kolkata,Banglore,CCU → BOM → BLR,16:30,23:35,7h 5m,1 stop,No info,12681
Jet Airways,6/06/2019,Delhi,Cochin,DEL → LKO → BOM → COK,09:25,04:25 07 Jun,19h,2 stops,No info,13882
Jet Airways,18/05/2019,Delhi,Cochin,DEL → JAI → BOM → COK,09:40,12:35 19 May,26h 55m,2 stops,No info,15129
Jet Airways,6/06/2019,Kolkata,Banglore,CCU → BOM → BLR,08:25,20:45,12h 20m,1 stop,In-flight meal not included,10844
Jet Airways,12/03/2019,Banglore,New Delhi,BLR → BOM → DEL,21:25,08:15 13 Mar,10h 50m,1 stop,No info,12547
Jet Airways,9/06/2019,Kolkata,Banglore,CCU → BOM → BLR,18:55,04:40 10 Jun,9h 45m,1 stop,No info,14178
IndiGo,3/03/2019,Delhi,Cochin,DEL → BOM → COK,16:00,01:35 04 Mar,9h 35m,1 stop,No info,14871
Jet Airways,9/06/2019,Delhi,Cochin,DEL → JAI → BOM → COK,09:40,04:25 10 Jun,18h 45m,2 stops,In-flight meal not included,10368
Multiple carriers,6/03/2019,Delhi,Cochin,DEL → BOM → COK,08:00,21:00,13h,1 stop,No info,15078
IndiGo,21/05/2019,Kolkata,Banglore,CCU → BLR,21:25,00:05 22 May,2h 40m,non-stop,No info,4804
SpiceJet,9/05/2019,Kolkata,Banglore,CCU → BLR,17:10,19:40,2h 30m,non-stop,No info,3873
SpiceJet,24/06/2019,Kolkata,Banglore,CCU → BLR,17:10,19:40,2h 30m,non-stop,No check-in baggage included,3841
GoAir,1/06/2019,Delhi,Cochin,DEL → BOM → COK,07:00,12:55,5h 55m,1 stop,No info,5457
Jet Airways,12/05/2019,Kolkata,Banglore,CCU → BOM → BLR,14:05,22:35,8h 30m,1 stop,No info,14781
Jet Airways,9/03/2019,Delhi,Cochin,DEL → BOM → COK,21:50,18:50 10 Mar,21h,1 stop,No info,15764
Vistara,12/06/2019,Banglore,Delhi,BLR → DEL,09:45,12:35,2h 50m,non-stop,No info,4668
Jet Airways,24/06/2019,Delhi,Cochin,DEL → COK,11:00,14:15,3h 15m,non-stop,No info,9564
IndiGo,15/05/2019,Delhi,Cochin,DEL → BOM → COK,06:40,21:00,14h 20m,1 stop,No info,7191
Jet Airways,6/03/2019,Delhi,Cochin,DEL → BOM → COK,19:45,04:25 07 Mar,8h 40m,1 stop,No info,15764
Jet Airways,6/05/2019,Kolkata,Banglore,CCU → BOM → BLR,14:05,12:00 07 May,21h 55m,1 stop,No info,14388
Jet Airways,27/03/2019,Delhi,Cochin,DEL → BOM → COK,19:45,04:25 28 Mar,8h 40m,1 stop,In-flight meal not included,6540
SpiceJet,24/06/2019,Banglore,Delhi,BLR → DEL,09:30,12:20,2h 50m,non-stop,No info,3625
Multiple carriers,9/05/2019,Delhi,Cochin,DEL → BOM → COK,07:30,19:15,11h 45m,1 stop,No info,8266
SpiceJet,18/05/2019,Kolkata,Banglore,CCU → IXB → BLR,11:15,18:30,7h 15m,1 stop,No info,10944
IndiGo,27/03/2019,Delhi,Cochin,DEL → BOM → COK,16:00,21:00,5h,1 stop,No info,5073
Jet Airways,15/03/2019,Banglore,New Delhi,BLR → BOM → DEL,05:45,12:25,6h 40m,1 stop,In-flight meal not included,9134
Vistara,12/06/2019,Kolkata,Banglore,CCU → DEL → BLR,20:20,20:20 13 Jun,24h,1 stop,No info,8085
Jet Airways,06/03/2019,Banglore,New Delhi,BLR → BOM → DEL,07:00,12:25,5h 25m,1 stop,No info,22270
Air India,1/04/2019,Kolkata,Banglore,CCU → DEL → VGA → BLR,07:00,10:00 02 Apr,27h,2 stops,No info,9836
IndiGo,3/03/2019,Delhi,Cochin,DEL → BOM → COK,18:35,01:35 04 Mar,7h,1 stop,No info,14871
Jet Airways,12/03/2019,Mumbai,Hyderabad,BOM → VNS → DEL → HYD,06:30,16:35,10h 5m,2 stops,No info,23528
Jet Airways,6/06/2019,Banglore,Delhi,BLR → DEL,07:10,10:10,3h,non-stop,No info,8016
Jet Airways,18/03/2019,Banglore,New Delhi,BLR → BOM → DEL,07:00,16:10,9h 10m,1 stop,No info,12284
Multiple carriers,12/06/2019,Delhi,Cochin,DEL → BOM → COK,06:00,21:00,15h,1 stop,No info,7005
IndiGo,3/06/2019,Kolkata,Banglore,CCU → BLR,11:30,14:05,2h 35m,non-stop,No info,4804
IndiGo,27/03/2019,Delhi,Cochin,DEL → BLR → COK,05:05,10:05,5h,1 stop,No info,6827
Air India,12/05/2019,Mumbai,Hyderabad,BOM → HYD,06:20,07:40,1h 20m,non-stop,No info,3100
Jet Airways,15/03/2019,Mumbai,Hyderabad,BOM → HYD,19:35,21:05,1h 30m,non-stop,In-flight meal not included,2759
Jet Airways,9/05/2019,Kolkata,Banglore,CCU → DEL → BLR,20:25,21:05 10 May,24h 40m,1 stop,No info,13067
GoAir,15/04/2019,Banglore,Delhi,BLR → DEL,20:55,23:40,2h 45m,non-stop,No info,3898
Jet Airways,12/06/2019,Delhi,Cochin,DEL → JAI → BOM → COK,09:40,04:25 13 Jun,18h 45m,2 stops,In-flight meal not included,10368
SpiceJet,18/03/2019,Banglore,New Delhi,BLR → DEL,05:45,08:35,2h 50m,non-stop,No check-in baggage included,4273
SpiceJet,24/05/2019,Banglore,Delhi,BLR → DEL,05:55,08:35,2h 40m,non-stop,No info,3311
Multiple carriers,6/03/2019,Delhi,Cochin,DEL → BOM → COK,09:00,21:00,12h,1 stop,In-flight meal not included,15136
Multiple carriers,9/04/2019,Delhi,Cochin,DEL → HYD → COK,07:05,18:10,11h 5m,1 stop,No info,6601
Vistara,24/05/2019,Kolkata,Banglore,CCU → DEL → BLR,20:20,22:40 25 May,26h 20m,1 stop,No info,8452
Jet Airways,1/05/2019,Kolkata,Banglore,CCU → DEL → BLR,17:00,14:25 02 May,21h 25m,1 stop,In-flight meal not included,9314
IndiGo,1/06/2019,Delhi,Cochin,DEL → BLR → COK,02:00,07:45,5h 45m,1 stop,No info,6386
Multiple carriers,24/06/2019,Delhi,Cochin,DEL → BOM → COK,11:30,01:30 25 Jun,14h,1 stop,No info,13377
Jet Airways,3/03/2019,Mumbai,Hyderabad,BOM → HYD,02:55,04:25,1h 30m,non-stop,No info,5678
Air Asia,18/05/2019,Banglore,Delhi,BLR → DEL,23:55,02:45 19 May,2h 50m,non-stop,No info,4483
Jet Airways,27/05/2019,Delhi,Cochin,DEL → BOM → COK,14:00,12:35 28 May,22h 35m,1 stop,In-flight meal not included,12898
IndiGo,03/03/2019,Banglore,New Delhi,BLR → DEL,07:10,10:05,2h 55m,non-stop,No info,7648
Jet Airways,9/06/2019,Kolkata,Banglore,CCU → BOM → BLR,06:30,23:35,17h 5m,1 stop,No info,14571
IndiGo,27/06/2019,Mumbai,Hyderabad,BOM → HYD,06:25,07:55,1h 30m,non-stop,No info,4049
Air India,18/03/2019,Banglore,New Delhi,BLR → BOM → BHO → DEL,08:50,23:25,14h 35m,2 stops,No info,11728
SpiceJet,18/04/2019,Kolkata,Banglore,CCU → BLR,06:55,09:30,2h 35m,non-stop,No info,3873
Air India,9/05/2019,Delhi,Cochin,DEL → MAA → COK,20:40,09:25 10 May,12h 45m,1 stop,No info,7480
Jet Airways,21/06/2019,Banglore,Delhi,BLR → DEL,19:50,22:50,3h,non-stop,No info,8541
Jet Airways,01/03/2019,Banglore,New Delhi,BLR → BOM → DEL,22:50,11:25 02 Mar,12h 35m,1 stop,1 Long layover,31825
IndiGo,1/06/2019,Chennai,Kolkata,MAA → CCU,14:45,17:05,2h 20m,non-stop,No info,3597
Jet Airways,12/03/2019,Banglore,New Delhi,BLR → BOM → DEL,21:25,15:15 13 Mar,17h 50m,1 stop,No info,13817
Jet Airways,24/05/2019,Kolkata,Banglore,CCU → BOM → BLR,08:25,20:45,12h 20m,1 stop,No info,14571
Air Asia,15/06/2019,Delhi,Cochin,DEL → BLR → COK,16:45,07:10 16 Jun,14h 25m,1 stop,No info,6853
Jet Airways,27/05/2019,Delhi,Cochin,DEL → AMD → BOM → COK,23:05,04:25 29 May,29h 20m,2 stops,No info,16704
SpiceJet,27/05/2019,Banglore,Delhi,BLR → DEL,09:30,12:20,2h 50m,non-stop,No check-in baggage included,3573
Vistara,15/05/2019,Kolkata,Banglore,CCU → DEL → BLR,17:00,18:50 16 May,25h 50m,1 stop,No info,9345
Jet Airways,15/06/2019,Delhi,Cochin,DEL → JAI → BOM → COK,05:30,04:25 16 Jun,22h 55m,2 stops,No info,13014
Multiple carriers,12/06/2019,Delhi,Cochin,DEL → BOM → COK,08:00,21:00,13h,1 stop,No info,13797
Air India,03/03/2019,Banglore,New Delhi,BLR → HBX → BOM → NAG → DEL,12:00,10:35 07 Mar,22h 35m,3 stops,No info,12358
Multiple carriers,9/03/2019,Delhi,Cochin,DEL → BOM → COK,18:15,01:35 10 Mar,7h 20m,1 stop,In-flight meal not included,14086
IndiGo,3/05/2019,Chennai,Kolkata,MAA → CCU,19:35,21:55,2h 20m,non-stop,No info,3597
Jet Airways,24/05/2019,Kolkata,Banglore,CCU → BOM → BLR,18:55,08:15 25 May,13h 20m,1 stop,No info,13731
Jet Airways,21/05/2019,Delhi,Cochin,DEL → BOM → COK,19:45,04:25 22 May,8h 40m,1 stop,In-flight meal not included,12898
Jet Airways,6/06/2019,Delhi,Cochin,DEL → BOM → COK,16:00,04:25 07 Jun,12h 25m,1 stop,No info,14714
Vistara,12/04/2019,Banglore,Delhi,BLR → DEL,11:30,14:20,2h 50m,non-stop,No info,5403
Jet Airways,24/06/2019,Banglore,Delhi,BLR → DEL,06:00,08:45,2h 45m,non-stop,In-flight meal not included,5769
Air Asia,24/03/2019,Kolkata,Banglore,CCU → BLR,10:20,12:55,2h 35m,non-stop,No info,5620
IndiGo,18/06/2019,Delhi,Cochin,DEL → COK,05:35,08:50,3h 15m,non-stop,No info,5000
Air India,6/05/2019,Delhi,Cochin,,09:45,09:25 07 May,23h 40m,,No info,7480
Air India,21/03/2019,Delhi,Cochin,DEL → LKO → BOM → COK,12:20,19:15 22 Mar,30h 55m,2 stops,No info,10703
Multiple carriers,18/05/2019,Delhi,Cochin,DEL → BOM → COK,11:30,21:00,9h 30m,1 stop,No info,13727
Jet Airways,12/05/2019,Kolkata,Banglore,CCU → BOM → BLR,20:00,09:20 13 May,13h 20m,1 stop,No info,14388
Air India,6/06/2019,Kolkata,Banglore,CCU → DEL → COK → BLR,10:00,01:20 07 Jun,15h 20m,2 stops,No info,13033
Jet Airways,01/03/2019,Banglore,New Delhi,BLR → BOM → DEL,08:00,07:40 02 Mar,23h 40m,1 stop,No info,22270
IndiGo,27/05/2019,Delhi,Cochin,DEL → LKO → COK,21:50,03:35 28 May,5h 45m,1 stop,No info,6769
Air Asia,24/05/2019,Kolkata,Banglore,CCU → IXR → DEL → BLR,15:10,23:30,8h 20m,2 stops,No info,5192
Jet Airways,24/05/2019,Mumbai,Hyderabad,BOM → HYD,02:55,04:20,1h 25m,non-stop,In-flight meal not included,4995
IndiGo,1/03/2019,Chennai,Kolkata,MAA → CCU,07:55,10:15,2h 20m,non-stop,No info,8580
Air India,15/06/2019,Delhi,Cochin,DEL → MAA → COK,12:30,09:25 16 Jun,20h 55m,1 stop,No info,7480
Jet Airways,27/04/2019,Banglore,Delhi,BLR → DEL,08:20,11:20,3h,non-stop,In-flight meal not included,5198
Jet Airways,6/06/2019,Delhi,Cochin,DEL → JAI → BOM → COK,09:40,19:00,9h 20m,2 stops,In-flight meal not included,10368
Jet Airways,6/05/2019,Mumbai,Hyderabad,BOM → HYD,07:05,08:30,1h 25m,non-stop,No info,8040
Jet Airways,9/03/2019,Delhi,Cochin,DEL → ATQ → BOM → COK,08:20,04:25 10 Mar,20h 5m,2 stops,No info,18909
Air India,1/04/2019,Kolkata,Banglore,CCU → DEL → AMD → BLR,07:00,05:25 02 Apr,22h 25m,2 stops,No info,12849
Air India,1/03/2019,Delhi,Cochin,DEL → BLR → COK,09:45,08:15 02 Mar,22h 30m,1 stop,No info,22798
Jet Airways,6/06/2019,Kolkata,Banglore,CCU → BOM → BLR,08:25,18:15,9h 50m,1 stop,No info,14571
Jet Airways,06/03/2019,Banglore,New Delhi,BLR → BOM → DEL,14:05,08:15 07 Mar,18h 10m,1 stop,In-flight meal not included,13502
SpiceJet,27/03/2019,Chennai,Kolkata,MAA → CCU,17:45,20:05,2h 20m,non-stop,No check-in baggage included,3332
Multiple carriers,6/06/2019,Delhi,Cochin,DEL → BOM → COK,07:30,19:15,11h 45m,1 stop,No info,7354
Multiple carriers,15/05/2019,Delhi,Cochin,DEL → BOM → COK,10:00,21:00,11h,1 stop,No info,8073
IndiGo,21/03/2019,Mumbai,Hyderabad,BOM → HYD,09:10,10:35,1h 25m,non-stop,No info,4049
Jet Airways,9/03/2019,Delhi,Cochin,DEL → BOM → COK,02:15,04:25 10 Mar,26h 10m,1 stop,No info,15029
Air India,24/06/2019,Delhi,Cochin,DEL → HYD → MAA → COK,09:45,09:25 25 Jun,23h 40m,2 stops,No info,10975
Multiple carriers,1/06/2019,Delhi,Cochin,DEL → HYD → COK,07:10,22:30,15h 20m,1 stop,No info,7038
Jet Airways,9/05/2019,Delhi,Cochin,DEL → BOM → COK,08:00,19:00,11h,1 stop,No info,15554
Air India,12/06/2019,Banglore,Delhi,BLR → DEL,21:05,23:55,2h 50m,non-stop,No info,5228
IndiGo,1/06/2019,Delhi,Cochin,DEL → MAA → COK,02:00,07:25,5h 25m,1 stop,No info,5636
Air India,27/06/2019,Delhi,Cochin,DEL → JAI → BOM → COK,12:00,07:40 28 Jun,19h 40m,2 stops,No info,9653
Jet Airways,24/05/2019,Kolkata,Banglore,CCU → BOM → BLR,18:55,10:05 25 May,15h 10m,1 stop,In-flight meal not included,8586
SpiceJet,21/05/2019,Mumbai,Hyderabad,BOM → HYD,13:15,14:45,1h 30m,non-stop,No info,2017
Vistara,24/05/2019,Kolkata,Banglore,CCU → DEL → BLR,20:20,23:25 25 May,27h 5m,1 stop,No info,9345
Jet Airways,21/03/2019,Delhi,Cochin,DEL → BDQ → BOM → COK,10:45,18:50 22 Mar,32h 5m,2 stops,In-flight meal not included,9270
Jet Airways,3/06/2019,Delhi,Cochin,DEL → IDR → BOM → COK,05:30,19:00,13h 30m,2 stops,No info,13292
Jet Airways,27/03/2019,Delhi,Cochin,DEL → MAA → BOM → COK,17:35,19:45 28 Mar,26h 10m,2 stops,In-flight meal not included,8098
Air India,6/06/2019,Delhi,Cochin,DEL → MAA → COK,09:45,09:25 07 Jun,23h 40m,1 stop,No info,7952
IndiGo,12/06/2019,Delhi,Cochin,DEL → BOM → COK,18:35,01:30 13 Jun,6h 55m,1 stop,No info,5883
Jet Airways,6/06/2019,Banglore,Delhi,BLR → DEL,19:50,22:50,3h,non-stop,No info,8016
SpiceJet,18/05/2019,Kolkata,Banglore,CCU → BLR,17:10,19:40,2h 30m,non-stop,No info,4174
Multiple carriers,3/06/2019,Delhi,Cochin,DEL → HYD → COK,07:05,22:30,15h 25m,1 stop,No info,10696
Vistara,12/06/2019,Banglore,Delhi,BLR → DEL,17:00,19:35,2h 35m,non-stop,No info,4878
SpiceJet,1/04/2019,Banglore,Delhi,BLR → DEL,09:30,12:20,2h 50m,non-stop,No info,3971
Multiple carriers,3/06/2019,Delhi,Cochin,DEL → BOM → COK,19:00,01:30 04 Jun,6h 30m,1 stop,No info,7198
Jet Airways,6/05/2019,Kolkata,Banglore,CCU → DEL → BLR,20:25,22:05 07 May,25h 40m,1 stop,In-flight meal not included,9314
SpiceJet,1/05/2019,Banglore,Delhi,BLR → DEL,09:30,12:20,2h 50m,non-stop,No info,4423
SpiceJet,6/04/2019,Kolkata,Banglore,CCU → BLR,06:55,09:30,2h 35m,non-stop,No check-in baggage included,3841
Multiple carriers,27/03/2019,Delhi,Cochin,DEL → BOM → COK,10:45,19:15,8h 30m,1 stop,No info,7154
Air India,15/06/2019,Delhi,Cochin,DEL → BOM → COK,07:00,19:15,12h 15m,1 stop,No info,9929
Multiple carriers,9/05/2019,Delhi,Cochin,DEL → BOM → COK,11:40,19:15,7h 35m,1 stop,No info,8266
Multiple carriers,12/06/2019,Delhi,Cochin,DEL → BOM → COK,08:30,19:00,10h 30m,1 stop,No info,10877
IndiGo,24/06/2019,Kolkata,Banglore,CCU → BLR,15:15,17:45,2h 30m,non-stop,No info,4804
Multiple carriers,15/06/2019,Delhi,Cochin,DEL → BOM → COK,11:30,21:00,9h 30m,1 stop,No info,13587
IndiGo,6/03/2019,Delhi,Cochin,DEL → BOM → COK,04:45,13:20,8h 35m,1 stop,No info,13611
IndiGo,6/06/2019,Delhi,Cochin,DEL → BOM → COK,09:15,01:30 07 Jun,16h 15m,1 stop,No info,6628
IndiGo,12/06/2019,Delhi,Cochin,DEL → COK,14:25,17:40,3h 15m,non-stop,No info,5601
SpiceJet,15/04/2019,Delhi,Cochin,DEL → MAA → COK,06:05,11:20,5h 15m,1 stop,No info,5583
IndiGo,21/05/2019,Banglore,Delhi,BLR → DEL,10:10,13:00,2h 50m,non-stop,No info,3943
IndiGo,24/03/2019,Banglore,New Delhi,BLR → DEL,04:00,06:50,2h 50m,non-stop,No info,4777
Jet Airways,12/05/2019,Kolkata,Banglore,CCU → BOM → BLR,20:00,12:00 13 May,16h,1 stop,In-flight meal not included,9663
Jet Airways,1/06/2019,Delhi,Cochin,DEL → JAI → BOM → COK,05:30,04:25 02 Jun,22h 55m,2 stops,In-flight meal not included,10368
IndiGo,15/06/2019,Delhi,Cochin,DEL → BOM → COK,18:35,01:30 16 Jun,6h 55m,1 stop,No info,5883
IndiGo,27/04/2019,Kolkata,Banglore,CCU → BLR,11:30,14:05,2h 35m,non-stop,No info,4804
Vistara,03/03/2019,Banglore,New Delhi,BLR → DEL,16:00,18:35,2h 35m,non-stop,No info,13383
Multiple carriers,1/06/2019,Delhi,Cochin,DEL → HYD → COK,13:15,22:30,9h 15m,1 stop,No info,9646
Jet Airways,1/05/2019,Kolkata,Banglore,CCU → DEL → BLR,17:00,19:10 02 May,26h 10m,1 stop,No info,11467
Air Asia,12/05/2019,Kolkata,Banglore,CCU → DEL → BLR,22:40,10:40 13 May,12h,1 stop,No info,5192
Jet Airways,12/06/2019,Delhi,Cochin,DEL → NAG → BOM → COK,06:45,04:25 13 Jun,21h 40m,2 stops,No info,13376
Air Asia,03/03/2019,Banglore,New Delhi,BLR → DEL,23:25,02:10 07 Mar,2h 45m,non-stop,No info,6477
Multiple carriers,18/05/2019,Delhi,Cochin,DEL → BOM → COK,09:00,21:00,12h,1 stop,No info,13727
Vistara,18/05/2019,Kolkata,Banglore,CCU → DEL → BLR,17:00,20:20 19 May,27h 20m,1 stop,No info,9555
Jet Airways,24/06/2019,Delhi,Cochin,DEL → AMD → BOM → COK,19:10,19:00 25 Jun,23h 50m,2 stops,No info,12819
Vistara,6/03/2019,Mumbai,Hyderabad,BOM → DEL → HYD,10:25,22:55,12h 30m,1 stop,No info,12395
Jet Airways,15/06/2019,Delhi,Cochin,DEL → BOM → COK,19:15,04:25 16 Jun,9h 10m,1 stop,In-flight meal not included,10262
Jet Airways,21/05/2019,Kolkata,Banglore,CCU → BOM → BLR,08:25,20:45,12h 20m,1 stop,No info,14781
Jet Airways,12/05/2019,Mumbai,Hyderabad,BOM → HYD,10:20,11:50,1h 30m,non-stop,No info,5678
SpiceJet,15/05/2019,Kolkata,Banglore,CCU → IXB → BLR,15:55,21:25,5h 30m,1 stop,No info,7804
Jet Airways,27/06/2019,Delhi,Cochin,DEL → BOM → COK,15:00,19:00 28 Jun,28h,1 stop,In-flight meal not included,10262
Jet Airways,18/05/2019,Banglore,Delhi,BLR → DEL,19:50,22:50,3h,non-stop,In-flight meal not included,5198
IndiGo,3/05/2019,Mumbai,Hyderabad,BOM → HYD,06:25,07:55,1h 30m,non-stop,No info,4049
Air Asia,15/06/2019,Banglore,Delhi,BLR → DEL,11:10,13:55,2h 45m,non-stop,No info,3383
Air India,27/05/2019,Delhi,Cochin,DEL → BLR → COK,17:40,23:00,5h 20m,1 stop,No info,7174
Air India,15/05/2019,Delhi,Cochin,DEL → BLR → COK,20:30,23:00 16 May,26h 30m,1 stop,No info,8907
Jet Airways,1/06/2019,Delhi,Cochin,DEL → JAI → BOM → COK,09:40,12:35 02 Jun,26h 55m,2 stops,No info,13014
Jet Airways,6/05/2019,Kolkata,Banglore,CCU → BOM → BLR,21:10,08:15 07 May,11h 5m,1 stop,No info,13584
Air Asia,15/05/2019,Kolkata,Banglore,CCU → BLR,22:50,01:20 16 May,2h 30m,non-stop,No info,4107
Jet Airways,15/03/2019,Mumbai,Hyderabad,BOM → HYD,02:55,04:25,1h 30m,non-stop,In-flight meal not included,2071
Jet Airways,9/05/2019,Delhi,Cochin,DEL → BOM → COK,20:55,04:25 10 May,7h 30m,1 stop,In-flight meal not included,12373
Air India,12/03/2019,Banglore,New Delhi,BLR → BOM → IXC → DEL,08:50,13:55 13 Mar,29h 5m,2 stops,No info,13303
Jet Airways,12/06/2019,Kolkata,Banglore,CCU → BOM → BLR,16:30,10:05 13 Jun,17h 35m,1 stop,In-flight meal not included,8529
Jet Airways,6/06/2019,Kolkata,Banglore,CCU → BOM → BLR,18:55,19:50 07 Jun,24h 55m,1 stop,No info,14571
Jet Airways,27/05/2019,Delhi,Cochin,DEL → AMD → BOM → COK,23:05,04:25 29 May,29h 20m,2 stops,No info,15129
Jet Airways,9/06/2019,Banglore,Delhi,BLR → DEL,08:20,11:20,3h,non-stop,No info,8016
IndiGo,6/06/2019,Kolkata,Banglore,CCU → BLR,21:25,00:05 07 Jun,2h 40m,non-stop,No info,4804
Air India,09/03/2019,Banglore,New Delhi,BLR → HYD → DEL,06:50,12:15,5h 25m,1 stop,No info,5118
Jet Airways,18/05/2019,Kolkata,Banglore,CCU → BOM → BLR,08:25,08:15 19 May,23h 50m,1 stop,In-flight meal not included,9663
Air India,9/06/2019,Kolkata,Banglore,CCU → IXR → DEL → BLR,05:50,12:30 10 Jun,30h 40m,2 stops,No info,12723
GoAir,12/05/2019,Banglore,Delhi,BLR → DEL,20:55,23:40,2h 45m,non-stop,No info,3419
Jet Airways,12/03/2019,Banglore,New Delhi,BLR → BOM → DEL,22:55,10:45 13 Mar,11h 50m,1 stop,In-flight meal not included,11087
IndiGo,12/04/2019,Kolkata,Banglore,CCU → BLR,22:15,00:50 13 Apr,2h 35m,non-stop,No info,4174
Jet Airways,9/06/2019,Delhi,Cochin,DEL → BOM → COK,08:00,04:25 10 Jun,20h 25m,1 stop,In-flight meal not included,10262
Jet Airways,15/06/2019,Delhi,Cochin,DEL → IDR → BOM → COK,09:35,12:35 16 Jun,27h,2 stops,No info,12609
Vistara,3/06/2019,Banglore,Delhi,BLR → DEL,07:00,09:40,2h 40m,non-stop,No info,4668
SpiceJet,24/05/2019,Mumbai,Hyderabad,BOM → HYD,22:45,00:15 25 May,1h 30m,non-stop,No check-in baggage included,1965
IndiGo,1/06/2019,Mumbai,Hyderabad,BOM → HYD,06:25,07:55,1h 30m,non-stop,No info,4049
Air India,12/04/2019,Kolkata,Banglore,CCU → BLR,14:15,16:45,2h 30m,non-stop,No info,5195
IndiGo,18/05/2019,Kolkata,Banglore,CCU → BLR,20:20,22:55,2h 35m,non-stop,No info,4804
IndiGo,03/03/2019,Banglore,New Delhi,BLR → DEL,13:00,15:50,2h 50m,non-stop,No info,7648
IndiGo,3/05/2019,Chennai,Kolkata,MAA → CCU,07:55,10:15,2h 20m,non-stop,No info,3850
Air India,15/04/2019,Banglore,Delhi,BLR → DEL,10:00,12:45,2h 45m,non-stop,No info,6121
IndiGo,18/06/2019,Chennai,Kolkata,MAA → CCU,05:15,07:40,2h 25m,non-stop,No info,3540
Jet Airways,15/03/2019,Banglore,New Delhi,BLR → BOM → DEL,05:45,11:25,5h 40m,1 stop,In-flight meal not included,9134
Jet Airways,6/06/2019,Kolkata,Banglore,CCU → BOM → BLR,18:55,22:35 07 Jun,27h 40m,1 stop,In-flight meal not included,10844
IndiGo,3/06/2019,Chennai,Kolkata,MAA → CCU,22:05,00:25 04 Jun,2h 20m,non-stop,No info,5277
IndiGo,6/04/2019,Delhi,Cochin,DEL → BOM → COK,16:00,21:00,5h,1 stop,No info,5073
SpiceJet,24/06/2019,Kolkata,Banglore,CCU → BLR,06:55,09:30,2h 35m,non-stop,No check-in baggage included,3841
Multiple carriers,3/06/2019,Delhi,Cochin,DEL → BOM → COK,07:30,19:00,11h 30m,1 stop,No info,10877
Jet Airways,27/03/2019,Delhi,Cochin,DEL → BOM → COK,17:30,19:45 28 Mar,26h 15m,1 stop,In-flight meal not included,5406
Jet Airways,9/06/2019,Kolkata,Banglore,CCU → DEL → BLR,17:00,09:45 10 Jun,16h 45m,1 stop,No info,14151
Jet Airways,3/06/2019,Delhi,Cochin,DEL → BDQ → BOM → COK,18:25,12:35 04 Jun,18h 10m,2 stops,No info,14237
IndiGo,24/06/2019,Mumbai,Hyderabad,BOM → HYD,01:40,03:10,1h 30m,non-stop,No info,2754
Air India,18/05/2019,Kolkata,Banglore,CCU → DEL → BLR,07:00,20:25,13h 25m,1 stop,No info,11306
Air Asia,1/05/2019,Kolkata,Banglore,CCU → DEL → BLR,22:40,10:40 02 May,12h,1 stop,No info,5192
Vistara,12/06/2019,Chennai,Kolkata,MAA → CCU,07:05,09:20,2h 15m,non-stop,No info,3687
Multiple carriers,3/06/2019,Delhi,Cochin,DEL → BOM → COK,03:50,19:00,15h 10m,1 stop,No info,12192
Jet Airways,27/05/2019,Delhi,Cochin,DEL → BOM → COK,13:00,19:00,6h,1 stop,In-flight meal not included,12898
Jet Airways,9/06/2019,Delhi,Cochin,DEL → BOM → COK,19:45,19:00 10 Jun,23h 15m,1 stop,No info,14924
SpiceJet,24/05/2019,Kolkata,Banglore,CCU → KNU → BLR,11:35,18:50,7h 15m,1 stop,No info,8479
Multiple carriers,27/05/2019,Delhi,Cochin,DEL → BOM → COK,14:00,01:30 28 May,11h 30m,1 stop,In-flight meal not included,6943
Multiple carriers,27/06/2019,Delhi,Cochin,DEL → BOM → COK,06:40,19:15,12h 35m,1 stop,No info,7354
Multiple carriers,6/06/2019,Delhi,Cochin,DEL → BOM → COK,09:00,19:00,10h,1 stop,No info,12192
IndiGo,3/05/2019,Banglore,Delhi,BLR → DEL,21:15,00:15 04 May,3h,non-stop,No info,3943
Jet Airways,6/05/2019,Delhi,Cochin,DEL → AMD → BOM → COK,19:10,19:00 07 May,23h 50m,2 stops,No info,15129
Vistara,9/04/2019,Banglore,Delhi,BLR → DEL,07:00,09:40,2h 40m,non-stop,No info,5403
Jet Airways,27/06/2019,Delhi,Cochin,DEL → LKO → BOM → COK,09:25,04:25 28 Jun,19h,2 stops,No info,13882
Jet Airways,21/03/2019,Mumbai,Hyderabad,BOM → HYD,19:35,21:05,1h 30m,non-stop,No info,5678
Vistara,27/04/2019,Banglore,Delhi,BLR → DEL,11:30,14:20,2h 50m,non-stop,No info,5403
Vistara,27/06/2019,Banglore,Delhi,BLR → DEL,21:00,23:50,2h 50m,non-stop,No info,4878
IndiGo,27/03/2019,Delhi,Cochin,DEL → HYD → MAA → COK,06:40,21:20,14h 40m,2 stops,No info,6494
IndiGo,24/03/2019,Banglore,New Delhi,BLR → DEL,01:30,04:15,2h 45m,non-stop,No info,4777
Air India,6/06/2019,Mumbai,Hyderabad,BOM → HYD,13:55,15:25,1h 30m,non-stop,No info,3625
Air India,1/04/2019,Kolkata,Banglore,CCU → BBI → BOM → BLR,12:00,18:30 02 Apr,30h 30m,2 stops,No info,9258
Jet Airways,6/06/2019,Delhi,Cochin,DEL → BOM → COK,13:00,19:00,6h,1 stop,In-flight meal not included,10262
Air India,01/03/2019,Banglore,New Delhi,BLR → CCU → BBI → HYD → VGA → DEL,05:50,11:20 02 Mar,29h 30m,4 stops,Change airports,17686
IndiGo,3/04/2019,Kolkata,Banglore,CCU → BLR,15:15,17:45,2h 30m,non-stop,No info,4174
Multiple carriers,21/05/2019,Delhi,Cochin,DEL → BOM → COK,10:20,01:30 22 May,15h 10m,1 stop,No info,7485
Air India,18/05/2019,Kolkata,Banglore,CCU → JAI → BOM → BLR,08:20,11:10 19 May,26h 50m,2 stops,No info,11222
Jet Airways,1/05/2019,Kolkata,Banglore,CCU → DEL → BLR,17:00,21:05 02 May,28h 5m,1 stop,No info,12121
Air India,21/05/2019,Kolkata,Banglore,CCU → JAI → BOM → BLR,08:20,18:30,10h 10m,2 stops,No info,10697
Jet Airways,9/05/2019,Delhi,Cochin,DEL → BOM → COK,11:30,19:00,7h 30m,1 stop,In-flight meal not included,12373
SpiceJet,21/05/2019,Kolkata,Banglore,CCU → PNQ → BLR,08:35,17:15,8h 40m,1 stop,No info,6381
Jet Airways,6/03/2019,Delhi,Cochin,DEL → UDR → BOM → COK,17:55,04:25 08 Mar,34h 30m,2 stops,No info,17072
Jet Airways,9/06/2019,Delhi,Cochin,DEL → JAI → BOM → COK,09:40,12:35 10 Jun,26h 55m,2 stops,In-flight meal not included,10368
IndiGo,24/05/2019,Banglore,Delhi,BLR → DEL,18:25,21:20,2h 55m,non-stop,No info,4823
Air India,3/03/2019,Delhi,Cochin,DEL → BLR → COK,09:45,23:00,13h 15m,1 stop,No info,27282
IndiGo,12/06/2019,Mumbai,Hyderabad,BOM → HYD,20:05,21:40,1h 35m,non-stop,No info,2227
IndiGo,09/03/2019,Banglore,New Delhi,BLR → DEL,00:40,03:25,2h 45m,non-stop,No info,4545
IndiGo,21/03/2019,Kolkata,Banglore,CCU → BLR,17:15,19:55,2h 40m,non-stop,No info,4148
IndiGo,12/03/2019,Kolkata,Banglore,CCU → BLR,15:10,17:45,2h 35m,non-stop,No info,4148
Air India,21/03/2019,Banglore,New Delhi,BLR → HYD → VGA → DEL,08:15,11:20 19 Mar,27h 5m,2 stops,No info,7642
Jet Airways,3/06/2019,Delhi,Cochin,DEL → BOM → COK,16:00,12:35 04 Jun,20h 35m,1 stop,In-flight meal not included,10262
Jet Airways,24/05/2019,Banglore,Delhi,BLR → DEL,08:20,11:20,3h,non-stop,In-flight meal not included,4030
IndiGo,27/06/2019,Delhi,Cochin,DEL → COK,14:25,17:40,3h 15m,non-stop,No info,5000
SpiceJet,9/06/2019,Delhi,Cochin,DEL → PNQ → COK,08:45,13:15,4h 30m,1 stop,No info,5264
Jet Airways,1/06/2019,Banglore,Delhi,BLR → DEL,18:55,22:00,3h 5m,non-stop,In-flight meal not included,7229
Jet Airways,3/06/2019,Delhi,Cochin,DEL → BOM → COK,08:00,19:00,11h,1 stop,In-flight meal not included,10577
Air India,24/05/2019,Kolkata,Banglore,CCU → IXR → DEL → BLR,05:50,08:55 25 May,27h 5m,2 stops,No info,12723
Jet Airways,1/06/2019,Delhi,Cochin,DEL → BOM → COK,21:50,04:25 02 Jun,6h 35m,1 stop,No info,14714
Jet Airways,21/03/2019,Delhi,Cochin,DEL → BOM → COK,02:15,04:25 22 Mar,26h 10m,1 stop,In-flight meal not included,7438
Air India,15/05/2019,Kolkata,Banglore,CCU → DEL → BLR,20:30,20:25 16 May,23h 55m,1 stop,No info,10203
Air Asia,27/03/2019,Kolkata,Banglore,CCU → BLR,22:50,01:20 28 Mar,2h 30m,non-stop,No info,3782
Jet Airways,12/06/2019,Delhi,Cochin,DEL → JAI → BOM → COK,05:30,19:00,13h 30m,2 stops,No info,13014
Multiple carriers,15/05/2019,Delhi,Cochin,DEL → BOM → COK,19:00,01:30 16 May,6h 30m,1 stop,No info,8073
IndiGo,9/05/2019,Kolkata,Banglore,CCU → BLR,15:30,18:05,2h 35m,non-stop,No info,4804
IndiGo,9/05/2019,Kolkata,Banglore,CCU → BBI → BLR,07:10,12:40,5h 30m,1 stop,No info,4864
Multiple carriers,6/03/2019,Delhi,Cochin,DEL → BOM → COK,06:40,18:50,12h 10m,1 stop,No info,15135
Air India,6/06/2019,Kolkata,Banglore,CCU → BOM → BLR,16:50,11:10 07 Jun,18h 20m,1 stop,No info,8366
Jet Airways,9/06/2019,Delhi,Cochin,DEL → IDR → BOM → COK,05:30,04:25 10 Jun,22h 55m,2 stops,No info,13292
Air India,15/06/2019,Banglore,Delhi,BLR → DEL,17:00,19:45,2h 45m,non-stop,No info,7171
Jet Airways,6/05/2019,Kolkata,Banglore,CCU → DEL → BLR,09:35,21:05,11h 30m,1 stop,No info,12121
Air India,12/06/2019,Delhi,Cochin,DEL → GOI → BOM → COK,10:55,19:15,8h 20m,2 stops,No info,11753
IndiGo,01/03/2019,Banglore,New Delhi,BLR → HYD → DEL,05:15,10:00,4h 45m,1 stop,No Info,8064
Jet Airways,6/06/2019,Delhi,Cochin,DEL → BOM → COK,15:00,19:00 07 Jun,28h,1 stop,In-flight meal not included,10262
IndiGo,3/05/2019,Chennai,Kolkata,MAA → CCU,22:05,00:25 04 May,2h 20m,non-stop,No info,5277
Jet Airways,9/06/2019,Banglore,Delhi,BLR → DEL,17:45,20:45,3h,non-stop,No info,8016
Air India,12/03/2019,Mumbai,Hyderabad,BOM → AMD → ISK → HYD,05:30,14:50,9h 20m,2 stops,No info,11342
Jet Airways,12/06/2019,Kolkata,Banglore,CCU → BOM → BLR,06:30,04:40 13 Jun,22h 10m,1 stop,In-flight meal not included,7594
Air Asia,3/06/2019,Banglore,Delhi,BLR → DEL,11:10,13:55,2h 45m,non-stop,No info,4483
Jet Airways,18/05/2019,Delhi,Cochin,DEL → ATQ → BOM → COK,20:00,04:25 19 May,8h 25m,2 stops,No info,16263
Air India,12/05/2019,Kolkata,Banglore,CCU → DEL → COK → BLR,10:00,01:20 13 May,15h 20m,2 stops,No info,13243
Jet Airways,12/06/2019,Banglore,Delhi,BLR → DEL,06:00,08:45,2h 45m,non-stop,In-flight meal not included,6478
Jet Airways,6/03/2019,Delhi,Cochin,DEL → BOM → COK,23:05,04:25 07 Mar,5h 20m,1 stop,No info,15764
Air India,3/04/2019,Kolkata,Banglore,CCU → BBI → HYD → BLR,09:10,04:40 04 Apr,19h 30m,2 stops,No info,4647
Jet Airways,3/06/2019,Banglore,Delhi,BLR → DEL,19:50,22:50,3h,non-stop,No info,8016
Air India,12/06/2019,Kolkata,Banglore,CCU → BLR,20:45,23:20,2h 35m,non-stop,No info,4145
Multiple carriers,27/03/2019,Delhi,Cochin,DEL → BOM → COK,07:30,21:00,13h 30m,1 stop,No info,8055
Air India,18/05/2019,Delhi,Cochin,DEL → HYD → BOM → COK,17:15,19:15 19 May,26h,2 stops,No info,12409
IndiGo,24/03/2019,Kolkata,Banglore,CCU → BLR,09:35,12:20,2h 45m,non-stop,No info,6038
Air Asia,21/05/2019,Kolkata,Banglore,CCU → BLR,22:50,01:20 22 May,2h 30m,non-stop,No info,4107
Air India,21/05/2019,Delhi,Cochin,DEL → BHO → BOM → COK,05:55,07:40 22 May,25h 45m,2 stops,No info,11911
Jet Airways,01/03/2019,Banglore,New Delhi,BLR → BOM → DEL,22:50,23:00 02 Mar,24h 10m,1 stop,No info,25735
Air India,6/06/2019,Kolkata,Banglore,CCU → BOM → COK → BLR,09:25,01:20 07 Jun,15h 55m,2 stops,No info,11458
Air Asia,24/04/2019,Delhi,Cochin,DEL → BLR → COK,16:45,22:25,5h 40m,1 stop,No info,6152
Jet Airways,9/06/2019,Kolkata,Banglore,CCU → BOM → BLR,21:10,23:35 10 Jun,26h 25m,1 stop,In-flight meal not included,10844
Vistara,24/05/2019,Chennai,Kolkata,MAA → CCU,17:45,20:05,2h 20m,non-stop,No info,11982
Jet Airways,9/05/2019,Kolkata,Banglore,CCU → BOM → BLR,06:30,16:20,9h 50m,1 stop,No info,13941
IndiGo,27/03/2019,Delhi,Cochin,DEL → HYD → COK,14:20,22:20,8h,1 stop,No info,6938
Jet Airways,27/06/2019,Delhi,Cochin,DEL → AMD → BOM → COK,13:25,19:00 28 Jun,29h 35m,2 stops,No info,15339
Jet Airways,3/03/2019,Delhi,Cochin,DEL → IDR → BOM → COK,05:25,18:50 04 Mar,37h 25m,2 stops,No info,20064
Multiple carriers,15/06/2019,Delhi,Cochin,DEL → HYD → COK,14:55,22:30,7h 35m,1 stop,In-flight meal not included,6093
Multiple carriers Premium economy,21/03/2019,Delhi,Cochin,DEL → BOM → COK,19:00,01:35 22 Mar,6h 35m,1 stop,No info,10885
Air India,1/06/2019,Delhi,Cochin,DEL → BLR → COK,13:30,23:00,9h 30m,1 stop,No info,8907
Jet Airways,6/05/2019,Kolkata,Banglore,CCU → BOM → BLR,06:30,20:45,14h 15m,1 stop,In-flight meal not included,9663
IndiGo,27/04/2019,Delhi,Cochin,DEL → HYD → COK,05:05,12:10,7h 5m,1 stop,No info,7160
Multiple carriers Premium economy,21/03/2019,Delhi,Cochin,DEL → BOM → COK,07:30,15:30,8h,1 stop,No info,11269
Jet Airways,1/04/2019,Mumbai,Hyderabad,BOM → HYD,19:35,21:05,1h 30m,non-stop,No info,5678
Jet Airways,27/05/2019,Mumbai,Hyderabad,BOM → HYD,02:55,04:20,1h 25m,non-stop,No info,5678
Air India,6/06/2019,Delhi,Cochin,DEL → BLR → COK,09:45,23:00,13h 15m,1 stop,No info,8907
Jet Airways,27/06/2019,Mumbai,Hyderabad,BOM → HYD,02:55,04:20,1h 25m,non-stop,In-flight meal not included,3210
Air India,15/05/2019,Banglore,Delhi,BLR → DEL,06:10,08:55,2h 45m,non-stop,No info,6961
Jet Airways,06/03/2019,Banglore,New Delhi,BLR → BOM → DEL,14:05,08:15 07 Mar,18h 10m,1 stop,No info,14815
Jet Airways,6/05/2019,Kolkata,Banglore,CCU → DEL → BLR,20:25,22:05 07 May,25h 40m,1 stop,No info,11467
Jet Airways,15/06/2019,Delhi,Cochin,DEL → NAG → BOM → COK,14:35,12:35 16 Jun,22h,2 stops,In-flight meal not included,10919
GoAir,3/06/2019,Delhi,Cochin,DEL → BOM → COK,14:25,19:35,5h 10m,1 stop,No info,9069
SpiceJet,1/05/2019,Kolkata,Banglore,CCU → MAA → BLR,15:05,20:20,5h 15m,1 stop,No info,4649
IndiGo,3/06/2019,Banglore,Delhi,BLR → DEL,18:25,21:20,2h 55m,non-stop,No info,4823
Air India,21/05/2019,Kolkata,Banglore,CCU → MAA → BLR,14:35,14:35 22 May,24h,1 stop,No info,6528
Jet Airways,06/03/2019,Banglore,New Delhi,BLR → BOM → DEL,05:45,12:25,6h 40m,1 stop,No info,22270
Jet Airways,9/03/2019,Delhi,Cochin,DEL → BDQ → BOM → COK,10:45,04:25 10 Mar,17h 40m,2 stops,In-flight meal not included,15654
Vistara,1/04/2019,Kolkata,Banglore,CCU → DEL → BLR,20:20,22:55 02 Apr,26h 35m,1 stop,No info,7770
IndiGo,3/05/2019,Kolkata,Banglore,CCU → BLR,04:40,07:15,2h 35m,non-stop,No info,4804
Jet Airways,15/06/2019,Delhi,Cochin,DEL → JAI → BOM → COK,19:30,12:35 16 Jun,17h 5m,2 stops,In-flight meal not included,10368
IndiGo,3/03/2019,Delhi,Cochin,DEL → COK,21:05,00:20 04 Mar,3h 15m,non-stop,No info,7673
IndiGo,21/04/2019,Delhi,Cochin,DEL → COK,05:35,08:50,3h 15m,non-stop,No info,6015
IndiGo,24/04/2019,Kolkata,Banglore,CCU → BLR,11:30,14:05,2h 35m,non-stop,No info,4804
Jet Airways,15/05/2019,Kolkata,Banglore,CCU → BOM → BLR,20:00,08:15 16 May,12h 15m,1 stop,No info,13941
Air Asia,9/05/2019,Kolkata,Banglore,CCU → BBI → BLR,19:55,23:30,3h 35m,1 stop,No info,5162
Air India,09/03/2019,Banglore,New Delhi,BLR → CCU → DEL,11:05,22:45,11h 40m,1 stop,No info,10657
Jet Airways,9/05/2019,Kolkata,Banglore,CCU → BOM → BLR,16:30,23:35,7h 5m,1 stop,No info,14781
IndiGo,3/04/2019,Mumbai,Hyderabad,BOM → HYD,19:05,20:35,1h 30m,non-stop,No info,2754
Air India,12/03/2019,Banglore,New Delhi,BLR → HYD → VGA → DEL,06:50,22:55,16h 5m,2 stops,No info,11474
Jet Airways,18/05/2019,Kolkata,Banglore,CCU → BOM → BLR,18:55,08:15 19 May,13h 20m,1 stop,In-flight meal not included,7757
Jet Airways,3/04/2019,Mumbai,Hyderabad,BOM → HYD,02:55,04:20,1h 25m,non-stop,In-flight meal not included,2228
Jet Airways,15/03/2019,Banglore,New Delhi,BLR → BOM → DEL,08:00,08:15 16 Mar,24h 15m,1 stop,In-flight meal not included,10405
GoAir,27/06/2019,Banglore,Delhi,BLR → DEL,07:45,10:40,2h 55m,non-stop,No info,3419
Jet Airways,9/06/2019,Delhi,Cochin,DEL → BOM → COK,17:30,12:35 10 Jun,19h 5m,1 stop,In-flight meal not included,10262
Air India,9/06/2019,Mumbai,Hyderabad,BOM → HYD,13:55,15:25,1h 30m,non-stop,No info,3100
Jet Airways,9/03/2019,Delhi,Cochin,DEL → BOM → COK,02:15,04:25 10 Mar,26h 10m,1 stop,In-flight meal not included,11848
Air India,9/04/2019,Delhi,Cochin,DEL → BLR → COK,20:30,08:15 10 Apr,11h 45m,1 stop,No info,5683
Jet Airways,9/05/2019,Kolkata,Banglore,CCU → BOM → BLR,08:25,12:00 10 May,27h 35m,1 stop,In-flight meal not included,9663
Jet Airways,24/04/2019,Banglore,Delhi,BLR → DEL,19:50,22:50,3h,non-stop,In-flight meal not included,4544
Jet Airways,27/05/2019,Mumbai,Hyderabad,BOM → HYD,02:55,04:20,1h 25m,non-stop,In-flight meal not included,4050
Vistara,9/05/2019,Kolkata,Banglore,CCU → DEL → BLR,20:20,09:05 10 May,12h 45m,1 stop,No info,9187
Vistara,1/04/2019,Kolkata,Banglore,CCU → DEL → BLR,20:20,20:20 02 Apr,24h,1 stop,No info,8452
Air India,18/05/2019,Kolkata,Banglore,CCU → BOM → COK → BLR,09:25,01:20 19 May,15h 55m,2 stops,No info,11668
Air India,9/06/2019,Delhi,Cochin,DEL → CCU → BOM → COK,14:25,19:15 10 Jun,28h 50m,2 stops,No info,13381
Multiple carriers,18/05/2019,Delhi,Cochin,DEL → BOM → COK,07:00,21:00,14h,1 stop,No info,8073
Air Asia,1/03/2019,Kolkata,Banglore,CCU → BLR,10:20,12:55,2h 35m,non-stop,No info,5620
Jet Airways,12/06/2019,Kolkata,Banglore,CCU → BOM → BLR,14:05,04:40 13 Jun,14h 35m,1 stop,No info,12739
Air Asia,3/05/2019,Kolkata,Banglore,CCU → BLR,19:55,22:25,2h 30m,non-stop,No info,5989
Air India,21/05/2019,Kolkata,Banglore,CCU → BOM → BLR,09:25,07:55 22 May,22h 30m,1 stop,No info,8891
Jet Airways,27/04/2019,Banglore,Delhi,BLR → DEL,19:50,22:50,3h,non-stop,In-flight meal not included,4544
Jet Airways,6/06/2019,Delhi,Cochin,DEL → BOM → COK,16:00,19:00 07 Jun,27h,1 stop,In-flight meal not included,10262
Vistara,21/05/2019,Kolkata,Banglore,CCU → DEL → BLR,17:00,20:20 22 May,27h 20m,1 stop,No info,9345
Vistara,01/03/2019,Banglore,New Delhi,BLR → DEL,19:40,22:20,2h 40m,non-stop,No info,21730
IndiGo,15/06/2019,Delhi,Cochin,DEL → BOM → COK,09:15,21:00,11h 45m,1 stop,No info,6838
Air India,12/03/2019,Mumbai,Hyderabad,BOM → DEL → HYD,21:00,19:25 13 Mar,22h 25m,1 stop,No info,10943
IndiGo,18/06/2019,Banglore,Delhi,BLR → DEL,04:00,06:50,2h 50m,non-stop,No info,3943
SpiceJet,18/06/2019,Banglore,Delhi,BLR → DEL,05:55,08:35,2h 40m,non-stop,No check-in baggage included,3573
SpiceJet,15/05/2019,Kolkata,Banglore,CCU → BLR,09:00,11:25,2h 25m,non-stop,No check-in baggage included,3841
Multiple carriers,21/05/2019,Delhi,Cochin,DEL → HYD → COK,09:45,18:10,8h 25m,1 stop,No info,9646
Air India,18/03/2019,Delhi,Cochin,DEL → COK,18:05,21:10,3h 5m,non-stop,No info,4729
Jet Airways,06/03/2019,Banglore,New Delhi,BLR → BOM → DEL,22:50,09:30 07 Mar,10h 40m,1 stop,No info,17261
Jet Airways,1/05/2019,Kolkata,Banglore,CCU → BOM → BLR,14:05,10:05 02 May,20h,1 stop,No info,13941
Jet Airways,21/05/2019,Kolkata,Banglore,CCU → BOM → BLR,21:10,12:00 22 May,14h 50m,1 stop,In-flight meal not included,10844
Jet Airways,24/03/2019,Kolkata,Banglore,CCU → BOM → BLR,18:55,16:20 25 Mar,21h 25m,1 stop,No info,14231
Jet Airways,12/06/2019,Delhi,Cochin,DEL → BOM → COK,13:00,19:00,6h,1 stop,No info,14714
SpiceJet,21/03/2019,Delhi,Cochin,DEL → PNQ → COK,08:45,13:15,4h 30m,1 stop,No info,6460
Jet Airways,1/05/2019,Kolkata,Banglore,CCU → DEL → BLR,20:25,23:35 02 May,27h 10m,1 stop,No info,11467
IndiGo,3/05/2019,Banglore,Delhi,BLR → DEL,00:30,03:25,2h 55m,non-stop,No info,3943
IndiGo,15/04/2019,Kolkata,Banglore,CCU → HYD → BLR,15:15,20:05,4h 50m,1 stop,No info,4775
SpiceJet,6/04/2019,Kolkata,Banglore,CCU → BLR,09:00,11:25,2h 25m,non-stop,No check-in baggage included,3841
Jet Airways,18/03/2019,Banglore,New Delhi,BLR → BOM → DEL,11:40,07:40 16 Mar,20h,1 stop,No info,12284
IndiGo,9/06/2019,Kolkata,Banglore,CCU → BLR,17:15,19:50,2h 35m,non-stop,No info,4804
Jet Airways,24/06/2019,Delhi,Cochin,DEL → AMD → BOM → COK,13:25,12:35 25 Jun,23h 10m,2 stops,No info,12819
Jet Airways,3/06/2019,Delhi,Cochin,DEL → BOM → COK,18:15,04:25 04 Jun,10h 10m,1 stop,No info,14714
Jet Airways,27/05/2019,Mumbai,Hyderabad,BOM → HYD,10:20,11:50,1h 30m,non-stop,No info,8040
Multiple carriers,15/05/2019,Delhi,Cochin,DEL → IDR → BOM → COK,15:05,01:30 16 May,10h 25m,2 stops,No info,16840
Jet Airways,6/05/2019,Delhi,Cochin,DEL → BOM → COK,22:50,04:25 07 May,5h 35m,1 stop,No info,15554
GoAir,15/04/2019,Delhi,Cochin,DEL → BOM → COK,10:35,19:35,9h,1 stop,No info,5752
Vistara,9/05/2019,Kolkata,Banglore,CCU → DEL → BLR,17:00,10:45 10 May,17h 45m,1 stop,No info,8452
Multiple carriers,27/05/2019,Delhi,Cochin,DEL → BOM → COK,08:00,19:15,11h 15m,1 stop,In-flight meal not included,11761
Multiple carriers,27/06/2019,Delhi,Cochin,DEL → BOM → COK,13:00,19:15,6h 15m,1 stop,No info,14848
Jet Airways,3/06/2019,Delhi,Cochin,DEL → JAI → BOM → COK,05:30,19:00,13h 30m,2 stops,In-flight meal not included,10368
Air India,18/05/2019,Delhi,Cochin,DEL → AMD → BOM → COK,16:40,19:15 19 May,26h 35m,2 stops,No info,9863
Jet Airways,27/06/2019,Delhi,Cochin,DEL → BOM → COK,10:00,19:00,9h,1 stop,In-flight meal not included,10262
Vistara,6/06/2019,Banglore,Delhi,BLR → DEL,07:00,09:40,2h 40m,non-stop,No info,4668
Multiple carriers,15/05/2019,Delhi,Cochin,DEL → BOM → COK,11:25,19:00,7h 35m,1 stop,No info,9103
Jet Airways,12/06/2019,Delhi,Cochin,DEL → BOM → COK,21:50,12:35 13 Jun,14h 45m,1 stop,In-flight meal not included,10262
GoAir,27/06/2019,Delhi,Cochin,DEL → AMD → COK,07:25,13:35,6h 10m,1 stop,No info,4525
Air India,27/04/2019,Banglore,Delhi,BLR → DEL,10:00,12:45,2h 45m,non-stop,No info,5228
Jet Airways,06/03/2019,Banglore,New Delhi,BLR → BOM → DEL,21:25,05:05 07 Mar,7h 40m,1 stop,No info,19225
Jet Airways,9/05/2019,Mumbai,Hyderabad,BOM → HYD,10:20,11:50,1h 30m,non-stop,No info,8040
Jet Airways,21/03/2019,Delhi,Cochin,DEL → BOM → COK,14:00,04:25 22 Mar,14h 25m,1 stop,In-flight meal not included,7438
Multiple carriers,6/03/2019,Delhi,Cochin,DEL → BOM → COK,04:00,15:30,11h 30m,1 stop,No info,13135
IndiGo,9/05/2019,Delhi,Cochin,DEL → COK,14:25,17:40,3h 15m,non-stop,No info,6015
Multiple carriers,18/05/2019,Delhi,Cochin,DEL → BOM → COK,17:00,01:30 19 May,8h 30m,1 stop,No info,8283
SpiceJet,9/06/2019,Chennai,Kolkata,MAA → CCU,08:20,10:35,2h 15m,non-stop,No check-in baggage included,3543
IndiGo,27/03/2019,Kolkata,Banglore,CCU → BLR,10:10,12:55,2h 45m,non-stop,No info,4148
GoAir,15/03/2019,Banglore,New Delhi,BLR → GOI → DEL,15:45,20:15,4h 30m,1 stop,No info,7657
IndiGo,12/05/2019,Kolkata,Banglore,CCU → BBI → BLR,19:35,23:15,3h 40m,1 stop,No info,5276
Jet Airways,15/05/2019,Kolkata,Banglore,CCU → DEL → BLR,09:35,23:35,14h,1 stop,No info,14151
Jet Airways,21/06/2019,Mumbai,Hyderabad,BOM → HYD,10:20,11:50,1h 30m,non-stop,No info,8040
IndiGo,9/03/2019,Delhi,Cochin,DEL → HYD → MAA → COK,11:55,21:20,9h 25m,2 stops,No info,8378
SpiceJet,9/06/2019,Chennai,Kolkata,MAA → CCU,09:45,12:00,2h 15m,non-stop,No check-in baggage included,3543
IndiGo,12/06/2019,Banglore,Delhi,BLR → DEL,18:55,21:50,2h 55m,non-stop,No info,4823
Jet Airways,15/05/2019,Kolkata,Banglore,CCU → BOM → BLR,18:55,08:15 16 May,13h 20m,1 stop,No info,14388
SpiceJet,9/06/2019,Chennai,Kolkata,MAA → CCU,17:45,20:05,2h 20m,non-stop,No check-in baggage included,3543
Jet Airways,12/05/2019,Kolkata,Banglore,CCU → BOM → BLR,14:05,20:45,6h 40m,1 stop,In-flight meal not included,10844
Jet Airways,9/06/2019,Kolkata,Banglore,CCU → BOM → BLR,06:30,18:15,11h 45m,1 stop,In-flight meal not included,10844
SpiceJet,12/06/2019,Delhi,Cochin,DEL → BLR → COK,17:55,22:50,4h 55m,1 stop,No info,4957
IndiGo,15/05/2019,Delhi,Cochin,DEL → HYD → COK,07:35,16:10,8h 35m,1 stop,No info,6442
Air India,15/05/2019,Delhi,Cochin,DEL → MAA → COK,17:20,09:25 16 May,16h 5m,1 stop,No info,7480
IndiGo,1/04/2019,Delhi,Cochin,DEL → BOM → COK,20:25,01:30 02 Apr,5h 5m,1 stop,No info,5073
Jet Airways,9/05/2019,Kolkata,Banglore,CCU → BOM → BLR,16:30,22:35,6h 5m,1 stop,No info,14781
Multiple carriers,3/06/2019,Delhi,Cochin,DEL → HYD → COK,09:45,16:10,6h 25m,1 stop,No info,9646
Jet Airways,1/04/2019,Kolkata,Banglore,CCU → BOM → BLR,06:30,16:20,9h 50m,1 stop,In-flight meal not included,7851
SpiceJet,24/03/2019,Mumbai,Hyderabad,BOM → HYD,05:45,07:05,1h 20m,non-stop,No check-in baggage included,2175
Air India,9/05/2019,Kolkata,Banglore,CCU → DEL → AMD → BLR,10:00,05:25 10 May,19h 25m,2 stops,No info,14424
Jet Airways,12/06/2019,Delhi,Cochin,DEL → JAI → BOM → COK,09:40,19:00,9h 20m,2 stops,No info,13014
Jet Airways,6/04/2019,Delhi,Cochin,DEL → BOM → COK,02:15,19:00,16h 45m,1 stop,In-flight meal not included,5177
Multiple carriers,3/03/2019,Delhi,Cochin,DEL → BOM → COK,10:45,18:50,8h 5m,1 stop,No info,15135
Air India,21/06/2019,Banglore,Delhi,BLR → DEL,21:05,23:55,2h 50m,non-stop,No info,5228
Jet Airways,01/03/2019,Banglore,New Delhi,BLR → BOM → DEL,11:40,05:05 02 Mar,17h 25m,1 stop,No info,22270
SpiceJet,15/06/2019,Chennai,Kolkata,MAA → CCU,09:45,12:00,2h 15m,non-stop,No check-in baggage included,3543
Jet Airways,18/05/2019,Delhi,Cochin,DEL → AMD → BOM → COK,23:05,19:00 19 May,19h 55m,2 stops,No info,15129
IndiGo,15/06/2019,Delhi,Cochin,DEL → BOM → COK,06:40,21:00,14h 20m,1 stop,No info,6093
Jet Airways,18/03/2019,Banglore,New Delhi,BLR → BOM → DEL,14:05,20:20,6h 15m,1 stop,In-flight meal not included,11087
Multiple carriers,27/06/2019,Delhi,Cochin,DEL → BOM → COK,09:00,21:00,12h,1 stop,No info,7408
IndiGo,24/05/2019,Kolkata,Banglore,CCU → PNQ → BLR,21:00,02:15 25 May,5h 15m,1 stop,No info,6534
Jet Airways,18/05/2019,Delhi,Cochin,DEL → JAI → BOM → COK,05:30,04:25 19 May,22h 55m,2 stops,In-flight meal not included,13029
Jet Airways,18/06/2019,Banglore,Delhi,BLR → DEL,07:10,10:10,3h,non-stop,No info,8016
Air India,12/03/2019,Mumbai,Hyderabad,BOM → MAA → HYD,05:55,19:10,13h 15m,1 stop,No info,8528
Air India,6/06/2019,Delhi,Cochin,DEL → HYD → BOM → COK,17:15,19:15 07 Jun,26h,2 stops,No info,12760
Air India,9/06/2019,Delhi,Cochin,DEL → HYD → BOM → COK,17:15,19:15 10 Jun,26h,2 stops,No info,12199
Multiple carriers,21/05/2019,Delhi,Cochin,DEL → BOM → COK,10:00,01:30 22 May,15h 30m,1 stop,No info,14067
Jet Airways,15/06/2019,Banglore,Delhi,BLR → DEL,17:45,20:45,3h,non-stop,No info,8016
Air India,3/05/2019,Kolkata,Banglore,CCU → BLR,14:15,16:45,2h 30m,non-stop,No info,5510
Air India,24/03/2019,Kolkata,Banglore,CCU → MAA → BLR,14:35,14:35 25 Mar,24h,1 stop,No info,6241
Air India,3/03/2019,Delhi,Cochin,DEL → MAA → COK,12:30,09:25 04 Mar,20h 55m,1 stop,No info,16142
Jet Airways,27/06/2019,Delhi,Cochin,DEL → NAG → BOM → COK,14:35,12:35 28 Jun,22h,2 stops,In-flight meal not included,10919
IndiGo,21/04/2019,Kolkata,Banglore,CCU → BLR,21:25,00:05 22 Apr,2h 40m,non-stop,No info,4804
IndiGo,15/05/2019,Delhi,Cochin,DEL → BOM → COK,11:25,21:00,9h 35m,1 stop,No info,6979
Air India,18/04/2019,Delhi,Cochin,DEL → COK,14:10,17:10,3h,non-stop,No info,6094
Air India,1/04/2019,Banglore,Delhi,BLR → DEL,17:00,19:45,2h 45m,non-stop,No info,5176
Multiple carriers,6/03/2019,Delhi,Cochin,DEL → BOM → COK,13:00,21:00,8h,1 stop,In-flight meal not included,15136
Jet Airways,24/03/2019,Kolkata,Banglore,CCU → BOM → BLR,08:25,23:25,15h,1 stop,In-flight meal not included,10031
Jet Airways,21/03/2019,Delhi,Cochin,DEL → IDR → BOM → COK,05:25,18:50 22 Mar,37h 25m,2 stops,No info,12814
Jet Airways,1/04/2019,Kolkata,Banglore,CCU → BOM → BLR,06:30,19:50,13h 20m,1 stop,No info,12681
Multiple carriers,21/03/2019,Delhi,Cochin,DEL → BOM → COK,07:00,18:50,11h 50m,1 stop,No info,12402
Jet Airways,24/03/2019,Kolkata,Banglore,CCU → BOM → BLR,08:25,18:10,9h 45m,1 stop,No info,13759
SpiceJet,18/06/2019,Chennai,Kolkata,MAA → CCU,17:45,20:05,2h 20m,non-stop,No info,3597
Air Asia,21/05/2019,Banglore,Delhi,BLR → DEL,23:55,02:45 22 May,2h 50m,non-stop,No info,3383
Vistara,9/05/2019,Banglore,Delhi,BLR → DEL,09:45,12:35,2h 50m,non-stop,No info,4668
Jet Airways,21/03/2019,Delhi,Cochin,DEL → AMD → BOM → COK,19:10,04:25 23 Mar,33h 15m,2 stops,No info,10929
Vistara,1/04/2019,Kolkata,Banglore,CCU → DEL → BLR,17:00,10:45 02 Apr,17h 45m,1 stop,No info,9187
Multiple carriers,3/06/2019,Delhi,Cochin,DEL → BOM → COK,11:40,01:30 04 Jun,13h 50m,1 stop,No info,7530
Air India,24/03/2019,Kolkata,Banglore,CCU → BBI → BLR,09:10,13:40,4h 30m,1 stop,No info,8026
SpiceJet,9/04/2019,Banglore,Delhi,BLR → DEL,09:30,12:20,2h 50m,non-stop,No check-in baggage included,4319
Jet Airways,24/06/2019,Delhi,Cochin,DEL → NAG → BOM → COK,14:35,04:25 25 Jun,13h 50m,2 stops,No info,13376
SpiceJet,6/05/2019,Kolkata,Banglore,CCU → BLR,09:00,11:25,2h 25m,non-stop,No info,4174
Vistara,27/05/2019,Banglore,Delhi,BLR → DEL,07:00,09:40,2h 40m,non-stop,No info,4668
Multiple carriers,21/03/2019,Delhi,Cochin,DEL → BOM → COK,07:05,21:00,13h 55m,1 stop,No info,13062
Jet Airways,27/05/2019,Delhi,Cochin,DEL → BOM → COK,19:15,04:25 28 May,9h 10m,1 stop,In-flight meal not included,12898
Jet Airways,6/06/2019,Delhi,Cochin,DEL → BOM → COK,15:00,04:25 07 Jun,13h 25m,1 stop,No info,14714
Air India,9/05/2019,Kolkata,Banglore,CCU → IXR → DEL → BLR,05:50,20:25,14h 35m,2 stops,No info,10991
Jet Airways,1/05/2019,Banglore,Delhi,BLR → DEL,11:10,14:05,2h 55m,non-stop,In-flight meal not included,4030
Jet Airways,21/05/2019,Delhi,Cochin,DEL → JAI → BOM → COK,09:40,04:25 22 May,18h 45m,2 stops,In-flight meal not included,13029
Vistara,15/03/2019,Banglore,New Delhi,BLR → AMD → DEL,06:40,12:35,5h 55m,1 stop,No info,6800
Jet Airways,09/03/2019,Banglore,New Delhi,BLR → BOM → DEL,07:00,09:30 13 Mar,26h 30m,1 stop,In-flight meal not included,11087
Multiple carriers,18/05/2019,Delhi,Cochin,DEL → BOM → COK,10:20,19:00,8h 40m,1 stop,No info,9794
Jet Airways,6/05/2019,Kolkata,Banglore,CCU → BOM → BLR,21:10,09:20 07 May,12h 10m,1 stop,No info,14388
IndiGo,12/03/2019,Kolkata,Banglore,CCU → BLR,21:25,00:05 13 Mar,2h 40m,non-stop,No info,4148
Air India,3/03/2019,Delhi,Cochin,DEL → BHO → BOM → COK,20:00,19:15 04 Mar,23h 15m,2 stops,No info,17266
Air India,1/04/2019,Kolkata,Banglore,CCU → DEL → BLR,20:30,08:55 02 Apr,12h 25m,1 stop,No info,7893
Jet Airways,9/05/2019,Banglore,Delhi,BLR → DEL,19:50,22:50,3h,non-stop,No info,7229
Multiple carriers,21/05/2019,Delhi,Cochin,DEL → BOM → COK,07:05,21:00,13h 55m,1 stop,In-flight meal not included,9930
Multiple carriers,3/03/2019,Delhi,Cochin,DEL → BOM → COK,11:30,01:35 04 Mar,14h 5m,1 stop,No info,18286
Jet Airways,27/06/2019,Banglore,Delhi,BLR → DEL,19:50,22:50,3h,non-stop,In-flight meal not included,7229
Vistara,24/06/2019,Delhi,Cochin,DEL → COK,06:00,09:10,3h 10m,non-stop,No info,6216
Air Asia,6/06/2019,Banglore,Delhi,BLR → DEL,04:55,07:45,2h 50m,non-stop,No info,4282
IndiGo,27/05/2019,Delhi,Cochin,DEL → HYD → COK,07:35,12:10,4h 35m,1 stop,No info,5054
Jet Airways,6/06/2019,Delhi,Cochin,DEL → BOM → COK,07:05,19:00,11h 55m,1 stop,In-flight meal not included,10262
Air Asia,6/06/2019,Delhi,Cochin,DEL → BLR → COK,16:45,22:25,5h 40m,1 stop,No info,11410
Jet Airways,24/05/2019,Kolkata,Banglore,CCU → BOM → BLR,06:30,18:15,11h 45m,1 stop,No info,14571
GoAir,24/06/2019,Delhi,Cochin,DEL → AMD → COK,07:25,13:35,6h 10m,1 stop,No info,4692
Jet Airways,15/06/2019,Delhi,Cochin,DEL → NAG → BOM → COK,14:35,04:25 16 Jun,13h 50m,2 stops,In-flight meal not included,10919
Jet Airways,6/05/2019,Kolkata,Banglore,CCU → BOM → BLR,08:25,19:50,11h 25m,1 stop,In-flight meal not included,10844
Jet Airways,21/05/2019,Kolkata,Banglore,CCU → BOM → BLR,20:00,16:20 22 May,20h 20m,1 stop,In-flight meal not included,10844
Air India,9/05/2019,Delhi,Cochin,DEL → COK,14:10,17:10,3h,non-stop,No info,6094
Vistara,1/06/2019,Delhi,Cochin,DEL → COK,14:40,17:50,3h 10m,non-stop,No info,6741
Air India,1/06/2019,Delhi,Cochin,DEL → MAA → COK,09:45,09:25 02 Jun,23h 40m,1 stop,No info,8372
Multiple carriers,21/05/2019,Delhi,Cochin,DEL → BOM → COK,02:15,11:50,9h 35m,1 stop,No info,14067
IndiGo,3/03/2019,Delhi,Cochin,DEL → HYD → COK,08:35,22:20,13h 45m,1 stop,No info,10236
Air India,3/06/2019,Delhi,Cochin,DEL → MAA → COK,20:40,09:25 04 Jun,12h 45m,1 stop,No info,7480
Multiple carriers,9/03/2019,Delhi,Cochin,DEL → HYD → COK,09:45,16:10,6h 25m,1 stop,No info,8386
Multiple carriers,6/06/2019,Delhi,Cochin,DEL → BOM → COK,11:40,01:30 07 Jun,13h 50m,1 stop,No info,6795
Air Asia,15/05/2019,Kolkata,Banglore,CCU → BLR,10:20,12:55,2h 35m,non-stop,No info,4409
IndiGo,9/05/2019,Chennai,Kolkata,MAA → CCU,19:35,21:55,2h 20m,non-stop,No info,3597
Air India,15/06/2019,Banglore,Delhi,BLR → DEL,06:10,08:55,2h 45m,non-stop,No info,6961
Jet Airways,12/06/2019,Kolkata,Banglore,CCU → DEL → BLR,17:00,23:35,6h 35m,1 stop,No info,12692
Air India,12/03/2019,Mumbai,Hyderabad,BOM → HYD,19:30,20:45,1h 15m,non-stop,No info,4307
Jet Airways,15/05/2019,Banglore,Delhi,BLR → DEL,08:20,11:20,3h,non-stop,In-flight meal not included,4030
Air India,18/05/2019,Kolkata,Banglore,CCU → GAU → DEL → BLR,09:50,23:15,13h 25m,2 stops,No info,15957
Jet Airways,21/03/2019,Banglore,New Delhi,BLR → BOM → DEL,22:50,11:25 19 Mar,12h 35m,1 stop,In-flight meal not included,7832
Air India,1/04/2019,Kolkata,Banglore,CCU → DEL → COK → TRV → BLR,10:00,10:30 02 Apr,24h 30m,3 stops,No info,12954
Jet Airways,27/06/2019,Delhi,Cochin,DEL → AMD → BOM → COK,23:05,04:25 29 Jun,29h 20m,2 stops,In-flight meal not included,11150
IndiGo,12/03/2019,Mumbai,Hyderabad,BOM → HYD,06:20,07:45,1h 25m,non-stop,No info,4049
Jet Airways,15/03/2019,Banglore,New Delhi,BLR → BOM → DEL,05:45,15:15,9h 30m,1 stop,In-flight meal not included,9134
Air Asia,1/05/2019,Kolkata,Banglore,CCU → BLR,22:50,01:20 02 May,2h 30m,non-stop,No info,4409
Jet Airways,1/05/2019,Kolkata,Banglore,CCU → BOM → BLR,14:05,22:35,8h 30m,1 stop,No info,14781
Air India,24/04/2019,Banglore,Delhi,BLR → DEL,21:05,23:55,2h 50m,non-stop,No info,5228
SpiceJet,21/05/2019,Chennai,Kolkata,MAA → CCU,17:45,20:05,2h 20m,non-stop,No info,3597
Multiple carriers,12/06/2019,Delhi,Cochin,DEL → BOM → COK,15:15,01:30 13 Jun,10h 15m,1 stop,No info,6795
Air Asia,18/06/2019,Kolkata,Banglore,CCU → BLR,22:50,01:20 19 Jun,2h 30m,non-stop,No info,3807
Jet Airways,1/05/2019,Kolkata,Banglore,CCU → BOM → BLR,16:30,23:35,7h 5m,1 stop,No info,14781
Air India,9/05/2019,Delhi,Cochin,DEL → BOM → COK,09:00,19:15,10h 15m,1 stop,No info,8372
IndiGo,24/06/2019,Delhi,Cochin,DEL → COK,14:20,17:35,3h 15m,non-stop,No info,5000
Vistara,1/04/2019,Banglore,Delhi,BLR → DEL,09:45,12:35,2h 50m,non-stop,No info,5403
IndiGo,3/03/2019,Delhi,Cochin,DEL → HYD → COK,11:55,22:20,10h 25m,1 stop,No info,11600
Multiple carriers,18/05/2019,Delhi,Cochin,DEL → BOM → COK,08:45,19:15,10h 30m,1 stop,No info,8476
Air India,15/03/2019,Banglore,New Delhi,BLR → VGA → HYD → DEL,10:30,21:25,10h 55m,2 stops,No info,6593
IndiGo,09/03/2019,Banglore,New Delhi,BLR → DEL,16:55,19:45,2h 50m,non-stop,No info,7648
Vistara,1/05/2019,Kolkata,Banglore,CCU → DEL → BLR,07:10,18:50,11h 40m,1 stop,No info,9345
Jet Airways,27/05/2019,Delhi,Cochin,DEL → JAI → BOM → COK,09:40,04:25 28 May,18h 45m,2 stops,No info,15129
Multiple carriers,27/06/2019,Delhi,Cochin,DEL → BOM → COK,12:50,19:15,6h 25m,1 stop,In-flight meal not included,7268
Jet Airways,6/06/2019,Mumbai,Hyderabad,BOM → HYD,19:35,21:05,1h 30m,non-stop,In-flight meal not included,3210
IndiGo,24/03/2019,Chennai,Kolkata,MAA → CCU,19:35,21:55,2h 20m,non-stop,No info,7295
IndiGo,27/06/2019,Delhi,Cochin,DEL → HYD → COK,05:05,12:10,7h 5m,1 stop,No info,6442
IndiGo,6/05/2019,Kolkata,Banglore,CCU → HYD → BLR,19:20,23:45,4h 25m,1 stop,No info,3809
Air India,01/03/2019,Banglore,New Delhi,BLR → CCU → BBI → DEL,05:50,16:20,10h 30m,2 stops,Change airports,15119
GoAir,9/06/2019,Delhi,Cochin,DEL → BOM → COK,14:25,19:35,5h 10m,1 stop,No info,9069
IndiGo,6/05/2019,Banglore,Delhi,BLR → DEL,10:10,13:00,2h 50m,non-stop,No info,3943
Air India,9/06/2019,Kolkata,Banglore,CCU → DEL → AMD → BLR,07:00,05:25 10 Jun,22h 25m,2 stops,No info,12534
Multiple carriers,3/06/2019,Delhi,Cochin,DEL → BOM → COK,09:00,19:00,10h,1 stop,No info,13714
Air India,21/03/2019,Delhi,Cochin,DEL → RPR → NAG → BOM → COK,05:15,19:15 22 Mar,38h,3 stops,No info,9128
IndiGo,21/05/2019,Mumbai,Hyderabad,BOM → HYD,21:20,22:50,1h 30m,non-stop,No info,2227
Jet Airways,18/05/2019,Kolkata,Banglore,CCU → BOM → BLR,20:00,22:35 19 May,26h 35m,1 stop,In-flight meal not included,10844
Jet Airways,6/05/2019,Kolkata,Banglore,CCU → BOM → BLR,16:30,04:40 07 May,12h 10m,1 stop,No info,13941
Jet Airways,21/03/2019,Banglore,New Delhi,BLR → BOM → DEL,05:45,15:15,9h 30m,1 stop,In-flight meal not included,7832
GoAir,12/06/2019,Banglore,Delhi,BLR → DEL,07:45,10:40,2h 55m,non-stop,No info,3419
Jet Airways,21/05/2019,Kolkata,Banglore,CCU → DEL → BLR,20:25,21:05 22 May,24h 40m,1 stop,No info,14151
IndiGo,3/04/2019,Delhi,Cochin,DEL → HYD → COK,07:35,12:10,4h 35m,1 stop,No info,5073
Vistara,12/05/2019,Kolkata,Banglore,CCU → DEL → BLR,17:00,09:05 13 May,16h 5m,1 stop,No info,9922
IndiGo,24/03/2019,Chennai,Kolkata,MAA → CCU,13:20,15:35,2h 15m,non-stop,No info,4752
Multiple carriers,27/05/2019,Delhi,Cochin,DEL → BOM → COK,09:00,19:15,10h 15m,1 stop,In-flight meal not included,10197
Air India,12/06/2019,Banglore,Delhi,BLR → DEL,10:00,12:45,2h 45m,non-stop,No info,6961
Multiple carriers,3/03/2019,Delhi,Cochin,DEL → BOM → COK,13:00,21:00,8h,1 stop,No info,17493
Multiple carriers,6/06/2019,Delhi,Cochin,DEL → BOM → COK,07:05,21:00,13h 55m,1 stop,No info,13587
Jet Airways,6/06/2019,Delhi,Cochin,DEL → BOM → COK,16:00,04:25 07 Jun,12h 25m,1 stop,In-flight meal not included,10262
Air India,21/05/2019,Kolkata,Banglore,CCU → VNS → DEL → BLR,14:30,08:55 22 May,18h 25m,2 stops,No info,15107
Vistara,15/05/2019,Kolkata,Banglore,CCU → DEL → BLR,17:00,10:45 16 May,17h 45m,1 stop,No info,8452
Air India,21/06/2019,Mumbai,Hyderabad,BOM → HYD,21:05,22:25,1h 20m,non-stop,No info,3100
IndiGo,24/05/2019,Banglore,Delhi,BLR → DEL,07:10,10:05,2h 55m,non-stop,No info,4823
Air Asia,21/04/2019,Banglore,Delhi,BLR → DEL,23:55,02:45 22 Apr,2h 50m,non-stop,No info,4483
Air India,18/05/2019,Kolkata,Banglore,CCU → DEL → COK → BLR,10:00,01:20 19 May,15h 20m,2 stops,No info,13243
IndiGo,27/06/2019,Delhi,Cochin,DEL → BOM → COK,11:25,01:30 28 Jun,14h 5m,1 stop,No info,5684
Jet Airways,3/04/2019,Mumbai,Hyderabad,BOM → HYD,10:20,11:50,1h 30m,non-stop,In-flight meal not included,3205
Jet Airways,15/06/2019,Delhi,Cochin,DEL → BOM → COK,10:00,04:25 16 Jun,18h 25m,1 stop,In-flight meal not included,10262
IndiGo,21/05/2019,Banglore,Delhi,BLR → DEL,20:00,22:50,2h 50m,non-stop,No info,4823
Jet Airways,9/05/2019,Delhi,Cochin,DEL → BOM → COK,13:00,19:00,6h,1 stop,No info,15554
IndiGo,27/06/2019,Banglore,Delhi,BLR → DEL,04:00,06:50,2h 50m,non-stop,No info,3943
Vistara,12/03/2019,Mumbai,Hyderabad,BOM → DEL → HYD,07:30,19:55,12h 25m,1 stop,No info,12080
Air Asia,27/05/2019,Banglore,Delhi,BLR → DEL,23:55,02:45 28 May,2h 50m,non-stop,No info,3383
SpiceJet,18/03/2019,Mumbai,Hyderabad,BOM → HYD,05:45,07:05,1h 20m,non-stop,No info,2437
SpiceJet,1/06/2019,Mumbai,Hyderabad,BOM → HYD,22:45,00:15 02 Jun,1h 30m,non-stop,No check-in baggage included,1965
Jet Airways,21/03/2019,Banglore,New Delhi,BLR → BOM → DEL,22:50,10:25 19 Mar,11h 35m,1 stop,In-flight meal not included,7832
IndiGo,9/06/2019,Delhi,Cochin,DEL → HYD → COK,06:50,16:10,9h 20m,1 stop,No info,6442
Air India,15/05/2019,Kolkata,Banglore,CCU → IXR → DEL → BLR,05:50,08:55 16 May,27h 5m,2 stops,No info,12723
Jet Airways,12/06/2019,Banglore,Delhi,BLR → DEL,15:15,18:10,2h 55m,non-stop,No info,8016
Jet Airways,24/06/2019,Delhi,Cochin,DEL → IDR → BOM → COK,21:25,12:35 25 Jun,15h 10m,2 stops,In-flight meal not included,10199
Vistara,24/03/2019,Kolkata,Banglore,CCU → DEL → BLR,09:55,09:10 25 Mar,23h 15m,1 stop,No info,10842
Multiple carriers,12/06/2019,Delhi,Cochin,DEL → BOM → COK,12:50,21:00,8h 10m,1 stop,No info,7005
Air Asia,3/05/2019,Kolkata,Banglore,CCU → BLR,10:20,12:55,2h 35m,non-stop,No info,4409
Jet Airways,1/04/2019,Kolkata,Banglore,CCU → BOM → BLR,21:10,09:20 02 Apr,12h 10m,1 stop,No info,13364
Multiple carriers,27/06/2019,Delhi,Cochin,DEL → BOM → COK,16:00,01:30 28 Jun,9h 30m,1 stop,No info,13377
Jet Airways,9/06/2019,Delhi,Cochin,DEL → BOM → COK,21:50,04:25 10 Jun,6h 35m,1 stop,In-flight meal not included,10262
Jet Airways,18/05/2019,Kolkata,Banglore,CCU → BOM → BLR,16:30,23:35,7h 5m,1 stop,In-flight meal not included,10844
Jet Airways,24/05/2019,Kolkata,Banglore,CCU → BOM → BLR,06:30,16:20,9h 50m,1 stop,No info,14571
Jet Airways,9/03/2019,Delhi,Cochin,DEL → BDQ → BOM → COK,10:45,18:50 10 Mar,32h 5m,2 stops,No info,19329
Air India,21/03/2019,Banglore,New Delhi,BLR → HYD → DEL,08:15,23:10,14h 55m,1 stop,No info,4943
Jet Airways,9/05/2019,Delhi,Cochin,DEL → AMD → BOM → COK,23:05,04:25 11 May,29h 20m,2 stops,No info,15129
Jet Airways,18/05/2019,Delhi,Cochin,DEL → JAI → BOM → COK,09:40,19:00,9h 20m,2 stops,No info,15129
Jet Airways,6/06/2019,Kolkata,Banglore,CCU → DEL → BLR,17:00,18:00 07 Jun,25h,1 stop,In-flight meal not included,10539
Jet Airways,24/03/2019,Kolkata,Banglore,CCU → BOM → BLR,21:10,22:35 25 Mar,25h 25m,1 stop,In-flight meal not included,10031
Multiple carriers,24/05/2019,Delhi,Cochin,DEL → BOM → COK,17:45,01:30 25 May,7h 45m,1 stop,No info,9140
Air Asia,27/04/2019,Kolkata,Banglore,CCU → BLR,22:50,01:20 28 Apr,2h 30m,non-stop,No info,4409
IndiGo,15/05/2019,Banglore,Delhi,BLR → DEL,22:10,01:00 16 May,2h 50m,non-stop,No info,3419
Multiple carriers,15/05/2019,Delhi,Cochin,DEL → HYD → COK,09:45,16:10,6h 25m,1 stop,No info,9646
Jet Airways,9/05/2019,Kolkata,Banglore,CCU → BOM → BLR,14:05,18:15 10 May,28h 10m,1 stop,No info,13584
Air India,21/05/2019,Delhi,Cochin,DEL → AMD → BOM → COK,05:00,07:40 22 May,26h 40m,2 stops,No info,11806
GoAir,1/04/2019,Delhi,Cochin,DEL → AMD → COK,07:25,13:35,6h 10m,1 stop,No info,4563
Jet Airways,27/03/2019,Delhi,Cochin,DEL → MAA → BOM → COK,05:10,04:25 28 Mar,23h 15m,2 stops,In-flight meal not included,9412
Jet Airways,27/06/2019,Delhi,Cochin,DEL → BOM → COK,21:50,04:25 28 Jun,6h 35m,1 stop,In-flight meal not included,12898
Vistara,27/04/2019,Delhi,Cochin,DEL → COK,14:40,17:50,3h 10m,non-stop,No info,6216
Jet Airways,21/05/2019,Delhi,Cochin,DEL → BOM → COK,13:00,04:25 22 May,15h 25m,1 stop,In-flight meal not included,12898
Jet Airways,9/06/2019,Delhi,Cochin,DEL → BOM → COK,22:50,19:00 10 Jun,20h 10m,1 stop,In-flight meal not included,10262
Air India,01/03/2019,Banglore,New Delhi,BLR → DEL,13:20,16:10,2h 50m,non-stop,No info,12526
Air India,6/03/2019,Delhi,Cochin,DEL → TRV → COK,05:15,06:50 07 Mar,25h 35m,1 stop,No info,11522
Jet Airways,12/06/2019,Mumbai,Hyderabad,BOM → HYD,02:55,04:20,1h 25m,non-stop,No info,5678
Vistara,09/03/2019,Banglore,New Delhi,BLR → DEL,11:30,14:10,2h 40m,non-stop,No info,9918
Jet Airways,1/05/2019,Kolkata,Banglore,CCU → BOM → BLR,21:10,08:15 02 May,11h 5m,1 stop,No info,14781
Air India,27/03/2019,Delhi,Cochin,DEL → AMD → BOM → COK,05:00,19:15 28 Mar,38h 15m,2 stops,No info,8026
Air India,24/03/2019,Banglore,New Delhi,BLR → DEL,13:20,16:10,2h 50m,non-stop,No info,7276
Jet Airways,1/04/2019,Kolkata,Banglore,CCU → BOM → BLR,08:25,18:15,9h 50m,1 stop,In-flight meal not included,7064
Multiple carriers,21/03/2019,Delhi,Cochin,DEL → BOM → COK,13:00,21:00,8h,1 stop,No info,13062
Multiple carriers,27/03/2019,Delhi,Cochin,DEL → BOM → COK,11:30,21:00,9h 30m,1 stop,No info,12537
Jet Airways,15/03/2019,Banglore,New Delhi,BLR → BOM → DEL,18:55,00:45 13 Mar,5h 50m,1 stop,No info,21934
Jet Airways,24/06/2019,Delhi,Cochin,DEL → BOM → COK,13:00,19:00,6h,1 stop,In-flight meal not included,10262
Vistara,3/06/2019,Banglore,Delhi,BLR → DEL,17:00,19:35,2h 35m,non-stop,No info,4878
Jet Airways,15/06/2019,Delhi,Cochin,DEL → BOM → COK,14:00,19:00,5h,1 stop,No info,14714
Jet Airways,15/03/2019,Banglore,New Delhi,BLR → BOM → DEL,07:00,15:15,8h 15m,1 stop,In-flight meal not included,9134
IndiGo,1/04/2019,Banglore,Delhi,BLR → DEL,16:55,19:55,3h,non-stop,No info,4823
Multiple carriers,27/06/2019,Delhi,Cochin,DEL → HYD → COK,07:10,16:10,9h,1 stop,In-flight meal not included,6093
SpiceJet,3/06/2019,Chennai,Kolkata,MAA → CCU,08:20,10:35,2h 15m,non-stop,No info,3597
Multiple carriers,9/05/2019,Delhi,Cochin,DEL → BOM → COK,14:00,21:00,7h,1 stop,No info,13727
IndiGo,1/04/2019,Kolkata,Banglore,CCU → BLR,11:30,14:05,2h 35m,non-stop,No info,4174
Jet Airways,27/06/2019,Delhi,Cochin,DEL → BOM → COK,11:30,19:00,7h 30m,1 stop,In-flight meal not included,10262
Multiple carriers,6/06/2019,Delhi,Cochin,DEL → BOM → COK,10:20,19:00,8h 40m,1 stop,No info,11789
Jet Airways,1/05/2019,Kolkata,Banglore,CCU → BOM → BLR,18:55,08:15 02 May,13h 20m,1 stop,In-flight meal not included,8586
Air India,01/03/2019,Banglore,New Delhi,BLR → CCU → BBI → HYD → DEL,05:50,08:50 02 Mar,27h,3 stops,No info,13081
Jet Airways,1/05/2019,Kolkata,Banglore,CCU → DEL → BLR,20:25,23:35 02 May,27h 10m,1 stop,In-flight meal not included,9314
Jet Airways,21/06/2019,Mumbai,Hyderabad,BOM → HYD,19:35,21:05,1h 30m,non-stop,No info,5678
Jet Airways,27/05/2019,Delhi,Cochin,DEL → BOM → COK,10:00,19:00,9h,1 stop,In-flight meal not included,11924
Jet Airways,9/06/2019,Kolkata,Banglore,CCU → DEL → BLR,20:25,23:35 10 Jun,27h 10m,1 stop,No info,12692
Jet Airways,24/06/2019,Banglore,Delhi,BLR → DEL,18:55,22:00,3h 5m,non-stop,In-flight meal not included,6478
IndiGo,15/05/2019,Kolkata,Banglore,CCU → MAA → BLR,06:20,10:20,4h,1 stop,No info,4226
IndiGo,9/03/2019,Delhi,Cochin,DEL → BBI → COK,02:35,08:30,5h 55m,1 stop,No info,11532
Air India,6/03/2019,Chennai,Kolkata,MAA → CCU,11:40,13:55,2h 15m,non-stop,No info,9340
Jet Airways,12/06/2019,Delhi,Cochin,DEL → JAI → BOM → COK,05:30,04:25 13 Jun,22h 55m,2 stops,In-flight meal not included,10368
Jet Airways,12/06/2019,Kolkata,Banglore,CCU → BOM → BLR,14:05,20:45,6h 40m,1 stop,No info,13626
Jet Airways,24/05/2019,Kolkata,Banglore,CCU → BOM → BLR,06:30,12:00,5h 30m,1 stop,In-flight meal not included,9663
Jet Airways,6/03/2019,Delhi,Cochin,DEL → IDR → BOM → COK,05:25,04:25 07 Mar,23h,2 stops,In-flight meal not included,16389
Multiple carriers,18/05/2019,Delhi,Cochin,DEL → BOM → COK,03:50,19:00,15h 10m,1 stop,No info,10197
Jet Airways,12/06/2019,Kolkata,Banglore,CCU → BOM → BLR,21:10,04:40 13 Jun,7h 30m,1 stop,In-flight meal not included,7594
Jet Airways,12/03/2019,Banglore,New Delhi,BLR → BOM → DEL,21:25,11:25 13 Mar,14h,1 stop,No info,13817
Jet Airways,15/04/2019,Banglore,Delhi,BLR → DEL,17:45,20:45,3h,non-stop,No info,7229
Jet Airways,24/06/2019,Delhi,Cochin,DEL → JAI → BOM → COK,09:40,04:25 25 Jun,18h 45m,2 stops,In-flight meal not included,10368
Air Asia,15/05/2019,Banglore,Delhi,BLR → DEL,04:55,07:45,2h 50m,non-stop,No info,4282
Jet Airways,12/06/2019,Delhi,Cochin,DEL → IDR → BOM → COK,09:35,04:25 13 Jun,18h 50m,2 stops,No info,13292
Jet Airways,27/06/2019,Delhi,Cochin,DEL → JAI → BOM → COK,19:30,12:35 28 Jun,17h 5m,2 stops,No info,13764
Jet Airways,1/04/2019,Kolkata,Banglore,CCU → BOM → BLR,18:55,16:20 02 Apr,21h 25m,1 stop,No info,12681
Jet Airways,12/05/2019,Banglore,Delhi,BLR → DEL,11:10,14:05,2h 55m,non-stop,In-flight meal not included,5198
Multiple carriers,9/03/2019,Delhi,Cochin,DEL → BOM → COK,07:30,19:45,12h 15m,1 stop,No info,12615
IndiGo,21/04/2019,Kolkata,Banglore,CCU → BLR,11:30,14:05,2h 35m,non-stop,No info,5644
Jet Airways,12/03/2019,Banglore,New Delhi,BLR → BOM → DEL,22:55,13:15 13 Mar,14h 20m,1 stop,In-flight meal not included,11087
SpiceJet,3/05/2019,Mumbai,Hyderabad,BOM → HYD,22:45,00:15 04 May,1h 30m,non-stop,No info,2227
Jet Airways,18/06/2019,Banglore,Delhi,BLR → DEL,19:50,22:50,3h,non-stop,No info,8016
SpiceJet,9/05/2019,Banglore,Delhi,BLR → DEL,09:30,12:20,2h 50m,non-stop,No check-in baggage included,4885
IndiGo,1/04/2019,Kolkata,Banglore,CCU → BLR,09:35,12:20,2h 45m,non-stop,No info,4174
Air Asia,9/05/2019,Kolkata,Banglore,CCU → BBI → BLR,06:50,10:30,3h 40m,1 stop,No info,5162
Jet Airways,27/06/2019,Delhi,Cochin,DEL → BOM → COK,13:00,19:00,6h,1 stop,In-flight meal not included,10262
IndiGo,18/06/2019,Mumbai,Hyderabad,BOM → HYD,09:15,10:45,1h 30m,non-stop,No info,4049
Air India,27/05/2019,Delhi,Cochin,DEL → BOM → COK,18:00,19:15 28 May,25h 15m,1 stop,No info,8372
IndiGo,12/06/2019,Banglore,Delhi,BLR → DEL,00:30,03:25,2h 55m,non-stop,No info,3419
IndiGo,27/03/2019,Delhi,Cochin,DEL → HYD → COK,07:35,12:00,4h 25m,1 stop,No info,5073
IndiGo,6/06/2019,Delhi,Cochin,DEL → BOM → COK,16:00,21:00,5h,1 stop,No info,6069
IndiGo,21/03/2019,Delhi,Cochin,DEL → BOM → COK,08:25,15:30,7h 5m,1 stop,No info,9709
Jet Airways,12/06/2019,Delhi,Cochin,DEL → JAI → BOM → COK,09:40,12:35 13 Jun,26h 55m,2 stops,No info,13014
Jet Airways,18/05/2019,Delhi,Cochin,DEL → JAI → BOM → COK,09:40,19:00,9h 20m,2 stops,In-flight meal not included,13029
Multiple carriers,15/05/2019,Delhi,Cochin,DEL → BOM → COK,08:00,21:00,13h,1 stop,No info,13937
SpiceJet,3/03/2019,Delhi,Cochin,DEL → MAA → COK,15:55,21:55,6h,1 stop,No info,11349
Jet Airways,21/05/2019,Delhi,Cochin,DEL → AMD → BOM → COK,23:05,04:25 23 May,29h 20m,2 stops,No info,15129
SpiceJet,9/06/2019,Chennai,Kolkata,MAA → CCU,09:45,12:00,2h 15m,non-stop,No info,3597
Jet Airways,6/05/2019,Kolkata,Banglore,CCU → BOM → BLR,20:00,20:45 07 May,24h 45m,1 stop,No info,14388
Jet Airways,09/03/2019,Banglore,New Delhi,BLR → BOM → DEL,08:00,10:25 13 Mar,26h 25m,1 stop,In-flight meal not included,11087
Jet Airways,1/05/2019,Kolkata,Banglore,CCU → BOM → BLR,14:05,09:20 02 May,19h 15m,1 stop,In-flight meal not included,9663
Jet Airways,1/06/2019,Delhi,Cochin,DEL → JAI → BOM → COK,05:30,04:25 02 Jun,22h 55m,2 stops,No info,13014
IndiGo,6/06/2019,Banglore,Delhi,BLR → DEL,04:00,06:50,2h 50m,non-stop,No info,3943
Air India,15/03/2019,Banglore,New Delhi,BLR → COK → DEL,22:00,13:20 16 Mar,15h 20m,1 stop,No info,8845
Air India,24/03/2019,Kolkata,Banglore,CCU → DEL → BLR,20:30,12:30 25 Mar,16h,1 stop,No info,12173
Jet Airways,9/06/2019,Delhi,Cochin,DEL → BOM → COK,21:50,12:35 10 Jun,14h 45m,1 stop,In-flight meal not included,10262
Multiple carriers,21/03/2019,Delhi,Cochin,DEL → HYD → COK,09:45,16:10,6h 25m,1 stop,No info,7242
Jet Airways,24/06/2019,Delhi,Cochin,DEL → IDR → BOM → COK,05:30,04:25 25 Jun,22h 55m,2 stops,No info,13292
IndiGo,21/03/2019,Banglore,New Delhi,BLR → AMD → DEL,14:25,19:25,5h,1 stop,No info,7708
Jet Airways,21/06/2019,Mumbai,Hyderabad,BOM → HYD,08:45,10:15,1h 30m,non-stop,No info,8040
SpiceJet,12/05/2019,Chennai,Kolkata,MAA → CCU,08:20,10:35,2h 15m,non-stop,No info,3597
SpiceJet,27/05/2019,Kolkata,Banglore,CCU → BLR,17:10,19:40,2h 30m,non-stop,No check-in baggage included,3841
Air India,15/05/2019,Kolkata,Banglore,CCU → DEL → BLR,17:30,20:25 16 May,26h 55m,1 stop,No info,10203
IndiGo,27/04/2019,Delhi,Cochin,DEL → BLR → COK,02:00,07:45,5h 45m,1 stop,No info,7173
SpiceJet,9/06/2019,Mumbai,Hyderabad,BOM → HYD,22:45,00:15 10 Jun,1h 30m,non-stop,No check-in baggage included,1965
IndiGo,6/06/2019,Delhi,Cochin,DEL → BOM → COK,20:25,01:30 07 Jun,5h 5m,1 stop,No info,5054
IndiGo,03/03/2019,Banglore,New Delhi,BLR → DEL,16:55,19:45,2h 50m,non-stop,No info,8855
Jet Airways,01/03/2019,Banglore,New Delhi,BLR → BOM → DEL,05:45,21:20,15h 35m,1 stop,No info,27992
Jet Airways,9/05/2019,Kolkata,Banglore,CCU → DEL → BLR,17:00,18:00 10 May,25h,1 stop,In-flight meal not included,7341
SpiceJet,3/06/2019,Banglore,Delhi,BLR → DEL,09:30,12:20,2h 50m,non-stop,No check-in baggage included,3919
Jet Airways,27/03/2019,Delhi,Cochin,DEL → BOM → COK,15:05,04:25 28 Mar,13h 20m,1 stop,No info,12242
Jet Airways,18/05/2019,Kolkata,Banglore,CCU → DEL → BLR,09:35,14:25 19 May,28h 50m,1 stop,No info,13067
Jet Airways,24/06/2019,Delhi,Cochin,DEL → JDH → BOM → COK,11:40,19:00,7h 20m,2 stops,No info,18804
Air Asia,21/04/2019,Kolkata,Banglore,CCU → BLR,22:50,01:20 22 Apr,2h 30m,non-stop,No info,5645
IndiGo,24/06/2019,Chennai,Kolkata,MAA → CCU,19:35,21:55,2h 20m,non-stop,No info,3597
Multiple carriers,9/06/2019,Delhi,Cochin,DEL → BOM → COK,16:00,01:30 10 Jun,9h 30m,1 stop,No info,13587
IndiGo,21/06/2019,Chennai,Kolkata,MAA → CCU,13:15,15:35,2h 20m,non-stop,No info,3597
Air India,18/05/2019,Delhi,Cochin,DEL → BOM → COK,10:00,19:15,9h 15m,1 stop,No info,8879
SpiceJet,21/04/2019,Banglore,Delhi,BLR → DEL,05:55,08:35,2h 40m,non-stop,No check-in baggage included,4319
Air India,27/03/2019,Mumbai,Hyderabad,BOM → HYD,13:55,15:25,1h 30m,non-stop,No info,2050
Jet Airways,3/06/2019,Mumbai,Hyderabad,BOM → HYD,07:05,08:30,1h 25m,non-stop,No info,8040
Jet Airways,6/05/2019,Kolkata,Banglore,CCU → BOM → BLR,18:55,08:15 07 May,13h 20m,1 stop,No info,13584
Jet Airways,6/06/2019,Delhi,Cochin,DEL → JAI → BOM → COK,19:30,04:25 07 Jun,8h 55m,2 stops,No info,13014
Vistara,15/05/2019,Kolkata,Banglore,CCU → DEL → BLR,07:10,18:50,11h 40m,1 stop,No info,9345
Jet Airways,3/06/2019,Delhi,Cochin,DEL → IDR → BOM → COK,09:35,12:35 04 Jun,27h,2 stops,In-flight meal not included,11507
Multiple carriers,6/06/2019,Delhi,Cochin,DEL → BOM → COK,06:00,19:15,13h 15m,1 stop,No info,8266
Jet Airways,24/03/2019,Mumbai,Hyderabad,BOM → HYD,02:55,04:25,1h 30m,non-stop,No info,5678
Multiple carriers,12/06/2019,Delhi,Cochin,DEL → BOM → COK,13:00,01:30 13 Jun,12h 30m,1 stop,No info,13377
Vistara,21/05/2019,Kolkata,Banglore,CCU → DEL → BLR,07:10,18:50,11h 40m,1 stop,No info,9345
IndiGo,15/05/2019,Delhi,Cochin,DEL → BOM → COK,18:35,01:30 16 May,6h 55m,1 stop,No info,7191
Multiple carriers,27/03/2019,Delhi,Cochin,DEL → BOM → COK,17:45,01:35 28 Mar,7h 50m,1 stop,No info,7845
Jet Airways,21/05/2019,Banglore,Delhi,BLR → DEL,11:10,14:05,2h 55m,non-stop,No info,7229
Air India,01/03/2019,Banglore,New Delhi,BLR → HYD → DEL,17:00,08:50 02 Mar,15h 50m,1 stop,1 Long layover,10981
Jet Airways,9/06/2019,Kolkata,Banglore,CCU → BOM → BLR,14:05,04:40 10 Jun,14h 35m,1 stop,No info,14178
IndiGo,21/03/2019,Delhi,Cochin,DEL → BOM → COK,07:30,21:00,13h 30m,1 stop,No info,8784
Jet Airways,12/05/2019,Kolkata,Banglore,CCU → BOM → BLR,20:00,04:40 13 May,8h 40m,1 stop,No info,13941
Jet Airways,21/05/2019,Kolkata,Banglore,CCU → DEL → BLR,20:25,19:10 22 May,22h 45m,1 stop,No info,13067
Jet Airways,27/06/2019,Mumbai,Hyderabad,BOM → HYD,10:20,11:50,1h 30m,non-stop,In-flight meal not included,4995
Air India,3/06/2019,Delhi,Cochin,DEL → LKO → BOM → COK,18:30,19:15 04 Jun,24h 45m,2 stops,No info,12488
Air Asia,9/06/2019,Kolkata,Banglore,CCU → DEL → BLR,07:35,23:30,15h 55m,1 stop,No info,7870
Air India,12/05/2019,Delhi,Cochin,DEL → COK,05:10,08:00,2h 50m,non-stop,No info,6094
Jet Airways,12/06/2019,Kolkata,Banglore,CCU → GAU → BLR,10:20,17:35,7h 15m,1 stop,In-flight meal not included,5608
GoAir,3/03/2019,Delhi,Cochin,DEL → HYD → COK,07:30,13:20,5h 50m,1 stop,No info,6112
Jet Airways,06/03/2019,Banglore,New Delhi,BLR → BOM → DEL,16:55,08:15 07 Mar,15h 20m,1 stop,No info,16736
Vistara,12/06/2019,Kolkata,Banglore,CCU → DEL → BLR,20:20,10:45 13 Jun,14h 25m,1 stop,No info,8452
Jet Airways,9/05/2019,Kolkata,Banglore,CCU → DEL → BLR,17:00,14:25 10 May,21h 25m,1 stop,In-flight meal not included,9314
IndiGo,21/05/2019,Chennai,Kolkata,MAA → CCU,07:55,10:15,2h 20m,non-stop,No info,3850
Jet Airways,21/03/2019,Delhi,Cochin,DEL → BOM → COK,19:45,04:25 22 Mar,8h 40m,1 stop,In-flight meal not included,5963
Air India,21/05/2019,Delhi,Cochin,DEL → AMD → BOM → COK,05:00,19:15 22 May,38h 15m,2 stops,No info,9968
Jet Airways,18/05/2019,Delhi,Cochin,DEL → COK,11:00,14:15,3h 15m,non-stop,No info,9564
IndiGo,6/03/2019,Delhi,Cochin,DEL → HYD → MAA → COK,06:40,21:20,14h 40m,2 stops,No info,6610
IndiGo,09/03/2019,Banglore,New Delhi,BLR → HYD → DEL,15:40,20:35,4h 55m,1 stop,No info,5226
Jet Airways,24/03/2019,Kolkata,Banglore,CCU → BOM → BLR,19:45,08:10 25 Mar,12h 25m,1 stop,No info,14231
Jet Airways,15/06/2019,Delhi,Cochin,DEL → NAG → BOM → COK,14:35,12:35 16 Jun,22h,2 stops,No info,13376
IndiGo,27/05/2019,Delhi,Cochin,DEL → HYD → COK,06:50,22:30,15h 40m,1 stop,No info,6674
Multiple carriers,15/06/2019,Delhi,Cochin,DEL → BOM → COK,08:00,21:00,13h,1 stop,No info,7408
Air India,24/05/2019,Kolkata,Banglore,CCU → GAU → DEL → BLR,09:50,08:55 25 May,23h 5m,2 stops,No info,15170
IndiGo,1/06/2019,Chennai,Kolkata,MAA → CCU,19:35,21:55,2h 20m,non-stop,No info,3597
Air India,12/03/2019,Banglore,New Delhi,BLR → BOM → NAG → DEL,17:25,10:15 13 Mar,16h 50m,2 stops,No info,12778
Jet Airways,9/06/2019,Banglore,Delhi,BLR → DEL,17:45,20:45,3h,non-stop,In-flight meal not included,7229
Jet Airways,15/06/2019,Banglore,Delhi,BLR → DEL,08:20,11:20,3h,non-stop,No info,8016
IndiGo,27/05/2019,Kolkata,Banglore,CCU → BLR,22:15,00:50 28 May,2h 35m,non-stop,No info,4804
Jet Airways,21/06/2019,Banglore,Delhi,BLR → DEL,08:20,11:20,3h,non-stop,No info,8016
Air Asia,9/06/2019,Kolkata,Banglore,CCU → BLR,10:20,12:55,2h 35m,non-stop,No info,5645
Jet Airways,09/03/2019,Banglore,New Delhi,BLR → BOM → DEL,18:40,00:45 07 Mar,6h 5m,1 stop,No info,22270
Jet Airways,6/06/2019,Kolkata,Banglore,CCU → DEL → BLR,09:35,19:10,9h 35m,1 stop,No info,14151
Jet Airways,6/04/2019,Delhi,Cochin,DEL → BOM → COK,07:05,12:35,5h 30m,1 stop,In-flight meal not included,5406
Air India,24/03/2019,Kolkata,Banglore,CCU → HYD → BLR,19:00,11:05 25 Mar,16h 5m,1 stop,No info,5567
IndiGo,27/03/2019,Delhi,Cochin,DEL → HYD → COK,04:55,16:10,11h 15m,1 stop,No info,6171
SpiceJet,15/06/2019,Banglore,Delhi,BLR → DEL,05:55,08:35,2h 40m,non-stop,No info,4423
Jet Airways,6/04/2019,Delhi,Cochin,DEL → BOM → COK,22:50,12:35 07 Apr,13h 45m,1 stop,In-flight meal not included,5177
Multiple carriers,12/06/2019,Delhi,Cochin,DEL → BOM → COK,17:45,01:30 13 Jun,7h 45m,1 stop,No info,6795
SpiceJet,27/05/2019,Banglore,Delhi,BLR → DEL,09:30,12:20,2h 50m,non-stop,No info,3625
Jet Airways,18/05/2019,Delhi,Cochin,DEL → BOM → COK,14:00,12:35 19 May,22h 35m,1 stop,In-flight meal not included,12373
SpiceJet,9/05/2019,Kolkata,Banglore,CCU → MAA → BLR,15:05,20:20,5h 15m,1 stop,No info,4963
IndiGo,27/05/2019,Mumbai,Hyderabad,BOM → HYD,21:20,22:50,1h 30m,non-stop,No info,2227
Multiple carriers,27/06/2019,Delhi,Cochin,DEL → BOM → COK,08:30,19:00,10h 30m,1 stop,No info,11200
Air India,9/05/2019,Delhi,Cochin,DEL → BLR → COK,17:40,23:00,5h 20m,1 stop,No info,7174
Air India,3/03/2019,Delhi,Cochin,DEL → BHO → BOM → COK,05:55,19:15 04 Mar,37h 20m,2 stops,No info,13748
Multiple carriers,27/05/2019,Delhi,Cochin,DEL → HYD → COK,07:05,22:30,15h 25m,1 stop,No info,9856
Air India,18/05/2019,Kolkata,Banglore,CCU → GAU → DEL → BLR,16:45,12:30 19 May,19h 45m,2 stops,No info,15170
IndiGo,1/06/2019,Delhi,Cochin,DEL → HYD → COK,07:35,22:30,14h 55m,1 stop,No info,6442
Jet Airways,27/05/2019,Delhi,Cochin,DEL → BOM → COK,17:30,19:00 28 May,25h 30m,1 stop,In-flight meal not included,12898
Jet Airways,1/06/2019,Banglore,Delhi,BLR → DEL,08:20,11:20,3h,non-stop,In-flight meal not included,7229
Air India,9/05/2019,Kolkata,Banglore,CCU → DEL → COK → BLR,10:00,01:20 10 May,15h 20m,2 stops,No info,13033
Jet Airways,12/05/2019,Kolkata,Banglore,CCU → DEL → BLR,20:25,21:05 13 May,24h 40m,1 stop,In-flight meal not included,10703
IndiGo,9/03/2019,Chennai,Kolkata,MAA → CCU,13:20,15:35,2h 15m,non-stop,No info,6297
Jet Airways,6/05/2019,Kolkata,Banglore,CCU → DEL → BLR,20:25,18:00 07 May,21h 35m,1 stop,In-flight meal not included,9314
Vistara,15/03/2019,Banglore,New Delhi,BLR → DEL,09:50,12:35,2h 45m,non-stop,No info,6138
IndiGo,24/06/2019,Delhi,Cochin,DEL → BOM → COK,09:15,21:00,11h 45m,1 stop,No info,6838
Jet Airways Business,6/03/2019,Delhi,Cochin,DEL → ATQ → BOM → COK,20:05,04:25 07 Mar,8h 20m,2 stops,No info,52285
Multiple carriers,9/06/2019,Delhi,Cochin,DEL → BOM → COK,14:00,01:30 10 Jun,11h 30m,1 stop,No info,13377
Air India,18/05/2019,Delhi,Cochin,DEL → HYD → MAA → COK,09:45,09:25 19 May,23h 40m,2 stops,No info,10975
Jet Airways,12/03/2019,Banglore,New Delhi,BLR → BOM → DEL,05:45,21:20,15h 35m,1 stop,No info,13817
Air India,21/03/2019,Delhi,Cochin,DEL → MAA → COK,06:05,09:25 22 Mar,27h 20m,1 stop,No info,7532
Multiple carriers,15/05/2019,Delhi,Cochin,DEL → BOM → COK,03:50,19:00,15h 10m,1 stop,No info,10197
Jet Airways,9/06/2019,Kolkata,Banglore,CCU → BOM → BLR,20:00,04:40 10 Jun,8h 40m,1 stop,In-flight meal not included,9663
Multiple carriers,15/05/2019,Delhi,Cochin,DEL → BOM → COK,13:00,21:00,8h,1 stop,No info,13727
IndiGo,9/05/2019,Delhi,Cochin,DEL → BOM → COK,11:25,01:30 10 May,14h 5m,1 stop,No info,8330
IndiGo,21/05/2019,Banglore,Delhi,BLR → DEL,07:10,10:05,2h 55m,non-stop,No info,4823
IndiGo,27/05/2019,Delhi,Cochin,DEL → BOM → COK,17:10,01:30 28 May,8h 20m,1 stop,No info,6206
Multiple carriers,6/06/2019,Delhi,Cochin,DEL → BOM → COK,11:25,19:00,7h 35m,1 stop,No info,10877
Jet Airways,12/03/2019,Banglore,New Delhi,BLR → BOM → DEL,18:55,08:15 13 Mar,13h 20m,1 stop,No info,13817
Jet Airways,27/06/2019,Banglore,Delhi,BLR → DEL,08:20,11:20,3h,non-stop,In-flight meal not included,6478
Air India,9/04/2019,Delhi,Cochin,DEL → HYD → BOM → COK,13:05,07:40 10 Apr,18h 35m,2 stops,No info,8577
Jet Airways,21/05/2019,Delhi,Cochin,DEL → BOM → COK,21:50,19:00 22 May,21h 10m,1 stop,No info,16079
Jet Airways,27/06/2019,Delhi,Cochin,DEL → AMD → BOM → COK,23:05,12:35 28 Jun,13h 30m,2 stops,In-flight meal not included,11150
Multiple carriers,6/03/2019,Delhi,Cochin,DEL → BOM → COK,06:40,19:15,12h 35m,1 stop,No info,15077
Jet Airways,1/04/2019,Kolkata,Banglore,CCU → BOM → BLR,16:30,08:15 02 Apr,15h 45m,1 stop,In-flight meal not included,7064
Jet Airways,21/05/2019,Kolkata,Banglore,CCU → BOM → BLR,14:05,08:15 22 May,18h 10m,1 stop,In-flight meal not included,9663
Air India,6/03/2019,Delhi,Cochin,DEL → HYD → BOM → COK,21:30,19:15 07 Mar,21h 45m,2 stops,No info,11552
Jet Airways,12/06/2019,Delhi,Cochin,DEL → BOM → COK,20:55,19:00 13 Jun,22h 5m,1 stop,In-flight meal not included,10262
SpiceJet,15/04/2019,Delhi,Cochin,DEL → MAA → COK,15:45,22:05,6h 20m,1 stop,No info,5899
Jet Airways,1/06/2019,Delhi,Cochin,DEL → NAG → BOM → COK,14:35,12:35 02 Jun,22h,2 stops,No info,13376
Jet Airways,12/03/2019,Banglore,New Delhi,BLR → BOM → DEL,18:55,10:25 13 Mar,15h 30m,1 stop,No info,13817
Vistara,1/05/2019,Kolkata,Banglore,CCU → DEL → BLR,20:20,20:20 02 May,24h,1 stop,No info,8610
Jet Airways,9/05/2019,Delhi,Cochin,DEL → BOM → COK,09:00,04:25 10 May,19h 25m,1 stop,In-flight meal not included,12373
SpiceJet,27/05/2019,Delhi,Cochin,DEL → BLR → COK,17:55,22:50,4h 55m,1 stop,No info,5673
Vistara,1/04/2019,Kolkata,Banglore,CCU → DEL → BLR,20:20,18:50 02 Apr,22h 30m,1 stop,No info,7927
Jet Airways,24/06/2019,Delhi,Cochin,DEL → BOM → COK,02:15,19:00,16h 45m,1 stop,In-flight meal not included,10262
Jet Airways,9/05/2019,Delhi,Cochin,DEL → BOM → COK,08:00,04:25 10 May,20h 25m,1 stop,In-flight meal not included,12373
Air India,01/03/2019,Banglore,New Delhi,BLR → BBI → DEL,09:30,12:05 02 Mar,26h 35m,1 stop,No info,12704
Air India,9/05/2019,Kolkata,Banglore,CCU → BBI → BLR,12:00,13:15 10 May,25h 15m,1 stop,No info,6612
IndiGo,9/06/2019,Banglore,Delhi,BLR → DEL,18:55,21:50,2h 55m,non-stop,No info,4823
Jet Airways,3/06/2019,Delhi,Cochin,DEL → BOM → COK,10:00,19:00,9h,1 stop,In-flight meal not included,10262
IndiGo,21/03/2019,Delhi,Cochin,DEL → MAA → COK,07:20,12:30,5h 10m,1 stop,No info,6388
GoAir,12/05/2019,Banglore,Delhi,BLR → DEL,07:45,10:40,2h 55m,non-stop,No info,3898
Jet Airways,6/04/2019,Delhi,Cochin,DEL → BOM → COK,11:30,19:00,7h 30m,1 stop,In-flight meal not included,5177
Jet Airways,9/06/2019,Kolkata,Banglore,CCU → BOM → BLR,20:00,20:45 10 Jun,24h 45m,1 stop,In-flight meal not included,10844
IndiGo,1/06/2019,Banglore,Delhi,BLR → DEL,00:25,03:15,2h 50m,non-stop,No info,4077
Jet Airways,24/03/2019,Kolkata,Banglore,CCU → BOM → BLR,16:55,09:15 25 Mar,16h 20m,1 stop,No info,14231
Air India,12/03/2019,Banglore,New Delhi,BLR → BOM → BHO → DEL,08:50,23:25,14h 35m,2 stops,No info,13250
Jet Airways,12/03/2019,Banglore,New Delhi,BLR → BOM → DEL,07:00,21:20,14h 20m,1 stop,No info,13817
SpiceJet,09/03/2019,Banglore,New Delhi,BLR → DEL,20:30,23:20,2h 50m,non-stop,No info,6205
Jet Airways,27/06/2019,Delhi,Cochin,DEL → AMD → BOM → COK,23:05,12:35 28 Jun,13h 30m,2 stops,No info,12819
IndiGo,15/04/2019,Banglore,Delhi,BLR → DEL,13:00,15:50,2h 50m,non-stop,No info,4591
SpiceJet,27/06/2019,Kolkata,Banglore,CCU → BLR,06:55,09:30,2h 35m,non-stop,No check-in baggage included,3841
SpiceJet,9/06/2019,Chennai,Kolkata,MAA → CCU,17:45,20:05,2h 20m,non-stop,No info,3597
IndiGo,3/04/2019,Kolkata,Banglore,CCU → BLR,04:40,07:15,2h 35m,non-stop,No info,4174
Vistara,27/05/2019,Delhi,Cochin,DEL → COK,06:00,09:10,3h 10m,non-stop,No info,6216
Jet Airways,9/05/2019,Kolkata,Banglore,CCU → DEL → BLR,17:00,18:00 10 May,25h,1 stop,No info,10624
Air Asia,24/06/2019,Delhi,Cochin,DEL → BLR → COK,07:55,22:25,14h 30m,1 stop,No info,6152
IndiGo,9/03/2019,Delhi,Cochin,DEL → BOM → COK,20:30,01:35 10 Mar,5h 5m,1 stop,No info,6937
Air India,1/06/2019,Delhi,Cochin,DEL → BOM → COK,17:00,19:15 02 Jun,26h 15m,1 stop,No info,8792
Multiple carriers,27/05/2019,Delhi,Cochin,DEL → BOM → COK,12:50,21:00,8h 10m,1 stop,No info,7005
Jet Airways,6/06/2019,Mumbai,Hyderabad,BOM → HYD,02:55,04:20,1h 25m,non-stop,No info,5678
Air India,15/03/2019,Banglore,New Delhi,BLR → VGA → DEL,10:30,11:20 16 Mar,24h 50m,1 stop,No info,7013
Jet Airways,21/05/2019,Delhi,Cochin,DEL → BOM → COK,15:00,19:00 22 May,28h,1 stop,No info,16079
Jet Airways,6/06/2019,Kolkata,Banglore,CCU → DEL → BLR,09:35,18:00,8h 25m,1 stop,In-flight meal not included,10539
Jet Airways,6/05/2019,Kolkata,Banglore,CCU → BOM → BLR,16:30,23:35,7h 5m,1 stop,In-flight meal not included,11841
IndiGo,15/03/2019,Banglore,New Delhi,BLR → BOM → DEL,19:35,00:35 16 Mar,5h,1 stop,No info,10509
IndiGo,3/06/2019,Chennai,Kolkata,MAA → CCU,13:15,15:35,2h 20m,non-stop,No info,3597
Air India,1/05/2019,Kolkata,Banglore,CCU → BOM → COK → BLR,09:25,13:45 02 May,28h 20m,2 stops,No info,15532
Multiple carriers,9/03/2019,Delhi,Cochin,DEL → BOM → COK,06:50,21:00,14h 10m,1 stop,In-flight meal not included,14086
Multiple carriers,27/03/2019,Delhi,Cochin,DEL → HYD → COK,14:35,22:20,7h 45m,1 stop,In-flight meal not included,5883
Multiple carriers,3/06/2019,Delhi,Cochin,DEL → BOM → COK,07:00,21:00,14h,1 stop,No info,7618
Jet Airways,1/05/2019,Kolkata,Banglore,CCU → DEL → BLR,17:00,18:00 02 May,25h,1 stop,In-flight meal not included,9314
Jet Airways,9/06/2019,Kolkata,Banglore,CCU → DEL → BLR,09:35,21:05,11h 30m,1 stop,In-flight meal not included,13994
IndiGo,27/04/2019,Delhi,Cochin,DEL → HYD → COK,07:35,12:10,4h 35m,1 stop,No info,5073
Air Asia,24/03/2019,Banglore,New Delhi,BLR → DEL,11:10,13:55,2h 45m,non-stop,No info,3383
Multiple carriers,1/06/2019,Delhi,Cochin,DEL → BOM → COK,09:00,19:15,10h 15m,1 stop,No info,16108
Multiple carriers,27/05/2019,Delhi,Cochin,DEL → BOM → COK,10:20,01:30 28 May,15h 10m,1 stop,No info,6795
Jet Airways,1/04/2019,Kolkata,Banglore,CCU → BOM → BLR,16:30,04:40 02 Apr,12h 10m,1 stop,No info,12681
Jet Airways,12/06/2019,Delhi,Cochin,DEL → BOM → COK,15:00,12:35 13 Jun,21h 35m,1 stop,In-flight meal not included,10262
Vistara,6/06/2019,Kolkata,Banglore,CCU → DEL → BLR,17:00,18:50 07 Jun,25h 50m,1 stop,No info,8820
Jet Airways,09/03/2019,Banglore,New Delhi,BLR → BDQ → DEL,05:50,12:20,6h 30m,1 stop,In-flight meal not included,10037
Multiple carriers,12/06/2019,Delhi,Cochin,DEL → BOM → COK,06:00,12:35,6h 35m,1 stop,No info,11789
GoAir,15/05/2019,Delhi,Cochin,DEL → BOM → COK,10:35,19:35,9h,1 stop,No info,7378
IndiGo,24/05/2019,Banglore,Delhi,BLR → DEL,18:55,21:50,2h 55m,non-stop,No info,4823
Jet Airways,24/06/2019,Banglore,Delhi,BLR → DEL,19:50,22:50,3h,non-stop,In-flight meal not included,6478
Jet Airways,1/06/2019,Delhi,Cochin,DEL → JAI → BOM → COK,09:40,04:25 02 Jun,18h 45m,2 stops,No info,13014
Jet Airways,24/05/2019,Kolkata,Banglore,CCU → BOM → BLR,16:30,22:35,6h 5m,1 stop,In-flight meal not included,10844
Multiple carriers,27/06/2019,Delhi,Cochin,DEL → BOM → COK,08:00,21:00,13h,1 stop,No info,7408
Multiple carriers,27/06/2019,Delhi,Cochin,DEL → HYD → COK,07:05,16:10,9h 5m,1 stop,No info,9646
SpiceJet,6/05/2019,Chennai,Kolkata,MAA → CCU,17:45,20:05,2h 20m,non-stop,No info,3597
SpiceJet,27/06/2019,Kolkata,Banglore,CCU → BLR,17:10,19:40,2h 30m,non-stop,No info,3873
GoAir,27/06/2019,Delhi,Cochin,DEL → BOM → COK,14:25,19:35,5h 10m,1 stop,No info,7870
Jet Airways,27/06/2019,Delhi,Cochin,DEL → BHO → BOM → COK,05:30,12:35,7h 5m,2 stops,In-flight meal not included,13344
Air India,12/06/2019,Mumbai,Hyderabad,BOM → HYD,19:30,20:45,1h 15m,non-stop,No info,3100
Air India,18/03/2019,Banglore,New Delhi,BLR → DEL,21:05,23:55,2h 50m,non-stop,No info,4441
IndiGo,27/03/2019,Delhi,Cochin,DEL → HYD → COK,04:55,12:00,7h 5m,1 stop,No info,6171
Jet Airways,9/05/2019,Kolkata,Banglore,CCU → DEL → BLR,20:25,10:55 10 May,14h 30m,1 stop,No info,10953
Air India,9/05/2019,Kolkata,Banglore,CCU → VNS → DEL → BLR,14:30,08:55 10 May,18h 25m,2 stops,No info,14214
IndiGo,24/06/2019,Delhi,Cochin,DEL → BOM → COK,07:30,21:00,13h 30m,1 stop,No info,6093
Air India,24/06/2019,Delhi,Cochin,DEL → JDH → BOM → COK,12:55,19:15 25 Jun,30h 20m,2 stops,No info,12436
Jet Airways,18/05/2019,Delhi,Cochin,DEL → AMD → BOM → COK,13:25,19:00 19 May,29h 35m,2 stops,No info,15129
Multiple carriers,3/06/2019,Delhi,Cochin,DEL → BOM → COK,06:00,12:35,6h 35m,1 stop,No info,13259
Air India,24/05/2019,Kolkata,Banglore,CCU → GAU → DEL → BLR,09:50,12:30 25 May,26h 40m,2 stops,No info,15170
Jet Airways,21/05/2019,Kolkata,Banglore,CCU → BOM → BLR,16:30,22:35,6h 5m,1 stop,No info,14781
IndiGo,1/06/2019,Delhi,Cochin,DEL → BOM → COK,11:25,01:30 02 Jun,14h 5m,1 stop,No info,6206
SpiceJet,9/05/2019,Kolkata,Banglore,CCU → BLR,17:10,19:40,2h 30m,non-stop,No check-in baggage included,3841
Jet Airways,15/06/2019,Delhi,Cochin,DEL → BOM → COK,11:30,19:00,7h 30m,1 stop,No info,14714
IndiGo,9/06/2019,Delhi,Cochin,DEL → BOM → COK,04:55,21:00,16h 5m,1 stop,No info,6093
Jet Airways,9/06/2019,Banglore,Delhi,BLR → DEL,11:10,14:05,2h 55m,non-stop,No info,8016
Air India,27/03/2019,Delhi,Cochin,DEL → MAA → COK,06:05,09:25 28 Mar,27h 20m,1 stop,No info,5117
Jet Airways,1/05/2019,Kolkata,Banglore,CCU → BOM → BLR,08:25,04:40 02 May,20h 15m,1 stop,In-flight meal not included,8586
IndiGo,9/03/2019,Delhi,Cochin,DEL → BOM → COK,15:00,01:35 10 Mar,10h 35m,1 stop,No info,13611
IndiGo,9/05/2019,Delhi,Cochin,DEL → HYD → COK,16:10,22:30,6h 20m,1 stop,No info,6704
IndiGo,9/05/2019,Kolkata,Banglore,CCU → MAA → BLR,06:20,10:20,4h,1 stop,No info,4226
Air India,6/04/2019,Banglore,Delhi,BLR → DEL,17:00,19:45,2h 45m,non-stop,No info,4651
SpiceJet,27/05/2019,Kolkata,Banglore,CCU → BLR,22:20,00:40 28 May,2h 20m,non-stop,No info,3873
GoAir,03/03/2019,Banglore,New Delhi,BLR → DEL,20:55,23:50,2h 55m,non-stop,No info,7222
Multiple carriers,15/05/2019,Delhi,Cochin,DEL → BOM → COK,11:30,21:00,9h 30m,1 stop,No info,13727
IndiGo,27/03/2019,Delhi,Cochin,DEL → BOM → COK,09:10,15:30,6h 20m,1 stop,No info,10141
SpiceJet,24/04/2019,Banglore,Delhi,BLR → DEL,21:10,00:05 25 Apr,2h 55m,non-stop,No info,3625
IndiGo,15/04/2019,Delhi,Cochin,DEL → HYD → COK,07:35,16:10,8h 35m,1 stop,No info,6442
Jet Airways,6/05/2019,Banglore,Delhi,BLR → DEL,17:45,20:45,3h,non-stop,No info,7229
Air Asia,24/06/2019,Delhi,Cochin,DEL → BLR → COK,16:45,06:35 25 Jun,13h 50m,1 stop,No info,6752
Jet Airways,24/03/2019,Kolkata,Banglore,CCU → BOM → BLR,21:10,18:10 25 Mar,21h,1 stop,No info,13759
Air India,6/03/2019,Mumbai,Hyderabad,BOM → BBI → HYD,12:00,12:25 07 Mar,24h 25m,1 stop,No info,14408
Air India,9/06/2019,Delhi,Cochin,DEL → CCU → BOM → COK,20:15,19:15 10 Jun,23h,2 stops,No info,13381
Vistara,1/04/2019,Kolkata,Banglore,CCU → DEL → BLR,17:00,20:20 02 Apr,27h 20m,1 stop,No info,9135
IndiGo,15/05/2019,Kolkata,Banglore,CCU → NAG → BLR,18:05,23:30,5h 25m,1 stop,No info,6218
SpiceJet,27/04/2019,Kolkata,Banglore,CCU → BLR,09:00,11:25,2h 25m,non-stop,No info,4174
Air India,6/06/2019,Kolkata,Banglore,CCU → HYD → BLR,19:00,11:05 07 Jun,16h 5m,1 stop,No info,6117
Jet Airways,15/05/2019,Kolkata,Banglore,CCU → DEL → BLR,09:35,21:05,11h 30m,1 stop,In-flight meal not included,10703
Jet Airways,12/06/2019,Kolkata,Banglore,CCU → DEL → BLR,09:35,09:45 13 Jun,24h 10m,1 stop,No info,12692
Jet Airways,6/06/2019,Kolkata,Banglore,CCU → DEL → BLR,17:00,10:55 07 Jun,17h 55m,1 stop,In-flight meal not included,10539
Jet Airways,24/03/2019,Kolkata,Banglore,CCU → BOM → BLR,13:55,19:40,5h 45m,1 stop,In-flight meal not included,11134
IndiGo,24/03/2019,Banglore,New Delhi,BLR → DEL,21:20,00:15 22 Mar,2h 55m,non-stop,No info,4777
Jet Airways,18/05/2019,Delhi,Cochin,DEL → BOM → COK,11:30,12:35 19 May,25h 5m,1 stop,In-flight meal not included,12373
Multiple carriers,3/03/2019,Delhi,Cochin,DEL → HYD → MAA → COK,13:05,21:20,8h 15m,2 stops,No info,11966
IndiGo,15/05/2019,Chennai,Kolkata,MAA → CCU,22:05,00:25 16 May,2h 20m,non-stop,No info,5277
Air India,01/03/2019,Banglore,New Delhi,BLR → BOM → AMD → DEL,08:50,23:55 02 Mar,39h 5m,2 stops,No info,17135
Jet Airways,6/06/2019,Delhi,Cochin,DEL → BOM → COK,14:00,19:00,5h,1 stop,No info,14714
IndiGo,09/03/2019,Banglore,New Delhi,BLR → DEL,22:20,01:10 10 Mar,2h 50m,non-stop,No info,6144
Air India,1/04/2019,Banglore,Delhi,BLR → DEL,13:20,16:10,2h 50m,non-stop,No info,5911
Vistara,12/03/2019,Mumbai,Hyderabad,BOM → DEL → HYD,19:45,19:55 13 Mar,24h 10m,1 stop,No info,12080
IndiGo,6/04/2019,Banglore,Delhi,BLR → DEL,10:30,13:20,2h 50m,non-stop,No info,4423
Multiple carriers,27/05/2019,Delhi,Cochin,DEL → BOM → COK,09:00,21:00,12h,1 stop,No info,7618
Air Asia,27/05/2019,Banglore,Delhi,BLR → DEL,11:10,13:55,2h 45m,non-stop,No info,3383
Air India,6/03/2019,Delhi,Cochin,DEL → AMD → BOM → COK,19:45,19:15 07 Mar,23h 30m,2 stops,No info,12646
Multiple carriers,18/05/2019,Delhi,Cochin,DEL → BOM → COK,06:00,21:00,15h,1 stop,No info,7670
IndiGo,15/05/2019,Kolkata,Banglore,CCU → BLR,04:40,07:15,2h 35m,non-stop,No info,4804
Jet Airways,12/03/2019,Banglore,New Delhi,BLR → BOM → DEL,20:35,18:25 13 Mar,21h 50m,1 stop,In-flight meal not included,11087
Jet Airways,18/04/2019,Banglore,Delhi,BLR → DEL,11:10,14:05,2h 55m,non-stop,No info,7229
SpiceJet,3/03/2019,Chennai,Kolkata,MAA → CCU,08:20,10:35,2h 15m,non-stop,No info,7050
Jet Airways,1/04/2019,Kolkata,Banglore,CCU → BOM → BLR,20:00,18:15 02 Apr,22h 15m,1 stop,No info,12681
SpiceJet,3/04/2019,Delhi,Cochin,DEL → PNQ → COK,08:45,13:15,4h 30m,1 stop,No check-in baggage included,4098
SpiceJet,12/05/2019,Chennai,Kolkata,MAA → CCU,09:45,12:00,2h 15m,non-stop,No check-in baggage included,3543
Jet Airways,21/05/2019,Kolkata,Banglore,CCU → DEL → BLR,20:25,18:00 22 May,21h 35m,1 stop,No info,14151
Jet Airways,24/03/2019,Kolkata,Banglore,CCU → BOM → BLR,06:30,22:35,16h 5m,1 stop,No info,13339
Jet Airways,24/05/2019,Kolkata,Banglore,CCU → BOM → BLR,21:10,12:00 25 May,14h 50m,1 stop,In-flight meal not included,9663
Jet Airways,27/05/2019,Delhi,Cochin,DEL → BOM → COK,11:30,04:25 28 May,16h 55m,1 stop,In-flight meal not included,12898
Air India,3/06/2019,Delhi,Cochin,DEL → JAI → BOM → COK,12:00,19:15,7h 15m,2 stops,No info,8603
Jet Airways,12/06/2019,Kolkata,Banglore,CCU → BOM → BLR,16:30,12:00 13 Jun,19h 30m,1 stop,No info,13044
SpiceJet,6/03/2019,Kolkata,Banglore,CCU → BLR,17:15,19:45,2h 30m,non-stop,No info,4622
Multiple carriers,21/03/2019,Delhi,Cochin,DEL → BOM → COK,14:00,21:00,7h,1 stop,No info,13062
Multiple carriers,12/06/2019,Delhi,Cochin,DEL → BOM → COK,09:15,19:00,9h 45m,1 stop,No info,11622
Jet Airways,12/03/2019,Banglore,New Delhi,BLR → BOM → DEL,20:35,20:20 13 Mar,23h 45m,1 stop,In-flight meal not included,11087
Multiple carriers,15/06/2019,Delhi,Cochin,DEL → BOM → COK,10:20,19:00,8h 40m,1 stop,No info,11789
Jet Airways,9/05/2019,Kolkata,Banglore,CCU → BOM → BLR,18:55,09:20 10 May,14h 25m,1 stop,In-flight meal not included,9663
Jet Airways,06/03/2019,Banglore,New Delhi,BLR → BOM → DEL,08:55,16:10,7h 15m,1 stop,No info,19225
Multiple carriers,27/06/2019,Delhi,Cochin,DEL → BOM → COK,11:40,01:30 28 Jun,13h 50m,1 stop,In-flight meal not included,5797
Multiple carriers,1/06/2019,Delhi,Cochin,DEL → BOM → COK,12:50,19:15,6h 25m,1 stop,No info,9526
Jet Airways,9/04/2019,Banglore,Delhi,BLR → DEL,19:50,22:50,3h,non-stop,No info,7229
Multiple carriers,9/04/2019,Delhi,Cochin,DEL → BOM → COK,08:30,19:00,10h 30m,1 stop,No info,10877
Air India,06/03/2019,Banglore,New Delhi,BLR → HYD → VGA → DEL,08:15,22:55,14h 40m,2 stops,No info,13942
Air Asia,9/05/2019,Banglore,Delhi,BLR → DEL,11:10,13:55,2h 45m,non-stop,No info,3383
Jet Airways,15/06/2019,Delhi,Cochin,DEL → BOM → COK,14:00,04:25 16 Jun,14h 25m,1 stop,In-flight meal not included,10262
Air India,24/05/2019,Kolkata,Banglore,CCU → IXR → DEL → BLR,05:50,20:25,14h 35m,2 stops,No info,11201
Jet Airways,1/06/2019,Delhi,Cochin,DEL → BOM → COK,19:15,04:25 02 Jun,9h 10m,1 stop,In-flight meal not included,10262
Air India,3/06/2019,Delhi,Cochin,DEL → GOI → BOM → COK,22:00,19:15 04 Jun,21h 15m,2 stops,No info,10231
Jet Airways,15/03/2019,Banglore,New Delhi,BLR → BOM → DEL,14:05,08:15 16 Mar,18h 10m,1 stop,In-flight meal not included,9134
Air Asia,18/05/2019,Kolkata,Banglore,CCU → BLR,10:20,12:55,2h 35m,non-stop,No info,5645
Jet Airways,1/06/2019,Delhi,Cochin,DEL → BOM → COK,15:00,04:25 02 Jun,13h 25m,1 stop,No info,14714
Air India,6/03/2019,Delhi,Cochin,DEL → AMD → BOM → COK,16:40,19:15 07 Mar,26h 35m,2 stops,No info,12646
Air India,3/06/2019,Delhi,Cochin,DEL → GOI → BOM → COK,10:55,19:15,8h 20m,2 stops,No info,12173
IndiGo,12/06/2019,Mumbai,Hyderabad,BOM → HYD,21:20,22:50,1h 30m,non-stop,No info,2227
Multiple carriers,6/05/2019,Delhi,Cochin,DEL → BOM → COK,07:30,19:00,11h 30m,1 stop,No info,10529
Jet Airways,18/05/2019,Delhi,Cochin,DEL → COK,11:00,14:15,3h 15m,non-stop,In-flight meal not included,7202
Multiple carriers,27/05/2019,Delhi,Cochin,DEL → BOM → COK,09:00,21:00,12h,1 stop,In-flight meal not included,7886
SpiceJet,18/06/2019,Mumbai,Hyderabad,BOM → HYD,22:45,00:15 19 Jun,1h 30m,non-stop,No info,2017
IndiGo,27/04/2019,Delhi,Cochin,DEL → HYD → COK,05:05,16:10,11h 5m,1 stop,No info,6171
Jet Airways,3/06/2019,Mumbai,Hyderabad,BOM → HYD,02:55,04:20,1h 25m,non-stop,In-flight meal not included,4050
SpiceJet,9/05/2019,Kolkata,Banglore,CCU → KNU → BLR,11:35,18:50,7h 15m,1 stop,No info,8479
Air Asia,18/05/2019,Banglore,Delhi,BLR → DEL,04:55,07:45,2h 50m,non-stop,No info,4282
Vistara,24/05/2019,Kolkata,Banglore,CCU → DEL → BLR,20:20,20:20 25 May,24h,1 stop,No info,9345
Air India,24/06/2019,Delhi,Cochin,DEL → TRV → COK,05:15,06:50 25 Jun,25h 35m,1 stop,No info,6587
IndiGo,3/05/2019,Mumbai,Hyderabad,BOM → HYD,20:05,21:40,1h 35m,non-stop,No info,2754
SpiceJet,21/06/2019,Banglore,Delhi,BLR → DEL,21:10,00:05 22 Jun,2h 55m,non-stop,No check-in baggage included,3919
Jet Airways,12/06/2019,Delhi,Cochin,DEL → JAI → BOM → COK,09:40,04:25 13 Jun,18h 45m,2 stops,In-flight meal not included,10368
Air India,03/03/2019,Banglore,New Delhi,BLR → BBI → DEL,09:30,16:20,6h 50m,1 stop,No info,11654
GoAir,1/04/2019,Banglore,Delhi,BLR → DEL,20:55,23:40,2h 45m,non-stop,No info,4239
IndiGo,27/05/2019,Delhi,Cochin,DEL → HYD → COK,06:50,16:10,9h 20m,1 stop,No info,6674
Multiple carriers,24/06/2019,Delhi,Cochin,DEL → BOM → COK,13:00,01:30 25 Jun,12h 30m,1 stop,No info,7198
IndiGo,12/06/2019,Kolkata,Banglore,CCU → PNQ → BLR,21:00,02:15 13 Jun,5h 15m,1 stop,No info,5930
Jet Airways,9/05/2019,Banglore,Delhi,BLR → DEL,07:10,10:10,3h,non-stop,No info,7229
Air India,1/04/2019,Kolkata,Banglore,CCU → DEL → COK → BLR,10:00,01:20 02 Apr,15h 20m,2 stops,No info,10408
Air India,12/06/2019,Delhi,Cochin,DEL → LKO → BOM → COK,07:10,07:40 13 Jun,24h 30m,2 stops,No info,12488
IndiGo,9/06/2019,Chennai,Kolkata,MAA → CCU,05:15,07:40,2h 25m,non-stop,No info,3540
Jet Airways,12/06/2019,Kolkata,Banglore,CCU → BOM → BLR,20:00,09:20 13 Jun,13h 20m,1 stop,In-flight meal not included,8529
Jet Airways,24/06/2019,Delhi,Cochin,DEL → NAG → BOM → COK,14:35,04:25 25 Jun,13h 50m,2 stops,No info,13376
GoAir,24/05/2019,Kolkata,Banglore,CCU → AMD → BLR,16:40,00:15 25 May,7h 35m,1 stop,No info,8855
Jet Airways,15/05/2019,Kolkata,Banglore,CCU → BOM → BLR,06:30,19:50,13h 20m,1 stop,No info,14781
IndiGo,27/06/2019,Delhi,Cochin,DEL → BOM → COK,17:10,01:30 28 Jun,8h 20m,1 stop,No info,5684
Jet Airways,9/05/2019,Delhi,Cochin,DEL → JAI → BOM → COK,19:30,04:25 10 May,8h 55m,2 stops,In-flight meal not included,13029
Jet Airways,1/05/2019,Delhi,Cochin,DEL → AMD → BOM → COK,19:10,19:00 02 May,23h 50m,2 stops,No info,15129
Air India,9/06/2019,Kolkata,Banglore,CCU → BOM → BLR,09:25,18:30,9h 5m,1 stop,No info,8576
Jet Airways,09/03/2019,Banglore,New Delhi,BLR → BOM → DEL,08:55,11:25 13 Mar,26h 30m,1 stop,In-flight meal not included,11087
Jet Airways,9/06/2019,Mumbai,Hyderabad,BOM → HYD,10:20,11:50,1h 30m,non-stop,No info,5678
Jet Airways,21/03/2019,Delhi,Cochin,DEL → BOM → COK,18:15,04:25 22 Mar,10h 10m,1 stop,No info,12557
IndiGo,27/03/2019,Chennai,Kolkata,MAA → CCU,11:35,14:00,2h 25m,non-stop,No info,3858
Jet Airways,9/05/2019,Delhi,Cochin,DEL → BOM → COK,14:00,12:35 10 May,22h 35m,1 stop,In-flight meal not included,12373
IndiGo,18/03/2019,Mumbai,Hyderabad,BOM → HYD,09:10,10:40,1h 30m,non-stop,No info,4049
Jet Airways,15/03/2019,Banglore,New Delhi,BLR → BOM → DEL,16:55,00:45 13 Mar,7h 50m,1 stop,No info,21934
Air India,27/06/2019,Kolkata,Banglore,CCU → BLR,14:15,16:45,2h 30m,non-stop,No info,5510
Vistara,15/06/2019,Delhi,Cochin,DEL → COK,14:40,17:50,3h 10m,non-stop,No info,6216
Air India,1/04/2019,Mumbai,Hyderabad,BOM → HYD,19:30,20:45,1h 15m,non-stop,No info,2050
IndiGo,3/04/2019,Mumbai,Hyderabad,BOM → HYD,02:35,04:05,1h 30m,non-stop,No info,2754
IndiGo,27/06/2019,Chennai,Kolkata,MAA → CCU,07:55,10:15,2h 20m,non-stop,No info,3850
IndiGo,6/05/2019,Chennai,Kolkata,MAA → CCU,05:15,07:40,2h 25m,non-stop,No info,3540
Jet Airways,1/05/2019,Kolkata,Banglore,CCU → BOM → BLR,06:30,08:15 02 May,25h 45m,1 stop,In-flight meal not included,9663
Air India,6/03/2019,Delhi,Cochin,DEL → HYD → MAA → COK,07:05,09:25 07 Mar,26h 20m,2 stops,No info,9190
Jet Airways,27/05/2019,Delhi,Cochin,DEL → BOM → COK,15:00,19:00 28 May,28h,1 stop,In-flight meal not included,12898
GoAir,15/04/2019,Banglore,Delhi,BLR → DEL,07:45,10:40,2h 55m,non-stop,No info,4632
SpiceJet,24/03/2019,Mumbai,Hyderabad,BOM → HYD,13:10,14:30,1h 20m,non-stop,No info,2753
Air India,12/03/2019,Banglore,New Delhi,BLR → BOM → NAG → DEL,08:50,10:15 13 Mar,25h 25m,2 stops,No info,12778
Air India,12/06/2019,Kolkata,Banglore,CCU → IXR → DEL → BLR,05:50,08:55 13 Jun,27h 5m,2 stops,No info,12723
IndiGo,24/06/2019,Kolkata,Banglore,CCU → BLR,11:30,14:05,2h 35m,non-stop,No info,4804
IndiGo,18/04/2019,Banglore,Delhi,BLR → DEL,20:00,22:50,2h 50m,non-stop,No info,4823
Air Asia,27/06/2019,Delhi,Cochin,DEL → BLR → COK,07:55,13:25,5h 30m,1 stop,No info,6152
Vistara,27/06/2019,Delhi,Cochin,DEL → COK,06:00,09:10,3h 10m,non-stop,No info,6216
IndiGo,24/06/2019,Delhi,Cochin,DEL → BLR → COK,02:00,07:45,5h 45m,1 stop,No info,6016
Multiple carriers,27/06/2019,Delhi,Cochin,DEL → BOM → COK,09:15,19:00,9h 45m,1 stop,No info,11622
Air India,6/05/2019,Kolkata,Banglore,CCU → BBI → BOM → BLR,12:00,21:50,9h 50m,2 stops,No info,10151
Jet Airways,27/03/2019,Delhi,Cochin,DEL → IXC → BOM → COK,06:20,04:25 28 Mar,22h 5m,2 stops,No info,12273
Jet Airways,12/06/2019,Delhi,Cochin,DEL → ATQ → BOM → COK,20:00,04:25 13 Jun,8h 25m,2 stops,In-flight meal not included,12410
Jet Airways,12/03/2019,Banglore,New Delhi,BLR → BOM → DEL,05:45,08:15 13 Mar,26h 30m,1 stop,No info,12547
Jet Airways,15/06/2019,Delhi,Cochin,DEL → BOM → COK,22:50,12:35 16 Jun,13h 45m,1 stop,In-flight meal not included,10262
Multiple carriers,9/05/2019,Delhi,Cochin,DEL → BOM → COK,11:30,19:15,7h 45m,1 stop,No info,14323
Jet Airways,21/06/2019,Mumbai,Hyderabad,BOM → HYD,19:35,21:05,1h 30m,non-stop,In-flight meal not included,3210
Multiple carriers,3/03/2019,Delhi,Cochin,DEL → BOM → COK,10:00,21:00,11h,1 stop,No info,16863
Multiple carriers,1/06/2019,Delhi,Cochin,DEL → BOM → COK,11:25,19:15,7h 50m,1 stop,No info,8937
Jet Airways,27/03/2019,Delhi,Cochin,DEL → AMD → BOM → COK,19:10,04:25 29 Mar,33h 15m,2 stops,No info,10929
IndiGo,9/06/2019,Delhi,Cochin,DEL → BOM → COK,10:35,01:30 10 Jun,14h 55m,1 stop,No info,6104
SpiceJet,21/03/2019,Delhi,Cochin,DEL → MAA → COK,15:55,21:55,6h,1 stop,No info,5511
Jet Airways,24/03/2019,Kolkata,Banglore,CCU → BOM → BLR,21:10,16:20 25 Mar,19h 10m,1 stop,No info,13759
Air India,21/05/2019,Delhi,Cochin,DEL → NAG → BOM → COK,05:55,07:40 22 May,25h 45m,2 stops,No info,11543
Jet Airways,18/05/2019,Kolkata,Banglore,CCU → DEL → BLR,09:35,19:10,9h 35m,1 stop,No info,13067
Jet Airways,15/06/2019,Delhi,Cochin,DEL → BOM → COK,07:05,04:25 16 Jun,21h 20m,1 stop,In-flight meal not included,10262
Air India,6/06/2019,Delhi,Cochin,DEL → CCU → BOM → COK,16:55,19:15 07 Jun,26h 20m,2 stops,No info,13591
Jet Airways,27/03/2019,Delhi,Cochin,DEL → AMD → BOM → COK,19:10,19:45 28 Mar,24h 35m,2 stops,No info,10929
Jet Airways,27/04/2019,Banglore,Delhi,BLR → DEL,19:50,22:50,3h,non-stop,No info,7229
Air Asia,15/05/2019,Delhi,Cochin,DEL → BLR → COK,07:55,13:25,5h 30m,1 stop,No info,6451
IndiGo,3/03/2019,Chennai,Kolkata,MAA → CCU,11:35,14:00,2h 25m,non-stop,No info,7295
IndiGo,3/06/2019,Banglore,Delhi,BLR → DEL,01:30,04:15,2h 45m,non-stop,No info,3943
SpiceJet,15/05/2019,Banglore,Delhi,BLR → DEL,21:10,00:05 16 May,2h 55m,non-stop,No check-in baggage included,3573
Air India,24/06/2019,Delhi,Cochin,DEL → GOI → BOM → COK,22:00,19:15 25 Jun,21h 15m,2 stops,No info,9181
Air India,3/03/2019,Delhi,Cochin,DEL → MAA → COK,09:45,09:25 04 Mar,23h 40m,1 stop,No info,24017
Air India,9/03/2019,Delhi,Cochin,DEL → GOI → BOM → COK,10:55,19:15 10 Mar,32h 20m,2 stops,No info,17476
Air India,9/04/2019,Kolkata,Banglore,CCU → HYD → BLR,19:00,11:05 10 Apr,16h 5m,1 stop,No info,4647
IndiGo,27/05/2019,Delhi,Cochin,DEL → BOM → COK,11:25,21:00,9h 35m,1 stop,No info,6314
Jet Airways,6/06/2019,Delhi,Cochin,DEL → NAG → BOM → COK,14:35,04:25 07 Jun,13h 50m,2 stops,No info,13376
Jet Airways,18/03/2019,Banglore,New Delhi,BLR → BOM → DEL,05:45,16:10,10h 25m,1 stop,No info,12284
Jet Airways,9/05/2019,Banglore,Delhi,BLR → DEL,08:20,11:20,3h,non-stop,No info,7229
Multiple carriers,1/05/2019,Delhi,Cochin,DEL → BOM → COK,08:30,19:00,10h 30m,1 stop,No info,9627
Air India,1/04/2019,Kolkata,Banglore,CCU → BBI → BOM → BLR,12:00,21:50,9h 50m,2 stops,No info,9258
SpiceJet,3/06/2019,Kolkata,Banglore,CCU → BLR,09:00,11:25,2h 25m,non-stop,No info,3873
SpiceJet,15/05/2019,Kolkata,Banglore,CCU → BLR,22:20,00:40 16 May,2h 20m,non-stop,No check-in baggage included,3841
Multiple carriers,27/05/2019,Delhi,Cochin,DEL → HYD → COK,09:45,22:30,12h 45m,1 stop,No info,10486
Jet Airways,3/03/2019,Delhi,Cochin,DEL → BOM → COK,16:00,18:50 04 Mar,26h 50m,1 stop,No info,17234
IndiGo,27/06/2019,Delhi,Cochin,DEL → BLR → COK,05:10,10:05,4h 55m,1 stop,No info,6496
Multiple carriers,27/05/2019,Delhi,Cochin,DEL → BOM → COK,08:30,19:00,10h 30m,1 stop,No info,9627
Air India,12/06/2019,Kolkata,Banglore,CCU → BOM → BLR,16:50,11:10 13 Jun,18h 20m,1 stop,No info,8366
Jet Airways,27/05/2019,Delhi,Cochin,DEL → ATQ → BOM → COK,20:00,04:25 28 May,8h 25m,2 stops,In-flight meal not included,15318
SpiceJet,24/03/2019,Kolkata,Banglore,CCU → KNU → BLR,11:35,18:50,7h 15m,1 stop,No info,9923
Jet Airways,1/04/2019,Kolkata,Banglore,CCU → GAU → BLR,10:20,17:35,7h 15m,1 stop,In-flight meal not included,6077
Air India,9/06/2019,Chennai,Kolkata,MAA → CCU,11:40,13:55,2h 15m,non-stop,No info,4667
Multiple carriers,9/05/2019,Delhi,Cochin,DEL → BOM → COK,08:30,19:15,10h 45m,1 stop,No info,8099
SpiceJet,1/05/2019,Mumbai,Hyderabad,BOM → HYD,13:15,14:45,1h 30m,non-stop,No check-in baggage included,2385
Multiple carriers,27/06/2019,Delhi,Cochin,DEL → IDR → BOM → COK,15:05,01:30 28 Jun,10h 25m,2 stops,No info,15965
Jet Airways,6/05/2019,Kolkata,Banglore,CCU → BOM → BLR,06:30,18:15,11h 45m,1 stop,In-flight meal not included,10844
Air India,12/05/2019,Banglore,Delhi,BLR → DEL,13:20,16:10,2h 50m,non-stop,No info,6121
IndiGo,24/04/2019,Banglore,Delhi,BLR → DEL,22:10,01:00 25 Apr,2h 50m,non-stop,No info,3625
Multiple carriers,27/05/2019,Delhi,Cochin,DEL → BOM → COK,07:30,21:00,13h 30m,1 stop,No info,8475
Jet Airways,27/05/2019,Delhi,Cochin,DEL → BOM → COK,07:05,19:00,11h 55m,1 stop,In-flight meal not included,12898
IndiGo,6/03/2019,Delhi,Cochin,DEL → MAA → COK,02:05,07:25,5h 20m,1 stop,No info,10851
Air India,21/03/2019,Delhi,Cochin,DEL → BLR → COK,09:45,23:00,13h 15m,1 stop,No info,5704
Vistara,18/03/2019,Banglore,New Delhi,BLR → DEL,21:10,00:05 16 Mar,2h 55m,non-stop,No info,11598
Multiple carriers,27/05/2019,Delhi,Cochin,DEL → BOM → COK,08:30,19:15,10h 45m,1 stop,No info,9149
Air India,15/06/2019,Kolkata,Banglore,CCU → BLR,20:45,23:20,2h 35m,non-stop,No info,4145
GoAir,21/05/2019,Delhi,Cochin,DEL → BOM → COK,10:35,19:35,9h,1 stop,No info,6195
IndiGo,9/05/2019,Delhi,Cochin,DEL → BOM → COK,11:25,21:00,9h 35m,1 stop,No info,6979
Air India,15/03/2019,Banglore,New Delhi,BLR → DEL,13:20,16:10,2h 50m,non-stop,No info,7276
SpiceJet,15/05/2019,Delhi,Cochin,DEL → PNQ → COK,08:45,13:15,4h 30m,1 stop,No check-in baggage included,4760
Vistara,18/06/2019,Chennai,Kolkata,MAA → CCU,17:45,20:05,2h 20m,non-stop,No info,11982
IndiGo,27/03/2019,Chennai,Kolkata,MAA → CCU,22:05,00:25 28 Mar,2h 20m,non-stop,No info,5277
Air India,9/06/2019,Delhi,Cochin,DEL → BOM → COK,20:00,07:40 10 Jun,11h 40m,1 stop,No info,8372
IndiGo,1/04/2019,Kolkata,Banglore,CCU → BBI → BLR,19:35,23:15,3h 40m,1 stop,No info,4226
IndiGo,18/06/2019,Chennai,Kolkata,MAA → CCU,19:35,21:55,2h 20m,non-stop,No info,3597
Multiple carriers,15/06/2019,Delhi,Cochin,DEL → BOM → COK,08:45,21:00,12h 15m,1 stop,No info,7005
Multiple carriers,9/05/2019,Delhi,Cochin,DEL → HYD → COK,07:05,16:10,9h 5m,1 stop,No info,8018
Jet Airways,9/06/2019,Delhi,Cochin,DEL → BOM → COK,19:45,19:00 10 Jun,23h 15m,1 stop,In-flight meal not included,10577
Jet Airways,12/06/2019,Delhi,Cochin,DEL → IDR → BOM → COK,05:30,19:00,13h 30m,2 stops,In-flight meal not included,11507
Air India,9/05/2019,Delhi,Cochin,DEL → AMD → BOM → COK,05:00,19:15 10 May,38h 15m,2 stops,No info,9653
Jet Airways,15/03/2019,Mumbai,Hyderabad,BOM → HYD,10:20,11:50,1h 30m,non-stop,In-flight meal not included,4160
Jet Airways,3/06/2019,Delhi,Cochin,DEL → BOM → COK,18:15,19:00 04 Jun,24h 45m,1 stop,No info,14714
Jet Airways,9/05/2019,Mumbai,Hyderabad,BOM → HYD,02:55,04:20,1h 25m,non-stop,No info,5678
Air India,18/05/2019,Kolkata,Banglore,CCU → DEL → COK → BLR,07:00,01:20 19 May,18h 20m,2 stops,No info,13873
Multiple carriers,27/06/2019,Delhi,Cochin,DEL → BOM → COK,10:20,19:00,8h 40m,1 stop,No info,11264
Jet Airways,24/03/2019,Kolkata,Banglore,CCU → BOM → BLR,13:55,20:40,6h 45m,1 stop,In-flight meal not included,11134
Air Asia,21/03/2019,Delhi,Cochin,DEL → BLR → COK,16:45,22:15,5h 30m,1 stop,No info,6151
Jet Airways,18/05/2019,Kolkata,Banglore,CCU → BOM → BLR,05:45,19:50,14h 5m,1 stop,In-flight meal not included,10844
Jet Airways,3/06/2019,Delhi,Cochin,DEL → JAI → BOM → COK,09:40,12:35 04 Jun,26h 55m,2 stops,No info,13014
Jet Airways,18/06/2019,Mumbai,Hyderabad,BOM → HYD,10:20,11:50,1h 30m,non-stop,In-flight meal not included,4995
IndiGo,18/04/2019,Kolkata,Banglore,CCU → BLR,15:30,18:05,2h 35m,non-stop,No info,4174
Air India,03/03/2019,Banglore,New Delhi,BLR → DEL,13:20,16:10,2h 50m,non-stop,No info,12841
Jet Airways,9/05/2019,Kolkata,Banglore,CCU → DEL → BLR,17:00,21:05 10 May,28h 5m,1 stop,No info,13067
Jet Airways,24/06/2019,Delhi,Cochin,DEL → BOM → COK,16:00,19:00 25 Jun,27h,1 stop,In-flight meal not included,10262
IndiGo,6/04/2019,Banglore,Delhi,BLR → DEL,10:10,13:00,2h 50m,non-stop,No info,4423
Jet Airways,1/05/2019,Kolkata,Banglore,CCU → BOM → BLR,18:55,04:40 02 May,9h 45m,1 stop,In-flight meal not included,8586
Jet Airways,15/05/2019,Kolkata,Banglore,CCU → BOM → BLR,21:10,09:20 16 May,12h 10m,1 stop,In-flight meal not included,9663
IndiGo,15/06/2019,Delhi,Cochin,DEL → BOM → COK,16:00,21:00,5h,1 stop,No info,6069
Air India,6/05/2019,Chennai,Kolkata,MAA → CCU,11:40,13:55,2h 15m,non-stop,No info,4667
Jet Airways,9/05/2019,Delhi,Cochin,DEL → BOM → COK,21:50,19:00 10 May,21h 10m,1 stop,In-flight meal not included,12373
Jet Airways,9/05/2019,Kolkata,Banglore,CCU → BOM → BLR,16:30,10:05 10 May,17h 35m,1 stop,No info,13941
IndiGo,27/03/2019,Mumbai,Hyderabad,BOM → HYD,06:20,07:45,1h 25m,non-stop,No info,3175
Air India,9/06/2019,Delhi,Cochin,DEL → BOM → COK,21:00,19:15 10 Jun,22h 15m,1 stop,No info,8372
Vistara,6/04/2019,Banglore,Delhi,BLR → DEL,17:00,19:35,2h 35m,non-stop,No info,5613
IndiGo,18/05/2019,Delhi,Cochin,DEL → HYD → COK,07:35,22:30,14h 55m,1 stop,No info,7144
Jet Airways,6/06/2019,Kolkata,Banglore,CCU → BOM → BLR,06:30,16:20,9h 50m,1 stop,No info,14571
IndiGo,24/03/2019,Chennai,Kolkata,MAA → CCU,22:05,00:25 25 Mar,2h 20m,non-stop,No info,5277
Jet Airways,24/03/2019,Mumbai,Hyderabad,BOM → HYD,10:20,11:50,1h 30m,non-stop,In-flight meal not included,2759
Air Asia,9/05/2019,Kolkata,Banglore,CCU → DEL → BLR,07:35,23:30,15h 55m,1 stop,No info,5192
Jet Airways,9/06/2019,Delhi,Cochin,DEL → BOM → COK,07:05,19:00,11h 55m,1 stop,No info,14714
Air India,1/06/2019,Delhi,Cochin,DEL → JAI → BOM → COK,12:00,19:15,7h 15m,2 stops,No info,10336
Air India,24/03/2019,Kolkata,Banglore,CCU → BLR,20:45,23:20,2h 35m,non-stop,No info,31945
Jet Airways,1/04/2019,Kolkata,Banglore,CCU → BOM → BLR,06:30,23:35,17h 5m,1 stop,In-flight meal not included,7064
Jet Airways,9/06/2019,Delhi,Cochin,DEL → BHO → BOM → COK,05:30,12:35,7h 5m,2 stops,No info,14441
Multiple carriers,3/03/2019,Delhi,Cochin,DEL → BOM → COK,13:00,01:35 04 Mar,12h 35m,1 stop,No info,17493
Jet Airways,9/06/2019,Kolkata,Banglore,CCU → BOM → BLR,20:00,22:35 10 Jun,26h 35m,1 stop,In-flight meal not included,10844
SpiceJet,1/06/2019,Mumbai,Hyderabad,BOM → HYD,05:45,07:15,1h 30m,non-stop,No info,2753
Jet Airways,21/05/2019,Delhi,Cochin,DEL → BOM → COK,08:00,04:25 22 May,20h 25m,1 stop,In-flight meal not included,12898
Jet Airways,15/04/2019,Banglore,Delhi,BLR → DEL,18:55,22:00,3h 5m,non-stop,No info,7229
Air India,3/06/2019,Delhi,Cochin,DEL → JAI → BOM → COK,12:00,07:40 04 Jun,19h 40m,2 stops,No info,8603
Jet Airways,18/05/2019,Delhi,Cochin,DEL → JAI → BOM → COK,05:30,04:25 19 May,22h 55m,2 stops,No info,15129
Jet Airways,15/06/2019,Delhi,Cochin,DEL → JDH → BOM → COK,11:40,19:00,7h 20m,2 stops,No info,18804
Air Asia,21/04/2019,Delhi,Cochin,DEL → BLR → COK,07:55,22:25,14h 30m,1 stop,No info,7452
SpiceJet,24/04/2019,Banglore,Delhi,BLR → DEL,09:30,12:20,2h 50m,non-stop,No info,3971
IndiGo,12/06/2019,Banglore,Delhi,BLR → DEL,10:10,13:00,2h 50m,non-stop,No info,3943
IndiGo,15/03/2019,Banglore,New Delhi,BLR → AMD → DEL,14:25,19:25,5h,1 stop,No info,9165
Jet Airways,24/06/2019,Delhi,Cochin,DEL → JAI → BOM → COK,05:30,19:00,13h 30m,2 stops,No info,13014
SpiceJet,21/06/2019,Banglore,Delhi,BLR → DEL,09:30,12:20,2h 50m,non-stop,No info,3625
Jet Airways,24/06/2019,Delhi,Cochin,DEL → BOM → COK,16:00,12:35 25 Jun,20h 35m,1 stop,In-flight meal not included,10262
Jet Airways,21/05/2019,Kolkata,Banglore,CCU → BOM → BLR,18:55,08:15 22 May,13h 20m,1 stop,No info,14388
Multiple carriers,12/06/2019,Delhi,Cochin,DEL → BOM → COK,08:00,19:15,11h 15m,1 stop,No info,15058
Air India,6/03/2019,Delhi,Cochin,DEL → BOM → COK,09:00,07:40 07 Mar,22h 40m,1 stop,No info,14882
IndiGo,18/04/2019,Banglore,Delhi,BLR → DEL,10:10,13:00,2h 50m,non-stop,No info,4591
SpiceJet,9/05/2019,Kolkata,Banglore,CCU → BLR,06:55,09:30,2h 35m,non-stop,No check-in baggage included,3841
Jet Airways,15/05/2019,Kolkata,Banglore,CCU → BOM → BLR,08:25,18:15,9h 50m,1 stop,No info,14781
SpiceJet,9/04/2019,Kolkata,Banglore,CCU → BLR,22:20,00:40 10 Apr,2h 20m,non-stop,No check-in baggage included,3841
Multiple carriers,3/06/2019,Delhi,Cochin,DEL → BOM → COK,15:00,01:30 04 Jun,10h 30m,1 stop,No info,13377
Jet Airways,12/06/2019,Delhi,Cochin,DEL → JAI → BOM → COK,19:30,04:25 13 Jun,8h 55m,2 stops,No info,13014
Multiple carriers,21/05/2019,Delhi,Cochin,DEL → BOM → COK,13:00,19:15,6h 15m,1 stop,No info,14848
Air India,9/05/2019,Kolkata,Banglore,CCU → BLR,20:45,23:20,2h 35m,non-stop,No info,4145
IndiGo,12/06/2019,Chennai,Kolkata,MAA → CCU,07:55,10:15,2h 20m,non-stop,No info,3850
Air India,24/05/2019,Kolkata,Banglore,CCU → DEL → BLR,07:00,20:25,13h 25m,1 stop,No info,10413
IndiGo,3/06/2019,Delhi,Cochin,DEL → BOM → COK,15:00,01:30 04 Jun,10h 30m,1 stop,No info,6104
IndiGo,1/06/2019,Banglore,Delhi,BLR → DEL,10:30,13:20,2h 50m,non-stop,No info,3943
Jet Airways,12/06/2019,Kolkata,Banglore,CCU → BOM → BLR,21:10,08:15 13 Jun,11h 5m,1 stop,In-flight meal not included,8529
Jet Airways,24/06/2019,Delhi,Cochin,DEL → BOM → COK,22:50,12:35 25 Jun,13h 45m,1 stop,In-flight meal not included,10262
Jet Airways,18/05/2019,Kolkata,Banglore,CCU → DEL → BLR,20:25,22:05 19 May,25h 40m,1 stop,No info,14151
Air Asia,9/05/2019,Kolkata,Banglore,CCU → IXR → DEL → BLR,15:10,23:30,8h 20m,2 stops,No info,5192
Jet Airways,21/05/2019,Kolkata,Banglore,CCU → BOM → BLR,14:05,04:40 22 May,14h 35m,1 stop,In-flight meal not included,9663
GoAir,24/04/2019,Banglore,Delhi,BLR → DEL,07:45,10:40,2h 55m,non-stop,No info,4632
IndiGo,6/04/2019,Delhi,Cochin,DEL → BOM → COK,20:25,01:30 07 Apr,5h 5m,1 stop,No info,5073
Multiple carriers,15/06/2019,Delhi,Cochin,DEL → BOM → COK,10:20,19:15,8h 55m,1 stop,No info,9526
IndiGo,15/04/2019,Banglore,Delhi,BLR → DEL,04:00,06:50,2h 50m,non-stop,No info,4423
IndiGo,12/05/2019,Mumbai,Hyderabad,BOM → HYD,20:05,21:40,1h 35m,non-stop,No info,2227
Vistara,21/03/2019,Banglore,New Delhi,BLR → DEL,11:30,14:10,2h 40m,non-stop,No info,5403
IndiGo,27/03/2019,Chennai,Kolkata,MAA → CCU,19:35,21:55,2h 20m,non-stop,No info,3858
Jet Airways,9/03/2019,Delhi,Cochin,DEL → IXC → BOM → COK,13:45,18:50 10 Mar,29h 5m,2 stops,No info,18752
Jet Airways,21/05/2019,Kolkata,Banglore,CCU → BOM → BLR,06:30,12:00,5h 30m,1 stop,In-flight meal not included,9663
Jet Airways,24/06/2019,Delhi,Cochin,DEL → AMD → BOM → COK,19:10,12:35 25 Jun,17h 25m,2 stops,No info,12819
Multiple carriers,27/03/2019,Delhi,Cochin,DEL → BOM → COK,09:00,21:00,12h,1 stop,No info,6883
Multiple carriers,27/05/2019,Delhi,Cochin,DEL → BOM → COK,19:00,01:30 28 May,6h 30m,1 stop,No info,7198
Air India,09/03/2019,Banglore,New Delhi,BLR → DEL,10:00,12:45,2h 45m,non-stop,No info,7801
IndiGo,21/04/2019,Banglore,Delhi,BLR → DEL,18:25,21:20,2h 55m,non-stop,No info,4823
Jet Airways,24/05/2019,Kolkata,Banglore,CCU → BOM → BLR,06:30,09:20 25 May,26h 50m,1 stop,In-flight meal not included,9663
Jet Airways,12/05/2019,Kolkata,Banglore,CCU → DEL → BLR,20:25,21:05 13 May,24h 40m,1 stop,No info,12121
Vistara,12/05/2019,Kolkata,Banglore,CCU → DEL → BLR,20:20,23:25 13 May,27h 5m,1 stop,No info,8085
IndiGo,03/03/2019,Banglore,New Delhi,BLR → IDR → DEL,13:40,18:35,4h 55m,1 stop,No info,8662
Jet Airways,21/03/2019,Delhi,Cochin,DEL → BOM → COK,22:00,18:50 22 Mar,20h 50m,1 stop,In-flight meal not included,6017
SpiceJet,3/05/2019,Chennai,Kolkata,MAA → CCU,09:45,12:00,2h 15m,non-stop,No check-in baggage included,3859
Multiple carriers,18/05/2019,Delhi,Cochin,DEL → BOM → COK,04:55,19:15,14h 20m,1 stop,No info,7564
SpiceJet,21/06/2019,Banglore,Delhi,BLR → DEL,05:55,08:35,2h 40m,non-stop,No check-in baggage included,3919
Jet Airways,18/05/2019,Delhi,Cochin,DEL → JAI → BOM → COK,05:30,04:25 19 May,22h 55m,2 stops,No info,15129
Jet Airways,01/03/2019,Banglore,New Delhi,BLR → BOM → DEL,07:00,13:15,6h 15m,1 stop,No info,26890
Jet Airways,15/04/2019,Delhi,Cochin,DEL → COK,11:00,14:15,3h 15m,non-stop,In-flight meal not included,5443
IndiGo,09/03/2019,Banglore,New Delhi,BLR → DEL,10:05,13:00,2h 55m,non-stop,No info,6860
Jet Airways,1/04/2019,Kolkata,Banglore,CCU → BOM → BLR,14:05,20:45,6h 40m,1 stop,No info,13364
Jet Airways,27/05/2019,Delhi,Cochin,DEL → BOM → COK,08:00,19:00,11h,1 stop,In-flight meal not included,12239
IndiGo,9/04/2019,Kolkata,Banglore,CCU → MAA → BLR,11:30,16:05,4h 35m,1 stop,No info,4966
IndiGo,03/03/2019,Banglore,New Delhi,BLR → DEL,06:00,08:45,2h 45m,non-stop,No info,6144
Jet Airways,9/05/2019,Delhi,Cochin,DEL → BOM → COK,15:00,19:00 10 May,28h,1 stop,In-flight meal not included,12373
Air India,18/03/2019,Banglore,New Delhi,BLR → BOM → UDR → DEL,08:50,16:30 16 Mar,31h 40m,2 stops,No info,10835
Air India,6/06/2019,Delhi,Cochin,DEL → MAA → COK,06:05,09:25 07 Jun,27h 20m,1 stop,No info,7952
IndiGo,9/04/2019,Banglore,Delhi,BLR → DEL,01:30,04:15,2h 45m,non-stop,No info,3419
Multiple carriers,27/05/2019,Delhi,Cochin,DEL → BOM → COK,03:50,12:35,8h 45m,1 stop,No info,10197
IndiGo,3/06/2019,Delhi,Cochin,DEL → BOM → COK,10:35,01:30 04 Jun,14h 55m,1 stop,No info,5883
Air India,18/05/2019,Chennai,Kolkata,MAA → CCU,11:40,13:55,2h 15m,non-stop,No info,4667
IndiGo,21/03/2019,Delhi,Cochin,DEL → HYD → MAA → COK,04:55,21:20,16h 25m,2 stops,No info,6223
Jet Airways,6/05/2019,Kolkata,Banglore,CCU → BOM → BLR,21:10,08:15 07 May,11h 5m,1 stop,In-flight meal not included,7757
IndiGo,03/03/2019,Banglore,New Delhi,BLR → AMD → DEL,14:25,19:25,5h,1 stop,No info,11873
Jet Airways,6/06/2019,Kolkata,Banglore,CCU → BOM → BLR,21:10,08:15 07 Jun,11h 5m,1 stop,In-flight meal not included,10844
IndiGo,15/05/2019,Delhi,Cochin,DEL → LKO → COK,21:50,03:35 16 May,5h 45m,1 stop,No info,7189
Jet Airways,27/06/2019,Delhi,Cochin,DEL → BOM → COK,21:50,12:35 28 Jun,14h 45m,1 stop,In-flight meal not included,10262
Air Asia,1/05/2019,Kolkata,Banglore,CCU → BLR,19:55,22:25,2h 30m,non-stop,No info,5989
IndiGo,24/06/2019,Mumbai,Hyderabad,BOM → HYD,21:20,22:50,1h 30m,non-stop,No info,2227
Jet Airways,6/06/2019,Mumbai,Hyderabad,BOM → HYD,10:20,11:50,1h 30m,non-stop,In-flight meal not included,4995
Jet Airways,24/03/2019,Kolkata,Banglore,CCU → BOM → BLR,13:55,18:10 25 Mar,28h 15m,1 stop,No info,14231
Jet Airways,18/05/2019,Kolkata,Banglore,CCU → BOM → BLR,18:55,18:15 19 May,23h 20m,1 stop,In-flight meal not included,10844
GoAir,3/03/2019,Delhi,Cochin,DEL → HYD → COK,05:45,13:20,7h 35m,1 stop,No info,5628
Jet Airways,9/06/2019,Kolkata,Banglore,CCU → BOM → BLR,18:55,16:20 10 Jun,21h 25m,1 stop,In-flight meal not included,10844
Multiple carriers,15/06/2019,Delhi,Cochin,DEL → BOM → COK,08:30,19:15,10h 45m,1 stop,No info,8937
IndiGo,6/03/2019,Kolkata,Banglore,CCU → BLR,14:20,16:55,2h 35m,non-stop,No info,5618
Air India,9/04/2019,Delhi,Cochin,DEL → BOM → COK,07:00,19:15,12h 15m,1 stop,No info,6674
GoAir,24/04/2019,Banglore,Delhi,BLR → DEL,11:40,14:30,2h 50m,non-stop,No info,3898
Jet Airways,24/05/2019,Kolkata,Banglore,CCU → BOM → BLR,18:55,20:45 25 May,25h 50m,1 stop,In-flight meal not included,10844
Air India,3/06/2019,Delhi,Cochin,DEL → CCU → BOM → COK,20:15,19:15 04 Jun,23h,2 stops,No info,13381
Air India,21/05/2019,Delhi,Cochin,DEL → HYD → BOM → COK,17:15,19:15 22 May,26h,2 stops,No info,11972
Jet Airways,3/03/2019,Delhi,Cochin,DEL → BOM → COK,17:30,04:25 04 Mar,10h 55m,1 stop,No info,17024
IndiGo,9/04/2019,Delhi,Cochin,DEL → LKO → COK,21:50,03:35 10 Apr,5h 45m,1 stop,No info,7398
Air India,01/03/2019,Banglore,New Delhi,BLR → VGA → VTZ → DEL,10:30,17:45,7h 15m,2 stops,Change airports,17461
Jet Airways,24/05/2019,Kolkata,Banglore,CCU → BOM → BLR,20:00,08:15 25 May,12h 15m,1 stop,No info,13731
Jet Airways,18/03/2019,Banglore,New Delhi,BLR → BOM → DEL,16:55,08:15 16 Mar,15h 20m,1 stop,No info,13555
IndiGo,27/04/2019,Kolkata,Banglore,CCU → BLR,17:15,19:50,2h 35m,non-stop,No info,4804
Jet Airways,21/05/2019,Delhi,Cochin,DEL → BOM → COK,07:05,19:00,11h 55m,1 stop,No info,16289
IndiGo,18/05/2019,Delhi,Cochin,DEL → HYD → COK,05:05,12:10,7h 5m,1 stop,No info,7520
IndiGo,18/05/2019,Delhi,Cochin,DEL → BOM → COK,10:35,01:30 19 May,14h 55m,1 stop,No info,7503
Multiple carriers,27/03/2019,Delhi,Cochin,DEL → BOM → COK,08:25,19:15,10h 50m,1 stop,No info,8601
Jet Airways,1/04/2019,Kolkata,Banglore,CCU → BOM → BLR,08:25,12:00 02 Apr,27h 35m,1 stop,In-flight meal not included,7064
Air Asia,6/05/2019,Kolkata,Banglore,CCU → DEL → BLR,07:35,19:25,11h 50m,1 stop,No info,5192
SpiceJet,9/06/2019,Kolkata,Banglore,CCU → IXB → BLR,15:55,21:25,5h 30m,1 stop,No info,9158
Multiple carriers,6/03/2019,Delhi,Cochin,DEL → BOM → COK,17:00,01:35 07 Mar,8h 35m,1 stop,No info,24318
Multiple carriers,21/05/2019,Delhi,Cochin,DEL → HYD → COK,07:10,18:10,11h,1 stop,No info,7038
IndiGo,24/03/2019,Banglore,New Delhi,BLR → DEL,22:20,01:10 25 Mar,2h 50m,non-stop,No info,7303
IndiGo,15/03/2019,Banglore,New Delhi,BLR → LKO → DEL,05:25,10:10,4h 45m,1 stop,No info,8021
Multiple carriers,15/05/2019,Delhi,Cochin,DEL → BOM → COK,10:00,19:15,9h 15m,1 stop,No info,14323
Air India,6/06/2019,Kolkata,Banglore,CCU → DEL → BLR,07:00,20:25,13h 25m,1 stop,No info,10203
Multiple carriers,15/06/2019,Delhi,Cochin,DEL → BOM → COK,19:00,01:30 16 Jun,6h 30m,1 stop,No info,7408
IndiGo,27/03/2019,Mumbai,Hyderabad,BOM → HYD,21:20,22:45,1h 25m,non-stop,No info,2227
Multiple carriers,15/06/2019,Delhi,Cochin,DEL → BOM → COK,11:30,19:15,7h 45m,1 stop,No info,16108
Jet Airways,15/06/2019,Delhi,Cochin,DEL → BOM → COK,18:15,12:35 16 Jun,18h 20m,1 stop,In-flight meal not included,10262
Jet Airways,9/06/2019,Delhi,Cochin,DEL → BOM → COK,09:00,19:00,10h,1 stop,No info,14714
Jet Airways,3/06/2019,Delhi,Cochin,DEL → BOM → COK,22:50,19:00 04 Jun,20h 10m,1 stop,In-flight meal not included,10262
IndiGo,18/05/2019,Delhi,Cochin,DEL → HYD → COK,14:20,22:30,8h 10m,1 stop,No info,7640
Vistara,12/06/2019,Kolkata,Banglore,CCU → DEL → BLR,07:10,18:50,11h 40m,1 stop,No info,8610
Jet Airways,21/03/2019,Delhi,Cochin,DEL → BOM → COK,08:00,18:50,10h 50m,1 stop,No info,12767
IndiGo,12/06/2019,Delhi,Cochin,DEL → BOM → COK,08:50,21:00,12h 10m,1 stop,No info,6093
IndiGo,27/04/2019,Delhi,Cochin,DEL → HYD → COK,06:50,16:10,9h 20m,1 stop,No info,6442
Jet Airways,9/05/2019,Banglore,Delhi,BLR → DEL,06:00,08:45,2h 45m,non-stop,In-flight meal not included,4030
Multiple carriers,6/06/2019,Delhi,Cochin,DEL → BOM → COK,13:00,21:00,8h,1 stop,No info,7408
Multiple carriers,3/06/2019,Delhi,Cochin,DEL → HYD → COK,07:05,16:10,9h 5m,1 stop,No info,10696
SpiceJet,12/03/2019,Kolkata,Banglore,CCU → BLR,09:00,11:30,2h 30m,non-stop,No info,6982
IndiGo,9/06/2019,Mumbai,Hyderabad,BOM → HYD,19:05,20:35,1h 30m,non-stop,No info,2754
Air India,01/03/2019,Banglore,New Delhi,BLR → BOM → DEL,06:45,12:15,5h 30m,1 stop,No info,23677
Air India,1/05/2019,Kolkata,Banglore,CCU → GAU → DEL → BLR,09:50,08:55 02 May,23h 5m,2 stops,No info,13227
IndiGo,27/03/2019,Mumbai,Hyderabad,BOM → HYD,12:00,13:25,1h 25m,non-stop,No info,2754
IndiGo,18/05/2019,Delhi,Cochin,DEL → BOM → COK,04:55,21:00,16h 5m,1 stop,No info,6758
Air India,18/05/2019,Delhi,Cochin,DEL → COK,14:10,17:10,3h,non-stop,No info,6934
Jet Airways,3/03/2019,Delhi,Cochin,DEL → IDR → BOM → COK,05:25,18:50,13h 25m,2 stops,No info,18799
Jet Airways,6/05/2019,Mumbai,Hyderabad,BOM → HYD,19:35,21:05,1h 30m,non-stop,No info,5678
Jet Airways,01/03/2019,Banglore,New Delhi,BLR → BOM → DEL,07:00,20:20,13h 20m,1 stop,No info,27992
Jet Airways,1/04/2019,Banglore,Delhi,BLR → DEL,19:50,22:50,3h,non-stop,In-flight meal not included,4544
Jet Airways,6/05/2019,Kolkata,Banglore,CCU → BOM → BLR,18:55,16:20 07 May,21h 25m,1 stop,In-flight meal not included,7757
IndiGo,27/05/2019,Delhi,Cochin,DEL → BLR → COK,17:05,22:15,5h 10m,1 stop,No info,6373
Jet Airways,15/06/2019,Delhi,Cochin,DEL → NAG → BOM → COK,14:35,12:35 16 Jun,22h,2 stops,No info,13376
IndiGo,3/06/2019,Kolkata,Banglore,CCU → BLR,14:25,16:55,2h 30m,non-stop,No info,5644
Jet Airways,6/05/2019,Kolkata,Banglore,CCU → DEL → BLR,20:25,21:05 07 May,24h 40m,1 stop,No info,13067
Multiple carriers,15/05/2019,Delhi,Cochin,DEL → HYD → COK,07:10,16:10,9h,1 stop,No info,6513
IndiGo,9/05/2019,Mumbai,Hyderabad,BOM → HYD,12:00,13:30,1h 30m,non-stop,No info,4392
IndiGo,6/03/2019,Kolkata,Banglore,CCU → BLR,05:30,08:20,2h 50m,non-stop,No info,4778
Jet Airways,18/05/2019,Kolkata,Banglore,CCU → BOM → BLR,20:00,20:45 19 May,24h 45m,1 stop,In-flight meal not included,10844
Air India,24/05/2019,Kolkata,Banglore,CCU → IXR → DEL → BLR,05:50,12:30 25 May,30h 40m,2 stops,No info,12723
Jet Airways,24/03/2019,Kolkata,Banglore,CCU → BOM → BLR,21:10,09:15 25 Mar,12h 5m,1 stop,In-flight meal not included,11134
Jet Airways,9/05/2019,Banglore,Delhi,BLR → DEL,18:55,22:00,3h 5m,non-stop,No info,7229
Jet Airways,6/06/2019,Delhi,Cochin,DEL → BOM → COK,11:30,04:25 07 Jun,16h 55m,1 stop,In-flight meal not included,10262
IndiGo,24/03/2019,Kolkata,Banglore,CCU → BLR,05:30,08:20,2h 50m,non-stop,No info,4778
IndiGo,15/03/2019,Banglore,New Delhi,BLR → DEL,23:30,02:20 16 Mar,2h 50m,non-stop,No info,8033
Air India,27/05/2019,Delhi,Cochin,DEL → TRV → COK,05:15,06:50 28 May,25h 35m,1 stop,No info,8425
Jet Airways,3/06/2019,Delhi,Cochin,DEL → NAG → BOM → COK,14:35,12:35 04 Jun,22h,2 stops,In-flight meal not included,10919
Multiple carriers,6/03/2019,Delhi,Cochin,DEL → BOM → COK,08:55,18:50,9h 55m,1 stop,No info,15411
Air India,12/06/2019,Delhi,Cochin,DEL → HYD → MAA → COK,13:05,09:25 13 Jun,20h 20m,2 stops,No info,10975
Air India,24/03/2019,Kolkata,Banglore,CCU → GAU → BLR,16:45,21:05 25 Mar,28h 20m,1 stop,No info,6535
Jet Airways,9/05/2019,Kolkata,Banglore,CCU → GAU → BLR,10:20,17:35,7h 15m,1 stop,No info,8355
SpiceJet,18/06/2019,Chennai,Kolkata,MAA → CCU,17:45,20:05,2h 20m,non-stop,No check-in baggage included,3543
Vistara,24/03/2019,Kolkata,Banglore,CCU → DEL → BLR,20:20,18:45 25 Mar,22h 25m,1 stop,No info,12102
Jet Airways,1/05/2019,Kolkata,Banglore,CCU → DEL → BLR,17:00,09:45 02 May,16h 45m,1 stop,In-flight meal not included,9314
IndiGo,18/05/2019,Delhi,Cochin,DEL → BOM → COK,18:35,01:30 19 May,6h 55m,1 stop,No info,7503
SpiceJet,3/03/2019,Delhi,Cochin,DEL → MAA → COK,06:10,11:20,5h 10m,1 stop,No info,9748
IndiGo,27/06/2019,Kolkata,Banglore,CCU → BLR,17:15,19:50,2h 35m,non-stop,No info,4804
Jet Airways,9/05/2019,Kolkata,Banglore,CCU → BOM → BLR,06:30,16:20,9h 50m,1 stop,In-flight meal not included,8586
Jet Airways,24/06/2019,Delhi,Cochin,DEL → LKO → BOM → COK,09:25,12:35 25 Jun,27h 10m,2 stops,No info,13882
Jet Airways,21/05/2019,Banglore,Delhi,BLR → DEL,15:50,18:45,2h 55m,non-stop,No info,7229
Air India,24/03/2019,Mumbai,Hyderabad,BOM → HYD,06:20,07:40,1h 20m,non-stop,No info,2575
IndiGo,21/05/2019,Banglore,Delhi,BLR → DEL,21:15,00:15 22 May,3h,non-stop,No info,3943
SpiceJet,24/04/2019,Delhi,Cochin,DEL → PNQ → COK,08:45,13:15,4h 30m,1 stop,No check-in baggage included,4760
Jet Airways,24/03/2019,Kolkata,Banglore,CCU → BOM → BLR,06:30,22:35,16h 5m,1 stop,In-flight meal not included,8824
Air India,21/03/2019,Delhi,Cochin,DEL → BOM → COK,09:00,19:15,10h 15m,1 stop,No info,6902
Air Asia,21/03/2019,Delhi,Cochin,DEL → BLR → COK,16:45,07:10 22 Mar,14h 25m,1 stop,No info,6151
Air India,21/05/2019,Kolkata,Banglore,CCU → BOM → GOI → BLR,16:50,05:35 22 May,12h 45m,2 stops,No info,12324
Jet Airways,09/03/2019,Banglore,New Delhi,BLR → BOM → DEL,05:45,10:25,4h 40m,1 stop,In-flight meal not included,11087
Air Asia,3/03/2019,Kolkata,Banglore,CCU → BLR,19:35,22:05,2h 30m,non-stop,No info,5964
Jet Airways,1/05/2019,Kolkata,Banglore,CCU → DEL → BLR,20:25,22:05 02 May,25h 40m,1 stop,No info,14151
Jet Airways,15/05/2019,Kolkata,Banglore,CCU → DEL → BLR,09:35,14:25 16 May,28h 50m,1 stop,No info,11467
SpiceJet,21/05/2019,Kolkata,Banglore,CCU → BLR,22:20,00:40 22 May,2h 20m,non-stop,No info,3873
Multiple carriers,21/03/2019,Delhi,Cochin,DEL → BOM → COK,15:00,01:35 22 Mar,10h 35m,1 stop,No info,13542
Jet Airways,21/05/2019,Kolkata,Banglore,CCU → BOM → BLR,20:00,08:15 22 May,12h 15m,1 stop,In-flight meal not included,10844
IndiGo,03/03/2019,Banglore,New Delhi,BLR → DEL,01:30,04:15,2h 45m,non-stop,No info,6144
Jet Airways,27/06/2019,Delhi,Cochin,DEL → BOM → COK,14:00,19:00,5h,1 stop,In-flight meal not included,10262
Air Asia,6/04/2019,Banglore,Delhi,BLR → DEL,11:10,13:55,2h 45m,non-stop,No info,3383
Air India,9/06/2019,Kolkata,Banglore,CCU → DEL → BLR,17:30,20:25 10 Jun,26h 55m,1 stop,No info,10413
Jet Airways,9/06/2019,Kolkata,Banglore,CCU → DEL → BLR,09:35,19:10,9h 35m,1 stop,In-flight meal not included,13994
Air India,21/05/2019,Kolkata,Banglore,CCU → IXR → DEL → BLR,05:50,23:15,17h 25m,2 stops,No info,13143
Multiple carriers,21/03/2019,Delhi,Cochin,DEL → BOM → COK,08:25,18:50,10h 25m,1 stop,No info,13069
Jet Airways,27/05/2019,Delhi,Cochin,DEL → AMD → BOM → COK,19:10,12:35 28 May,17h 25m,2 stops,No info,15129
GoAir,9/06/2019,Banglore,Delhi,BLR → DEL,20:55,23:40,2h 45m,non-stop,No info,3898
Jet Airways,9/05/2019,Kolkata,Banglore,CCU → BOM → BLR,08:25,16:20,7h 55m,1 stop,No info,13941
Air India,21/03/2019,Banglore,New Delhi,BLR → VGA → DEL,10:30,11:20 19 Mar,24h 50m,1 stop,No info,6383
Multiple carriers,1/06/2019,Delhi,Cochin,DEL → BOM → COK,07:05,21:00,13h 55m,1 stop,In-flight meal not included,10406
IndiGo,6/06/2019,Delhi,Cochin,DEL → BOM → COK,15:00,01:30 07 Jun,10h 30m,1 stop,No info,5883
IndiGo,27/03/2019,Delhi,Cochin,DEL → BOM → COK,10:45,21:00,10h 15m,1 stop,No info,6838
Jet Airways,21/05/2019,Kolkata,Banglore,CCU → BOM → BLR,06:30,19:50,13h 20m,1 stop,No info,14781
Jet Airways,9/06/2019,Delhi,Cochin,DEL → BOM → COK,19:45,04:25 10 Jun,8h 40m,1 stop,In-flight meal not included,10577
Multiple carriers,15/05/2019,Delhi,Cochin,DEL → HYD → COK,13:05,22:30,9h 25m,1 stop,No info,9646
Vistara,6/06/2019,Delhi,Cochin,DEL → COK,06:00,09:10,3h 10m,non-stop,No info,6216
Jet Airways,12/05/2019,Delhi,Cochin,DEL → COK,11:00,14:15,3h 15m,non-stop,No info,9564
Jet Airways,1/05/2019,Kolkata,Banglore,CCU → BOM → BLR,21:10,04:40 02 May,7h 30m,1 stop,No info,14781
Jet Airways,6/05/2019,Banglore,Delhi,BLR → DEL,07:10,10:10,3h,non-stop,No info,7229
IndiGo,9/03/2019,Kolkata,Banglore,CCU → BLR,22:10,00:55 10 Mar,2h 45m,non-stop,No info,4148
Multiple carriers,27/06/2019,Delhi,Cochin,DEL → BOM → COK,11:40,19:15,7h 35m,1 stop,In-flight meal not included,7268
Air India,1/06/2019,Kolkata,Banglore,CCU → BLR,14:15,16:45,2h 30m,non-stop,No info,6245
Jet Airways,1/06/2019,Delhi,Cochin,DEL → NAG → BOM → COK,06:45,04:25 02 Jun,21h 40m,2 stops,No info,13376
Air Asia,18/04/2019,Banglore,Delhi,BLR → DEL,23:55,02:45 19 Apr,2h 50m,non-stop,No info,4483
Jet Airways,3/06/2019,Delhi,Cochin,DEL → BOM → COK,02:15,04:25 04 Jun,26h 10m,1 stop,In-flight meal not included,11627
Vistara,24/03/2019,Kolkata,Banglore,CCU → DEL → BLR,17:00,09:10 25 Mar,16h 10m,1 stop,No info,13310
Jet Airways,21/06/2019,Banglore,Delhi,BLR → DEL,18:55,22:00,3h 5m,non-stop,In-flight meal not included,7754
IndiGo,1/04/2019,Mumbai,Hyderabad,BOM → HYD,19:05,20:35,1h 30m,non-stop,No info,2754
Air India,12/06/2019,Delhi,Cochin,DEL → GOI → BOM → COK,22:00,19:15 13 Jun,21h 15m,2 stops,No info,10231
Jet Airways,3/06/2019,Delhi,Cochin,DEL → JAI → BOM → COK,09:40,12:35 04 Jun,26h 55m,2 stops,In-flight meal not included,10368
Air India,6/06/2019,Delhi,Cochin,DEL → HYD → MAA → COK,07:05,09:25 07 Jun,26h 20m,2 stops,No info,11447
Jet Airways,3/03/2019,Delhi,Cochin,DEL → IDR → BOM → COK,05:25,04:25 04 Mar,23h,2 stops,No info,18799
IndiGo,9/03/2019,Kolkata,Banglore,CCU → BLR,15:10,17:45,2h 35m,non-stop,No info,4462
Jet Airways,12/05/2019,Kolkata,Banglore,CCU → DEL → BLR,20:25,19:10 13 May,22h 45m,1 stop,No info,13067
Jet Airways,1/04/2019,Kolkata,Banglore,CCU → BOM → BLR,18:55,19:50 02 Apr,24h 55m,1 stop,No info,12681
Vistara,3/06/2019,Chennai,Kolkata,MAA → CCU,07:05,09:20,2h 15m,non-stop,No info,3687
IndiGo,27/03/2019,Delhi,Cochin,DEL → BOM → COK,17:30,01:35 28 Mar,8h 5m,1 stop,No info,6628
Air India,9/03/2019,Delhi,Cochin,DEL → BOM → COK,21:40,07:40 10 Mar,10h,1 stop,No info,13832
IndiGo,03/03/2019,Banglore,New Delhi,BLR → DEL,08:30,11:30,3h,non-stop,No info,6860
Air India,12/05/2019,Kolkata,Banglore,CCU → BBI → BOM → BLR,12:00,11:10 13 May,23h 10m,2 stops,No info,10676
Jet Airways,3/06/2019,Delhi,Cochin,DEL → BOM → COK,22:50,04:25 04 Jun,5h 35m,1 stop,No info,14714
Jet Airways,12/06/2019,Delhi,Cochin,DEL → BOM → COK,19:45,19:00 13 Jun,23h 15m,1 stop,In-flight meal not included,10262
IndiGo,21/05/2019,Mumbai,Hyderabad,BOM → HYD,19:05,20:35,1h 30m,non-stop,No info,2754
Air Asia,24/03/2019,Kolkata,Banglore,CCU → DEL → BLR,07:35,22:55,15h 20m,1 stop,No info,6785
Multiple carriers,21/05/2019,Delhi,Cochin,DEL → BOM → COK,16:00,01:30 22 May,9h 30m,1 stop,No info,14067
Jet Airways,21/05/2019,Delhi,Cochin,DEL → ATQ → BOM → COK,20:00,04:25 22 May,8h 25m,2 stops,In-flight meal not included,15318
Jet Airways,9/03/2019,Delhi,Cochin,DEL → BOM → COK,18:15,04:25 10 Mar,10h 10m,1 stop,In-flight meal not included,14053
Jet Airways,27/06/2019,Mumbai,Hyderabad,BOM → HYD,07:05,08:30,1h 25m,non-stop,No info,8040
Air India,6/06/2019,Kolkata,Banglore,CCU → IXR → DEL → BLR,05:50,08:55 07 Jun,27h 5m,2 stops,No info,12723
Jet Airways,27/06/2019,Delhi,Cochin,DEL → BOM → COK,14:00,12:35 28 Jun,22h 35m,1 stop,In-flight meal not included,10262
Air Asia,27/03/2019,Delhi,Cochin,DEL → BLR → COK,16:45,07:10 28 Mar,14h 25m,1 stop,No info,6151
SpiceJet,3/06/2019,Delhi,Cochin,DEL → BLR → COK,17:55,22:50,4h 55m,1 stop,No info,5409
Vistara,21/05/2019,Kolkata,Banglore,CCU → DEL → BLR,20:20,20:20 22 May,24h,1 stop,No info,9345
Air India,15/06/2019,Delhi,Cochin,DEL → JDH → BOM → COK,12:55,19:15 16 Jun,30h 20m,2 stops,No info,12646
Jet Airways,27/06/2019,Delhi,Cochin,DEL → AMD → BOM → COK,13:25,12:35 28 Jun,23h 10m,2 stops,In-flight meal not included,11150
IndiGo,6/03/2019,Mumbai,Hyderabad,BOM → HYD,16:55,18:25,1h 30m,non-stop,No info,4784
Jet Airways,27/03/2019,Delhi,Cochin,DEL → BOM → COK,21:50,04:25 28 Mar,6h 35m,1 stop,No info,12242
Air Asia,9/06/2019,Kolkata,Banglore,CCU → DEL → BLR,22:40,10:40 10 Jun,12h,1 stop,No info,11323
Air Asia,18/04/2019,Kolkata,Banglore,CCU → BLR,19:55,22:25,2h 30m,non-stop,No info,4409
Jet Airways,06/03/2019,Banglore,New Delhi,BLR → BOM → DEL,08:55,21:20,12h 25m,1 stop,No info,16736
Air India,27/05/2019,Mumbai,Hyderabad,BOM → HYD,19:30,20:45,1h 15m,non-stop,No info,3100
Jet Airways,18/05/2019,Delhi,Cochin,DEL → JAI → BOM → COK,05:30,19:00,13h 30m,2 stops,In-flight meal not included,13029
IndiGo,12/06/2019,Kolkata,Banglore,CCU → BLR,14:25,16:55,2h 30m,non-stop,No info,4804
Vistara,24/05/2019,Kolkata,Banglore,CCU → DEL → BLR,07:10,20:20,13h 10m,1 stop,No info,9555
Jet Airways,27/06/2019,Delhi,Cochin,DEL → BOM → COK,15:00,12:35 28 Jun,21h 35m,1 stop,In-flight meal not included,10262
Air Asia,24/03/2019,Kolkata,Banglore,CCU → BLR,19:35,22:05,2h 30m,non-stop,No info,5964
IndiGo,12/06/2019,Delhi,Cochin,DEL → BLR → COK,02:00,07:45,5h 45m,1 stop,No info,6386
Air India,9/04/2019,Delhi,Cochin,DEL → BOM → COK,08:00,19:15,11h 15m,1 stop,No info,6377
SpiceJet,18/03/2019,Chennai,Kolkata,MAA → CCU,08:20,10:35,2h 15m,non-stop,No check-in baggage included,3807
Multiple carriers,3/06/2019,Delhi,Cochin,DEL → BOM → COK,16:00,01:30 04 Jun,9h 30m,1 stop,No info,13377
SpiceJet,12/04/2019,Kolkata,Banglore,CCU → BLR,09:00,11:25,2h 25m,non-stop,No check-in baggage included,3841
Air India,6/06/2019,Kolkata,Banglore,CCU → MAA → BLR,14:35,14:35 07 Jun,24h,1 stop,No info,6528
Air India,24/05/2019,Mumbai,Hyderabad,BOM → HYD,06:20,07:40,1h 20m,non-stop,No info,3100
Vistara,24/06/2019,Chennai,Kolkata,MAA → CCU,07:45,10:00,2h 15m,non-stop,No info,3687
Jet Airways,06/03/2019,Banglore,New Delhi,BLR → BOM → DEL,08:00,05:05 07 Mar,21h 5m,1 stop,No info,14815
IndiGo,12/06/2019,Banglore,Delhi,BLR → DEL,04:00,06:50,2h 50m,non-stop,No info,3943
Jet Airways,12/06/2019,Delhi,Cochin,DEL → BOM → COK,20:55,04:25 13 Jun,7h 30m,1 stop,No info,14714
SpiceJet,24/04/2019,Kolkata,Banglore,CCU → MAA → BLR,15:05,20:20,5h 15m,1 stop,No info,4859
Jet Airways,18/05/2019,Kolkata,Banglore,CCU → BOM → BLR,14:05,22:35,8h 30m,1 stop,In-flight meal not included,10844
IndiGo,18/03/2019,Banglore,New Delhi,BLR → HYD → DEL,12:10,17:05,4h 55m,1 stop,No info,4410
IndiGo,21/05/2019,Mumbai,Hyderabad,BOM → HYD,02:35,04:05,1h 30m,non-stop,No info,2754
Jet Airways,6/04/2019,Banglore,Delhi,BLR → DEL,19:50,22:50,3h,non-stop,No info,7229
IndiGo,09/03/2019,Banglore,New Delhi,BLR → DEL,23:30,02:20 10 Mar,2h 50m,non-stop,No info,5694
Multiple carriers,9/05/2019,Delhi,Cochin,DEL → BOM → COK,17:00,01:30 10 May,8h 30m,1 stop,No info,9424
Jet Airways,15/06/2019,Delhi,Cochin,DEL → BOM → COK,19:45,19:00 16 Jun,23h 15m,1 stop,In-flight meal not included,10262
Air India,9/06/2019,Delhi,Cochin,DEL → HYD → BOM → COK,17:15,07:40 10 Jun,14h 25m,2 stops,No info,12199
Vistara,6/05/2019,Banglore,Delhi,BLR → DEL,11:30,14:20,2h 50m,non-stop,No info,4668
Jet Airways,21/03/2019,Banglore,New Delhi,BLR → BOM → DEL,05:45,00:45 19 Mar,19h,1 stop,In-flight meal not included,7832
SpiceJet,21/03/2019,Banglore,New Delhi,BLR → DEL,09:35,12:30,2h 55m,non-stop,No info,4945
Air India,03/03/2019,Banglore,New Delhi,BLR → CCU → GAU → DEL,05:50,22:10 07 Mar,40h 20m,2 stops,No info,11791
SpiceJet,12/04/2019,Kolkata,Banglore,CCU → BLR,06:55,09:30,2h 35m,non-stop,No check-in baggage included,3841
GoAir,3/04/2019,Banglore,Delhi,BLR → DEL,20:55,23:40,2h 45m,non-stop,No info,4239
Jet Airways,06/03/2019,Banglore,New Delhi,BLR → BOM → DEL,14:05,00:45 07 Mar,10h 40m,1 stop,No info,14815
Jet Airways,9/06/2019,Delhi,Cochin,DEL → JAI → BOM → COK,09:40,19:00,9h 20m,2 stops,No info,13014
Multiple carriers,9/06/2019,Delhi,Cochin,DEL → BOM → COK,10:20,19:00,8h 40m,1 stop,No info,11789
Jet Airways,24/03/2019,Kolkata,Banglore,CCU → BOM → BLR,19:45,04:45 25 Mar,9h,1 stop,In-flight meal not included,10031
Air India,15/05/2019,Kolkata,Banglore,CCU → BOM → HBX → BLR,09:25,17:20 16 May,31h 55m,2 stops,No info,13616
Multiple carriers,21/03/2019,Delhi,Cochin,DEL → BOM → COK,19:00,01:35 22 Mar,6h 35m,1 stop,No info,6838
Jet Airways,24/05/2019,Banglore,Delhi,BLR → DEL,17:45,20:45,3h,non-stop,No info,7229
IndiGo,12/04/2019,Banglore,Delhi,BLR → DEL,06:05,08:50,2h 45m,non-stop,No info,4990
GoAir,27/05/2019,Delhi,Cochin,DEL → BOM → COK,07:00,12:55,5h 55m,1 stop,No info,5752
Multiple carriers,9/05/2019,Delhi,Cochin,DEL → IDR → BOM → COK,15:05,01:30 10 May,10h 25m,2 stops,No info,18191
Jet Airways,12/06/2019,Kolkata,Banglore,CCU → DEL → BLR,20:25,09:45 13 Jun,13h 20m,1 stop,In-flight meal not included,10539
Air Asia,9/03/2019,Delhi,Cochin,DEL → BLR → COK,16:45,07:10 10 Mar,14h 25m,1 stop,No info,8327
Jet Airways,24/05/2019,Kolkata,Banglore,CCU → BOM → BLR,14:05,22:35,8h 30m,1 stop,In-flight meal not included,10844
SpiceJet,12/06/2019,Kolkata,Banglore,CCU → BLR,22:20,00:40 13 Jun,2h 20m,non-stop,No info,3873
Jet Airways,18/03/2019,Banglore,New Delhi,BLR → BOM → DEL,21:25,10:25 16 Mar,13h,1 stop,No info,13555
Jet Airways,24/05/2019,Kolkata,Banglore,CCU → BOM → BLR,20:00,18:15 25 May,22h 15m,1 stop,In-flight meal not included,10844
Vistara,1/04/2019,Banglore,Delhi,BLR → DEL,21:00,23:50,2h 50m,non-stop,No info,5403
Air India,21/05/2019,Kolkata,Banglore,CCU → BLR,20:45,23:20,2h 35m,non-stop,No info,4145
Jet Airways,9/06/2019,Delhi,Cochin,DEL → BOM → COK,19:15,19:00 10 Jun,23h 45m,1 stop,In-flight meal not included,10577
Air India,9/05/2019,Delhi,Cochin,DEL → HYD → MAA → COK,09:45,09:25 10 May,23h 40m,2 stops,No info,9925
IndiGo,15/06/2019,Mumbai,Hyderabad,BOM → HYD,19:05,20:35,1h 30m,non-stop,No info,2754
Air India,9/05/2019,Kolkata,Banglore,CCU → GAU → BLR,16:45,21:05 10 May,28h 20m,1 stop,No info,7662
Jet Airways,12/03/2019,Mumbai,Hyderabad,BOM → DEL → HYD,03:00,16:35,13h 35m,1 stop,No info,22294
IndiGo,15/03/2019,Banglore,New Delhi,BLR → DEL,13:00,15:50,2h 50m,non-stop,No info,6144
Jet Airways,6/03/2019,Mumbai,Hyderabad,BOM → BDQ → DEL → HYD,19:50,16:50 07 Mar,21h,2 stops,No info,24210
Multiple carriers,27/03/2019,Delhi,Cochin,DEL → BOM → COK,13:00,01:35 28 Mar,12h 35m,1 stop,No info,12327
SpiceJet,18/03/2019,Mumbai,Hyderabad,BOM → HYD,13:10,14:30,1h 20m,non-stop,No info,2437
SpiceJet,12/06/2019,Mumbai,Hyderabad,BOM → HYD,05:45,07:15,1h 30m,non-stop,No info,2753
Jet Airways,21/05/2019,Kolkata,Banglore,CCU → DEL → BLR,09:35,23:35,14h,1 stop,No info,14151
Vistara,21/06/2019,Chennai,Kolkata,MAA → CCU,17:45,20:05,2h 20m,non-stop,No info,11982
IndiGo,3/03/2019,Delhi,Cochin,DEL → HYD → MAA → COK,11:55,21:20,9h 25m,2 stops,No info,9413
Air India,15/05/2019,Delhi,Cochin,DEL → HYD → BOM → COK,17:15,19:15 16 May,26h,2 stops,No info,13022
GoAir,9/06/2019,Kolkata,Banglore,CCU → HYD → BLR,06:40,14:35,7h 55m,1 stop,No info,3673
Jet Airways,6/03/2019,Delhi,Cochin,DEL → BOM → COK,22:20,04:25 07 Mar,6h 5m,1 stop,No info,15764
Jet Airways,24/06/2019,Delhi,Cochin,DEL → IDR → BOM → COK,21:25,12:35 25 Jun,15h 10m,2 stops,No info,12609
Jet Airways Business,01/03/2019,Banglore,New Delhi,BLR → MAA → DEL,09:45,14:25,4h 40m,1 stop,Business class,57209
Vistara,6/04/2019,Banglore,Delhi,BLR → DEL,09:45,12:35,2h 50m,non-stop,No info,5613
Multiple carriers,21/03/2019,Delhi,Cochin,DEL → BOM → COK,04:45,19:15,14h 30m,1 stop,No info,6630
Jet Airways,27/06/2019,Mumbai,Hyderabad,BOM → HYD,19:35,21:05,1h 30m,non-stop,No info,5678
Jet Airways,21/03/2019,Banglore,New Delhi,BLR → BOM → DEL,22:50,07:40 19 Mar,8h 50m,1 stop,In-flight meal not included,7045
IndiGo,9/03/2019,Kolkata,Banglore,CCU → BLR,14:20,16:55,2h 35m,non-stop,No info,4148
Air India,03/03/2019,Banglore,New Delhi,BLR → VGA → DEL,10:30,22:55,12h 25m,1 stop,No info,11003
Air India,18/05/2019,Delhi,Cochin,DEL → MAA → COK,06:05,09:25 19 May,27h 20m,1 stop,No info,7480
IndiGo,12/05/2019,Kolkata,Banglore,CCU → BLR,22:15,00:50 13 May,2h 35m,non-stop,No info,4804
Jet Airways,12/05/2019,Mumbai,Hyderabad,BOM → HYD,02:55,04:20,1h 25m,non-stop,In-flight meal not included,4050
Air India,27/06/2019,Banglore,Delhi,BLR → DEL,10:00,12:45,2h 45m,non-stop,No info,6961
Jet Airways,3/06/2019,Delhi,Cochin,DEL → BOM → COK,16:00,19:00 04 Jun,27h,1 stop,In-flight meal not included,10262
Air Asia,12/06/2019,Banglore,Delhi,BLR → DEL,23:55,02:45 13 Jun,2h 50m,non-stop,No info,3383
Air India,9/03/2019,Delhi,Cochin,DEL → BLR → COK,20:30,23:00 10 Mar,26h 30m,1 stop,No info,8119
Jet Airways,6/06/2019,Delhi,Cochin,DEL → BOM → COK,02:15,19:00,16h 45m,1 stop,No info,14714
Multiple carriers,3/06/2019,Delhi,Cochin,DEL → BOM → COK,06:00,19:00,13h,1 stop,No info,13259
GoAir,03/03/2019,Banglore,New Delhi,BLR → DEL,07:45,10:40,2h 55m,non-stop,No info,7222
Air Asia,9/05/2019,Delhi,Cochin,DEL → BLR → COK,16:45,07:10 10 May,14h 25m,1 stop,No info,7353
Jet Airways,24/05/2019,Kolkata,Banglore,CCU → BOM → BLR,21:10,08:15 25 May,11h 5m,1 stop,No info,14178
Jet Airways,01/03/2019,Banglore,New Delhi,BLR → BOM → DEL,07:00,05:05 02 Mar,22h 5m,1 stop,No info,26890
Air India,12/05/2019,Mumbai,Hyderabad,BOM → HYD,19:30,20:45,1h 15m,non-stop,No info,3625
Multiple carriers,3/06/2019,Delhi,Cochin,DEL → BOM → COK,11:40,19:15,7h 35m,1 stop,No info,9001
Air India,27/05/2019,Kolkata,Banglore,CCU → BLR,20:45,23:20,2h 35m,non-stop,No info,4145
Jet Airways,9/05/2019,Delhi,Cochin,DEL → BHO → BOM → COK,05:30,12:35,7h 5m,2 stops,In-flight meal not included,15544
SpiceJet,15/06/2019,Mumbai,Hyderabad,BOM → HYD,13:15,14:45,1h 30m,non-stop,No info,2017
Air India,15/05/2019,Kolkata,Banglore,CCU → DEL → AMD → BLR,10:00,05:25 16 May,19h 25m,2 stops,No info,14424
GoAir,15/06/2019,Kolkata,Banglore,CCU → BLR,15:20,17:55,2h 35m,non-stop,No info,3514
IndiGo,27/05/2019,Delhi,Cochin,DEL → BOM → COK,18:35,01:30 28 May,6h 55m,1 stop,No info,6628
Jet Airways,15/06/2019,Delhi,Cochin,DEL → AMD → BOM → COK,23:05,04:25 17 Jun,29h 20m,2 stops,No info,15339
Air India,09/03/2019,Banglore,New Delhi,BLR → DEL,21:10,23:55,2h 45m,non-stop,No info,7591
Jet Airways,1/06/2019,Delhi,Cochin,DEL → BOM → COK,11:30,04:25 02 Jun,16h 55m,1 stop,In-flight meal not included,10262
Jet Airways,21/05/2019,Kolkata,Banglore,CCU → BOM → BLR,06:30,16:20,9h 50m,1 stop,In-flight meal not included,10844
Jet Airways,6/06/2019,Delhi,Cochin,DEL → JAI → BOM → COK,09:40,04:25 07 Jun,18h 45m,2 stops,No info,13014
Air India,18/05/2019,Kolkata,Banglore,CCU → GAU → BLR,16:45,21:05 19 May,28h 20m,1 stop,No info,7872
IndiGo,15/05/2019,Delhi,Cochin,DEL → COK,14:25,17:40,3h 15m,non-stop,No info,6541
Air India,15/03/2019,Banglore,New Delhi,BLR → COK → DEL,06:55,23:20,16h 25m,1 stop,No info,6987
IndiGo,1/06/2019,Banglore,Delhi,BLR → DEL,18:55,21:50,2h 55m,non-stop,No info,4823
Air India,21/05/2019,Banglore,Delhi,BLR → DEL,05:45,08:45,3h,non-stop,No info,6961
Jet Airways,12/06/2019,Kolkata,Banglore,CCU → BOM → BLR,06:30,18:15,11h 45m,1 stop,In-flight meal not included,9899
Jet Airways,12/03/2019,Banglore,New Delhi,BLR → MAA → DEL,09:45,16:00,6h 15m,1 stop,No info,12295
Air India,12/06/2019,Kolkata,Banglore,CCU → BBI → HYD → BLR,09:10,11:05 13 Jun,25h 55m,2 stops,No info,6117
SpiceJet,1/05/2019,Chennai,Kolkata,MAA → CCU,09:45,12:00,2h 15m,non-stop,No check-in baggage included,3543
Air India,6/03/2019,Delhi,Cochin,DEL → AMD → BOM → COK,16:40,19:15 07 Mar,26h 35m,2 stops,No info,12646
SpiceJet,18/05/2019,Banglore,Delhi,BLR → DEL,21:10,00:05 19 May,2h 55m,non-stop,No check-in baggage included,3919
Air India,15/03/2019,Banglore,New Delhi,BLR → MAA → DEL,11:50,11:35 16 Mar,23h 45m,1 stop,No info,6982
Vistara,24/03/2019,Kolkata,Banglore,CCU → DEL → BLR,17:00,18:45 25 Mar,25h 45m,1 stop,No info,13100
Jet Airways,27/05/2019,Delhi,Cochin,DEL → BOM → COK,09:00,19:00,10h,1 stop,No info,16079
Multiple carriers,9/03/2019,Delhi,Cochin,DEL → BOM → COK,06:40,19:15,12h 35m,1 stop,No info,13082
Air India,3/05/2019,Banglore,Delhi,BLR → DEL,13:20,16:10,2h 50m,non-stop,No info,6121
IndiGo,12/06/2019,Banglore,Delhi,BLR → DEL,16:55,19:55,3h,non-stop,No info,4823
Jet Airways,18/05/2019,Kolkata,Banglore,CCU → BOM → BLR,18:55,04:40 19 May,9h 45m,1 stop,No info,13941
Jet Airways,3/04/2019,Banglore,Delhi,BLR → DEL,18:55,22:00,3h 5m,non-stop,In-flight meal not included,4544
Air India,15/04/2019,Kolkata,Banglore,CCU → BLR,20:45,23:20,2h 35m,non-stop,No info,4145
SpiceJet,6/04/2019,Banglore,Delhi,BLR → DEL,21:10,00:05 07 Apr,2h 55m,non-stop,No check-in baggage included,3919
Vistara,1/06/2019,Chennai,Kolkata,MAA → CCU,17:45,20:05,2h 20m,non-stop,No info,11982
IndiGo,27/06/2019,Delhi,Cochin,DEL → MAA → COK,02:00,07:25,5h 25m,1 stop,No info,5636
Air India,27/03/2019,Delhi,Cochin,DEL → AMD → BOM → COK,16:40,19:15 28 Mar,26h 35m,2 stops,No info,8656
Jet Airways,12/05/2019,Kolkata,Banglore,CCU → BOM → BLR,16:30,22:35,6h 5m,1 stop,In-flight meal not included,10844
Multiple carriers,24/06/2019,Delhi,Cochin,DEL → HYD → COK,07:05,16:10,9h 5m,1 stop,No info,9856
IndiGo,9/04/2019,Banglore,Delhi,BLR → DEL,04:00,06:50,2h 50m,non-stop,No info,3943
Air India,03/03/2019,Banglore,New Delhi,BLR → BOM → AMD → DEL,17:25,08:45 07 Mar,15h 20m,2 stops,No info,11570
Air Asia,12/04/2019,Kolkata,Banglore,CCU → BLR,19:55,22:25,2h 30m,non-stop,No info,4409
Air India,1/06/2019,Delhi,Cochin,DEL → COK,14:10,17:10,3h,non-stop,No info,6934
Jet Airways,12/03/2019,Banglore,New Delhi,BLR → BOM → DEL,22:55,10:25 13 Mar,11h 30m,1 stop,No info,13817
Jet Airways,9/05/2019,Kolkata,Banglore,CCU → DEL → BLR,09:35,09:45 10 May,24h 10m,1 stop,No info,12121
IndiGo,18/06/2019,Kolkata,Banglore,CCU → BLR,17:15,19:50,2h 35m,non-stop,No info,4804
Jet Airways,12/06/2019,Banglore,Delhi,BLR → DEL,08:20,11:20,3h,non-stop,In-flight meal not included,5769
SpiceJet,18/05/2019,Kolkata,Banglore,CCU → BLR,14:55,17:25,2h 30m,non-stop,No info,4174
SpiceJet,24/03/2019,Banglore,New Delhi,BLR → DEL,09:35,12:30,2h 55m,non-stop,No info,6309
SpiceJet,18/05/2019,Mumbai,Hyderabad,BOM → HYD,05:45,07:15,1h 30m,non-stop,No check-in baggage included,1965
Multiple carriers,27/05/2019,Delhi,Cochin,DEL → BOM → COK,07:05,21:00,13h 55m,1 stop,In-flight meal not included,10406
Air India,12/05/2019,Kolkata,Banglore,CCU → BBI → BLR,09:10,13:15,4h 5m,1 stop,No info,8996
Jet Airways,1/05/2019,Kolkata,Banglore,CCU → BOM → BLR,08:25,18:15,9h 50m,1 stop,In-flight meal not included,10844
Multiple carriers,27/06/2019,Delhi,Cochin,DEL → BOM → COK,18:15,01:30 28 Jun,7h 15m,1 stop,No info,13377
SpiceJet,1/05/2019,Kolkata,Banglore,CCU → KNU → BLR,11:35,18:50,7h 15m,1 stop,No info,8479
Jet Airways,01/03/2019,Banglore,New Delhi,BLR → BOM → DEL,18:40,09:00 02 Mar,14h 20m,1 stop,No info,31825
GoAir,24/03/2019,Banglore,New Delhi,BLR → DEL,20:55,23:50,2h 55m,non-stop,No info,5706
Jet Airways,18/03/2019,Banglore,New Delhi,BLR → BOM → DEL,11:40,08:15 16 Mar,20h 35m,1 stop,No info,12284
Jet Airways,24/04/2019,Banglore,Delhi,BLR → DEL,08:20,11:20,3h,non-stop,In-flight meal not included,4544
Jet Airways,27/03/2019,Delhi,Cochin,DEL → BOM → COK,11:30,18:50,7h 20m,1 stop,In-flight meal not included,6017
Jet Airways,21/05/2019,Kolkata,Banglore,CCU → BOM → BLR,08:25,16:20,7h 55m,1 stop,No info,14781
Air India,6/06/2019,Delhi,Cochin,DEL → JDH → BOM → COK,12:55,19:15 07 Jun,30h 20m,2 stops,No info,12646
IndiGo,9/06/2019,Chennai,Kolkata,MAA → CCU,11:35,14:00,2h 25m,non-stop,No info,3858
SpiceJet,1/04/2019,Delhi,Cochin,DEL → BLR → COK,17:55,22:50,4h 55m,1 stop,No info,4957
Jet Airways,24/06/2019,Delhi,Cochin,DEL → BOM → COK,17:30,12:35 25 Jun,19h 5m,1 stop,In-flight meal not included,10262
Jet Airways,24/03/2019,Kolkata,Banglore,CCU → BOM → BLR,19:45,23:25 25 Mar,27h 40m,1 stop,In-flight meal not included,10031
Jet Airways,12/05/2019,Kolkata,Banglore,CCU → BOM → BLR,18:55,09:20 13 May,14h 25m,1 stop,No info,14388
Jet Airways,15/05/2019,Kolkata,Banglore,CCU → BOM → BLR,18:55,22:35 16 May,27h 40m,1 stop,In-flight meal not included,10844
Jet Airways,27/03/2019,Delhi,Cochin,DEL → AMD → BOM → COK,19:10,19:45 28 Mar,24h 35m,2 stops,In-flight meal not included,8882
Jet Airways,24/06/2019,Delhi,Cochin,DEL → JAI → BOM → COK,09:40,12:35 25 Jun,26h 55m,2 stops,No info,13014
Air India,6/06/2019,Kolkata,Banglore,CCU → BOM → BLR,09:25,18:30,9h 5m,1 stop,No info,8366
IndiGo,1/06/2019,Delhi,Cochin,DEL → COK,14:25,17:40,3h 15m,non-stop,No info,6015
Jet Airways,6/03/2019,Delhi,Cochin,DEL → AMD → BOM → COK,19:10,18:50 08 Mar,47h 40m,2 stops,No info,20694
Jet Airways,3/03/2019,Delhi,Cochin,DEL → BOM → COK,07:05,18:50,11h 45m,1 stop,No info,17024
Multiple carriers,1/03/2019,Delhi,Cochin,DEL → HYD → COK,14:35,22:20,7h 45m,1 stop,No info,14762
Air India,1/05/2019,Mumbai,Hyderabad,BOM → HYD,06:20,07:40,1h 20m,non-stop,No info,3625
IndiGo,18/03/2019,Mumbai,Hyderabad,BOM → HYD,20:05,21:35,1h 30m,non-stop,No info,2227
IndiGo,24/04/2019,Kolkata,Banglore,CCU → BLR,09:35,12:20,2h 45m,non-stop,No info,4804
Jet Airways,9/06/2019,Mumbai,Hyderabad,BOM → HYD,02:55,04:20,1h 25m,non-stop,No info,5678
Jet Airways,24/03/2019,Mumbai,Hyderabad,BOM → HYD,07:10,08:35,1h 25m,non-stop,In-flight meal not included,2470
Jet Airways,18/03/2019,Banglore,New Delhi,BLR → BOM → DEL,11:40,18:25,6h 45m,1 stop,No info,12284
IndiGo,12/06/2019,Banglore,Delhi,BLR → DEL,22:10,01:00 13 Jun,2h 50m,non-stop,No info,3419
Jet Airways,21/03/2019,Delhi,Cochin,DEL → BOM → COK,15:00,04:25 22 Mar,13h 25m,1 stop,No info,12767
Vistara,18/05/2019,Banglore,Delhi,BLR → DEL,21:00,23:50,2h 50m,non-stop,No info,4668
SpiceJet,15/05/2019,Banglore,Delhi,BLR → DEL,21:10,00:05 16 May,2h 55m,non-stop,No info,3625
SpiceJet,27/05/2019,Chennai,Kolkata,MAA → CCU,09:45,12:00,2h 15m,non-stop,No info,3597
IndiGo,21/04/2019,Kolkata,Banglore,CCU → BLR,15:15,17:45,2h 30m,non-stop,No info,5224
IndiGo,15/06/2019,Delhi,Cochin,DEL → BLR → COK,17:05,22:25,5h 20m,1 stop,No info,6147
Jet Airways,18/06/2019,Banglore,Delhi,BLR → DEL,15:50,18:45,2h 55m,non-stop,No info,8016
Air India,1/05/2019,Kolkata,Banglore,CCU → BBI → BOM → BLR,12:00,11:10 02 May,23h 10m,2 stops,No info,11148
Jet Airways,15/06/2019,Delhi,Cochin,DEL → NAG → BOM → COK,14:35,04:25 16 Jun,13h 50m,2 stops,No info,13376
Air India,12/06/2019,Delhi,Cochin,DEL → LKO → BOM → COK,18:30,19:15 13 Jun,24h 45m,2 stops,No info,12488
Jet Airways,21/03/2019,Delhi,Cochin,DEL → BOM → COK,15:00,04:25 22 Mar,13h 25m,1 stop,In-flight meal not included,6017
IndiGo,15/06/2019,Banglore,Delhi,BLR → DEL,08:30,11:20,2h 50m,non-stop,No info,4823
Air India,21/03/2019,Delhi,Cochin,DEL → MAA → COK,09:45,09:25 22 Mar,23h 40m,1 stop,No info,7532
Air India,9/06/2019,Kolkata,Banglore,CCU → BOM → GOI → BLR,09:25,05:35 10 Jun,20h 10m,2 stops,No info,11432
Vistara,6/06/2019,Banglore,Delhi,BLR → DEL,19:30,22:15,2h 45m,non-stop,No info,5088
SpiceJet,27/03/2019,Delhi,Cochin,DEL → MAA → COK,06:10,11:20,5h 10m,1 stop,No info,5351
Vistara,12/06/2019,Kolkata,Banglore,CCU → DEL → BLR,07:10,23:25,16h 15m,1 stop,No info,8610
Jet Airways,6/03/2019,Delhi,Cochin,DEL → BHO → BOM → COK,05:40,04:25 07 Mar,22h 45m,2 stops,In-flight meal not included,17271
Jet Airways,21/05/2019,Kolkata,Banglore,CCU → DEL → BLR,17:00,14:25 22 May,21h 25m,1 stop,In-flight meal not included,9314
SpiceJet,27/03/2019,Kolkata,Banglore,CCU → BLR,22:20,00:40 28 Mar,2h 20m,non-stop,No info,3847
Air India,15/05/2019,Delhi,Cochin,DEL → BOM → COK,09:00,19:15,10h 15m,1 stop,No info,8372
Multiple carriers,15/06/2019,Delhi,Cochin,DEL → BOM → COK,10:35,19:00,8h 25m,1 stop,No info,10877
SpiceJet,12/05/2019,Banglore,Delhi,BLR → DEL,09:30,12:20,2h 50m,non-stop,No info,4423
IndiGo,15/03/2019,Chennai,Kolkata,MAA → CCU,22:05,00:30 13 Mar,2h 25m,non-stop,No info,6297
Vistara,27/06/2019,Delhi,Cochin,DEL → COK,14:40,17:50,3h 10m,non-stop,No info,6216
Multiple carriers,6/06/2019,Delhi,Cochin,DEL → BOM → COK,10:00,21:00,11h,1 stop,No info,7933
Multiple carriers,15/06/2019,Delhi,Cochin,DEL → BOM → COK,04:55,12:35,7h 40m,1 stop,No info,10678
SpiceJet,18/03/2019,Mumbai,Hyderabad,BOM → HYD,22:45,00:10 19 Mar,1h 25m,non-stop,No info,2017
IndiGo,18/06/2019,Delhi,Cochin,DEL → COK,14:20,17:35,3h 15m,non-stop,No info,5000
Air India,9/03/2019,Delhi,Cochin,DEL → BHO → BOM → COK,05:55,19:15,13h 20m,2 stops,No info,18736
Jet Airways,1/05/2019,Banglore,Delhi,BLR → DEL,07:10,10:10,3h,non-stop,In-flight meal not included,4030
Jet Airways,18/05/2019,Delhi,Cochin,DEL → JAI → BOM → COK,19:30,12:35 19 May,17h 5m,2 stops,In-flight meal not included,10368
Jet Airways,6/05/2019,Kolkata,Banglore,CCU → BOM → BLR,16:30,09:20 07 May,16h 50m,1 stop,In-flight meal not included,9663
Vistara,15/04/2019,Banglore,Delhi,BLR → DEL,19:30,22:15,2h 45m,non-stop,No info,5613
Jet Airways,9/05/2019,Kolkata,Banglore,CCU → BOM → BLR,14:05,08:15 10 May,18h 10m,1 stop,In-flight meal not included,7757
IndiGo,15/06/2019,Delhi,Cochin,DEL → HYD → COK,07:35,16:10,8h 35m,1 stop,No info,6442
IndiGo,6/05/2019,Mumbai,Hyderabad,BOM → HYD,19:05,20:35,1h 30m,non-stop,No info,2754
Air India,24/03/2019,Banglore,New Delhi,BLR → DEL,06:10,08:55,2h 45m,non-stop,No info,3758
Air Asia,12/06/2019,Delhi,Cochin,DEL → BLR → COK,07:55,22:25,14h 30m,1 stop,No info,6152
Multiple carriers,21/03/2019,Delhi,Cochin,DEL → BOM → COK,07:00,21:00,14h,1 stop,No info,7618
Air India,3/03/2019,Delhi,Cochin,DEL → AMD → BOM → COK,19:45,19:15 04 Mar,23h 30m,2 stops,No info,12646
Jet Airways,15/05/2019,Kolkata,Banglore,CCU → BOM → BLR,14:05,22:35,8h 30m,1 stop,No info,14781
Multiple carriers,27/06/2019,Delhi,Cochin,DEL → BOM → COK,10:00,01:30 28 Jun,15h 30m,1 stop,No info,13377
Jet Airways,27/05/2019,Delhi,Cochin,DEL → COK,11:00,14:15,3h 15m,non-stop,No info,9564
GoAir,15/03/2019,Banglore,New Delhi,BLR → DEL,11:40,14:35,2h 55m,non-stop,No info,6113
Air India,01/03/2019,Banglore,New Delhi,BLR → BOM → BHO → DEL,06:45,09:25 02 Mar,26h 40m,2 stops,2 Long layover,26480
Jet Airways,12/06/2019,Banglore,Delhi,BLR → DEL,07:10,10:10,3h,non-stop,In-flight meal not included,5769
SpiceJet,27/03/2019,Mumbai,Hyderabad,BOM → HYD,05:45,07:05,1h 20m,non-stop,No info,1759
IndiGo,12/06/2019,Delhi,Cochin,DEL → BOM → COK,17:10,01:30 13 Jun,8h 20m,1 stop,No info,5883
Air India,3/04/2019,Banglore,Delhi,BLR → DEL,10:00,12:45,2h 45m,non-stop,No info,5176
IndiGo,27/06/2019,Kolkata,Banglore,CCU → BLR,20:25,23:10,2h 45m,non-stop,No info,4804
GoAir,21/06/2019,Banglore,Delhi,BLR → DEL,11:40,14:30,2h 50m,non-stop,No info,3398
Air India,24/05/2019,Kolkata,Banglore,CCU → BBI → BOM → BLR,12:00,07:55 25 May,19h 55m,2 stops,No info,9416
SpiceJet,21/06/2019,Kolkata,Banglore,CCU → BLR,06:55,09:30,2h 35m,non-stop,No check-in baggage included,3841
Jet Airways,27/06/2019,Delhi,Cochin,DEL → BOM → COK,20:55,19:00 28 Jun,22h 5m,1 stop,In-flight meal not included,10262
IndiGo,24/06/2019,Kolkata,Banglore,CCU → BLR,22:15,00:50 25 Jun,2h 35m,non-stop,No info,4804
Jet Airways,3/04/2019,Delhi,Cochin,DEL → BOM → COK,02:15,12:35,10h 20m,1 stop,In-flight meal not included,5177
IndiGo,9/05/2019,Mumbai,Hyderabad,BOM → HYD,20:05,21:40,1h 35m,non-stop,No info,2437
GoAir,9/03/2019,Delhi,Cochin,DEL → AMD → COK,06:00,13:20,7h 20m,1 stop,No info,8422
Multiple carriers,24/06/2019,Delhi,Cochin,DEL → BOM → COK,08:00,21:00,13h,1 stop,No info,13797
Jet Airways,6/06/2019,Delhi,Cochin,DEL → JAI → BOM → COK,09:40,04:25 07 Jun,18h 45m,2 stops,In-flight meal not included,10368
IndiGo,18/05/2019,Delhi,Cochin,DEL → BOM → COK,17:10,01:30 19 May,8h 20m,1 stop,No info,7081
IndiGo,3/03/2019,Delhi,Cochin,DEL → HYD → COK,04:55,16:10,11h 15m,1 stop,No info,8513
Jet Airways,12/04/2019,Banglore,Delhi,BLR → DEL,07:10,10:10,3h,non-stop,No info,7229
Air India,03/03/2019,Banglore,New Delhi,BLR → HYD → DEL,08:15,12:15,4h,1 stop,No info,6273
Air India,9/06/2019,Mumbai,Hyderabad,BOM → HYD,15:00,16:25,1h 25m,non-stop,No info,3100
IndiGo,18/06/2019,Kolkata,Banglore,CCU → BLR,22:15,00:50 19 Jun,2h 35m,non-stop,No info,4804
Jet Airways,24/03/2019,Banglore,New Delhi,BLR → DEL,19:55,22:35,2h 40m,non-stop,No info,7229
SpiceJet,18/04/2019,Kolkata,Banglore,CCU → BLR,09:00,11:25,2h 25m,non-stop,No check-in baggage included,3841
Jet Airways,18/05/2019,Kolkata,Banglore,CCU → BOM → BLR,20:00,08:15 19 May,12h 15m,1 stop,In-flight meal not included,8586
Multiple carriers,15/06/2019,Delhi,Cochin,DEL → BOM → COK,08:30,19:00,10h 30m,1 stop,No info,11200
Multiple carriers,6/03/2019,Delhi,Cochin,DEL → BOM → COK,07:05,13:20,6h 15m,1 stop,No info,17267
Jet Airways,9/05/2019,Kolkata,Banglore,CCU → BOM → BLR,18:55,10:05 10 May,15h 10m,1 stop,In-flight meal not included,8586
Air India,9/05/2019,Kolkata,Banglore,CCU → BOM → GOI → BLR,16:50,05:35 10 May,12h 45m,2 stops,No info,11432
Air India,1/06/2019,Delhi,Cochin,DEL → JAI → BOM → COK,18:45,19:15 02 Jun,24h 30m,2 stops,No info,12940
IndiGo,1/03/2019,Mumbai,Hyderabad,BOM → HYD,21:20,22:45,1h 25m,non-stop,No info,12475
Jet Airways,24/03/2019,Kolkata,Banglore,CCU → BOM → BLR,16:55,22:35,5h 40m,1 stop,In-flight meal not included,11134
IndiGo,18/04/2019,Kolkata,Banglore,CCU → BLR,09:35,12:20,2h 45m,non-stop,No info,5644
Multiple carriers,12/06/2019,Delhi,Cochin,DEL → BOM → COK,11:25,19:00,7h 35m,1 stop,No info,10877
Jet Airways,21/04/2019,Banglore,Delhi,BLR → DEL,06:00,08:45,2h 45m,non-stop,No info,7229
Jet Airways,9/05/2019,Kolkata,Banglore,CCU → BOM → BLR,16:30,18:15 10 May,25h 45m,1 stop,In-flight meal not included,8586
Jet Airways,12/06/2019,Delhi,Cochin,DEL → JAI → BOM → COK,05:30,19:00,13h 30m,2 stops,In-flight meal not included,10368
Air India,1/06/2019,Delhi,Cochin,DEL → AMD → BOM → COK,16:40,19:15 02 Jun,26h 35m,2 stops,No info,9863
IndiGo,12/06/2019,Kolkata,Banglore,CCU → BBI → BLR,07:10,12:40,5h 30m,1 stop,No info,4864
Air Asia,12/03/2019,Kolkata,Banglore,CCU → BLR,19:35,22:05,2h 30m,non-stop,No info,4384
Air India,18/05/2019,Delhi,Cochin,DEL → CCU → BOM → COK,06:50,07:40 19 May,24h 50m,2 stops,No info,13591
Jet Airways,15/05/2019,Kolkata,Banglore,CCU → DEL → BLR,09:35,19:10,9h 35m,1 stop,In-flight meal not included,12384
Jet Airways,18/05/2019,Delhi,Cochin,DEL → BOM → COK,15:00,04:25 19 May,13h 25m,1 stop,In-flight meal not included,12373
Jet Airways,6/06/2019,Delhi,Cochin,DEL → JAI → BOM → COK,05:30,19:00,13h 30m,2 stops,In-flight meal not included,10368
Air India,1/05/2019,Kolkata,Banglore,CCU → IXR → DEL → BLR,05:50,12:30 02 May,30h 40m,2 stops,No info,12723
Jet Airways,21/03/2019,Delhi,Cochin,DEL → BOM → COK,22:00,18:50 22 Mar,20h 50m,1 stop,No info,12242
Jet Airways,12/06/2019,Banglore,Delhi,BLR → DEL,11:10,14:05,2h 55m,non-stop,In-flight meal not included,5769
IndiGo,21/05/2019,Delhi,Cochin,DEL → BOM → COK,07:30,21:00,13h 30m,1 stop,No info,7006
Air India,27/05/2019,Delhi,Cochin,DEL → BOM → COK,21:00,19:15 28 May,22h 15m,1 stop,No info,8372
Jet Airways,24/05/2019,Kolkata,Banglore,CCU → BOM → BLR,14:05,09:20 25 May,19h 15m,1 stop,No info,14178
Jet Airways,01/03/2019,Banglore,New Delhi,BLR → BOM → DEL,14:05,09:00 02 Mar,18h 55m,1 stop,No info,20800
Vistara,1/05/2019,Kolkata,Banglore,CCU → DEL → BLR,07:10,09:05 02 May,25h 55m,1 stop,No info,8452
Jet Airways,12/05/2019,Kolkata,Banglore,CCU → BOM → BLR,21:10,18:15 13 May,21h 5m,1 stop,In-flight meal not included,10844
Vistara,12/05/2019,Banglore,Delhi,BLR → DEL,21:00,23:50,2h 50m,non-stop,No info,4668
Jet Airways,1/04/2019,Kolkata,Banglore,CCU → BOM → BLR,16:30,20:45 02 Apr,28h 15m,1 stop,No info,12681
Air India,6/04/2019,Delhi,Cochin,DEL → MAA → COK,06:05,09:25 07 Apr,27h 20m,1 stop,No info,4487
Jet Airways,9/06/2019,Kolkata,Banglore,CCU → BOM → BLR,14:05,19:50,5h 45m,1 stop,No info,14571
SpiceJet,27/04/2019,Kolkata,Banglore,CCU → BLR,22:20,00:40 28 Apr,2h 20m,non-stop,No check-in baggage included,3841
SpiceJet,3/06/2019,Kolkata,Banglore,CCU → BLR,22:20,00:40 04 Jun,2h 20m,non-stop,No info,3873
Air India,1/05/2019,Kolkata,Banglore,CCU → BOM → COK → BLR,16:50,13:45 02 May,20h 55m,2 stops,No info,16372
Air India,24/05/2019,Kolkata,Banglore,CCU → BOM → AMD → BLR,09:25,05:25 25 May,20h,2 stops,No info,14897
Multiple carriers,15/06/2019,Delhi,Cochin,DEL → BOM → COK,10:35,19:15,8h 40m,1 stop,No info,8614
Air India,27/06/2019,Delhi,Cochin,DEL → AMD → BOM → COK,16:40,19:15 28 Jun,26h 35m,2 stops,No info,9653
IndiGo,21/05/2019,Kolkata,Banglore,CCU → HYD → BLR,19:20,23:45,4h 25m,1 stop,No info,3574
Jet Airways,1/04/2019,Kolkata,Banglore,CCU → BOM → BLR,20:00,16:20 02 Apr,20h 20m,1 stop,In-flight meal not included,7064
IndiGo,21/06/2019,Mumbai,Hyderabad,BOM → HYD,09:10,10:40,1h 30m,non-stop,No info,5755
Air India,18/05/2019,Kolkata,Banglore,CCU → BOM → COK → BLR,16:50,13:45 19 May,20h 55m,2 stops,No info,13432
Air India,9/05/2019,Delhi,Cochin,DEL → BOM → COK,07:00,19:15,12h 15m,1 stop,No info,8669
Multiple carriers,3/03/2019,Delhi,Cochin,DEL → BOM → COK,02:15,11:30,9h 15m,1 stop,No info,17057
Jet Airways,06/03/2019,Banglore,New Delhi,BLR → BOM → DEL,14:05,09:30 07 Mar,19h 25m,1 stop,No info,17261
Multiple carriers,6/06/2019,Delhi,Cochin,DEL → BOM → COK,15:15,01:30 07 Jun,10h 15m,1 stop,No info,6795
Jet Airways,6/05/2019,Kolkata,Banglore,CCU → BOM → BLR,14:05,20:45,6h 40m,1 stop,In-flight meal not included,9663
Multiple carriers,15/06/2019,Delhi,Cochin,DEL → BOM → COK,08:45,19:00,10h 15m,1 stop,No info,11789
Jet Airways,24/06/2019,Delhi,Cochin,DEL → BOM → COK,18:15,19:00 25 Jun,24h 45m,1 stop,In-flight meal not included,10262
SpiceJet,15/05/2019,Kolkata,Banglore,CCU → IXB → BLR,11:15,18:30,7h 15m,1 stop,No info,8844
Jet Airways,12/05/2019,Banglore,Delhi,BLR → DEL,15:15,18:10,2h 55m,non-stop,In-flight meal not included,4544
Multiple carriers,27/03/2019,Delhi,Cochin,DEL → BOM → COK,07:00,13:20,6h 20m,1 stop,No info,6148
IndiGo,27/05/2019,Mumbai,Hyderabad,BOM → HYD,20:05,21:40,1h 35m,non-stop,No info,2227
Jet Airways,12/06/2019,Delhi,Cochin,DEL → IDR → BOM → COK,05:30,04:25 13 Jun,22h 55m,2 stops,No info,13292
Air Asia,24/03/2019,Banglore,New Delhi,BLR → DEL,23:25,02:10 22 Mar,2h 45m,non-stop,No info,3383
Jet Airways,12/06/2019,Delhi,Cochin,DEL → ATQ → BOM → COK,20:00,19:00 13 Jun,23h,2 stops,No info,14300
Jet Airways,21/05/2019,Kolkata,Banglore,CCU → BOM → BLR,18:55,12:00 22 May,17h 5m,1 stop,In-flight meal not included,10844
SpiceJet,12/06/2019,Delhi,Cochin,DEL → PNQ → COK,08:45,13:15,4h 30m,1 stop,No check-in baggage included,5158
Jet Airways,27/06/2019,Delhi,Cochin,DEL → AMD → BOM → COK,23:05,12:35 28 Jun,13h 30m,2 stops,No info,12819
IndiGo,3/06/2019,Delhi,Cochin,DEL → BOM → COK,16:00,01:30 04 Jun,9h 30m,1 stop,No info,6628
Jet Airways,1/06/2019,Delhi,Cochin,DEL → BOM → COK,10:00,12:35 02 Jun,26h 35m,1 stop,In-flight meal not included,10262
Jet Airways,21/04/2019,Banglore,Delhi,BLR → DEL,15:15,18:10,2h 55m,non-stop,In-flight meal not included,4544
Jet Airways,9/05/2019,Delhi,Cochin,DEL → BOM → COK,18:15,19:00 10 May,24h 45m,1 stop,In-flight meal not included,12373
Air India,15/05/2019,Delhi,Cochin,DEL → AMD → BOM → COK,05:00,07:40 16 May,26h 40m,2 stops,No info,11281
IndiGo,3/06/2019,Delhi,Cochin,DEL → HYD → COK,14:20,22:30,8h 10m,1 stop,No info,6938
Multiple carriers,6/03/2019,Delhi,Cochin,DEL → BOM → COK,10:20,21:00,10h 40m,1 stop,No info,15147
Air India,18/05/2019,Delhi,Cochin,DEL → AMD → BOM → COK,05:00,07:40 19 May,26h 40m,2 stops,No info,11228
IndiGo,9/06/2019,Delhi,Cochin,DEL → MAA → COK,02:00,07:25,5h 25m,1 stop,No info,5636
SpiceJet,12/05/2019,Banglore,Delhi,BLR → DEL,09:30,12:20,2h 50m,non-stop,No check-in baggage included,4319
IndiGo,21/03/2019,Banglore,New Delhi,BLR → DEL,20:00,22:55,2h 55m,non-stop,No info,6144
Jet Airways,1/05/2019,Kolkata,Banglore,CCU → BOM → BLR,08:25,19:50,11h 25m,1 stop,No info,14781
IndiGo,21/03/2019,Delhi,Cochin,DEL → BOM → COK,09:10,01:35 22 Mar,16h 25m,1 stop,No info,8765
Jet Airways,12/05/2019,Kolkata,Banglore,CCU → BOM → BLR,06:30,04:40 13 May,22h 10m,1 stop,In-flight meal not included,8586
IndiGo,12/05/2019,Mumbai,Hyderabad,BOM → HYD,12:00,13:30,1h 30m,non-stop,No info,2754
IndiGo,21/05/2019,Chennai,Kolkata,MAA → CCU,13:15,15:35,2h 20m,non-stop,No info,3597
Jet Airways,18/05/2019,Mumbai,Hyderabad,BOM → HYD,07:05,08:30,1h 25m,non-stop,In-flight meal not included,4050
Jet Airways,09/03/2019,Banglore,New Delhi,BLR → BOM → DEL,08:00,21:20,13h 20m,1 stop,In-flight meal not included,11087
Jet Airways,3/06/2019,Banglore,Delhi,BLR → DEL,18:55,22:00,3h 5m,non-stop,No info,8016
Multiple carriers,6/03/2019,Delhi,Cochin,DEL → BOM → COK,10:20,01:35 07 Mar,15h 15m,1 stop,No info,15147
Jet Airways,1/04/2019,Banglore,Delhi,BLR → DEL,15:15,18:10,2h 55m,non-stop,No info,7229
Jet Airways,1/06/2019,Delhi,Cochin,DEL → JAI → BOM → COK,09:40,12:35 02 Jun,26h 55m,2 stops,No info,13014
IndiGo,27/05/2019,Mumbai,Hyderabad,BOM → HYD,02:35,04:05,1h 30m,non-stop,No info,2754
Vistara,12/04/2019,Banglore,Delhi,BLR → DEL,17:00,19:35,2h 35m,non-stop,No info,5613
IndiGo,27/04/2019,Delhi,Cochin,DEL → LKO → COK,21:50,03:35 28 Apr,5h 45m,1 stop,No info,6307
IndiGo,6/04/2019,Kolkata,Banglore,CCU → BLR,17:15,19:50,2h 35m,non-stop,No info,4174
IndiGo,27/06/2019,Kolkata,Banglore,CCU → BLR,22:15,00:50 28 Jun,2h 35m,non-stop,No info,4804
Air India,15/05/2019,Kolkata,Banglore,CCU → GAU → DEL → BLR,16:45,08:55 16 May,16h 10m,2 stops,No info,14960
Jet Airways,9/04/2019,Delhi,Cochin,DEL → AMD → BOM → COK,23:05,19:00 10 Apr,19h 55m,2 stops,No info,9483
Vistara,6/06/2019,Kolkata,Banglore,CCU → DEL → BLR,20:20,22:40 07 Jun,26h 20m,1 stop,No info,8662
Jet Airways,9/05/2019,Delhi,Cochin,DEL → JDH → BOM → COK,11:40,19:00,7h 20m,2 stops,In-flight meal not included,19644
GoAir,24/03/2019,Banglore,New Delhi,BLR → DEL,11:40,14:35,2h 55m,non-stop,No info,4340
Jet Airways,21/05/2019,Kolkata,Banglore,CCU → BOM → BLR,20:00,18:15 22 May,22h 15m,1 stop,In-flight meal not included,10844
SpiceJet,9/05/2019,Kolkata,Banglore,CCU → IXB → BLR,15:55,21:25,5h 30m,1 stop,No info,8224
Multiple carriers,3/03/2019,Delhi,Cochin,DEL → HYD → COK,07:05,16:10,9h 5m,1 stop,No info,7905
Jet Airways,24/03/2019,Kolkata,Banglore,CCU → BOM → BLR,16:55,19:40 25 Mar,26h 45m,1 stop,In-flight meal not included,11134
IndiGo,15/05/2019,Delhi,Cochin,DEL → BLR → COK,02:00,07:45,5h 45m,1 stop,No info,6037
Jet Airways,6/06/2019,Kolkata,Banglore,CCU → DEL → BLR,17:00,10:55 07 Jun,17h 55m,1 stop,No info,12692
Multiple carriers,27/05/2019,Delhi,Cochin,DEL → BOM → COK,18:15,01:30 28 May,7h 15m,1 stop,In-flight meal not included,7308
Jet Airways,6/06/2019,Delhi,Cochin,DEL → JAI → BOM → COK,09:40,12:35 07 Jun,26h 55m,2 stops,In-flight meal not included,11733
Jet Airways,1/06/2019,Delhi,Cochin,DEL → BOM → COK,22:50,12:35 02 Jun,13h 45m,1 stop,No info,14714
Jet Airways,15/05/2019,Kolkata,Banglore,CCU → BOM → BLR,06:30,12:00,5h 30m,1 stop,No info,14388
Jet Airways,24/04/2019,Banglore,Delhi,BLR → DEL,18:55,22:00,3h 5m,non-stop,No info,7229
Jet Airways,21/03/2019,Banglore,New Delhi,BLR → BOM → DEL,21:25,11:25 19 Mar,14h,1 stop,In-flight meal not included,7832
Air India,3/06/2019,Delhi,Cochin,DEL → RPR → NAG → BOM → COK,05:15,19:15 04 Jun,38h,3 stops,No info,10493
Jet Airways,9/03/2019,Delhi,Cochin,DEL → BOM → COK,18:15,18:50 10 Mar,24h 35m,1 stop,In-flight meal not included,14053
IndiGo,6/03/2019,Chennai,Kolkata,MAA → CCU,07:55,10:15,2h 20m,non-stop,No info,7295
Air India,21/05/2019,Kolkata,Banglore,CCU → JAI → BOM → BLR,08:20,11:10 22 May,26h 50m,2 stops,No info,11222
Multiple carriers,18/05/2019,Delhi,Cochin,DEL → BOM → COK,19:00,01:30 19 May,6h 30m,1 stop,No info,7670
Multiple carriers,6/06/2019,Delhi,Cochin,DEL → BOM → COK,10:35,19:00,8h 25m,1 stop,No info,10877
Multiple carriers,3/03/2019,Delhi,Cochin,DEL → BOM → COK,07:05,15:30,8h 25m,1 stop,No info,17057
Jet Airways,6/06/2019,Delhi,Cochin,DEL → IDR → BOM → COK,05:30,19:00,13h 30m,2 stops,In-flight meal not included,11507
Jet Airways,18/06/2019,Delhi,Cochin,DEL → COK,09:50,13:05,3h 15m,non-stop,In-flight meal not included,4466
Air India,1/06/2019,Delhi,Cochin,DEL → CCU → BOM → COK,16:55,19:15 02 Jun,26h 20m,2 stops,No info,13801
IndiGo,1/03/2019,Kolkata,Banglore,CCU → BLR,21:25,00:05 02 Mar,2h 40m,non-stop,No info,4778
Jet Airways,15/05/2019,Kolkata,Banglore,CCU → DEL → BLR,09:35,18:00,8h 25m,1 stop,In-flight meal not included,12384
Multiple carriers,27/06/2019,Delhi,Cochin,DEL → BOM → COK,04:55,12:35,7h 40m,1 stop,No info,10678
Air India,9/03/2019,Delhi,Cochin,DEL → TRV → COK,05:15,06:50 10 Mar,25h 35m,1 stop,No info,9790
Jet Airways,1/05/2019,Kolkata,Banglore,CCU → BOM → BLR,14:05,12:00 02 May,21h 55m,1 stop,No info,14388
SpiceJet,12/06/2019,Banglore,Delhi,BLR → DEL,05:55,08:35,2h 40m,non-stop,No check-in baggage included,4319
Jet Airways,3/05/2019,Mumbai,Hyderabad,BOM → HYD,02:55,04:20,1h 25m,non-stop,No info,5678
Vistara,6/04/2019,Banglore,Delhi,BLR → DEL,07:00,09:40,2h 40m,non-stop,No info,5613
Jet Airways,6/05/2019,Kolkata,Banglore,CCU → BOM → BLR,20:00,09:20 07 May,13h 20m,1 stop,In-flight meal not included,9663
Jet Airways,18/06/2019,Banglore,Delhi,BLR → DEL,11:10,14:05,2h 55m,non-stop,In-flight meal not included,5769
Vistara,1/05/2019,Banglore,Delhi,BLR → DEL,21:00,23:50,2h 50m,non-stop,No info,4668
Vistara,21/03/2019,Banglore,New Delhi,BLR → DEL,21:10,00:05 19 Mar,2h 55m,non-stop,No info,4878
Air India,9/05/2019,Delhi,Cochin,DEL → BOM → COK,13:00,19:15,6h 15m,1 stop,No info,8372
Air India,24/03/2019,Kolkata,Banglore,CCU → BOM → GOI → BLR,09:25,05:35 25 Mar,20h 10m,2 stops,No info,12352
Jet Airways,6/06/2019,Delhi,Cochin,DEL → JAI → BOM → COK,19:30,12:35 07 Jun,17h 5m,2 stops,In-flight meal not included,11733
IndiGo,9/04/2019,Banglore,Delhi,BLR → DEL,18:55,21:50,2h 55m,non-stop,No info,4823
IndiGo,27/04/2019,Kolkata,Banglore,CCU → BLR,15:15,17:45,2h 30m,non-stop,No info,4804
Jet Airways,12/06/2019,Delhi,Cochin,DEL → BOM → COK,18:15,19:00 13 Jun,24h 45m,1 stop,In-flight meal not included,10262
Jet Airways,12/03/2019,Banglore,New Delhi,BLR → BOM → DEL,22:55,20:20 13 Mar,21h 25m,1 stop,In-flight meal not included,11087
Jet Airways,9/05/2019,Delhi,Cochin,DEL → JDH → BOM → COK,11:40,19:00,7h 20m,2 stops,No info,21219
Air India,15/06/2019,Delhi,Cochin,DEL → BOM → COK,08:00,19:15,11h 15m,1 stop,No info,9929
Air India,12/05/2019,Kolkata,Banglore,CCU → IXR → DEL → BLR,05:50,23:15,17h 25m,2 stops,No info,11411
Air India,6/06/2019,Mumbai,Hyderabad,BOM → HYD,21:05,22:25,1h 20m,non-stop,No info,3100
Jet Airways,27/06/2019,Delhi,Cochin,DEL → AMD → BOM → COK,23:05,19:00 28 Jun,19h 55m,2 stops,In-flight meal not included,11150
Jet Airways,27/05/2019,Delhi,Cochin,DEL → AMD → BOM → COK,13:25,04:25 28 May,15h,2 stops,No info,16704
Jet Airways,12/03/2019,Banglore,New Delhi,BLR → BOM → DEL,20:35,21:20 13 Mar,24h 45m,1 stop,In-flight meal not included,11087
Air India,9/06/2019,Mumbai,Hyderabad,BOM → HYD,06:20,07:40,1h 20m,non-stop,No info,3100
Multiple carriers,1/05/2019,Delhi,Cochin,DEL → BOM → COK,10:20,19:00,8h 40m,1 stop,No info,9794
SpiceJet,21/05/2019,Banglore,Delhi,BLR → DEL,05:55,08:35,2h 40m,non-stop,No check-in baggage included,3257
Air Asia,9/04/2019,Kolkata,Banglore,CCU → BLR,19:55,22:25,2h 30m,non-stop,No info,4107
Air India,27/04/2019,Kolkata,Banglore,CCU → BLR,20:45,23:20,2h 35m,non-stop,No info,4145
Jet Airways,27/04/2019,Banglore,Delhi,BLR → DEL,08:20,11:20,3h,non-stop,No info,7229
Vistara,01/03/2019,Banglore,New Delhi,BLR → DEL,11:30,14:10,2h 40m,non-stop,No info,12648
Air India,9/05/2019,Delhi,Cochin,DEL → GOI → BOM → COK,10:55,19:15,8h 20m,2 stops,No info,11753
Vistara,18/06/2019,Banglore,Delhi,BLR → DEL,09:45,12:35,2h 50m,non-stop,No info,4668
Jet Airways,12/03/2019,Banglore,New Delhi,BLR → BOM → DEL,16:55,10:25 13 Mar,17h 30m,1 stop,No info,13817
Jet Airways,9/06/2019,Kolkata,Banglore,CCU → BOM → BLR,20:00,08:15 10 Jun,12h 15m,1 stop,No info,14939
Air India,3/05/2019,Mumbai,Hyderabad,BOM → HYD,15:00,16:25,1h 25m,non-stop,No info,3100
IndiGo,24/06/2019,Banglore,Delhi,BLR → DEL,04:00,06:50,2h 50m,non-stop,No info,3943
Jet Airways,18/05/2019,Delhi,Cochin,DEL → AMD → BOM → COK,19:10,19:00 19 May,23h 50m,2 stops,No info,15129
Air India,27/03/2019,Delhi,Cochin,DEL → TRV → COK,05:15,06:50 28 Mar,25h 35m,1 stop,No info,7165
IndiGo,12/05/2019,Banglore,Delhi,BLR → DEL,00:30,03:25,2h 55m,non-stop,No info,3943
Air India,12/04/2019,Banglore,Delhi,BLR → DEL,10:00,12:45,2h 45m,non-stop,No info,5911
Air India,12/04/2019,Kolkata,Banglore,CCU → BLR,20:45,23:20,2h 35m,non-stop,No info,4460
SpiceJet,12/06/2019,Chennai,Kolkata,MAA → CCU,09:45,12:00,2h 15m,non-stop,No check-in baggage included,3543
Vistara,3/03/2019,Delhi,Cochin,DEL → COK,06:00,09:10,3h 10m,non-stop,No info,8001
Air India,9/03/2019,Delhi,Cochin,DEL → BLR → COK,20:30,08:15 10 Mar,11h 45m,1 stop,No info,8991
Air India,3/03/2019,Delhi,Cochin,DEL → MAA → COK,06:05,09:25 04 Mar,27h 20m,1 stop,No info,14042
Jet Airways,6/06/2019,Kolkata,Banglore,CCU → BOM → BLR,18:55,12:00 07 Jun,17h 5m,1 stop,In-flight meal not included,10844
Jet Airways,6/06/2019,Kolkata,Banglore,CCU → BOM → BLR,20:00,18:15 07 Jun,22h 15m,1 stop,In-flight meal not included,10844
SpiceJet,6/03/2019,Mumbai,Hyderabad,BOM → HYD,05:45,07:05,1h 20m,non-stop,No info,4129
Jet Airways,21/03/2019,Banglore,New Delhi,BLR → BOM → DEL,07:00,19:10,12h 10m,1 stop,In-flight meal not included,7832
Jet Airways,27/05/2019,Delhi,Cochin,DEL → BOM → COK,11:30,19:00,7h 30m,1 stop,No info,16079
SpiceJet,3/04/2019,Banglore,Delhi,BLR → DEL,09:30,12:20,2h 50m,non-stop,No check-in baggage included,3919
Jet Airways,1/06/2019,Delhi,Cochin,DEL → IDR → BOM → COK,21:25,19:00 02 Jun,21h 35m,2 stops,No info,13292
Air India,6/06/2019,Delhi,Cochin,DEL → CCU → BOM → COK,06:50,07:40 07 Jun,24h 50m,2 stops,No info,13381
Jet Airways,9/06/2019,Delhi,Cochin,DEL → BOM → COK,07:05,19:00,11h 55m,1 stop,In-flight meal not included,10262
Jet Airways,27/06/2019,Delhi,Cochin,DEL → AMD → BOM → COK,19:10,12:35 28 Jun,17h 25m,2 stops,No info,15339
Air India,18/05/2019,Delhi,Cochin,DEL → GOI → BOM → COK,22:00,19:15 19 May,21h 15m,2 stops,No info,10441
Air India,1/06/2019,Delhi,Cochin,DEL → BLR → COK,09:45,23:00,13h 15m,1 stop,No info,8907
Vistara,18/06/2019,Chennai,Kolkata,MAA → CCU,07:05,09:20,2h 15m,non-stop,No info,3687
SpiceJet,24/03/2019,Banglore,New Delhi,BLR → DEL,05:45,08:35,2h 50m,non-stop,No check-in baggage included,3527
IndiGo,27/05/2019,Banglore,Delhi,BLR → DEL,04:00,06:50,2h 50m,non-stop,No info,3943
Jet Airways,24/03/2019,Kolkata,Banglore,CCU → BOM → BLR,19:45,12:00 25 Mar,16h 15m,1 stop,No info,14231
IndiGo,12/03/2019,Chennai,Kolkata,MAA → CCU,13:20,15:35,2h 15m,non-stop,No info,6297
Air India,12/05/2019,Kolkata,Banglore,CCU → MAA → BLR,14:35,14:35 13 May,24h,1 stop,No info,6528
Air India,1/03/2019,Delhi,Cochin,DEL → BOM → COK,23:00,19:15 02 Mar,20h 15m,1 stop,No info,27430
Vistara,12/05/2019,Delhi,Cochin,DEL → COK,14:40,17:50,3h 10m,non-stop,No info,6216
Jet Airways,12/05/2019,Kolkata,Banglore,CCU → BOM → BLR,08:25,20:45,12h 20m,1 stop,No info,14781
IndiGo,27/05/2019,Banglore,Delhi,BLR → DEL,01:30,04:15,2h 45m,non-stop,No info,3419
Multiple carriers,21/05/2019,Delhi,Cochin,DEL → BOM → COK,08:00,21:00,13h,1 stop,No info,14277
Multiple carriers,15/05/2019,Delhi,Cochin,DEL → BOM → COK,16:00,01:30 16 May,9h 30m,1 stop,No info,13727
IndiGo,3/06/2019,Kolkata,Banglore,CCU → BLR,15:30,18:05,2h 35m,non-stop,No info,4804
Air Asia,12/06/2019,Banglore,Delhi,BLR → DEL,11:10,13:55,2h 45m,non-stop,No info,3383
Multiple carriers,6/06/2019,Delhi,Cochin,DEL → HYD → COK,07:05,16:10,9h 5m,1 stop,No info,9646
Jet Airways,18/03/2019,Mumbai,Hyderabad,BOM → HYD,07:10,08:35,1h 25m,non-stop,In-flight meal not included,4995
IndiGo,27/04/2019,Banglore,Delhi,BLR → DEL,23:30,02:20 28 Apr,2h 50m,non-stop,No info,3943
Vistara,18/03/2019,Chennai,Kolkata,MAA → CCU,07:05,09:20,2h 15m,non-stop,No info,4842
Jet Airways,9/06/2019,Delhi,Cochin,DEL → BOM → COK,19:15,04:25 10 Jun,9h 10m,1 stop,In-flight meal not included,10577
Jet Airways,21/06/2019,Banglore,Delhi,BLR → DEL,07:10,10:10,3h,non-stop,In-flight meal not included,5769
Multiple carriers,6/06/2019,Delhi,Cochin,DEL → IXU → BOM → COK,17:50,01:30 07 Jun,7h 40m,2 stops,No info,18275
Air India,27/03/2019,Mumbai,Hyderabad,BOM → HYD,06:20,07:40,1h 20m,non-stop,No info,2575
Air India,12/03/2019,Banglore,New Delhi,BLR → BOM → JDH → DEL,17:25,16:20 13 Mar,22h 55m,2 stops,No info,12778
Jet Airways,12/03/2019,Banglore,New Delhi,BLR → MAA → DEL,09:45,00:30 13 Mar,14h 45m,1 stop,No info,11507
Jet Airways,3/06/2019,Delhi,Cochin,DEL → JDH → BOM → COK,11:40,19:00,7h 20m,2 stops,No info,18804
Air India,9/04/2019,Delhi,Cochin,DEL → JDH → BOM → COK,12:55,19:15 10 Apr,30h 20m,2 stops,No info,9968
Jet Airways,27/05/2019,Delhi,Cochin,DEL → BOM → COK,10:00,19:00,9h,1 stop,No info,16079
Air Asia,21/03/2019,Delhi,Cochin,DEL → BLR → COK,20:10,07:10 22 Mar,11h,1 stop,No info,6151
Jet Airways,21/06/2019,Banglore,Delhi,BLR → DEL,17:45,20:45,3h,non-stop,In-flight meal not included,7754
Vistara,1/05/2019,Kolkata,Banglore,CCU → DEL → BLR,07:10,22:40,15h 30m,1 stop,No info,8452
Air India,15/06/2019,Delhi,Cochin,DEL → RPR → NAG → BOM → COK,05:15,07:40 16 Jun,26h 25m,3 stops,No info,10493
GoAir,09/03/2019,Banglore,New Delhi,BLR → DEL,07:45,10:40,2h 55m,non-stop,No info,7631
IndiGo,18/04/2019,Banglore,Delhi,BLR → DEL,23:30,02:20 19 Apr,2h 50m,non-stop,No info,4591
Jet Airways,21/03/2019,Delhi,Cochin,DEL → BOM → COK,22:50,04:25 22 Mar,5h 35m,1 stop,No info,12242
Jet Airways,15/05/2019,Kolkata,Banglore,CCU → BOM → BLR,18:55,04:40 16 May,9h 45m,1 stop,In-flight meal not included,9663
Air India,1/06/2019,Delhi,Cochin,DEL → GOI → BOM → COK,10:55,19:15,8h 20m,2 stops,No info,13013
Vistara,09/03/2019,Banglore,New Delhi,BLR → DEL,16:10,18:50,2h 40m,non-stop,No info,7923
IndiGo,6/06/2019,Delhi,Cochin,DEL → HYD → COK,08:35,22:30,13h 55m,1 stop,No info,6442
Air India,21/03/2019,Banglore,New Delhi,BLR → COK → DEL,22:00,13:20 19 Mar,15h 20m,1 stop,No info,6955
IndiGo,1/05/2019,Banglore,Delhi,BLR → DEL,18:55,21:50,2h 55m,non-stop,No info,4823
Air Asia,6/05/2019,Banglore,Delhi,BLR → DEL,11:10,13:55,2h 45m,non-stop,No info,3383
Air India,6/06/2019,Kolkata,Banglore,CCU → BOM → BLR,09:25,21:50,12h 25m,1 stop,No info,8366
Jet Airways,1/06/2019,Mumbai,Hyderabad,BOM → HYD,07:05,08:30,1h 25m,non-stop,No info,5678
IndiGo,21/03/2019,Delhi,Cochin,DEL → BLR → COK,05:05,10:05,5h,1 stop,No info,6893
GoAir,3/04/2019,Banglore,Delhi,BLR → DEL,11:40,14:30,2h 50m,non-stop,No info,3898
Jet Airways,15/06/2019,Delhi,Cochin,DEL → BOM → COK,17:30,12:35 16 Jun,19h 5m,1 stop,In-flight meal not included,10262
Multiple carriers,27/03/2019,Delhi,Cochin,DEL → BOM → COK,11:40,18:50,7h 10m,1 stop,No info,11421
SpiceJet,9/04/2019,Banglore,Delhi,BLR → DEL,05:55,08:35,2h 40m,non-stop,No info,3971
Jet Airways,3/03/2019,Delhi,Cochin,DEL → BOM → COK,08:00,18:50,10h 50m,1 stop,No info,17024
Jet Airways,3/06/2019,Delhi,Cochin,DEL → ATQ → BOM → COK,20:00,04:25 04 Jun,8h 25m,2 stops,In-flight meal not included,15318
IndiGo,03/03/2019,Banglore,New Delhi,BLR → DEL,18:55,21:45,2h 50m,non-stop,No info,8855
IndiGo,27/06/2019,Delhi,Cochin,DEL → LKO → COK,21:50,03:35 28 Jun,5h 45m,1 stop,No info,5775
IndiGo,03/03/2019,Banglore,New Delhi,BLR → HYD → DEL,12:10,17:05,4h 55m,1 stop,No info,8738
SpiceJet,6/06/2019,Delhi,Cochin,DEL → MAA → COK,06:05,11:20,5h 15m,1 stop,No info,5583
Vistara,9/06/2019,Kolkata,Banglore,CCU → DEL → BLR,07:10,18:50,11h 40m,1 stop,No info,9555
Air India,12/06/2019,Delhi,Cochin,DEL → BOM → COK,09:00,19:15,10h 15m,1 stop,No info,8372
SpiceJet,21/03/2019,Mumbai,Hyderabad,BOM → HYD,13:10,14:30,1h 20m,non-stop,No info,3173
SpiceJet,12/06/2019,Kolkata,Banglore,CCU → IXB → BLR,15:55,21:25,5h 30m,1 stop,No info,8224
IndiGo,3/03/2019,Delhi,Cochin,DEL → BOM → COK,04:45,13:20,8h 35m,1 stop,No info,14871
Multiple carriers,6/06/2019,Delhi,Cochin,DEL → BOM → COK,07:30,19:15,11h 45m,1 stop,No info,9001
Jet Airways,1/05/2019,Kolkata,Banglore,CCU → BOM → BLR,08:25,20:45,12h 20m,1 stop,No info,14781
Jet Airways,27/03/2019,Delhi,Cochin,DEL → BOM → COK,18:15,04:25 28 Mar,10h 10m,1 stop,In-flight meal not included,6540
Jet Airways,24/06/2019,Delhi,Cochin,DEL → BOM → COK,14:00,12:35 25 Jun,22h 35m,1 stop,In-flight meal not included,10262
Vistara,27/06/2019,Banglore,Delhi,BLR → DEL,11:30,14:20,2h 50m,non-stop,No info,4668
Jet Airways,12/06/2019,Kolkata,Banglore,CCU → BOM → BLR,08:25,04:40 13 Jun,20h 15m,1 stop,In-flight meal not included,6224
Multiple carriers,6/03/2019,Delhi,Cochin,DEL → BOM → COK,13:00,01:35 07 Mar,12h 35m,1 stop,No info,15603
Multiple carriers,6/06/2019,Delhi,Cochin,DEL → BOM → COK,07:30,19:00,11h 30m,1 stop,No info,12524
Jet Airways,6/06/2019,Kolkata,Banglore,CCU → BOM → BLR,20:00,04:40 07 Jun,8h 40m,1 stop,No info,13731
Jet Airways,18/05/2019,Delhi,Cochin,DEL → JAI → BOM → COK,19:30,12:35 19 May,17h 5m,2 stops,No info,13014
Jet Airways,9/03/2019,Delhi,Cochin,DEL → BOM → COK,19:45,18:50 10 Mar,23h 5m,1 stop,No info,16289
SpiceJet,1/06/2019,Chennai,Kolkata,MAA → CCU,09:45,12:00,2h 15m,non-stop,No check-in baggage included,3543
IndiGo,24/06/2019,Delhi,Cochin,DEL → BOM → COK,16:00,01:30 25 Jun,9h 30m,1 stop,No info,6316
Jet Airways,6/03/2019,Delhi,Cochin,DEL → BOM → COK,22:20,04:25 07 Mar,6h 5m,1 stop,In-flight meal not included,12583
SpiceJet,21/05/2019,Delhi,Cochin,DEL → MAA → COK,06:05,11:20,5h 15m,1 stop,No info,6297
IndiGo,18/05/2019,Kolkata,Banglore,CCU → HYD → BLR,19:20,23:45,4h 25m,1 stop,No info,3717
Jet Airways,12/06/2019,Delhi,Cochin,DEL → BDQ → BOM → COK,18:25,12:35 13 Jun,18h 10m,2 stops,No info,14237
IndiGo,1/06/2019,Delhi,Cochin,DEL → LKO → COK,21:50,03:35 02 Jun,5h 45m,1 stop,No info,8238
Jet Airways,3/06/2019,Delhi,Cochin,DEL → BOM → COK,07:05,19:00,11h 55m,1 stop,No info,14924
Vistara,09/03/2019,Banglore,New Delhi,BLR → DEL,09:50,12:35,2h 45m,non-stop,No info,7240
Jet Airways,9/06/2019,Kolkata,Banglore,CCU → BOM → BLR,21:10,12:00 10 Jun,14h 50m,1 stop,In-flight meal not included,10844
Air India,6/03/2019,Delhi,Cochin,DEL → BHO → BOM → COK,05:55,19:15,13h 20m,2 stops,No info,13748
Jet Airways,15/06/2019,Delhi,Cochin,DEL → BOM → COK,11:30,04:25 16 Jun,16h 55m,1 stop,In-flight meal not included,10262
IndiGo,15/06/2019,Delhi,Cochin,DEL → MAA → COK,02:00,07:25,5h 25m,1 stop,No info,5636
Multiple carriers,21/05/2019,Delhi,Cochin,DEL → HYD → COK,13:05,00:55 22 May,11h 50m,1 stop,No info,9486
IndiGo,3/04/2019,Delhi,Cochin,DEL → BOM → COK,20:25,01:30 04 Apr,5h 5m,1 stop,No info,5073
Multiple carriers,18/05/2019,Delhi,Cochin,DEL → BOM → COK,07:05,21:00,13h 55m,1 stop,No info,13727
Air India,1/03/2019,Chennai,Kolkata,MAA → CCU,11:40,13:55,2h 15m,non-stop,No info,19630
Jet Airways,06/03/2019,Banglore,New Delhi,BLR → BOM → DEL,14:05,05:05 07 Mar,15h,1 stop,In-flight meal not included,13502
Jet Airways,9/06/2019,Delhi,Cochin,DEL → BOM → COK,22:50,04:25 10 Jun,5h 35m,1 stop,In-flight meal not included,10262
Jet Airways,9/04/2019,Delhi,Cochin,DEL → AMD → BOM → COK,13:25,12:35 10 Apr,23h 10m,2 stops,No info,9483
Air India,18/06/2019,Delhi,Cochin,DEL → COK,05:10,08:00,2h 50m,non-stop,No info,5201
Air Asia,24/05/2019,Kolkata,Banglore,CCU → DEL → BLR,07:35,19:25,11h 50m,1 stop,No info,5192
Jet Airways,9/05/2019,Delhi,Cochin,DEL → JAI → BOM → COK,19:30,12:35 10 May,17h 5m,2 stops,No info,15129
IndiGo,18/05/2019,Kolkata,Banglore,CCU → BLR,22:15,00:50 19 May,2h 35m,non-stop,No info,4804
Jet Airways,27/05/2019,Delhi,Cochin,DEL → BOM → COK,18:15,19:00 28 May,24h 45m,1 stop,No info,16079
Jet Airways,21/05/2019,Delhi,Cochin,DEL → BOM → COK,14:00,19:00,5h,1 stop,In-flight meal not included,12898
Vistara,1/06/2019,Banglore,Delhi,BLR → DEL,19:30,22:15,2h 45m,non-stop,No info,4878
SpiceJet,15/06/2019,Kolkata,Banglore,CCU → BLR,14:55,17:25,2h 30m,non-stop,No info,3873
Air India,1/05/2019,Kolkata,Banglore,CCU → IXR → BBI → BLR,05:50,13:15,7h 25m,2 stops,No info,7662
IndiGo,12/05/2019,Kolkata,Banglore,CCU → NAG → BLR,18:05,23:30,5h 25m,1 stop,No info,6218
IndiGo,24/04/2019,Kolkata,Banglore,CCU → BLR,17:15,19:50,2h 35m,non-stop,No info,4804
GoAir,6/03/2019,Delhi,Cochin,DEL → BOM → COK,14:10,19:20,5h 10m,1 stop,No info,19495
Jet Airways,9/06/2019,Delhi,Cochin,DEL → IDR → BOM → COK,21:25,12:35 10 Jun,15h 10m,2 stops,No info,13292
IndiGo,15/05/2019,Delhi,Cochin,DEL → BOM → COK,15:00,01:30 16 May,10h 30m,1 stop,No info,7191
Jet Airways,12/06/2019,Delhi,Cochin,DEL → ATQ → BOM → COK,20:00,12:35 13 Jun,16h 35m,2 stops,No info,14300
Jet Airways,15/05/2019,Kolkata,Banglore,CCU → BOM → BLR,08:25,20:45,12h 20m,1 stop,No info,14781
Multiple carriers,9/06/2019,Delhi,Cochin,DEL → BOM → COK,12:50,21:00,8h 10m,1 stop,No info,7005
Jet Airways,1/05/2019,Kolkata,Banglore,CCU → DEL → BLR,09:35,14:25 02 May,28h 50m,1 stop,In-flight meal not included,9314
Air India,18/04/2019,Delhi,Cochin,DEL → COK,18:05,21:10,3h 5m,non-stop,No info,8246
Vistara,21/05/2019,Kolkata,Banglore,CCU → DEL → BLR,17:00,18:50 22 May,25h 50m,1 stop,No info,9345
SpiceJet,27/06/2019,Chennai,Kolkata,MAA → CCU,09:45,12:00,2h 15m,non-stop,No check-in baggage included,3543
Jet Airways,12/06/2019,Kolkata,Banglore,CCU → BOM → BLR,16:30,04:40 13 Jun,12h 10m,1 stop,No info,12471
Multiple carriers,9/05/2019,Delhi,Cochin,DEL → BOM → COK,10:00,19:15,9h 15m,1 stop,No info,14323
SpiceJet,21/05/2019,Mumbai,Hyderabad,BOM → HYD,05:45,07:15,1h 30m,non-stop,No check-in baggage included,1965
Air Asia,1/05/2019,Kolkata,Banglore,CCU → BLR,10:20,12:55,2h 35m,non-stop,No info,4409
GoAir,03/03/2019,Banglore,New Delhi,BLR → DEL,20:55,23:50,2h 55m,non-stop,No info,6722
Jet Airways,12/06/2019,Kolkata,Banglore,CCU → BOM → BLR,18:55,19:50 13 Jun,24h 55m,1 stop,In-flight meal not included,8529
SpiceJet,18/03/2019,Chennai,Kolkata,MAA → CCU,09:30,12:05,2h 35m,non-stop,No info,3859
Jet Airways,15/03/2019,Banglore,New Delhi,BLR → BOM → DEL,08:00,15:15,7h 15m,1 stop,In-flight meal not included,9134
SpiceJet,24/04/2019,Kolkata,Banglore,CCU → BLR,17:10,19:40,2h 30m,non-stop,No info,4174
Jet Airways,1/06/2019,Delhi,Cochin,DEL → BOM → COK,08:00,04:25 02 Jun,20h 25m,1 stop,In-flight meal not included,10262
Jet Airways,27/05/2019,Delhi,Cochin,DEL → BOM → COK,17:30,19:00 28 May,25h 30m,1 stop,No info,16079
SpiceJet,24/03/2019,Kolkata,Banglore,CCU → MAA → BLR,15:05,20:45,5h 40m,1 stop,No info,6197
Jet Airways,15/06/2019,Banglore,Delhi,BLR → DEL,19:50,22:50,3h,non-stop,In-flight meal not included,7229
Jet Airways,27/04/2019,Banglore,Delhi,BLR → DEL,06:00,08:45,2h 45m,non-stop,In-flight meal not included,4544
SpiceJet,24/03/2019,Kolkata,Banglore,CCU → BLR,06:55,09:35,2h 40m,non-stop,No check-in baggage included,4781
Air Asia,9/04/2019,Kolkata,Banglore,CCU → BBI → BLR,06:50,10:30,3h 40m,1 stop,No info,5162
Air India,24/03/2019,Kolkata,Banglore,CCU → BOM → GOI → BLR,09:25,05:35 25 Mar,20h 10m,2 stops,No info,13349
Jet Airways,18/05/2019,Kolkata,Banglore,CCU → BOM → BLR,08:25,16:20,7h 55m,1 stop,In-flight meal not included,10844
Vistara Premium economy,03/03/2019,Banglore,New Delhi,BLR → DEL,16:00,18:35,2h 35m,non-stop,No info,11793
Jet Airways,9/06/2019,Kolkata,Banglore,CCU → BOM → BLR,18:55,04:40 10 Jun,9h 45m,1 stop,In-flight meal not included,9663
Air India,3/06/2019,Delhi,Cochin,DEL → BOM → COK,03:50,19:15,15h 25m,1 stop,No info,8669
Jet Airways,1/04/2019,Delhi,Cochin,DEL → BOM → COK,10:00,19:00,9h,1 stop,In-flight meal not included,5406
Jet Airways,12/03/2019,Banglore,New Delhi,BLR → BOM → DEL,08:55,10:25 13 Mar,25h 30m,1 stop,In-flight meal not included,11087
Vistara,15/06/2019,Chennai,Kolkata,MAA → CCU,07:05,09:20,2h 15m,non-stop,No info,3687
SpiceJet,21/05/2019,Kolkata,Banglore,CCU → MAA → BLR,15:05,20:20,5h 15m,1 stop,No info,4649
Multiple carriers,21/03/2019,Delhi,Cochin,DEL → BOM → COK,09:00,21:00,12h,1 stop,No info,13062
Jet Airways,27/06/2019,Delhi,Cochin,DEL → AMD → BOM → COK,23:05,19:00 28 Jun,19h 55m,2 stops,In-flight meal not included,11150
Multiple carriers,3/06/2019,Delhi,Cochin,DEL → BOM → COK,08:45,19:00,10h 15m,1 stop,No info,12524
Jet Airways,09/03/2019,Banglore,New Delhi,BLR → BOM → DEL,05:45,08:15 13 Mar,26h 30m,1 stop,In-flight meal not included,9134
Jet Airways,24/06/2019,Delhi,Cochin,DEL → AMD → BOM → COK,23:05,12:35 25 Jun,13h 30m,2 stops,No info,12819
SpiceJet,15/05/2019,Banglore,Delhi,BLR → DEL,05:55,08:35,2h 40m,non-stop,No check-in baggage included,3257
Jet Airways,24/05/2019,Delhi,Cochin,DEL → AMD → BOM → COK,23:05,19:00 25 May,19h 55m,2 stops,No info,15129
GoAir,27/06/2019,Banglore,Delhi,BLR → DEL,11:40,14:30,2h 50m,non-stop,No info,3898
Jet Airways,12/03/2019,Banglore,New Delhi,BLR → BOM → DEL,20:35,15:15 13 Mar,18h 40m,1 stop,In-flight meal not included,11087
Air India,18/03/2019,Banglore,New Delhi,BLR → DEL,13:20,16:10,2h 50m,non-stop,No info,4441
IndiGo,27/03/2019,Delhi,Cochin,DEL → BOM → COK,16:00,01:35 28 Mar,9h 35m,1 stop,No info,7048
Vistara,27/06/2019,Banglore,Delhi,BLR → DEL,17:00,19:35,2h 35m,non-stop,No info,4878
IndiGo,15/03/2019,Banglore,New Delhi,BLR → DEL,18:25,21:20,2h 55m,non-stop,No info,8855
IndiGo,9/03/2019,Delhi,Cochin,DEL → HYD → COK,04:55,16:10,11h 15m,1 stop,No info,6171
Jet Airways,27/05/2019,Delhi,Cochin,DEL → BOM → COK,20:55,04:25 28 May,7h 30m,1 stop,In-flight meal not included,12898
Jet Airways,24/03/2019,Kolkata,Banglore,CCU → BOM → BLR,16:55,04:45 25 Mar,11h 50m,1 stop,No info,14231
IndiGo,12/04/2019,Banglore,Delhi,BLR → DEL,23:30,02:20 13 Apr,2h 50m,non-stop,No info,6906
Multiple carriers,15/05/2019,Delhi,Cochin,DEL → BOM → COK,11:30,19:15,7h 45m,1 stop,No info,14323
SpiceJet,9/04/2019,Banglore,Delhi,BLR → DEL,21:10,00:05 10 Apr,2h 55m,non-stop,No info,3971
Jet Airways,18/05/2019,Delhi,Cochin,DEL → BOM → COK,19:45,19:00 19 May,23h 15m,1 stop,In-flight meal not included,12373
IndiGo,27/06/2019,Chennai,Kolkata,MAA → CCU,11:35,14:00,2h 25m,non-stop,No info,3858
Jet Airways,12/05/2019,Kolkata,Banglore,CCU → BOM → BLR,18:55,04:40 13 May,9h 45m,1 stop,No info,14388
IndiGo,6/03/2019,Kolkata,Banglore,CCU → BLR,17:15,19:55,2h 40m,non-stop,No info,5618
Jet Airways,21/03/2019,Delhi,Cochin,DEL → UDR → BOM → COK,18:20,04:25 23 Mar,34h 5m,2 stops,No info,13082
IndiGo,6/03/2019,Chennai,Kolkata,MAA → CCU,05:15,07:35,2h 20m,non-stop,No info,6482
Jet Airways,01/03/2019,Banglore,New Delhi,BLR → BOM → DEL,08:55,15:15,6h 20m,1 stop,No info,26890
Air India,18/03/2019,Banglore,New Delhi,BLR → CCU → GAU → DEL,11:05,22:10,11h 5m,2 stops,No info,10846
Air India,01/03/2019,Banglore,New Delhi,BLR → CCU → DEL,05:50,22:45,16h 55m,1 stop,No info,14069
Jet Airways,1/04/2019,Delhi,Cochin,DEL → BOM → COK,22:50,12:35 02 Apr,13h 45m,1 stop,In-flight meal not included,5177
Multiple carriers,24/06/2019,Delhi,Cochin,DEL → BOM → COK,11:40,19:00,7h 20m,1 stop,In-flight meal not included,10791
SpiceJet,21/03/2019,Chennai,Kolkata,MAA → CCU,08:20,10:35,2h 15m,non-stop,No check-in baggage included,3332
Jet Airways,9/05/2019,Delhi,Cochin,DEL → BOM → COK,07:05,19:00,11h 55m,1 stop,No info,15554
IndiGo,9/06/2019,Delhi,Cochin,DEL → HYD → COK,07:35,16:10,8h 35m,1 stop,No info,6442
SpiceJet,3/04/2019,Kolkata,Banglore,CCU → BLR,22:20,00:40 04 Apr,2h 20m,non-stop,No info,3873
Jet Airways,3/04/2019,Delhi,Cochin,DEL → BOM → COK,14:00,12:35 04 Apr,22h 35m,1 stop,In-flight meal not included,5177
Jet Airways,12/06/2019,Kolkata,Banglore,CCU → BOM → BLR,16:30,10:05 13 Jun,17h 35m,1 stop,No info,13044
IndiGo,24/06/2019,Delhi,Cochin,DEL → HYD → COK,16:10,22:30,6h 20m,1 stop,No info,6412
Air India,3/06/2019,Banglore,Delhi,BLR → DEL,21:05,23:55,2h 50m,non-stop,No info,6961
IndiGo,1/06/2019,Banglore,Delhi,BLR → DEL,01:30,04:15,2h 45m,non-stop,No info,4077
Jet Airways,27/05/2019,Mumbai,Hyderabad,BOM → HYD,10:20,11:50,1h 30m,non-stop,In-flight meal not included,4995
Air India,1/06/2019,Delhi,Cochin,DEL → AMD → BOM → COK,19:45,19:15 02 Jun,23h 30m,2 stops,No info,10651
Air India,21/03/2019,Delhi,Cochin,DEL → BOM → COK,19:00,19:15 22 Mar,24h 15m,1 stop,No info,6587
IndiGo,9/03/2019,Delhi,Cochin,DEL → HYD → MAA → COK,06:40,21:20,14h 40m,2 stops,No info,8146
SpiceJet,15/06/2019,Kolkata,Banglore,CCU → BLR,14:55,17:25,2h 30m,non-stop,No check-in baggage included,3841
Multiple carriers,6/03/2019,Delhi,Cochin,DEL → BOM → COK,07:30,19:15,11h 45m,1 stop,No info,15353
IndiGo,24/03/2019,Banglore,New Delhi,BLR → DEL,18:25,21:20,2h 55m,non-stop,No info,7303
GoAir,9/04/2019,Banglore,Delhi,BLR → DEL,20:55,23:40,2h 45m,non-stop,No info,4239
Multiple carriers,27/05/2019,Delhi,Cochin,DEL → BOM → COK,17:45,01:30 28 May,7h 45m,1 stop,No info,6795
Jet Airways,9/06/2019,Banglore,Delhi,BLR → DEL,18:55,22:00,3h 5m,non-stop,No info,8016
Multiple carriers,9/05/2019,Delhi,Cochin,DEL → BOM → COK,07:30,19:00,11h 30m,1 stop,No info,9315
Vistara,6/05/2019,Kolkata,Banglore,CCU → DEL → BLR,20:20,22:40 07 May,26h 20m,1 stop,No info,8452
Air India,1/04/2019,Kolkata,Banglore,CCU → DEL → AMD → BLR,10:00,05:25 02 Apr,19h 25m,2 stops,No info,12639
Jet Airways,1/04/2019,Kolkata,Banglore,CCU → BOM → BLR,18:55,19:50 02 Apr,24h 55m,1 stop,In-flight meal not included,7064
IndiGo,6/06/2019,Delhi,Cochin,DEL → HYD → COK,05:05,12:10,7h 5m,1 stop,No info,6818
Air Asia,3/03/2019,Delhi,Cochin,DEL → BLR → COK,16:45,22:15,5h 30m,1 stop,No info,13774
Vistara,3/06/2019,Banglore,Delhi,BLR → DEL,19:30,22:15,2h 45m,non-stop,No info,4878
Jet Airways,18/05/2019,Kolkata,Banglore,CCU → BOM → BLR,16:30,19:50 19 May,27h 20m,1 stop,In-flight meal not included,10844
IndiGo,01/03/2019,Banglore,New Delhi,BLR → NAG → DEL,16:50,21:35,4h 45m,1 stop,No info,13302
Air Asia,3/04/2019,Banglore,Delhi,BLR → DEL,23:55,02:45 04 Apr,2h 50m,non-stop,No info,4483
Air India,3/04/2019,Delhi,Cochin,DEL → MAA → COK,06:05,09:25 04 Apr,27h 20m,1 stop,No info,5117
Air India,21/05/2019,Delhi,Cochin,DEL → BHO → BOM → COK,05:55,19:15,13h 20m,2 stops,No info,10861
Multiple carriers,27/05/2019,Delhi,Cochin,DEL → HYD → COK,13:15,22:30,9h 15m,1 stop,No info,9646
Multiple carriers,6/03/2019,Delhi,Cochin,DEL → BOM → COK,02:15,13:20,11h 5m,1 stop,No info,17057
Jet Airways,24/06/2019,Delhi,Cochin,DEL → BOM → COK,20:55,04:25 25 Jun,7h 30m,1 stop,In-flight meal not included,10262
Air India,1/05/2019,Banglore,Delhi,BLR → DEL,06:10,08:55,2h 45m,non-stop,No info,6121
Jet Airways,18/03/2019,Banglore,New Delhi,BLR → BOM → DEL,14:05,05:05 16 Mar,15h,1 stop,No info,13555
Air India,27/06/2019,Delhi,Cochin,DEL → GOI → BOM → COK,22:00,19:15 28 Jun,21h 15m,2 stops,No info,10441
IndiGo,24/06/2019,Delhi,Cochin,DEL → BLR → COK,15:10,20:00,4h 50m,1 stop,No info,6147
Jet Airways,6/03/2019,Delhi,Cochin,DEL → BOM → COK,02:15,04:25 07 Mar,26h 10m,1 stop,No info,17024
Jet Airways,27/05/2019,Delhi,Cochin,DEL → BOM → COK,13:00,04:25 28 May,15h 25m,1 stop,In-flight meal not included,12898
Jet Airways,27/03/2019,Mumbai,Hyderabad,BOM → HYD,19:35,21:05,1h 30m,non-stop,No info,5678
IndiGo,24/04/2019,Delhi,Cochin,DEL → COK,05:35,08:50,3h 15m,non-stop,No info,5013
Air India,18/05/2019,Delhi,Cochin,DEL → BOM → COK,13:00,19:15,6h 15m,1 stop,No info,10191
Jet Airways,9/03/2019,Delhi,Cochin,DEL → BOM → COK,02:15,19:45,17h 30m,1 stop,In-flight meal not included,13843
IndiGo,24/04/2019,Banglore,Delhi,BLR → DEL,23:30,02:20 25 Apr,2h 50m,non-stop,No info,3943
Air India,21/05/2019,Kolkata,Banglore,CCU → IXR → DEL → BLR,05:50,20:25,14h 35m,2 stops,No info,12303
IndiGo,24/06/2019,Delhi,Cochin,DEL → BOM → COK,11:25,01:30 25 Jun,14h 5m,1 stop,No info,5684
Multiple carriers,12/06/2019,Delhi,Cochin,DEL → HYD → COK,07:10,16:10,9h,1 stop,No info,6513
Jet Airways,24/06/2019,Delhi,Cochin,DEL → BOM → COK,09:00,12:35 25 Jun,27h 35m,1 stop,In-flight meal not included,10262
IndiGo,3/05/2019,Mumbai,Hyderabad,BOM → HYD,02:35,04:05,1h 30m,non-stop,No info,2754
Air Asia,6/05/2019,Kolkata,Banglore,CCU → DEL → BLR,07:35,23:30,15h 55m,1 stop,No info,5192
Air India,15/05/2019,Delhi,Cochin,DEL → TRV → COK,05:15,06:50 16 May,25h 35m,1 stop,No info,8425
IndiGo,3/03/2019,Delhi,Cochin,DEL → BOM → COK,17:30,01:35 04 Mar,8h 5m,1 stop,No info,14871
Jet Airways,21/05/2019,Delhi,Cochin,DEL → BOM → COK,07:05,04:25 22 May,21h 20m,1 stop,In-flight meal not included,12898
Jet Airways,18/05/2019,Mumbai,Hyderabad,BOM → HYD,10:20,11:50,1h 30m,non-stop,No info,5678
Vistara,21/04/2019,Delhi,Cochin,DEL → COK,14:40,17:50,3h 10m,non-stop,No info,6741
Multiple carriers,6/06/2019,Delhi,Cochin,DEL → BOM → COK,10:35,19:15,8h 40m,1 stop,No info,7354
Air India,15/03/2019,Banglore,New Delhi,BLR → HYD → DEL,08:15,12:15,4h,1 stop,No info,5013
Jet Airways,1/05/2019,Banglore,Delhi,BLR → DEL,19:50,22:50,3h,non-stop,No info,7229
IndiGo,09/03/2019,Banglore,New Delhi,BLR → DEL,06:00,08:45,2h 45m,non-stop,No info,7648
Multiple carriers,9/05/2019,Delhi,Cochin,DEL → BOM → COK,10:00,19:00,9h,1 stop,No info,10197
Jet Airways,27/05/2019,Delhi,Cochin,DEL → BOM → COK,16:00,12:35 28 May,20h 35m,1 stop,In-flight meal not included,12898
Air India,15/05/2019,Kolkata,Banglore,CCU → HYD → BLR,19:00,11:05 16 May,16h 5m,1 stop,No info,6117
Air India,01/03/2019,Banglore,New Delhi,BLR → BOM → AMD → DEL,08:50,23:55,15h 5m,2 stops,No info,17345
Multiple carriers,6/05/2019,Delhi,Cochin,DEL → BOM → COK,19:00,01:30 07 May,6h 30m,1 stop,No info,8073
Vistara,6/03/2019,Mumbai,Hyderabad,BOM → DEL → HYD,15:40,16:45 07 Mar,25h 5m,1 stop,No info,12395
Jet Airways,6/05/2019,Kolkata,Banglore,CCU → BOM → BLR,06:30,04:40 07 May,22h 10m,1 stop,No info,13941
Vistara,12/06/2019,Banglore,Delhi,BLR → DEL,07:00,09:40,2h 40m,non-stop,No info,4668
Multiple carriers,21/05/2019,Delhi,Cochin,DEL → BOM → COK,11:30,01:30 22 May,14h,1 stop,No info,14067
Jet Airways,24/05/2019,Banglore,Delhi,BLR → DEL,06:00,08:45,2h 45m,non-stop,In-flight meal not included,4030
Air India,9/06/2019,Kolkata,Banglore,CCU → BBI → BLR,12:00,13:15 10 Jun,25h 15m,1 stop,No info,7662
SpiceJet,12/06/2019,Delhi,Cochin,DEL → PNQ → COK,08:45,13:15,4h 30m,1 stop,No info,5264
Jet Airways,18/05/2019,Delhi,Cochin,DEL → AMD → BOM → COK,23:05,04:25 20 May,29h 20m,2 stops,No info,15129
Jet Airways,6/06/2019,Delhi,Cochin,DEL → BOM → COK,08:00,19:00,11h,1 stop,No info,14714
IndiGo,18/03/2019,Kolkata,Banglore,CCU → BLR,09:35,12:20,2h 45m,non-stop,No info,4462
Multiple carriers,21/03/2019,Delhi,Cochin,DEL → BOM → COK,11:40,01:35 22 Mar,13h 55m,1 stop,No info,7695
IndiGo,6/05/2019,Kolkata,Banglore,CCU → BLR,21:25,00:05 07 May,2h 40m,non-stop,No info,4804
Jet Airways,12/06/2019,Kolkata,Banglore,CCU → BOM → BLR,06:30,12:00,5h 30m,1 stop,In-flight meal not included,9899
IndiGo,3/03/2019,Delhi,Cochin,DEL → BOM → COK,09:10,21:00,11h 50m,1 stop,No info,14871
Air India,6/06/2019,Delhi,Cochin,DEL → JAI → BOM → COK,18:45,19:15 07 Jun,24h 30m,2 stops,No info,13465
Air India,9/06/2019,Kolkata,Banglore,CCU → BOM → COK → BLR,09:25,13:45 10 Jun,28h 20m,2 stops,No info,11542
IndiGo,18/03/2019,Banglore,New Delhi,BLR → HYD → DEL,16:15,20:35,4h 20m,1 stop,No info,4437
IndiGo,3/03/2019,Chennai,Kolkata,MAA → CCU,14:40,17:05,2h 25m,non-stop,No info,7295
SpiceJet,27/03/2019,Chennai,Kolkata,MAA → CCU,17:45,20:05,2h 20m,non-stop,No info,3384
Vistara,24/03/2019,Kolkata,Banglore,CCU → DEL → BLR,20:20,22:10 25 Mar,25h 50m,1 stop,No info,11105
Jet Airways,18/04/2019,Banglore,Delhi,BLR → DEL,15:15,18:10,2h 55m,non-stop,In-flight meal not included,5198
Air India,21/04/2019,Banglore,Delhi,BLR → DEL,21:05,23:55,2h 50m,non-stop,No info,5228
GoAir,18/04/2019,Banglore,Delhi,BLR → DEL,11:40,14:30,2h 50m,non-stop,No info,4937
Jet Airways,6/05/2019,Kolkata,Banglore,CCU → BOM → BLR,14:05,09:20 07 May,19h 15m,1 stop,In-flight meal not included,9663
Jet Airways,12/06/2019,Delhi,Cochin,DEL → BOM → COK,14:00,12:35 13 Jun,22h 35m,1 stop,In-flight meal not included,10262
Jet Airways,9/03/2019,Delhi,Cochin,DEL → COK,11:00,14:15,3h 15m,non-stop,In-flight meal not included,7202
Jet Airways,6/06/2019,Delhi,Cochin,DEL → JAI → BOM → COK,09:40,04:25 07 Jun,18h 45m,2 stops,No info,13014
IndiGo,12/04/2019,Banglore,Delhi,BLR → DEL,18:55,21:50,2h 55m,non-stop,No info,5780
Jet Airways,12/06/2019,Kolkata,Banglore,CCU → BOM → BLR,14:05,08:15 13 Jun,18h 10m,1 stop,No info,13044
Jet Airways,21/03/2019,Delhi,Cochin,DEL → BDQ → BOM → COK,18:25,18:50 22 Mar,24h 25m,2 stops,In-flight meal not included,9270
Multiple carriers,27/06/2019,Delhi,Cochin,DEL → BOM → COK,11:30,21:00,9h 30m,1 stop,No info,13587
Multiple carriers,27/03/2019,Delhi,Cochin,DEL → BOM → COK,07:05,15:30,8h 25m,1 stop,No info,12537
IndiGo,1/06/2019,Delhi,Cochin,DEL → BLR → COK,05:10,10:05,4h 55m,1 stop,No info,6842
Jet Airways,3/03/2019,Delhi,Cochin,DEL → IDR → BOM → COK,05:25,18:50 04 Mar,37h 25m,2 stops,No info,18799
Multiple carriers,9/06/2019,Delhi,Cochin,DEL → BOM → COK,09:00,21:00,12h,1 stop,No info,13587
Jet Airways,3/06/2019,Delhi,Cochin,DEL → JAI → BOM → COK,05:30,19:00,13h 30m,2 stops,No info,13014
IndiGo,3/06/2019,Banglore,Delhi,BLR → DEL,22:10,01:00 04 Jun,2h 50m,non-stop,No info,3359
Air India,1/06/2019,Delhi,Cochin,DEL → BOM → COK,07:00,19:15,12h 15m,1 stop,No info,9929
Vistara,27/06/2019,Banglore,Delhi,BLR → DEL,07:00,09:40,2h 40m,non-stop,No info,4668
Multiple carriers,12/06/2019,Delhi,Cochin,DEL → HYD → COK,07:05,22:30,15h 25m,1 stop,No info,9646
SpiceJet,18/06/2019,Mumbai,Hyderabad,BOM → HYD,13:15,14:45,1h 30m,non-stop,No check-in baggage included,1965
Jet Airways,12/03/2019,Banglore,New Delhi,BLR → BOM → DEL,18:55,10:45 13 Mar,15h 50m,1 stop,In-flight meal not included,11087
Jet Airways,6/06/2019,Delhi,Cochin,DEL → BOM → COK,09:00,19:00,10h,1 stop,No info,14714
Jet Airways,3/04/2019,Delhi,Cochin,DEL → BOM → COK,14:00,19:00,5h,1 stop,In-flight meal not included,5177
Vistara,3/05/2019,Banglore,Delhi,BLR → DEL,07:00,09:40,2h 40m,non-stop,No info,4668
GoAir,3/03/2019,Delhi,Cochin,DEL → BOM → COK,07:00,12:50,5h 50m,1 stop,No info,7378
Jet Airways,9/06/2019,Delhi,Cochin,DEL → LKO → BOM → COK,09:25,04:25 10 Jun,19h,2 stops,No info,13882
IndiGo,18/04/2019,Kolkata,Banglore,CCU → BLR,20:20,22:55,2h 35m,non-stop,No info,4174
Jet Airways,6/05/2019,Kolkata,Banglore,CCU → BOM → BLR,18:55,08:15 07 May,13h 20m,1 stop,In-flight meal not included,7757
IndiGo,6/04/2019,Banglore,Delhi,BLR → DEL,04:00,06:50,2h 50m,non-stop,No info,4423
IndiGo,27/06/2019,Delhi,Cochin,DEL → BOM → COK,10:35,21:00,10h 25m,1 stop,No info,5894
Air India,18/05/2019,Kolkata,Banglore,CCU → BLR,14:15,16:45,2h 30m,non-stop,No info,6245
Jet Airways,1/05/2019,Kolkata,Banglore,CCU → DEL → BLR,09:35,10:55 02 May,25h 20m,1 stop,No info,12121
IndiGo,24/03/2019,Banglore,New Delhi,BLR → DEL,22:20,01:10 28 Mar,2h 50m,non-stop,No info,4377
Vistara,6/03/2019,Chennai,Kolkata,MAA → CCU,07:05,09:20,2h 15m,non-stop,No info,7414
Multiple carriers,18/05/2019,Delhi,Cochin,DEL → BOM → COK,09:00,19:00,10h,1 stop,No info,10197
Jet Airways,06/03/2019,Banglore,New Delhi,BLR → BOM → DEL,14:05,11:25 07 Mar,21h 20m,1 stop,In-flight meal not included,13712
Jet Airways,1/04/2019,Kolkata,Banglore,CCU → BOM → BLR,08:25,20:45,12h 20m,1 stop,In-flight meal not included,7064
IndiGo,21/06/2019,Chennai,Kolkata,MAA → CCU,05:15,07:40,2h 25m,non-stop,No info,3540
Jet Airways,3/06/2019,Banglore,Delhi,BLR → DEL,19:50,22:50,3h,non-stop,In-flight meal not included,6478
Jet Airways,18/05/2019,Delhi,Cochin,DEL → JAI → BOM → COK,19:30,04:25 19 May,8h 55m,2 stops,In-flight meal not included,13029
Air India,21/03/2019,Banglore,New Delhi,BLR → MAA → DEL,11:50,19:50,8h,1 stop,No info,5932
Jet Airways,6/06/2019,Delhi,Cochin,DEL → NAG → BOM → COK,06:45,04:25 07 Jun,21h 40m,2 stops,No info,13376
Air India,3/04/2019,Delhi,Cochin,DEL → MAA → COK,12:30,09:25 04 Apr,20h 55m,1 stop,No info,5117
Jet Airways,27/03/2019,Delhi,Cochin,DEL → BOM → COK,19:15,04:25 28 Mar,9h 10m,1 stop,In-flight meal not included,6540
Jet Airways,6/05/2019,Kolkata,Banglore,CCU → BOM → BLR,14:05,10:05 07 May,20h,1 stop,In-flight meal not included,9663
Jet Airways,1/06/2019,Delhi,Cochin,DEL → BOM → COK,10:00,04:25 02 Jun,18h 25m,1 stop,In-flight meal not included,10262
IndiGo,12/05/2019,Chennai,Kolkata,MAA → CCU,14:45,17:05,2h 20m,non-stop,No info,3858
Jet Airways,18/04/2019,Banglore,Delhi,BLR → DEL,15:15,18:10,2h 55m,non-stop,No info,7229
Jet Airways,24/06/2019,Mumbai,Hyderabad,BOM → HYD,08:45,10:15,1h 30m,non-stop,In-flight meal not included,4995
Multiple carriers,24/06/2019,Delhi,Cochin,DEL → BOM → COK,08:45,19:00,10h 15m,1 stop,No info,12524
SpiceJet,6/06/2019,Delhi,Cochin,DEL → PNQ → COK,08:45,13:15,4h 30m,1 stop,No info,5264
Jet Airways,24/05/2019,Banglore,Delhi,BLR → DEL,11:10,14:05,2h 55m,non-stop,In-flight meal not included,4030
IndiGo,18/05/2019,Kolkata,Banglore,CCU → BLR,21:25,00:05 19 May,2h 40m,non-stop,No info,4804
Jet Airways,27/03/2019,Delhi,Cochin,DEL → BOM → COK,13:00,04:25 28 Mar,15h 25m,1 stop,No info,12242
Jet Airways,3/06/2019,Delhi,Cochin,DEL → BOM → COK,16:00,19:00 04 Jun,27h,1 stop,No info,14714
SpiceJet,21/05/2019,Chennai,Kolkata,MAA → CCU,17:45,20:05,2h 20m,non-stop,No check-in baggage included,3543
Air India,9/06/2019,Kolkata,Banglore,CCU → BBI → BLR,09:10,13:15,4h 5m,1 stop,No info,8996
IndiGo,12/03/2019,Kolkata,Banglore,CCU → BLR,20:25,23:05,2h 40m,non-stop,No info,4148
IndiGo,09/03/2019,Banglore,New Delhi,BLR → DEL,18:25,21:20,2h 55m,non-stop,No info,6860
Vistara,15/04/2019,Delhi,Cochin,DEL → COK,06:00,09:10,3h 10m,non-stop,No info,6216
Air India,21/05/2019,Delhi,Cochin,DEL → BHO → BOM → COK,05:55,07:40 22 May,25h 45m,2 stops,No info,11911
Jet Airways,12/05/2019,Kolkata,Banglore,CCU → BOM → BLR,21:10,09:20 13 May,12h 10m,1 stop,No info,14388
Multiple carriers,3/03/2019,Delhi,Cochin,DEL → HYD → COK,07:10,16:10,9h,1 stop,In-flight meal not included,8552
Jet Airways,12/05/2019,Kolkata,Banglore,CCU → BOM → BLR,08:25,20:45,12h 20m,1 stop,In-flight meal not included,10844
IndiGo,6/04/2019,Banglore,Delhi,BLR → DEL,18:25,21:20,2h 55m,non-stop,No info,4823
Multiple carriers,15/06/2019,Delhi,Cochin,DEL → BOM → COK,10:20,01:30 16 Jun,15h 10m,1 stop,No info,6795
Multiple carriers,9/06/2019,Delhi,Cochin,DEL → BOM → COK,19:00,01:30 10 Jun,6h 30m,1 stop,No info,7408
Multiple carriers,18/05/2019,Delhi,Cochin,DEL → BOM → COK,14:00,21:00,7h,1 stop,No info,13727
IndiGo,24/03/2019,Banglore,New Delhi,BLR → DEL,22:20,01:10 22 Mar,2h 50m,non-stop,No info,3897
Multiple carriers,27/05/2019,Delhi,Cochin,DEL → BOM → COK,11:25,19:15,7h 50m,1 stop,No info,8625
Air India,12/06/2019,Delhi,Cochin,DEL → CCU → BOM → COK,20:15,19:15 13 Jun,23h,2 stops,No info,13381
Jet Airways,18/05/2019,Delhi,Cochin,DEL → BOM → COK,20:55,19:00 19 May,22h 5m,1 stop,In-flight meal not included,12373
IndiGo,18/06/2019,Banglore,Delhi,BLR → DEL,21:15,00:15 19 Jun,3h,non-stop,No info,3943
Vistara,24/05/2019,Chennai,Kolkata,MAA → CCU,07:05,09:20,2h 15m,non-stop,No info,3687
IndiGo,24/06/2019,Delhi,Cochin,DEL → BOM → COK,10:35,21:00,10h 25m,1 stop,No info,5894
IndiGo,24/06/2019,Delhi,Cochin,DEL → MAA → COK,02:00,07:25,5h 25m,1 stop,No info,5636
Jet Airways,6/05/2019,Kolkata,Banglore,CCU → BOM → BLR,20:00,12:00 07 May,16h,1 stop,No info,14388
IndiGo,3/06/2019,Chennai,Kolkata,MAA → CCU,14:45,17:05,2h 20m,non-stop,No info,3597
Jet Airways,24/05/2019,Kolkata,Banglore,CCU → BOM → BLR,20:00,08:15 25 May,12h 15m,1 stop,In-flight meal not included,8586
IndiGo,24/03/2019,Banglore,New Delhi,BLR → DEL,00:40,03:25,2h 45m,non-stop,No info,4777
IndiGo,9/05/2019,Delhi,Cochin,DEL → HYD → COK,06:50,16:10,9h 20m,1 stop,No info,6442
GoAir,24/03/2019,Kolkata,Banglore,CCU → BOM → BLR,22:25,07:40 25 Mar,9h 15m,1 stop,No info,10091
Multiple carriers,3/06/2019,Delhi,Cochin,DEL → BOM → COK,08:30,19:15,10h 45m,1 stop,No info,7677
Jet Airways,12/05/2019,Banglore,Delhi,BLR → DEL,15:15,18:10,2h 55m,non-stop,No info,7229
Multiple carriers,9/06/2019,Delhi,Cochin,DEL → BOM → COK,09:00,19:00,10h,1 stop,No info,12192
IndiGo,1/05/2019,Delhi,Cochin,DEL → LKO → COK,21:50,03:35 02 May,5h 45m,1 stop,No info,6349
Jet Airways,6/03/2019,Delhi,Cochin,DEL → BOM → COK,18:15,19:45 07 Mar,25h 30m,1 stop,No info,17024
Multiple carriers,27/03/2019,Delhi,Cochin,DEL → HYD → COK,09:45,22:20,12h 35m,1 stop,No info,6601
Air India,9/05/2019,Banglore,Delhi,BLR → DEL,10:00,12:45,2h 45m,non-stop,No info,5228
Multiple carriers,27/05/2019,Delhi,Cochin,DEL → BOM → COK,17:30,01:30 28 May,8h,1 stop,In-flight meal not included,7308
Air Asia,12/05/2019,Kolkata,Banglore,CCU → BLR,10:20,12:55,2h 35m,non-stop,No info,5216
Jet Airways,21/05/2019,Kolkata,Banglore,CCU → BOM → BLR,20:00,19:50 22 May,23h 50m,1 stop,In-flight meal not included,10844
IndiGo,6/03/2019,Chennai,Kolkata,MAA → CCU,13:20,15:35,2h 15m,non-stop,No info,7295
IndiGo,15/03/2019,Kolkata,Banglore,CCU → BLR,15:20,17:55,2h 35m,non-stop,No info,4148
Jet Airways,27/05/2019,Delhi,Cochin,DEL → BOM → COK,22:50,04:25 28 May,5h 35m,1 stop,In-flight meal not included,12898
IndiGo,15/05/2019,Delhi,Cochin,DEL → BLR → COK,05:10,10:05,4h 55m,1 stop,No info,6496
Multiple carriers,12/06/2019,Delhi,Cochin,DEL → BOM → COK,08:45,19:15,10h 30m,1 stop,No info,8266
IndiGo,15/05/2019,Delhi,Cochin,DEL → HYD → COK,06:50,16:10,9h 20m,1 stop,No info,6442
SpiceJet,21/05/2019,Chennai,Kolkata,MAA → CCU,09:45,12:00,2h 15m,non-stop,No check-in baggage included,3543
Multiple carriers,3/06/2019,Delhi,Cochin,DEL → BOM → COK,07:30,19:15,11h 45m,1 stop,No info,9736
Jet Airways,12/06/2019,Kolkata,Banglore,CCU → BOM → BLR,20:00,12:00 13 Jun,16h,1 stop,In-flight meal not included,8529
SpiceJet,24/05/2019,Kolkata,Banglore,CCU → PNQ → BLR,08:35,17:15,8h 40m,1 stop,No info,6643
SpiceJet,21/04/2019,Kolkata,Banglore,CCU → BLR,22:20,00:40 22 Apr,2h 20m,non-stop,No info,4911
Jet Airways,01/03/2019,Banglore,New Delhi,BLR → BOM → DEL,08:00,05:05 02 Mar,21h 5m,1 stop,No info,22270
Air India,3/03/2019,Delhi,Cochin,DEL → AMD → BOM → COK,16:40,19:15 04 Mar,26h 35m,2 stops,No info,14011
Jet Airways,06/03/2019,Banglore,New Delhi,BLR → BOM → DEL,07:00,13:15,6h 15m,1 stop,No info,19225
IndiGo,27/06/2019,Delhi,Cochin,DEL → BOM → COK,11:25,21:00,9h 35m,1 stop,No info,5894
Jet Airways,24/05/2019,Kolkata,Banglore,CCU → DEL → BLR,20:25,14:25 25 May,18h,1 stop,In-flight meal not included,10703
Air India,21/04/2019,Kolkata,Banglore,CCU → BLR,20:45,23:20,2h 35m,non-stop,No info,4880
Jet Airways,18/06/2019,Mumbai,Hyderabad,BOM → HYD,07:05,08:30,1h 25m,non-stop,No info,8040
Air India,6/03/2019,Delhi,Cochin,DEL → MAA → COK,17:20,09:25 07 Mar,16h 5m,1 stop,No info,12677
Multiple carriers,3/03/2019,Delhi,Cochin,DEL → BOM → COK,15:25,01:35 04 Mar,10h 10m,1 stop,No info,15147
Jet Airways,6/05/2019,Kolkata,Banglore,CCU → BOM → BLR,20:00,10:05 07 May,14h 5m,1 stop,In-flight meal not included,9663
IndiGo,12/05/2019,Chennai,Kolkata,MAA → CCU,05:15,07:40,2h 25m,non-stop,No info,3540
Air India,21/05/2019,Kolkata,Banglore,CCU → BBI → BOM → BLR,12:00,11:10 22 May,23h 10m,2 stops,No info,10676
Multiple carriers,9/04/2019,Delhi,Cochin,DEL → BOM → COK,17:30,01:30 10 Apr,8h,1 stop,No info,13017
GoAir,6/06/2019,Kolkata,Banglore,CCU → BOM → BLR,23:30,07:45 07 Jun,8h 15m,1 stop,No info,6686
SpiceJet,21/05/2019,Banglore,Delhi,BLR → DEL,05:55,08:35,2h 40m,non-stop,No info,3311
Jet Airways,9/06/2019,Kolkata,Banglore,CCU → DEL → BLR,09:35,21:05,11h 30m,1 stop,No info,14676
Air India,6/06/2019,Delhi,Cochin,DEL → CCU → BOM → COK,14:25,19:15 07 Jun,28h 50m,2 stops,No info,13591
Jet Airways,6/06/2019,Kolkata,Banglore,CCU → BOM → BLR,06:30,12:00,5h 30m,1 stop,In-flight meal not included,10844
IndiGo,15/05/2019,Delhi,Cochin,DEL → BOM → COK,10:35,21:00,10h 25m,1 stop,No info,6979
Jet Airways,24/05/2019,Kolkata,Banglore,CCU → BOM → BLR,16:30,19:50 25 May,27h 20m,1 stop,In-flight meal not included,10844
Jet Airways,1/05/2019,Kolkata,Banglore,CCU → BOM → BLR,21:10,10:05 02 May,12h 55m,1 stop,No info,14781
Air India,6/06/2019,Delhi,Cochin,DEL → HYD → MAA → COK,13:15,09:25 07 Jun,20h 10m,2 stops,No info,10939
Multiple carriers,27/06/2019,Delhi,Cochin,DEL → BOM → COK,19:00,01:30 28 Jun,6h 30m,1 stop,No info,7198
IndiGo,21/03/2019,Delhi,Cochin,DEL → HYD → COK,14:20,22:20,8h,1 stop,No info,6528
Jet Airways,9/05/2019,Kolkata,Banglore,CCU → DEL → BLR,09:35,10:55 10 May,25h 20m,1 stop,No info,10953
IndiGo,6/06/2019,Kolkata,Banglore,CCU → BLR,22:15,00:50 07 Jun,2h 35m,non-stop,No info,4804
Jet Airways,24/04/2019,Banglore,Delhi,BLR → DEL,17:45,20:45,3h,non-stop,No info,7229
Jet Airways,1/06/2019,Delhi,Cochin,DEL → BOM → COK,19:15,19:00 02 Jun,23h 45m,1 stop,In-flight meal not included,10262
Air India,6/06/2019,Kolkata,Banglore,CCU → BOM → GOI → BLR,16:50,05:35 07 Jun,12h 45m,2 stops,No info,11432
Multiple carriers,3/06/2019,Delhi,Cochin,DEL → BOM → COK,13:00,19:15,6h 15m,1 stop,No info,14848
Multiple carriers,6/03/2019,Delhi,Cochin,DEL → BOM → COK,10:20,18:50,8h 30m,1 stop,No info,15411
Vistara,12/04/2019,Banglore,Delhi,BLR → DEL,07:00,09:40,2h 40m,non-stop,No info,5403
IndiGo,18/05/2019,Delhi,Cochin,DEL → HYD → COK,06:50,12:10,5h 20m,1 stop,No info,6347
Jet Airways,3/04/2019,Banglore,Delhi,BLR → DEL,08:20,11:20,3h,non-stop,No info,7229
Air India,6/03/2019,Delhi,Cochin,DEL → NAG → BOM → COK,05:55,07:40 07 Mar,25h 45m,2 stops,No info,14641
Air India,21/03/2019,Delhi,Cochin,DEL → BLR → COK,17:45,23:00,5h 15m,1 stop,No info,5704
SpiceJet,24/06/2019,Kolkata,Banglore,CCU → BLR,09:00,11:25,2h 25m,non-stop,No info,3873
Air India,24/06/2019,Chennai,Kolkata,MAA → CCU,11:40,13:55,2h 15m,non-stop,No info,4667
IndiGo,3/04/2019,Banglore,Delhi,BLR → DEL,04:00,06:50,2h 50m,non-stop,No info,3943
IndiGo,3/04/2019,Mumbai,Hyderabad,BOM → HYD,06:25,07:55,1h 30m,non-stop,No info,4049
Jet Airways,24/03/2019,Banglore,New Delhi,BLR → DEL,19:55,22:35,2h 40m,non-stop,No info,7229
Multiple carriers,27/03/2019,Delhi,Cochin,DEL → BOM → COK,04:45,19:15,14h 30m,1 stop,No info,7574
Multiple carriers,18/05/2019,Delhi,Cochin,DEL → HYD → COK,07:05,22:30,15h 25m,1 stop,No info,10348
Air India,3/03/2019,Mumbai,Hyderabad,BOM → HYD,13:55,15:25,1h 30m,non-stop,No info,6092
SpiceJet,24/06/2019,Delhi,Cochin,DEL → PNQ → COK,08:45,13:15,4h 30m,1 stop,No info,4812
Jet Airways,21/05/2019,Kolkata,Banglore,CCU → BOM → BLR,14:05,23:35,9h 30m,1 stop,In-flight meal not included,10844
Jet Airways,18/03/2019,Banglore,New Delhi,BLR → BOM → DEL,11:40,20:20,8h 40m,1 stop,No info,13555
Air India,12/06/2019,Kolkata,Banglore,CCU → BOM → BLR,16:50,07:55 13 Jun,15h 5m,1 stop,No info,8366
IndiGo,24/06/2019,Delhi,Cochin,DEL → COK,05:35,08:50,3h 15m,non-stop,No info,5000
Air India,21/03/2019,Delhi,Cochin,DEL → UDR → BOM → COK,13:20,19:15 22 Mar,29h 55m,2 stops,No info,8708
Air India,6/06/2019,Delhi,Cochin,DEL → GOI → BOM → COK,10:55,07:40 07 Jun,20h 45m,2 stops,No info,11753
Multiple carriers,24/06/2019,Delhi,Cochin,DEL → IDR → BOM → COK,15:05,01:30 25 Jun,10h 25m,2 stops,No info,15965
IndiGo,3/06/2019,Mumbai,Hyderabad,BOM → HYD,19:05,20:35,1h 30m,non-stop,No info,2754
Jet Airways,18/03/2019,Banglore,New Delhi,BLR → BOM → DEL,16:55,09:00 16 Mar,16h 5m,1 stop,In-flight meal not included,11087
Air Asia,9/05/2019,Delhi,Cochin,DEL → BLR → COK,07:55,13:25,5h 30m,1 stop,No info,6751
Multiple carriers,1/03/2019,Delhi,Cochin,DEL → BOM → COK,12:50,19:15,6h 25m,1 stop,No info,36983
Air India,09/03/2019,Banglore,New Delhi,BLR → DEL,17:00,19:45,2h 45m,non-stop,No info,10741
Jet Airways,3/06/2019,Delhi,Cochin,DEL → IDR → BOM → COK,09:35,12:35 04 Jun,27h,2 stops,No info,13292
Multiple carriers,9/04/2019,Delhi,Cochin,DEL → BOM → COK,12:50,19:15,6h 25m,1 stop,No info,6481
IndiGo,18/05/2019,Kolkata,Banglore,CCU → PNQ → BLR,21:00,02:15 19 May,5h 15m,1 stop,No info,6534
SpiceJet,24/04/2019,Delhi,Cochin,DEL → BLR → COK,17:55,22:50,4h 55m,1 stop,No info,4957
Vistara,15/05/2019,Kolkata,Banglore,CCU → DEL → BLR,20:20,20:20 16 May,24h,1 stop,No info,8610
Jet Airways,12/03/2019,Banglore,New Delhi,BLR → BOM → DEL,18:55,10:25 13 Mar,15h 30m,1 stop,In-flight meal not included,11087
Jet Airways,9/05/2019,Kolkata,Banglore,CCU → BOM → BLR,21:10,09:20 10 May,12h 10m,1 stop,In-flight meal not included,9663
Air India,1/05/2019,Kolkata,Banglore,CCU → GAU → DEL → BLR,09:50,23:15,13h 25m,2 stops,No info,13227
Jet Airways,15/06/2019,Delhi,Cochin,DEL → NAG → BOM → COK,14:35,12:35 16 Jun,22h,2 stops,In-flight meal not included,10919
Multiple carriers,21/05/2019,Delhi,Cochin,DEL → HYD → COK,07:05,18:10,11h 5m,1 stop,No info,9646
Air India,15/03/2019,Banglore,New Delhi,BLR → BOM → DEL,06:45,15:15,8h 30m,1 stop,No info,8714
Air India,3/05/2019,Chennai,Kolkata,MAA → CCU,11:40,13:55,2h 15m,non-stop,No info,4667
Vistara,24/04/2019,Banglore,Delhi,BLR → DEL,09:45,12:35,2h 50m,non-stop,No info,5403
Jet Airways,6/03/2019,Delhi,Cochin,DEL → BOM → COK,18:15,04:25 07 Mar,10h 10m,1 stop,No info,17024
Air India,9/05/2019,Kolkata,Banglore,CCU → JAI → BOM → BLR,08:20,07:55 10 May,23h 35m,2 stops,No info,10697
Jet Airways,12/05/2019,Kolkata,Banglore,CCU → BOM → BLR,16:30,18:15 13 May,25h 45m,1 stop,In-flight meal not included,10844
Jet Airways,6/06/2019,Kolkata,Banglore,CCU → DEL → BLR,09:35,09:45 07 Jun,24h 10m,1 stop,In-flight meal not included,10539
Jet Airways,24/06/2019,Delhi,Cochin,DEL → BOM → COK,09:00,04:25 25 Jun,19h 25m,1 stop,In-flight meal not included,10262
Multiple carriers,3/06/2019,Delhi,Cochin,DEL → BOM → COK,06:40,19:00,12h 20m,1 stop,No info,10877
Air India,24/03/2019,Kolkata,Banglore,CCU → BOM → BLR,16:50,18:30 25 Mar,25h 40m,1 stop,No info,14641
Air India,9/04/2019,Delhi,Cochin,DEL → MAA → COK,06:05,09:25 10 Apr,27h 20m,1 stop,No info,4487
IndiGo,15/03/2019,Mumbai,Hyderabad,BOM → HYD,21:20,22:45,1h 25m,non-stop,No info,2754
IndiGo,12/05/2019,Banglore,Delhi,BLR → DEL,16:55,19:55,3h,non-stop,No info,4823
Jet Airways,27/06/2019,Banglore,Delhi,BLR → DEL,15:15,18:10,2h 55m,non-stop,No info,8016
IndiGo,1/06/2019,Banglore,Delhi,BLR → DEL,23:30,02:20 02 Jun,2h 50m,non-stop,No info,4591
Multiple carriers,27/03/2019,Delhi,Cochin,DEL → BOM → COK,10:00,18:50,8h 50m,1 stop,No info,11667
IndiGo,9/04/2019,Banglore,Delhi,BLR → DEL,16:55,19:55,3h,non-stop,No info,4823
Air India,15/05/2019,Delhi,Cochin,DEL → BOM → COK,07:00,19:15,12h 15m,1 stop,No info,8669
IndiGo,3/06/2019,Chennai,Kolkata,MAA → CCU,19:35,21:55,2h 20m,non-stop,No info,3597
Jet Airways,12/06/2019,Kolkata,Banglore,CCU → BOM → BLR,18:55,12:00 13 Jun,17h 5m,1 stop,No info,13044
Air India,24/06/2019,Delhi,Cochin,DEL → CCU → BOM → COK,16:55,19:15 25 Jun,26h 20m,2 stops,No info,13381
Jet Airways,6/06/2019,Delhi,Cochin,DEL → BOM → COK,20:55,04:25 07 Jun,7h 30m,1 stop,No info,14714
SpiceJet,15/04/2019,Delhi,Cochin,DEL → PNQ → COK,08:45,13:15,4h 30m,1 stop,No info,5830
GoAir,15/05/2019,Delhi,Cochin,DEL → BOM → COK,07:00,12:55,5h 55m,1 stop,No info,7682
Jet Airways,18/05/2019,Delhi,Cochin,DEL → BOM → COK,07:05,12:35,5h 30m,1 stop,In-flight meal not included,12373
Air India,6/05/2019,Mumbai,Hyderabad,BOM → HYD,13:55,15:25,1h 30m,non-stop,No info,3625
Air India,9/05/2019,Delhi,Cochin,DEL → JDH → BOM → COK,12:55,19:15 10 May,30h 20m,2 stops,No info,11596
Vistara,12/05/2019,Kolkata,Banglore,CCU → DEL → BLR,20:20,09:05 13 May,12h 45m,1 stop,No info,9397
GoAir,27/06/2019,Delhi,Cochin,DEL → BOM → COK,07:00,12:55,5h 55m,1 stop,No info,5281
IndiGo,15/06/2019,Kolkata,Banglore,CCU → BLR,20:25,23:10,2h 45m,non-stop,No info,4804
Jet Airways,21/05/2019,Kolkata,Banglore,CCU → BOM → BLR,20:00,23:35 22 May,27h 35m,1 stop,In-flight meal not included,10844
Jet Airways,27/06/2019,Delhi,Cochin,DEL → ATQ → BOM → COK,20:00,12:35 28 Jun,16h 35m,2 stops,No info,14300
Jet Airways,6/05/2019,Kolkata,Banglore,CCU → BOM → BLR,21:10,09:20 07 May,12h 10m,1 stop,In-flight meal not included,9663
Jet Airways,6/05/2019,Kolkata,Banglore,CCU → BOM → BLR,20:00,12:00 07 May,16h,1 stop,In-flight meal not included,9663
Jet Airways,27/06/2019,Banglore,Delhi,BLR → DEL,18:55,22:00,3h 5m,non-stop,No info,8016
Air India,18/05/2019,Delhi,Cochin,DEL → COK,05:10,08:00,2h 50m,non-stop,No info,6934
Jet Airways,9/06/2019,Delhi,Cochin,DEL → JAI → BOM → COK,05:30,04:25 10 Jun,22h 55m,2 stops,No info,13014
Vistara,27/06/2019,Chennai,Kolkata,MAA → CCU,17:45,20:05,2h 20m,non-stop,No info,11982
Jet Airways,6/05/2019,Banglore,Delhi,BLR → DEL,08:20,11:20,3h,non-stop,No info,7229
Vistara,9/05/2019,Banglore,Delhi,BLR → DEL,17:00,19:35,2h 35m,non-stop,No info,4878
Jet Airways,6/06/2019,Delhi,Cochin,DEL → JAI → BOM → COK,05:30,04:25 07 Jun,22h 55m,2 stops,In-flight meal not included,10368
SpiceJet,24/05/2019,Banglore,Delhi,BLR → DEL,21:10,00:05 25 May,2h 55m,non-stop,No info,3971
Jet Airways,12/06/2019,Delhi,Cochin,DEL → IDR → BOM → COK,21:25,12:35 13 Jun,15h 10m,2 stops,In-flight meal not included,11507
IndiGo,15/06/2019,Kolkata,Banglore,CCU → BLR,21:25,00:05 16 Jun,2h 40m,non-stop,No info,4804
Air India,01/03/2019,Banglore,New Delhi,BLR → CCU → DEL,11:05,09:15 02 Mar,22h 10m,1 stop,No info,13439
Air India,06/03/2019,Banglore,New Delhi,BLR → MAA → DEL,11:50,08:55 07 Mar,21h 5m,1 stop,No info,14594
IndiGo,9/04/2019,Banglore,Delhi,BLR → DEL,20:00,22:50,2h 50m,non-stop,No info,4823
SpiceJet,6/06/2019,Banglore,Delhi,BLR → DEL,09:30,12:20,2h 50m,non-stop,No check-in baggage included,3919
Air India,18/05/2019,Delhi,Cochin,DEL → HYD → BOM → COK,17:15,19:15 19 May,26h,2 stops,No info,12392
IndiGo,18/05/2019,Banglore,Delhi,BLR → DEL,10:10,13:00,2h 50m,non-stop,No info,3943
Multiple carriers,9/05/2019,Delhi,Cochin,DEL → BOM → COK,10:00,21:00,11h,1 stop,No info,13727
IndiGo,1/06/2019,Chennai,Kolkata,MAA → CCU,13:15,15:35,2h 20m,non-stop,No info,3597
Multiple carriers,21/03/2019,Delhi,Cochin,DEL → BOM → COK,11:30,01:35 22 Mar,14h 5m,1 stop,No info,13542
Jet Airways,21/03/2019,Banglore,New Delhi,BLR → BOM → DEL,08:00,15:15,7h 15m,1 stop,In-flight meal not included,7832
GoAir,24/05/2019,Banglore,Delhi,BLR → DEL,11:40,14:30,2h 50m,non-stop,No info,3398
IndiGo,12/04/2019,Kolkata,Banglore,CCU → BLR,20:20,22:55,2h 35m,non-stop,No info,4488
Jet Airways,15/03/2019,Banglore,New Delhi,BLR → BOM → DEL,08:00,07:40 16 Mar,23h 40m,1 stop,In-flight meal not included,9134
Air India,21/03/2019,Banglore,New Delhi,BLR → COK → DEL,22:00,10:50 19 Mar,12h 50m,1 stop,No info,6955
Jet Airways,9/05/2019,Delhi,Cochin,DEL → BOM → COK,02:15,04:25 10 May,26h 10m,1 stop,In-flight meal not included,12373
Air India,27/04/2019,Banglore,Delhi,BLR → DEL,13:20,16:10,2h 50m,non-stop,No info,5228
Air India,27/03/2019,Delhi,Cochin,DEL → HYD → BOM → COK,21:30,19:15 28 Mar,21h 45m,2 stops,No info,8665
Jet Airways Business,01/03/2019,Banglore,New Delhi,BLR → BOM → DEL,05:45,10:45,5h,1 stop,No info,52229
Multiple carriers,15/05/2019,Delhi,Cochin,DEL → BOM → COK,08:00,19:15,11h 15m,1 stop,No info,14533
Multiple carriers,21/05/2019,Delhi,Cochin,DEL → BOM → COK,07:00,21:00,14h,1 stop,No info,7888
Air India,21/03/2019,Delhi,Cochin,DEL → AMD → BOM → COK,19:45,19:15 22 Mar,23h 30m,2 stops,No info,8236
Jet Airways,9/05/2019,Kolkata,Banglore,CCU → BOM → BLR,06:30,04:40 10 May,22h 10m,1 stop,In-flight meal not included,8586
IndiGo,27/05/2019,Delhi,Cochin,DEL → HYD → COK,07:35,16:10,8h 35m,1 stop,No info,7514
Multiple carriers,15/06/2019,Delhi,Cochin,DEL → BOM → COK,12:50,01:30 16 Jun,12h 40m,1 stop,No info,6795
SpiceJet,27/06/2019,Banglore,Delhi,BLR → DEL,09:30,12:20,2h 50m,non-stop,No check-in baggage included,3573
IndiGo,24/06/2019,Banglore,Delhi,BLR → DEL,13:00,15:50,2h 50m,non-stop,No info,3943
Air India,9/05/2019,Kolkata,Banglore,CCU → HYD → BLR,19:00,11:05 10 May,16h 5m,1 stop,No info,6117
Air India,3/03/2019,Delhi,Cochin,DEL → HYD → MAA → COK,07:05,09:25 04 Mar,26h 20m,2 stops,No info,9400
Air India,15/03/2019,Banglore,New Delhi,BLR → CCU → GAU → DEL,05:50,22:10,16h 20m,2 stops,No info,9796
Multiple carriers,21/03/2019,Delhi,Cochin,DEL → BOM → COK,13:00,01:35 22 Mar,12h 35m,1 stop,No info,13542
Jet Airways,9/06/2019,Delhi,Cochin,DEL → JAI → BOM → COK,19:30,04:25 10 Jun,8h 55m,2 stops,In-flight meal not included,10368
Air India,12/06/2019,Banglore,Delhi,BLR → DEL,13:20,16:10,2h 50m,non-stop,No info,6961
IndiGo,9/05/2019,Banglore,Delhi,BLR → DEL,23:30,02:20 10 May,2h 50m,non-stop,No info,3943
Air Asia,27/05/2019,Delhi,Cochin,DEL → BLR → COK,07:55,13:25,5h 30m,1 stop,No info,6451
IndiGo,6/06/2019,Banglore,Delhi,BLR → DEL,00:25,03:15,2h 50m,non-stop,No info,3943
IndiGo,24/03/2019,Banglore,New Delhi,BLR → DEL,21:20,00:15 28 Mar,2h 55m,non-stop,No info,5694
Air Asia,15/05/2019,Kolkata,Banglore,CCU → IXR → DEL → BLR,15:10,23:30,8h 20m,2 stops,No info,5192
Jet Airways,9/05/2019,Delhi,Cochin,DEL → BOM → COK,13:00,04:25 10 May,15h 25m,1 stop,In-flight meal not included,12373
Vistara,3/04/2019,Banglore,Delhi,BLR → DEL,09:45,12:35,2h 50m,non-stop,No info,5403
Jet Airways,01/03/2019,Banglore,New Delhi,BLR → BOM → DEL,22:50,19:10 02 Mar,20h 20m,1 stop,No info,25735
Jet Airways,21/05/2019,Delhi,Cochin,DEL → BOM → COK,19:15,12:35 22 May,17h 20m,1 stop,In-flight meal not included,12898
IndiGo,27/05/2019,Delhi,Cochin,DEL → PNQ → COK,23:30,04:35 28 May,5h 5m,1 stop,No info,9476
SpiceJet,15/04/2019,Kolkata,Banglore,CCU → BLR,06:55,09:30,2h 35m,non-stop,No check-in baggage included,3841
Air India,12/03/2019,Banglore,New Delhi,BLR → AMD → DEL,00:30,08:45,8h 15m,1 stop,No info,13492
Air India,21/06/2019,Chennai,Kolkata,MAA → CCU,11:40,13:55,2h 15m,non-stop,No info,4667
Multiple carriers,27/05/2019,Delhi,Cochin,DEL → BOM → COK,09:00,19:00,10h,1 stop,No info,10407
Jet Airways,01/03/2019,Banglore,New Delhi,BLR → BOM → DEL,07:00,12:25,5h 25m,1 stop,No info,26890
Jet Airways,27/05/2019,Delhi,Cochin,DEL → BOM → COK,14:00,19:00,5h,1 stop,In-flight meal not included,12898
IndiGo,24/04/2019,Delhi,Cochin,DEL → HYD → COK,07:35,12:10,4h 35m,1 stop,No info,5073
Multiple carriers,1/06/2019,Delhi,Cochin,DEL → BOM → COK,13:00,01:30 02 Jun,12h 30m,1 stop,No info,7723
Air India,6/04/2019,Delhi,Cochin,DEL → MAA → COK,20:40,09:25 07 Apr,12h 45m,1 stop,No info,5117
Air India,21/03/2019,Delhi,Cochin,DEL → BOM → COK,23:00,19:15 22 Mar,20h 15m,1 stop,No info,6745
Air India,12/03/2019,Banglore,New Delhi,BLR → BOM → BHO → DEL,17:25,23:25 13 Mar,30h,2 stops,No info,12725
Jet Airways,18/05/2019,Kolkata,Banglore,CCU → BOM → BLR,21:10,04:40 19 May,7h 30m,1 stop,No info,13941
Jet Airways,06/03/2019,Banglore,New Delhi,BLR → BOM → DEL,05:45,13:15,7h 30m,1 stop,No info,19225
Vistara,27/04/2019,Banglore,Delhi,BLR → DEL,21:00,23:50,2h 50m,non-stop,No info,5403
GoAir,3/05/2019,Banglore,Delhi,BLR → DEL,11:40,14:30,2h 50m,non-stop,No info,3898
Jet Airways,15/05/2019,Kolkata,Banglore,CCU → BOM → BLR,21:10,19:50 16 May,22h 40m,1 stop,In-flight meal not included,10844
Air Asia,9/06/2019,Delhi,Cochin,DEL → BLR → COK,07:55,13:25,5h 30m,1 stop,No info,8759
Jet Airways,18/05/2019,Delhi,Cochin,DEL → AMD → BOM → COK,13:25,19:00 19 May,29h 35m,2 stops,No info,16704
Jet Airways,9/04/2019,Banglore,Delhi,BLR → DEL,07:10,10:10,3h,non-stop,No info,7229
Jet Airways,18/05/2019,Delhi,Cochin,DEL → NAG → BOM → COK,14:35,04:25 19 May,13h 50m,2 stops,In-flight meal not included,13848
Jet Airways,01/03/2019,Banglore,New Delhi,BLR → BOM → DEL,05:45,16:10,10h 25m,1 stop,No info,26890
Multiple carriers,27/06/2019,Delhi,Cochin,DEL → BOM → COK,06:00,19:15,13h 15m,1 stop,In-flight meal not included,7268
Jet Airways,15/06/2019,Delhi,Cochin,DEL → BOM → COK,14:00,19:00,5h,1 stop,In-flight meal not included,10262
Vistara,9/06/2019,Banglore,Delhi,BLR → DEL,19:30,22:15,2h 45m,non-stop,No info,4878
Vistara,24/03/2019,Kolkata,Banglore,CCU → DEL → BLR,17:00,10:50 25 Mar,17h 50m,1 stop,No info,12890
Jet Airways,12/05/2019,Kolkata,Banglore,CCU → DEL → BLR,17:00,21:05 13 May,28h 5m,1 stop,No info,12121
SpiceJet,18/05/2019,Mumbai,Hyderabad,BOM → HYD,22:45,00:15 19 May,1h 30m,non-stop,No info,2017
SpiceJet,09/03/2019,Banglore,New Delhi,BLR → DEL,05:45,08:35,2h 50m,non-stop,No info,5126
Air India,21/03/2019,Delhi,Cochin,DEL → BOM → COK,10:00,19:15,9h 15m,1 stop,No info,7934
Jet Airways,12/03/2019,Banglore,New Delhi,BLR → BOM → DEL,05:45,11:25,5h 40m,1 stop,No info,13817
GoAir,9/06/2019,Delhi,Cochin,DEL → BOM → COK,07:00,12:55,5h 55m,1 stop,No info,5897
Multiple carriers,15/05/2019,Delhi,Cochin,DEL → BOM → COK,08:30,19:00,10h 30m,1 stop,No info,9627
Air Asia,27/05/2019,Delhi,Cochin,DEL → BLR → COK,16:45,06:35 28 May,13h 50m,1 stop,No info,6752
Jet Airways,6/05/2019,Kolkata,Banglore,CCU → DEL → BLR,09:35,19:10,9h 35m,1 stop,In-flight meal not included,12384
IndiGo,1/04/2019,Kolkata,Banglore,CCU → BLR,04:40,07:15,2h 35m,non-stop,No info,4174
Jet Airways,9/05/2019,Kolkata,Banglore,CCU → BOM → BLR,06:30,10:05 10 May,27h 35m,1 stop,In-flight meal not included,8586
Multiple carriers,15/06/2019,Delhi,Cochin,DEL → BOM → COK,18:00,01:30 16 Jun,7h 30m,1 stop,No info,7408
Air India,03/03/2019,Banglore,New Delhi,BLR → DEL,21:10,23:55,2h 45m,non-stop,No info,7591
Jet Airways,15/06/2019,Delhi,Cochin,DEL → BOM → COK,22:50,19:00 16 Jun,20h 10m,1 stop,In-flight meal not included,10262
IndiGo,6/03/2019,Delhi,Cochin,DEL → BOM → COK,08:25,21:00,12h 35m,1 stop,No info,14871
Jet Airways,15/06/2019,Delhi,Cochin,DEL → IDR → BOM → COK,05:30,19:00,13h 30m,2 stops,No info,13292
Jet Airways,9/05/2019,Kolkata,Banglore,CCU → BOM → BLR,06:30,18:15,11h 45m,1 stop,No info,14781
Multiple carriers Premium economy,21/03/2019,Delhi,Cochin,DEL → BOM → COK,07:30,19:15,11h 45m,1 stop,No info,10161
IndiGo,18/04/2019,Kolkata,Banglore,CCU → BLR,17:15,19:50,2h 35m,non-stop,No info,4174
Vistara,12/05/2019,Chennai,Kolkata,MAA → CCU,17:45,20:05,2h 20m,non-stop,No info,11982
SpiceJet,27/04/2019,Kolkata,Banglore,CCU → BLR,22:20,00:40 28 Apr,2h 20m,non-stop,No info,3873
IndiGo,27/04/2019,Delhi,Cochin,DEL → HYD → COK,07:35,16:10,8h 35m,1 stop,No info,6442
IndiGo,9/04/2019,Banglore,Delhi,BLR → DEL,10:10,13:00,2h 50m,non-stop,No info,4423
Jet Airways,6/05/2019,Delhi,Cochin,DEL → BOM → COK,13:00,04:25 07 May,15h 25m,1 stop,No info,15554
Jet Airways,24/06/2019,Delhi,Cochin,DEL → LKO → BOM → COK,11:45,04:25 25 Jun,16h 40m,2 stops,No info,13357
Vistara,03/03/2019,Banglore,New Delhi,BLR → DEL,11:30,14:10,2h 40m,non-stop,No info,8028
Air India,24/05/2019,Kolkata,Banglore,CCU → MAA → BLR,14:35,14:35 25 May,24h,1 stop,No info,6528
IndiGo,03/03/2019,Banglore,New Delhi,BLR → DEL,00:40,03:25,2h 45m,non-stop,No info,6144
Jet Airways,6/03/2019,Delhi,Cochin,DEL → DED → BOM → COK,16:50,04:25 08 Mar,35h 35m,2 stops,No info,19907
Air India,27/03/2019,Delhi,Cochin,DEL → BLR → COK,20:30,23:00 28 Mar,26h 30m,1 stop,No info,5022
Jet Airways,21/03/2019,Banglore,New Delhi,BLR → BOM → DEL,08:00,20:20,12h 20m,1 stop,In-flight meal not included,7832
Jet Airways,18/05/2019,Delhi,Cochin,DEL → BOM → COK,14:00,04:25 19 May,14h 25m,1 stop,In-flight meal not included,12373
IndiGo,18/06/2019,Banglore,Delhi,BLR → DEL,23:30,02:20 19 Jun,2h 50m,non-stop,No info,3943
Jet Airways,21/05/2019,Kolkata,Banglore,CCU → BOM → BLR,20:00,04:40 22 May,8h 40m,1 stop,In-flight meal not included,10844
IndiGo,18/05/2019,Kolkata,Banglore,CCU → MAA → BLR,17:35,22:15,4h 40m,1 stop,No info,5699
Jet Airways,24/03/2019,Kolkata,Banglore,CCU → BOM → BLR,08:25,16:20,7h 55m,1 stop,No info,13759
SpiceJet,21/03/2019,Banglore,New Delhi,BLR → PNQ → DEL,10:20,18:15,7h 55m,1 stop,No info,7139
Multiple carriers,18/05/2019,Delhi,Cochin,DEL → BOM → COK,11:40,19:15,7h 35m,1 stop,No info,9211
IndiGo,6/05/2019,Kolkata,Banglore,CCU → BLR,17:15,19:50,2h 35m,non-stop,No info,4804
Jet Airways,27/05/2019,Delhi,Cochin,DEL → BOM → COK,19:15,12:35 28 May,17h 20m,1 stop,In-flight meal not included,12898
Jet Airways,18/05/2019,Kolkata,Banglore,CCU → BOM → BLR,21:10,10:05 19 May,12h 55m,1 stop,In-flight meal not included,8586
Jet Airways,24/03/2019,Kolkata,Banglore,CCU → BOM → BLR,19:45,16:20 25 Mar,20h 35m,1 stop,In-flight meal not included,10031
Jet Airways,9/06/2019,Kolkata,Banglore,CCU → BOM → BLR,21:10,16:20 10 Jun,19h 10m,1 stop,In-flight meal not included,10844
IndiGo,1/06/2019,Delhi,Cochin,DEL → BOM → COK,09:15,01:30 02 Jun,16h 15m,1 stop,No info,7048
Vistara,6/06/2019,Kolkata,Banglore,CCU → DEL → BLR,20:20,23:25 07 Jun,27h 5m,1 stop,No info,9345
Vistara,24/03/2019,Kolkata,Banglore,CCU → DEL → BLR,07:10,20:25,13h 15m,1 stop,No info,13152
Air India,24/05/2019,Mumbai,Hyderabad,BOM → HYD,19:30,20:45,1h 15m,non-stop,No info,3625
Jet Airways,1/05/2019,Kolkata,Banglore,CCU → BOM → BLR,20:00,10:05 02 May,14h 5m,1 stop,In-flight meal not included,8586
Jet Airways,21/03/2019,Banglore,New Delhi,BLR → MAA → DEL,09:45,15:55,6h 10m,1 stop,In-flight meal not included,7280
Jet Airways,18/05/2019,Kolkata,Banglore,CCU → BOM → BLR,21:10,10:05 19 May,12h 55m,1 stop,No info,13941
Jet Airways,27/05/2019,Delhi,Cochin,DEL → BOM → COK,18:15,04:25 28 May,10h 10m,1 stop,In-flight meal not included,12898
IndiGo,9/06/2019,Kolkata,Banglore,CCU → HYD → BLR,19:20,23:45,4h 25m,1 stop,No info,4205
Air Asia,15/05/2019,Kolkata,Banglore,CCU → BBI → BLR,06:50,10:30,3h 40m,1 stop,No info,5162
IndiGo,3/03/2019,Delhi,Cochin,DEL → HYD → COK,06:40,16:10,9h 30m,1 stop,No info,9027
Multiple carriers,3/03/2019,Delhi,Cochin,DEL → BOM → COK,19:00,01:35 04 Mar,6h 35m,1 stop,No info,16775
IndiGo,18/03/2019,Mumbai,Hyderabad,BOM → HYD,16:55,18:25,1h 30m,non-stop,No info,3175
Jet Airways,12/05/2019,Kolkata,Banglore,CCU → BOM → BLR,21:10,10:05 13 May,12h 55m,1 stop,No info,13941
Air India,21/05/2019,Delhi,Cochin,DEL → NAG → BOM → COK,05:55,19:15 22 May,37h 20m,2 stops,No info,10493
Air India,3/03/2019,Delhi,Cochin,DEL → GOI → BOM → COK,22:00,19:15 04 Mar,21h 15m,2 stops,No info,22096
Air India,21/05/2019,Kolkata,Banglore,CCU → DEL → BLR,07:00,20:25,13h 25m,1 stop,No info,11096
Air India,9/06/2019,Banglore,Delhi,BLR → DEL,13:20,16:10,2h 50m,non-stop,No info,6961
Jet Airways,21/05/2019,Banglore,Delhi,BLR → DEL,07:10,10:10,3h,non-stop,No info,7229
SpiceJet,1/03/2019,Kolkata,Banglore,CCU → BLR,22:20,00:40 02 Mar,2h 20m,non-stop,No info,5515
Jet Airways,21/04/2019,Banglore,Delhi,BLR → DEL,11:10,14:05,2h 55m,non-stop,No info,7229
Jet Airways,3/04/2019,Mumbai,Hyderabad,BOM → HYD,02:55,04:20,1h 25m,non-stop,No info,5678
Vistara,18/05/2019,Banglore,Delhi,BLR → DEL,07:00,09:40,2h 40m,non-stop,No info,4878
Air Asia,1/04/2019,Kolkata,Banglore,CCU → BLR,19:55,22:25,2h 30m,non-stop,No info,3807
Air India,15/03/2019,Banglore,New Delhi,BLR → HYD → DEL,08:15,21:25,13h 10m,1 stop,No info,6046
Jet Airways,6/05/2019,Kolkata,Banglore,CCU → DEL → BLR,09:35,22:05,12h 30m,1 stop,In-flight meal not included,10703
IndiGo,3/03/2019,Mumbai,Hyderabad,BOM → HYD,21:20,22:45,1h 25m,non-stop,No info,4784
Jet Airways,21/05/2019,Delhi,Cochin,DEL → JAI → BOM → COK,19:30,04:25 22 May,8h 55m,2 stops,In-flight meal not included,13029
IndiGo,9/04/2019,Kolkata,Banglore,CCU → BBI → BLR,19:55,23:50,3h 55m,1 stop,No info,4226
Vistara,24/06/2019,Banglore,Delhi,BLR → DEL,09:45,12:35,2h 50m,non-stop,No info,4668
GoAir,18/06/2019,Banglore,Delhi,BLR → DEL,20:55,23:40,2h 45m,non-stop,No info,3419
Multiple carriers,1/06/2019,Delhi,Cochin,DEL → BOM → COK,08:30,19:15,10h 45m,1 stop,No info,8937
SpiceJet,12/05/2019,Mumbai,Hyderabad,BOM → HYD,05:45,07:15,1h 30m,non-stop,No info,2017
Jet Airways,27/03/2019,Delhi,Cochin,DEL → AMD → BOM → COK,19:10,19:45 28 Mar,24h 35m,2 stops,No info,10976
Vistara,24/03/2019,Kolkata,Banglore,CCU → DEL → BLR,20:20,09:10 25 Mar,12h 50m,1 stop,No info,12312
Jet Airways,1/06/2019,Delhi,Cochin,DEL → IDR → BOM → COK,21:25,12:35 02 Jun,15h 10m,2 stops,No info,13292
IndiGo,3/03/2019,Delhi,Cochin,DEL → BOM → COK,04:45,11:30,6h 45m,1 stop,No info,14871
Jet Airways,18/06/2019,Mumbai,Hyderabad,BOM → HYD,08:45,10:15,1h 30m,non-stop,In-flight meal not included,4995
Vistara,9/05/2019,Kolkata,Banglore,CCU → DEL → BLR,07:10,23:25,16h 15m,1 stop,No info,8085
Vistara,24/04/2019,Delhi,Cochin,DEL → COK,14:40,17:50,3h 10m,non-stop,No info,6216
GoAir,9/05/2019,Delhi,Cochin,DEL → BOM → COK,14:25,19:35,5h 10m,1 stop,No info,10188
Multiple carriers,21/05/2019,Delhi,Cochin,DEL → BOM → COK,07:00,19:00,12h,1 stop,No info,10197
Vistara,6/05/2019,Banglore,Delhi,BLR → DEL,07:00,09:40,2h 40m,non-stop,No info,4668
IndiGo,9/03/2019,Kolkata,Banglore,CCU → BLR,05:30,08:20,2h 50m,non-stop,No info,4148
Multiple carriers,6/06/2019,Delhi,Cochin,DEL → HYD → COK,09:45,16:10,6h 25m,1 stop,No info,9646
Jet Airways,1/04/2019,Kolkata,Banglore,CCU → BOM → BLR,08:25,19:50,11h 25m,1 stop,No info,12681
Air India,15/05/2019,Kolkata,Banglore,CCU → BOM → COK → BLR,09:25,13:45 16 May,28h 20m,2 stops,No info,15532
Jet Airways,06/03/2019,Banglore,New Delhi,BLR → BOM → DEL,08:55,09:00 07 Mar,24h 5m,1 stop,In-flight meal not included,13712
Jet Airways,15/06/2019,Delhi,Cochin,DEL → JAI → BOM → COK,09:40,04:25 16 Jun,18h 45m,2 stops,No info,13014
Air India,12/05/2019,Kolkata,Banglore,CCU → BBI → IXR → DEL → BLR,12:00,23:15 13 May,35h 15m,3 stops,No info,10991
SpiceJet,27/03/2019,Kolkata,Banglore,CCU → BLR,22:20,00:40 28 Mar,2h 20m,non-stop,No check-in baggage included,3815
Air India,6/03/2019,Delhi,Cochin,DEL → HYD → BOM → COK,07:05,19:15 07 Mar,36h 10m,2 stops,No info,11552
Jet Airways,01/03/2019,Banglore,New Delhi,BLR → BOM → DEL,22:50,00:45 03 Mar,25h 55m,1 stop,No info,26890
IndiGo,27/05/2019,Delhi,Cochin,DEL → BOM → COK,16:00,01:30 28 May,9h 30m,1 stop,No info,7048
Jet Airways,21/03/2019,Delhi,Cochin,DEL → BOM → COK,19:45,04:25 22 Mar,8h 40m,1 stop,No info,12557
IndiGo,9/06/2019,Banglore,Delhi,BLR → DEL,07:10,10:05,2h 55m,non-stop,No info,4823
Vistara,21/05/2019,Kolkata,Banglore,CCU → DEL → BLR,20:20,18:50 22 May,22h 30m,1 stop,No info,9345
Vistara,21/03/2019,Chennai,Kolkata,MAA → CCU,07:05,09:20,2h 15m,non-stop,No info,3739
SpiceJet,6/04/2019,Delhi,Cochin,DEL → BLR → COK,17:55,22:50,4h 55m,1 stop,No info,4957
Multiple carriers,18/05/2019,Delhi,Cochin,DEL → BOM → COK,06:00,19:00,13h,1 stop,No info,9794
Jet Airways,9/05/2019,Kolkata,Banglore,CCU → BOM → BLR,08:25,18:15,9h 50m,1 stop,In-flight meal not included,10844
Air Asia,3/05/2019,Banglore,Delhi,BLR → DEL,04:55,07:45,2h 50m,non-stop,No info,6181
Multiple carriers,1/05/2019,Delhi,Cochin,DEL → BOM → COK,19:00,01:30 02 May,6h 30m,1 stop,No info,9424
Jet Airways,12/03/2019,Banglore,New Delhi,BLR → BOM → DEL,21:25,10:45 13 Mar,13h 20m,1 stop,No info,13817
Air India,03/03/2019,Banglore,New Delhi,BLR → DEL,06:10,08:55,2h 45m,non-stop,No info,7591
Jet Airways,15/05/2019,Kolkata,Banglore,CCU → DEL → BLR,20:25,09:45 16 May,13h 20m,1 stop,No info,13067
IndiGo,18/06/2019,Banglore,Delhi,BLR → DEL,18:25,21:20,2h 55m,non-stop,No info,4823
Vistara,24/03/2019,Kolkata,Banglore,CCU → DEL → BLR,20:20,22:55 25 Mar,26h 35m,1 stop,No info,11682
IndiGo,1/06/2019,Delhi,Cochin,DEL → BOM → COK,07:30,21:00,13h 30m,1 stop,No info,6416
IndiGo,15/05/2019,Delhi,Cochin,DEL → MAA → COK,02:00,07:25,5h 25m,1 stop,No info,8618
IndiGo,6/03/2019,Mumbai,Hyderabad,BOM → GOI → HYD,15:45,23:00,7h 15m,1 stop,No info,7681
IndiGo,9/05/2019,Kolkata,Banglore,CCU → MAA → BLR,08:10,13:00,4h 50m,1 stop,No info,5069
IndiGo,15/05/2019,Delhi,Cochin,DEL → BOM → COK,10:35,01:30 16 May,14h 55m,1 stop,No info,6979
Jet Airways,27/06/2019,Mumbai,Hyderabad,BOM → HYD,10:20,11:50,1h 30m,non-stop,No info,8040
Air India,15/06/2019,Banglore,Delhi,BLR → DEL,13:20,16:10,2h 50m,non-stop,No info,6961
Multiple carriers,21/03/2019,Delhi,Cochin,DEL → BOM → COK,06:40,18:50,12h 10m,1 stop,No info,13568
IndiGo,3/03/2019,Chennai,Kolkata,MAA → CCU,22:05,00:25 04 Mar,2h 20m,non-stop,No info,5277
Jet Airways,27/06/2019,Delhi,Cochin,DEL → BOM → COK,07:05,19:00,11h 55m,1 stop,In-flight meal not included,10262
IndiGo,24/05/2019,Kolkata,Banglore,CCU → BLR,09:35,12:20,2h 45m,non-stop,No info,4804
Multiple carriers,27/06/2019,Delhi,Cochin,DEL → BOM → COK,04:55,19:15,14h 20m,1 stop,No info,7155
Multiple carriers,3/03/2019,Delhi,Cochin,DEL → BOM → COK,13:55,01:35 04 Mar,11h 40m,1 stop,No info,17057
Air India,1/03/2019,Kolkata,Banglore,CCU → BLR,14:15,16:45,2h 30m,non-stop,No info,6535
Jet Airways,27/06/2019,Delhi,Cochin,DEL → AMD → BOM → COK,13:25,19:00 28 Jun,29h 35m,2 stops,In-flight meal not included,11150
Jet Airways,9/06/2019,Delhi,Cochin,DEL → BOM → COK,15:00,19:00 10 Jun,28h,1 stop,In-flight meal not included,10262
Jet Airways,21/05/2019,Kolkata,Banglore,CCU → BOM → BLR,18:55,04:40 22 May,9h 45m,1 stop,No info,14388
IndiGo,6/06/2019,Chennai,Kolkata,MAA → CCU,22:05,00:25 07 Jun,2h 20m,non-stop,No info,5277
Air India,1/03/2019,Mumbai,Hyderabad,BOM → HYD,15:00,16:25,1h 25m,non-stop,No info,6092
IndiGo,12/06/2019,Delhi,Cochin,DEL → PNQ → COK,23:30,04:35 13 Jun,5h 5m,1 stop,No info,10112
Air Asia,12/06/2019,Kolkata,Banglore,CCU → BBI → BLR,06:50,10:30,3h 40m,1 stop,No info,5162
Multiple carriers,21/05/2019,Delhi,Cochin,DEL → BOM → COK,11:40,01:30 22 May,13h 50m,1 stop,No info,7485
Air India,27/05/2019,Mumbai,Hyderabad,BOM → HYD,21:05,22:25,1h 20m,non-stop,No info,3100
Jet Airways,9/03/2019,Delhi,Cochin,DEL → BOM → COK,06:50,19:45,12h 55m,1 stop,In-flight meal not included,14053
GoAir,1/06/2019,Banglore,Delhi,BLR → DEL,07:45,10:40,2h 55m,non-stop,No info,5048
Air Asia,24/04/2019,Kolkata,Banglore,CCU → BLR,10:20,12:55,2h 35m,non-stop,No info,4409
IndiGo,15/06/2019,Delhi,Cochin,DEL → HYD → COK,08:35,16:10,7h 35m,1 stop,No info,6442
SpiceJet,6/04/2019,Kolkata,Banglore,CCU → BLR,17:10,19:40,2h 30m,non-stop,No info,3873
Jet Airways,15/03/2019,Banglore,New Delhi,BLR → BOM → DEL,22:55,05:05 13 Mar,6h 10m,1 stop,No info,27210
Air India,01/03/2019,Banglore,New Delhi,BLR → HYD → DEL,17:00,12:15 02 Mar,19h 15m,1 stop,No info,10246
Jet Airways,21/03/2019,Delhi,Cochin,DEL → BOM → COK,19:45,18:50 22 Mar,23h 5m,1 stop,In-flight meal not included,5406
Jet Airways,27/05/2019,Delhi,Cochin,DEL → BOM → COK,20:55,19:00 28 May,22h 5m,1 stop,In-flight meal not included,12898
Vistara,18/05/2019,Kolkata,Banglore,CCU → DEL → BLR,17:00,10:45 19 May,17h 45m,1 stop,No info,9187
Air India,12/06/2019,Chennai,Kolkata,MAA → CCU,11:40,13:55,2h 15m,non-stop,No info,4667
IndiGo,24/03/2019,Kolkata,Banglore,CCU → BLR,20:25,23:05,2h 40m,non-stop,No info,8872
IndiGo,12/06/2019,Mumbai,Hyderabad,BOM → HYD,16:55,18:25,1h 30m,non-stop,No info,3175
Air India,18/05/2019,Delhi,Cochin,DEL → BOM → COK,03:50,19:15,15h 25m,1 stop,No info,8879
Jet Airways,21/06/2019,Banglore,Delhi,BLR → DEL,15:15,18:10,2h 55m,non-stop,No info,8016
Air India,3/03/2019,Delhi,Cochin,DEL → COK,18:05,21:10,3h 5m,non-stop,No info,8666
Multiple carriers,9/05/2019,Delhi,Cochin,DEL → BOM → COK,08:30,19:00,10h 30m,1 stop,No info,9627
Multiple carriers,15/06/2019,Delhi,Cochin,DEL → BOM → COK,13:00,19:15,6h 15m,1 stop,No info,16108
Multiple carriers,27/06/2019,Delhi,Cochin,DEL → BOM → COK,10:20,01:30 28 Jun,15h 10m,1 stop,No info,6270
Jet Airways,15/05/2019,Kolkata,Banglore,CCU → BOM → BLR,21:10,10:05 16 May,12h 55m,1 stop,No info,15149
Jet Airways,24/03/2019,Kolkata,Banglore,CCU → BOM → BLR,13:55,18:10 25 Mar,28h 15m,1 stop,In-flight meal not included,11134
Air India,21/05/2019,Delhi,Cochin,DEL → HYD → BOM → COK,17:15,19:15 22 May,26h,2 stops,No info,11972
Jet Airways,3/03/2019,Delhi,Cochin,DEL → BOM → COK,20:50,04:25 04 Mar,7h 35m,1 stop,No info,17234
Jet Airways,12/05/2019,Kolkata,Banglore,CCU → BOM → BLR,18:55,16:20 13 May,21h 25m,1 stop,In-flight meal not included,10844
Jet Airways,01/03/2019,Banglore,New Delhi,BLR → BOM → DEL,11:40,00:45 02 Mar,13h 5m,1 stop,No info,26890
Jet Airways,15/06/2019,Delhi,Cochin,DEL → JAI → BOM → COK,05:30,04:25 16 Jun,22h 55m,2 stops,In-flight meal not included,10368
Jet Airways,3/06/2019,Delhi,Cochin,DEL → IDR → BOM → COK,21:25,12:35 04 Jun,15h 10m,2 stops,In-flight meal not included,11507
IndiGo,9/05/2019,Chennai,Kolkata,MAA → CCU,22:05,00:25 10 May,2h 20m,non-stop,No info,5277
Air India,24/04/2019,Delhi,Cochin,DEL → COK,05:10,08:00,2h 50m,non-stop,No info,5201
Jet Airways,06/03/2019,Banglore,New Delhi,BLR → BOM → DEL,21:25,11:25 07 Mar,14h,1 stop,No info,17261
Jet Airways,3/03/2019,Delhi,Cochin,DEL → BOM → COK,09:55,04:25 04 Mar,18h 30m,1 stop,No info,19828
Jet Airways,3/03/2019,Mumbai,Hyderabad,BOM → HYD,02:55,04:25,1h 30m,non-stop,In-flight meal not included,4050
Air India,1/06/2019,Delhi,Cochin,DEL → CCU → BOM → COK,06:50,07:40 02 Jun,24h 50m,2 stops,No info,15481
Jet Airways,15/06/2019,Delhi,Cochin,DEL → BOM → COK,08:00,19:00,11h,1 stop,No info,14714
Jet Airways,9/05/2019,Delhi,Cochin,DEL → AMD → BOM → COK,23:05,04:25 11 May,29h 20m,2 stops,No info,16704
Air Asia,6/06/2019,Kolkata,Banglore,CCU → DEL → BLR,22:40,10:40 07 Jun,12h,1 stop,No info,6810
Jet Airways,12/06/2019,Kolkata,Banglore,CCU → BOM → BLR,14:05,23:35,9h 30m,1 stop,In-flight meal not included,9899
IndiGo,18/03/2019,Chennai,Kolkata,MAA → CCU,13:20,15:35,2h 15m,non-stop,No info,3858
Air India,9/05/2019,Kolkata,Banglore,CCU → BOM → BLR,16:50,18:30 10 May,25h 40m,1 stop,No info,8576
Jet Airways,24/03/2019,Kolkata,Banglore,CCU → BOM → BLR,21:10,18:10 25 Mar,21h,1 stop,In-flight meal not included,10031
Multiple carriers,21/03/2019,Delhi,Cochin,DEL → BOM → COK,09:10,18:50,9h 40m,1 stop,No info,13069
Vistara,12/06/2019,Kolkata,Banglore,CCU → DEL → BLR,20:20,09:05 13 Jun,12h 45m,1 stop,No info,7927
Jet Airways,18/05/2019,Kolkata,Banglore,CCU → BOM → BLR,16:30,04:40 19 May,12h 10m,1 stop,No info,13941
IndiGo,18/06/2019,Banglore,Delhi,BLR → DEL,01:30,04:15,2h 45m,non-stop,No info,3419
Multiple carriers,6/03/2019,Delhi,Cochin,DEL → BOM → COK,08:55,21:00,12h 5m,1 stop,No info,15147
Jet Airways,6/06/2019,Mumbai,Hyderabad,BOM → HYD,07:05,08:30,1h 25m,non-stop,In-flight meal not included,4995
Multiple carriers,6/03/2019,Delhi,Cochin,DEL → BOM → COK,07:30,21:00,13h 30m,1 stop,No info,15147
IndiGo,21/05/2019,Kolkata,Banglore,CCU → BLR,17:15,19:50,2h 35m,non-stop,No info,4804
Air Asia,6/06/2019,Kolkata,Banglore,CCU → BLR,10:20,12:55,2h 35m,non-stop,No info,4508
IndiGo,15/03/2019,Banglore,New Delhi,BLR → DEL,21:20,00:15 16 Mar,2h 55m,non-stop,No info,8033
Air India,18/05/2019,Kolkata,Banglore,CCU → JAI → BOM → BLR,08:20,07:55 19 May,23h 35m,2 stops,No info,10697
Jet Airways,15/05/2019,Kolkata,Banglore,CCU → DEL → BLR,20:25,18:00 16 May,21h 35m,1 stop,No info,14151
Air India,03/03/2019,Banglore,New Delhi,BLR → CCU → GAU → DEL,11:05,22:10 07 Mar,35h 5m,2 stops,No info,11791
SpiceJet,9/03/2019,Mumbai,Hyderabad,BOM → HYD,08:50,10:15,1h 25m,non-stop,No info,5755
IndiGo,3/03/2019,Delhi,Cochin,DEL → HYD → MAA → COK,04:55,21:20,16h 25m,2 stops,No info,8899
Jet Airways,9/05/2019,Kolkata,Banglore,CCU → BOM → BLR,14:05,18:15 10 May,28h 10m,1 stop,In-flight meal not included,7757
IndiGo,9/03/2019,Mumbai,Hyderabad,BOM → HYD,06:20,07:45,1h 25m,non-stop,No info,4392
Jet Airways,15/06/2019,Banglore,Delhi,BLR → DEL,18:55,22:00,3h 5m,non-stop,In-flight meal not included,7229
Jet Airways,18/04/2019,Delhi,Cochin,DEL → COK,11:00,14:15,3h 15m,non-stop,In-flight meal not included,5443
Jet Airways,18/05/2019,Kolkata,Banglore,CCU → DEL → BLR,17:00,19:10 19 May,26h 10m,1 stop,No info,14151
Jet Airways,1/06/2019,Delhi,Cochin,DEL → NAG → BOM → COK,14:35,04:25 02 Jun,13h 50m,2 stops,No info,13376
Jet Airways,1/05/2019,Kolkata,Banglore,CCU → BOM → BLR,14:05,12:00 02 May,21h 55m,1 stop,In-flight meal not included,9663
Jet Airways,6/06/2019,Kolkata,Banglore,CCU → DEL → BLR,20:25,14:25 07 Jun,18h,1 stop,No info,12692
Jet Airways,21/05/2019,Kolkata,Banglore,CCU → BOM → BLR,14:05,19:50,5h 45m,1 stop,No info,14781
Jet Airways,1/06/2019,Delhi,Cochin,DEL → NAG → BOM → COK,14:35,04:25 02 Jun,13h 50m,2 stops,No info,13376
Multiple carriers,27/06/2019,Delhi,Cochin,DEL → HYD → COK,14:55,22:30,7h 35m,1 stop,In-flight meal not included,6093
SpiceJet,21/03/2019,Chennai,Kolkata,MAA → CCU,17:45,20:05,2h 20m,non-stop,No check-in baggage included,3332
IndiGo,1/04/2019,Delhi,Cochin,DEL → HYD → COK,07:35,12:10,4h 35m,1 stop,No info,5073
Jet Airways,6/04/2019,Delhi,Cochin,DEL → BOM → COK,08:00,19:00,11h,1 stop,In-flight meal not included,5406
Multiple carriers,21/05/2019,Delhi,Cochin,DEL → BOM → COK,12:50,21:00,8h 10m,1 stop,No info,7485
Jet Airways,6/05/2019,Kolkata,Banglore,CCU → BOM → BLR,21:10,12:00 07 May,14h 50m,1 stop,In-flight meal not included,9663
IndiGo,15/05/2019,Chennai,Kolkata,MAA → CCU,05:15,07:40,2h 25m,non-stop,No info,3540
Air Asia,3/04/2019,Kolkata,Banglore,CCU → BLR,10:20,12:55,2h 35m,non-stop,No info,4107
IndiGo,15/05/2019,Chennai,Kolkata,MAA → CCU,14:45,17:05,2h 20m,non-stop,No info,3597
Vistara,09/03/2019,Banglore,New Delhi,BLR → DEL,07:00,09:40,2h 40m,non-stop,No info,7398
IndiGo,6/04/2019,Banglore,Delhi,BLR → DEL,22:10,01:00 07 Apr,2h 50m,non-stop,No info,3943
IndiGo,18/06/2019,Banglore,Delhi,BLR → DEL,05:30,08:20,2h 50m,non-stop,No info,3943
Air India,18/05/2019,Delhi,Cochin,DEL → BLR → COK,17:40,23:00,5h 20m,1 stop,No info,8277
SpiceJet,21/03/2019,Kolkata,Banglore,CCU → BLR,06:55,09:35,2h 40m,non-stop,No check-in baggage included,3815
Jet Airways,1/06/2019,Delhi,Cochin,DEL → BOM → COK,02:15,12:35,10h 20m,1 stop,In-flight meal not included,10262
IndiGo,15/04/2019,Kolkata,Banglore,CCU → BLR,15:30,18:05,2h 35m,non-stop,No info,4174
Air Asia,12/05/2019,Kolkata,Banglore,CCU → BLR,19:55,22:25,2h 30m,non-stop,No info,5530
Multiple carriers,27/03/2019,Delhi,Cochin,DEL → BOM → COK,04:00,15:30,11h 30m,1 stop,No info,6305
Air India,09/03/2019,Banglore,New Delhi,BLR → CCU → DEL,05:50,22:45,16h 55m,1 stop,No info,10657
Jet Airways,9/05/2019,Delhi,Cochin,DEL → ATQ → BOM → COK,20:00,04:25 10 May,8h 25m,2 stops,No info,16263
Air India,24/05/2019,Mumbai,Hyderabad,BOM → HYD,21:05,22:25,1h 20m,non-stop,No info,3100
Multiple carriers,15/06/2019,Delhi,Cochin,DEL → IDR → BOM → COK,15:05,01:30 16 Jun,10h 25m,2 stops,No info,15965
Air India,6/06/2019,Delhi,Cochin,DEL → BOM → COK,13:00,19:15,6h 15m,1 stop,No info,8372
Vistara,27/05/2019,Chennai,Kolkata,MAA → CCU,07:05,09:20,2h 15m,non-stop,No info,3687
SpiceJet,1/03/2019,Chennai,Kolkata,MAA → CCU,09:30,12:05,2h 35m,non-stop,No info,7298
Vistara,1/04/2019,Kolkata,Banglore,CCU → DEL → BLR,17:00,18:50 02 Apr,25h 50m,1 stop,No info,8610
Jet Airways,24/03/2019,Kolkata,Banglore,CCU → BOM → BLR,13:55,22:35,8h 40m,1 stop,In-flight meal not included,11134
IndiGo,6/03/2019,Delhi,Cochin,DEL → HYD → COK,14:20,22:20,8h,1 stop,No info,7451
Jet Airways,12/03/2019,Banglore,New Delhi,BLR → BOM → DEL,22:55,07:40 13 Mar,8h 45m,1 stop,No info,13817
Jet Airways,9/04/2019,Delhi,Cochin,DEL → BOM → COK,17:30,12:35 10 Apr,19h 5m,1 stop,No info,11822
Jet Airways,27/03/2019,Delhi,Cochin,DEL → BOM → COK,21:50,04:25 28 Mar,6h 35m,1 stop,In-flight meal not included,6017
IndiGo,27/05/2019,Banglore,Delhi,BLR → DEL,21:15,00:15 28 May,3h,non-stop,No info,3943
IndiGo,03/03/2019,Banglore,New Delhi,BLR → LKO → DEL,05:25,10:10,4h 45m,1 stop,No info,7774
Jet Airways,27/05/2019,Delhi,Cochin,DEL → ATQ → BOM → COK,20:00,04:25 28 May,8h 25m,2 stops,No info,16263
Air India,6/05/2019,Banglore,Delhi,BLR → DEL,10:00,12:45,2h 45m,non-stop,No info,5228
Jet Airways,21/03/2019,Delhi,Cochin,DEL → UDR → BOM → COK,18:20,18:50 22 Mar,24h 30m,2 stops,No info,12604
SpiceJet,15/04/2019,Kolkata,Banglore,CCU → MAA → BLR,15:05,20:20,5h 15m,1 stop,No info,4649
IndiGo,09/03/2019,Banglore,New Delhi,BLR → DEL,21:20,00:15 10 Mar,2h 55m,non-stop,No info,6144
Air India,1/06/2019,Delhi,Cochin,DEL → BOM → COK,21:00,19:15 02 Jun,22h 15m,1 stop,No info,8582
Multiple carriers,24/06/2019,Delhi,Cochin,DEL → BOM → COK,10:20,19:00,8h 40m,1 stop,In-flight meal not included,10791
Air India,01/03/2019,Banglore,New Delhi,BLR → BOM → BHO → DEL,08:50,23:25,14h 35m,2 stops,1 Short layover,26743
IndiGo,01/03/2019,Banglore,New Delhi,BLR → HYD → DEL,16:55,21:50,4h 55m,1 stop,No Info,8153
Multiple carriers,27/05/2019,Delhi,Cochin,DEL → BOM → COK,13:00,01:30 28 May,12h 30m,1 stop,In-flight meal not included,6943
Jet Airways,1/04/2019,Banglore,Delhi,BLR → DEL,06:00,08:45,2h 45m,non-stop,In-flight meal not included,4544
Air India,15/05/2019,Kolkata,Banglore,CCU → BOM → AMD → BLR,09:25,05:25 16 May,20h,2 stops,No info,14687
Jet Airways,12/06/2019,Kolkata,Banglore,CCU → DEL → BLR,09:35,22:05,12h 30m,1 stop,No info,12692
Jet Airways,6/06/2019,Kolkata,Banglore,CCU → BOM → BLR,16:30,23:35,7h 5m,1 stop,In-flight meal not included,10844
Jet Airways,24/05/2019,Kolkata,Banglore,CCU → BOM → BLR,20:00,09:20 25 May,13h 20m,1 stop,In-flight meal not included,10844
Vistara,21/06/2019,Chennai,Kolkata,MAA → CCU,07:05,09:20,2h 15m,non-stop,No info,3687
Multiple carriers,24/06/2019,Delhi,Cochin,DEL → BOM → COK,11:40,01:30 25 Jun,13h 50m,1 stop,In-flight meal not included,5797
IndiGo,12/05/2019,Banglore,Delhi,BLR → DEL,04:00,06:50,2h 50m,non-stop,No info,3943
IndiGo,15/05/2019,Banglore,Delhi,BLR → DEL,01:30,04:15,2h 45m,non-stop,No info,3419
IndiGo,03/03/2019,Banglore,New Delhi,BLR → DEL,04:00,06:50,2h 50m,non-stop,No info,6144
Vistara,9/03/2019,Chennai,Kolkata,MAA → CCU,07:05,09:20,2h 15m,non-stop,No info,6627
Jet Airways,06/03/2019,Banglore,New Delhi,BLR → BOM → DEL,16:55,10:25 07 Mar,17h 30m,1 stop,No info,17261
Jet Airways,24/05/2019,Kolkata,Banglore,CCU → BOM → BLR,21:10,04:40 25 May,7h 30m,1 stop,In-flight meal not included,9663
IndiGo,27/03/2019,Mumbai,Hyderabad,BOM → HYD,20:05,21:35,1h 30m,non-stop,No info,2227
IndiGo,27/04/2019,Banglore,Delhi,BLR → DEL,04:00,06:50,2h 50m,non-stop,No info,4423
Air India,15/06/2019,Delhi,Cochin,DEL → BLR → COK,17:40,23:00,5h 20m,1 stop,No info,7384
Air India,6/03/2019,Delhi,Cochin,DEL → BOM → COK,08:00,19:15,11h 15m,1 stop,No info,15284
IndiGo,27/05/2019,Delhi,Cochin,DEL → HYD → COK,05:05,12:10,7h 5m,1 stop,No info,6600
GoAir,15/06/2019,Delhi,Cochin,DEL → BOM → COK,10:35,19:35,9h,1 stop,No info,4959
Jet Airways,15/05/2019,Kolkata,Banglore,CCU → BOM → BLR,20:00,04:40 16 May,8h 40m,1 stop,In-flight meal not included,8586
Jet Airways,21/04/2019,Banglore,Delhi,BLR → DEL,07:10,10:10,3h,non-stop,In-flight meal not included,6144
Air India,18/05/2019,Banglore,Delhi,BLR → DEL,10:00,12:45,2h 45m,non-stop,No info,6961
Multiple carriers,27/05/2019,Delhi,Cochin,DEL → BOM → COK,07:30,19:15,11h 45m,1 stop,No info,10786
Jet Airways,27/03/2019,Delhi,Cochin,DEL → BOM → COK,17:30,04:25 28 Mar,10h 55m,1 stop,In-flight meal not included,6540
IndiGo,24/05/2019,Banglore,Delhi,BLR → DEL,20:00,22:50,2h 50m,non-stop,No info,4823
SpiceJet,3/05/2019,Mumbai,Hyderabad,BOM → HYD,13:15,14:45,1h 30m,non-stop,No check-in baggage included,1965
IndiGo,15/03/2019,Chennai,Kolkata,MAA → CCU,05:15,07:35,2h 20m,non-stop,No info,4326
GoAir,1/06/2019,Delhi,Cochin,DEL → BOM → COK,14:25,19:35,5h 10m,1 stop,No info,10651
Jet Airways,21/03/2019,Delhi,Cochin,DEL → BOM → COK,18:15,04:25 22 Mar,10h 10m,1 stop,In-flight meal not included,5963
Jet Airways,12/06/2019,Delhi,Cochin,DEL → JAI → BOM → COK,09:40,12:35 13 Jun,26h 55m,2 stops,In-flight meal not included,10368
Air India,27/05/2019,Delhi,Cochin,DEL → BLR → COK,09:45,23:00,13h 15m,1 stop,No info,8907
IndiGo,6/03/2019,Delhi,Cochin,DEL → BOM → COK,07:30,15:30,8h,1 stop,No info,14871
SpiceJet,3/06/2019,Mumbai,Hyderabad,BOM → HYD,05:45,07:15,1h 30m,non-stop,No info,2753
Jet Airways,21/05/2019,Delhi,Cochin,DEL → AMD → BOM → COK,19:10,19:00 22 May,23h 50m,2 stops,No info,15129
IndiGo,1/06/2019,Delhi,Cochin,DEL → HYD → COK,16:10,22:30,6h 20m,1 stop,No info,6938
Air India,1/06/2019,Banglore,Delhi,BLR → DEL,21:05,23:55,2h 50m,non-stop,No info,5228
Multiple carriers,18/05/2019,Delhi,Cochin,DEL → BOM → COK,10:00,21:00,11h,1 stop,In-flight meal not included,9275
IndiGo,9/05/2019,Delhi,Cochin,DEL → BOM → COK,18:35,01:30 10 May,6h 55m,1 stop,No info,8542
IndiGo,27/04/2019,Delhi,Cochin,DEL → COK,05:35,08:50,3h 15m,non-stop,No info,6015
SpiceJet,1/05/2019,Kolkata,Banglore,CCU → BLR,17:10,19:40,2h 30m,non-stop,No info,4174
Jet Airways,6/06/2019,Kolkata,Banglore,CCU → DEL → BLR,09:35,09:45 07 Jun,24h 10m,1 stop,No info,12692
Multiple carriers,9/05/2019,Delhi,Cochin,DEL → BOM → COK,07:30,19:00,11h 30m,1 stop,No info,9794
Multiple carriers,24/06/2019,Delhi,Cochin,DEL → HYD → COK,09:45,16:10,6h 25m,1 stop,No info,9646
Air India,9/03/2019,Delhi,Cochin,DEL → MAA → COK,17:20,09:25 10 Mar,16h 5m,1 stop,No info,12415
Jet Airways,6/06/2019,Delhi,Cochin,DEL → BDQ → BOM → COK,18:25,04:25 07 Jun,10h,2 stops,No info,14237
Jet Airways,9/06/2019,Delhi,Cochin,DEL → BOM → COK,09:00,04:25 10 Jun,19h 25m,1 stop,In-flight meal not included,10262
IndiGo,3/03/2019,Delhi,Cochin,DEL → HYD → COK,06:40,22:20,15h 40m,1 stop,No info,11600
SpiceJet,1/06/2019,Mumbai,Hyderabad,BOM → HYD,13:15,14:45,1h 30m,non-stop,No check-in baggage included,2175
Jet Airways,1/04/2019,Kolkata,Banglore,CCU → BOM → BLR,21:10,04:40 02 Apr,7h 30m,1 stop,No info,13364
Jet Airways,3/03/2019,Delhi,Cochin,DEL → BOM → COK,13:55,04:25 04 Mar,14h 30m,1 stop,No info,17024
Jet Airways,6/05/2019,Kolkata,Banglore,CCU → BOM → BLR,08:25,20:45,12h 20m,1 stop,No info,14388
Air India,1/05/2019,Kolkata,Banglore,CCU → IXR → DEL → BLR,05:50,08:55 02 May,27h 5m,2 stops,No info,10991
Jet Airways,27/05/2019,Delhi,Cochin,DEL → BOM → COK,09:00,12:35 28 May,27h 35m,1 stop,In-flight meal not included,12898
Jet Airways,6/06/2019,Delhi,Cochin,DEL → BOM → COK,18:15,04:25 07 Jun,10h 10m,1 stop,In-flight meal not included,10262
Jet Airways,6/04/2019,Banglore,Delhi,BLR → DEL,15:15,18:10,2h 55m,non-stop,No info,7229
Vistara,24/03/2019,Kolkata,Banglore,CCU → DEL → BLR,09:55,18:45,8h 50m,1 stop,No info,16092
Jet Airways,24/06/2019,Delhi,Cochin,DEL → BOM → COK,20:55,12:35 25 Jun,15h 40m,1 stop,In-flight meal not included,10262
Jet Airways,15/05/2019,Kolkata,Banglore,CCU → DEL → BLR,17:00,23:35,6h 35m,1 stop,No info,14151
IndiGo,21/06/2019,Kolkata,Banglore,CCU → BLR,20:20,22:55,2h 35m,non-stop,No info,4804
Jet Airways,15/03/2019,Banglore,New Delhi,BLR → BOM → DEL,05:45,10:45,5h,1 stop,In-flight meal not included,9134
Jet Airways,1/06/2019,Banglore,Delhi,BLR → DEL,07:10,10:10,3h,non-stop,In-flight meal not included,7229
Air India,6/03/2019,Mumbai,Hyderabad,BOM → JDH → DEL → HYD,09:40,15:15 07 Mar,29h 35m,2 stops,No info,25139
IndiGo,27/05/2019,Kolkata,Banglore,CCU → BLR,20:20,22:55,2h 35m,non-stop,No info,4804
Vistara,3/05/2019,Banglore,Delhi,BLR → DEL,21:00,23:50,2h 50m,non-stop,No info,5613
IndiGo,9/06/2019,Mumbai,Hyderabad,BOM → HYD,12:00,13:30,1h 30m,non-stop,No info,2754
Jet Airways,18/05/2019,Delhi,Cochin,DEL → BOM → COK,07:05,19:00,11h 55m,1 stop,No info,15554
GoAir,12/06/2019,Delhi,Cochin,DEL → AMD → COK,07:25,13:35,6h 10m,1 stop,No info,5842
Jet Airways,1/05/2019,Delhi,Cochin,DEL → AMD → BOM → COK,23:05,04:25 03 May,29h 20m,2 stops,No info,16704
Multiple carriers,15/06/2019,Delhi,Cochin,DEL → BOM → COK,07:30,19:00,11h 30m,1 stop,No info,10877
IndiGo,18/05/2019,Kolkata,Banglore,CCU → MAA → BLR,06:20,10:20,4h,1 stop,No info,4226
Jet Airways,27/06/2019,Delhi,Cochin,DEL → IDR → BOM → COK,09:35,12:35 28 Jun,27h,2 stops,No info,13292
Jet Airways,12/06/2019,Kolkata,Banglore,CCU → BOM → BLR,18:55,20:45 13 Jun,25h 50m,1 stop,In-flight meal not included,8529
Jet Airways,18/05/2019,Delhi,Cochin,DEL → BOM → COK,10:00,19:00,9h,1 stop,No info,15554
Multiple carriers,9/05/2019,Delhi,Cochin,DEL → BOM → COK,11:25,19:00,7h 35m,1 stop,No info,9103
Jet Airways,27/06/2019,Delhi,Cochin,DEL → BOM → COK,16:00,19:00 28 Jun,27h,1 stop,In-flight meal not included,10262
Air India,9/05/2019,Delhi,Cochin,DEL → HYD → MAA → COK,07:05,09:25 10 May,26h 20m,2 stops,No info,9347
Jet Airways,12/03/2019,Mumbai,Hyderabad,BOM → HYD,19:40,21:10,1h 30m,non-stop,No info,5678
SpiceJet,27/06/2019,Delhi,Cochin,DEL → PNQ → COK,08:45,13:15,4h 30m,1 stop,No check-in baggage included,4760
Jet Airways,27/06/2019,Delhi,Cochin,DEL → BOM → COK,22:50,12:35 28 Jun,13h 45m,1 stop,In-flight meal not included,10262
Jet Airways,21/03/2019,Delhi,Cochin,DEL → MAA → BOM → COK,16:10,18:50 22 Mar,26h 40m,2 stops,In-flight meal not included,8728
Vistara,12/05/2019,Kolkata,Banglore,CCU → DEL → BLR,17:00,18:50 13 May,25h 50m,1 stop,No info,9135
Jet Airways,24/03/2019,Kolkata,Banglore,CCU → BOM → BLR,08:25,12:00 25 Mar,27h 35m,1 stop,In-flight meal not included,10031
Air India,9/03/2019,Delhi,Cochin,DEL → AMD → BOM → COK,05:00,19:15 10 Mar,38h 15m,2 stops,No info,10598
Air India,15/05/2019,Delhi,Cochin,DEL → COK,18:05,21:10,3h 5m,non-stop,No info,6094
IndiGo,21/05/2019,Chennai,Kolkata,MAA → CCU,19:35,21:55,2h 20m,non-stop,No info,3597
Jet Airways,1/05/2019,Banglore,Delhi,BLR → DEL,08:20,11:20,3h,non-stop,In-flight meal not included,5198
Jet Airways,3/06/2019,Delhi,Cochin,DEL → BOM → COK,19:45,04:25 04 Jun,8h 40m,1 stop,In-flight meal not included,10262
IndiGo,15/05/2019,Delhi,Cochin,DEL → BLR → COK,17:05,22:15,5h 10m,1 stop,No info,6027
IndiGo,27/03/2019,Chennai,Kolkata,MAA → CCU,05:15,07:35,2h 20m,non-stop,No info,4326
Jet Airways,12/06/2019,Delhi,Cochin,DEL → BHO → BOM → COK,05:30,12:35,7h 5m,2 stops,No info,14441
Air Asia,18/04/2019,Banglore,Delhi,BLR → DEL,11:10,13:55,2h 45m,non-stop,No info,4483
IndiGo,27/05/2019,Delhi,Cochin,DEL → BOM → COK,16:00,21:00,5h,1 stop,No info,5054
Jet Airways,3/06/2019,Delhi,Cochin,DEL → JAI → BOM → COK,05:30,19:00,13h 30m,2 stops,In-flight meal not included,10368
Multiple carriers,9/06/2019,Delhi,Cochin,DEL → BOM → COK,11:40,01:30 10 Jun,13h 50m,1 stop,No info,6795
Jet Airways,21/05/2019,Banglore,Delhi,BLR → DEL,15:50,18:45,2h 55m,non-stop,In-flight meal not included,3359
Jet Airways,24/03/2019,Kolkata,Banglore,CCU → BOM → BLR,21:10,16:20 25 Mar,19h 10m,1 stop,In-flight meal not included,10031
Air India,9/05/2019,Kolkata,Banglore,CCU → BOM → AMD → BLR,09:25,05:25 10 May,20h,2 stops,No info,14687
Multiple carriers,1/06/2019,Delhi,Cochin,DEL → BOM → COK,06:40,19:15,12h 35m,1 stop,No info,8937
IndiGo,15/05/2019,Delhi,Cochin,DEL → HYD → COK,14:20,22:30,8h 10m,1 stop,No info,6412
Jet Airways,9/05/2019,Delhi,Cochin,DEL → AMD → BOM → COK,23:05,04:25 11 May,29h 20m,2 stops,No info,15129
Vistara,21/05/2019,Kolkata,Banglore,CCU → DEL → BLR,20:20,22:40 22 May,26h 20m,1 stop,No info,8452
Jet Airways,18/05/2019,Delhi,Cochin,DEL → BOM → COK,22:50,19:00 19 May,20h 10m,1 stop,No info,15554
Multiple carriers,21/03/2019,Delhi,Cochin,DEL → BOM → COK,09:00,19:15,10h 15m,1 stop,No info,13378
Air India,24/05/2019,Kolkata,Banglore,CCU → DEL → AMD → BLR,10:00,05:25 25 May,19h 25m,2 stops,No info,15422
Air India,15/03/2019,Delhi,Cochin,DEL → COK,18:05,21:10,3h 5m,non-stop,No info,4939
Multiple carriers,9/05/2019,Delhi,Cochin,DEL → BOM → COK,08:00,19:15,11h 15m,1 stop,In-flight meal not included,9871
Jet Airways,3/06/2019,Delhi,Cochin,DEL → BOM → COK,20:55,19:00 04 Jun,22h 5m,1 stop,In-flight meal not included,10262
Jet Airways,24/03/2019,Banglore,New Delhi,BLR → DEL,11:10,14:05,2h 55m,non-stop,No info,7229
Multiple carriers,9/03/2019,Delhi,Cochin,DEL → HYD → MAA → COK,07:05,21:20,14h 15m,2 stops,No info,8620
Jet Airways,3/06/2019,Delhi,Cochin,DEL → BOM → COK,21:50,04:25 04 Jun,6h 35m,1 stop,In-flight meal not included,12898
Vistara,6/06/2019,Kolkata,Banglore,CCU → DEL → BLR,17:00,10:45 07 Jun,17h 45m,1 stop,No info,9187
Air Asia,12/04/2019,Kolkata,Banglore,CCU → BLR,22:50,01:20 13 Apr,2h 30m,non-stop,No info,4409
Multiple carriers,27/05/2019,Delhi,Cochin,DEL → BOM → COK,07:30,19:00,11h 30m,1 stop,No info,9315
IndiGo,9/05/2019,Chennai,Kolkata,MAA → CCU,05:15,07:40,2h 25m,non-stop,No info,3540
Jet Airways,21/03/2019,Banglore,New Delhi,BLR → BOM → DEL,08:55,16:10,7h 15m,1 stop,In-flight meal not included,7832
Air India,24/04/2019,Kolkata,Banglore,CCU → BLR,14:15,16:45,2h 30m,non-stop,No info,4880
Vistara,9/05/2019,Delhi,Cochin,DEL → COK,14:40,17:50,3h 10m,non-stop,No info,6216
Multiple carriers,6/03/2019,Delhi,Cochin,DEL → BOM → COK,07:30,18:50,11h 20m,1 stop,No info,15411
Jet Airways,9/05/2019,Kolkata,Banglore,CCU → BOM → BLR,16:30,04:40 10 May,12h 10m,1 stop,In-flight meal not included,10844
SpiceJet,15/04/2019,Kolkata,Banglore,CCU → BLR,17:10,19:40,2h 30m,non-stop,No info,4174
SpiceJet,1/05/2019,Banglore,Delhi,BLR → DEL,21:10,00:05 02 May,2h 55m,non-stop,No info,4991
SpiceJet,15/06/2019,Banglore,Delhi,BLR → DEL,21:10,00:05 16 Jun,2h 55m,non-stop,No info,3971
IndiGo,21/06/2019,Mumbai,Hyderabad,BOM → HYD,06:25,07:55,1h 30m,non-stop,No info,4049
Air India,24/03/2019,Kolkata,Banglore,CCU → GAU → DEL → BLR,16:45,23:15 25 Mar,30h 30m,2 stops,No info,12835
Air India,3/03/2019,Delhi,Cochin,DEL → AMD → BOM → COK,16:40,19:15 04 Mar,26h 35m,2 stops,No info,14221
IndiGo,3/05/2019,Chennai,Kolkata,MAA → CCU,13:15,15:35,2h 20m,non-stop,No info,3597
Jet Airways,3/04/2019,Mumbai,Hyderabad,BOM → HYD,19:35,21:05,1h 30m,non-stop,In-flight meal not included,2071
Multiple carriers,9/04/2019,Delhi,Cochin,DEL → BOM → COK,17:00,01:30 10 Apr,8h 30m,1 stop,No info,6838
Vistara,15/06/2019,Banglore,Delhi,BLR → DEL,17:00,19:35,2h 35m,non-stop,No info,4878
Jet Airways,24/06/2019,Mumbai,Hyderabad,BOM → HYD,07:05,08:30,1h 25m,non-stop,In-flight meal not included,4995
Air Asia,27/05/2019,Kolkata,Banglore,CCU → BLR,10:20,12:55,2h 35m,non-stop,No info,4409
SpiceJet,21/05/2019,Banglore,Delhi,BLR → DEL,09:30,12:20,2h 50m,non-stop,No check-in baggage included,3573
Jet Airways,24/05/2019,Kolkata,Banglore,CCU → BOM → BLR,18:55,23:35 25 May,28h 40m,1 stop,In-flight meal not included,10844
IndiGo,1/06/2019,Banglore,Delhi,BLR → DEL,22:10,01:00 02 Jun,2h 50m,non-stop,No info,3419
Jet Airways,21/05/2019,Banglore,Delhi,BLR → DEL,17:45,20:45,3h,non-stop,No info,7229
Jet Airways,21/05/2019,Kolkata,Banglore,CCU → DEL → BLR,17:00,09:45 22 May,16h 45m,1 stop,No info,13067
IndiGo,21/04/2019,Delhi,Cochin,DEL → HYD → COK,07:35,12:10,4h 35m,1 stop,No info,5703
SpiceJet,18/04/2019,Kolkata,Banglore,CCU → BLR,09:00,11:25,2h 25m,non-stop,No info,4174
IndiGo,1/06/2019,Banglore,Delhi,BLR → DEL,21:15,00:15 02 Jun,3h,non-stop,No info,3943
Jet Airways,12/05/2019,Kolkata,Banglore,CCU → BOM → BLR,06:30,04:40 13 May,22h 10m,1 stop,No info,13941
Air India,3/06/2019,Kolkata,Banglore,CCU → BLR,14:15,16:45,2h 30m,non-stop,No info,5510
Jet Airways,18/05/2019,Delhi,Cochin,DEL → BOM → COK,07:05,04:25 19 May,21h 20m,1 stop,In-flight meal not included,12373
Jet Airways,1/06/2019,Delhi,Cochin,DEL → JAI → BOM → COK,05:30,04:25 02 Jun,22h 55m,2 stops,In-flight meal not included,10368
Air India,27/06/2019,Delhi,Cochin,DEL → HYD → MAA → COK,13:15,09:25 28 Jun,20h 10m,2 stops,No info,8839
Jet Airways,6/05/2019,Kolkata,Banglore,CCU → DEL → BLR,09:35,21:05,11h 30m,1 stop,In-flight meal not included,10703
Jet Airways,12/06/2019,Kolkata,Banglore,CCU → DEL → BLR,09:35,19:10,9h 35m,1 stop,In-flight meal not included,10539
Air India,09/03/2019,Banglore,New Delhi,BLR → DEL,21:10,23:55,2h 45m,non-stop,No info,4966
Jet Airways,24/03/2019,Kolkata,Banglore,CCU → BOM → BLR,21:10,10:05 25 Mar,12h 55m,1 stop,In-flight meal not included,12446
Air India,15/06/2019,Chennai,Kolkata,MAA → CCU,11:40,13:55,2h 15m,non-stop,No info,4667
Vistara,21/04/2019,Banglore,Delhi,BLR → DEL,09:45,12:35,2h 50m,non-stop,No info,5403
Jet Airways,9/06/2019,Delhi,Cochin,DEL → BOM → COK,11:30,19:00,7h 30m,1 stop,No info,14714
SpiceJet,9/06/2019,Chennai,Kolkata,MAA → CCU,08:20,10:35,2h 15m,non-stop,No info,3597
Air India,18/05/2019,Kolkata,Banglore,CCU → BOM → GOI → BLR,16:50,05:35 19 May,12h 45m,2 stops,No info,11642
Air India,6/06/2019,Delhi,Cochin,DEL → UDR → BOM → COK,13:20,19:15 07 Jun,29h 55m,2 stops,No info,12961
IndiGo,18/05/2019,Kolkata,Banglore,CCU → MAA → BLR,08:10,13:00,4h 50m,1 stop,No info,5279
Air India,21/03/2019,Chennai,Kolkata,MAA → CCU,11:40,13:55,2h 15m,non-stop,No info,3670
Jet Airways,21/05/2019,Kolkata,Banglore,CCU → GAU → BLR,10:20,17:35,7h 15m,1 stop,In-flight meal not included,5608
Jet Airways,9/05/2019,Kolkata,Banglore,CCU → BOM → BLR,08:25,04:40 10 May,20h 15m,1 stop,No info,13941
Jet Airways,3/04/2019,Banglore,Delhi,BLR → DEL,15:15,18:10,2h 55m,non-stop,In-flight meal not included,4544
Jet Airways,9/06/2019,Mumbai,Hyderabad,BOM → HYD,02:55,04:20,1h 25m,non-stop,In-flight meal not included,4050
Multiple carriers,3/03/2019,Delhi,Cochin,DEL → BOM → COK,17:00,01:35 04 Mar,8h 35m,1 stop,No info,17073
Vistara,21/03/2019,Banglore,New Delhi,BLR → DEL,07:00,09:40,2h 40m,non-stop,No info,5403
Multiple carriers,6/03/2019,Delhi,Cochin,DEL → HYD → MAA → COK,13:05,21:20,8h 15m,2 stops,No info,10759
Multiple carriers,9/04/2019,Delhi,Cochin,DEL → BOM → COK,08:00,19:00,11h,1 stop,No info,11142
Jet Airways,18/05/2019,Kolkata,Banglore,CCU → BOM → BLR,16:30,18:15 19 May,25h 45m,1 stop,In-flight meal not included,10844
IndiGo,1/03/2019,Mumbai,Hyderabad,BOM → HYD,12:00,13:25,1h 25m,non-stop,No info,12475
Jet Airways,9/06/2019,Kolkata,Banglore,CCU → BOM → BLR,20:00,16:20 10 Jun,20h 20m,1 stop,No info,14571
Jet Airways,1/04/2019,Kolkata,Banglore,CCU → BOM → BLR,06:30,20:45,14h 15m,1 stop,No info,12681
SpiceJet,3/04/2019,Kolkata,Banglore,CCU → BLR,17:10,19:40,2h 30m,non-stop,No check-in baggage included,3841
IndiGo,21/04/2019,Banglore,Delhi,BLR → DEL,16:55,19:55,3h,non-stop,No info,4990
SpiceJet,21/04/2019,Delhi,Cochin,DEL → MAA → COK,06:05,11:20,5h 15m,1 stop,No info,5583
SpiceJet,21/05/2019,Chennai,Kolkata,MAA → CCU,08:20,10:35,2h 15m,non-stop,No check-in baggage included,3543
Air India,6/05/2019,Kolkata,Banglore,CCU → DEL → COK → BLR,10:00,01:20 07 May,15h 20m,2 stops,No info,13873
SpiceJet,12/06/2019,Kolkata,Banglore,CCU → BLR,06:55,09:30,2h 35m,non-stop,No check-in baggage included,3841
Jet Airways,1/06/2019,Delhi,Cochin,DEL → JAI → BOM → COK,09:40,12:35 02 Jun,26h 55m,2 stops,In-flight meal not included,10368
Jet Airways,9/05/2019,Delhi,Cochin,DEL → BOM → COK,21:50,19:00 10 May,21h 10m,1 stop,No info,15554
Jet Airways,27/03/2019,Delhi,Cochin,DEL → BOM → COK,23:05,19:45 28 Mar,20h 40m,1 stop,In-flight meal not included,7438
Air Asia,24/04/2019,Banglore,Delhi,BLR → DEL,11:10,13:55,2h 45m,non-stop,No info,3383
IndiGo,12/06/2019,Mumbai,Hyderabad,BOM → HYD,09:10,10:40,1h 30m,non-stop,No info,4049
Jet Airways,12/05/2019,Kolkata,Banglore,CCU → DEL → BLR,17:00,14:25 13 May,21h 25m,1 stop,No info,13067
Multiple carriers,21/03/2019,Delhi,Cochin,DEL → BOM → COK,07:30,19:15,11h 45m,1 stop,No info,9100
IndiGo,18/03/2019,Kolkata,Banglore,CCU → BLR,05:30,08:20,2h 50m,non-stop,No info,4462
SpiceJet,1/06/2019,Kolkata,Banglore,CCU → BLR,22:20,00:40 02 Jun,2h 20m,non-stop,No info,3873
Multiple carriers,6/03/2019,Delhi,Cochin,DEL → BOM → COK,11:40,19:15,7h 35m,1 stop,No info,15353
Jet Airways,6/06/2019,Banglore,Delhi,BLR → DEL,19:50,22:50,3h,non-stop,In-flight meal not included,7229
Jet Airways,9/05/2019,Delhi,Cochin,DEL → JAI → BOM → COK,19:30,12:35 10 May,17h 5m,2 stops,In-flight meal not included,13029
Jet Airways,15/06/2019,Delhi,Cochin,DEL → LKO → BOM → COK,11:45,12:35 16 Jun,24h 50m,2 stops,No info,13882
IndiGo,6/06/2019,Kolkata,Banglore,CCU → PNQ → BLR,21:00,02:15 07 Jun,5h 15m,1 stop,No info,6711
Multiple carriers,21/03/2019,Delhi,Cochin,DEL → BOM → COK,13:00,21:00,8h,1 stop,No info,7618
Jet Airways,1/04/2019,Kolkata,Banglore,CCU → DEL → BLR,09:35,19:10,9h 35m,1 stop,No info,11467
Jet Airways,3/06/2019,Banglore,Delhi,BLR → DEL,15:15,18:10,2h 55m,non-stop,No info,8016
Air India,15/05/2019,Banglore,Delhi,BLR → DEL,13:20,16:10,2h 50m,non-stop,No info,5228
Air India,09/03/2019,Banglore,New Delhi,BLR → MAA → DEL,11:50,23:55,12h 5m,1 stop,No info,10972
Jet Airways,27/05/2019,Delhi,Cochin,DEL → BOM → COK,16:00,04:25 28 May,12h 25m,1 stop,In-flight meal not included,12898
IndiGo,18/05/2019,Delhi,Cochin,DEL → HYD → COK,08:35,16:10,7h 35m,1 stop,No info,6442
Multiple carriers,12/06/2019,Delhi,Cochin,DEL → BOM → COK,17:00,01:30 13 Jun,8h 30m,1 stop,No info,7198
Jet Airways,01/03/2019,Banglore,New Delhi,BLR → BOM → DEL,05:45,19:10,13h 25m,1 stop,No info,27992
Jet Airways,3/06/2019,Delhi,Cochin,DEL → BOM → COK,14:00,04:25 04 Jun,14h 25m,1 stop,In-flight meal not included,10262
Multiple carriers,3/03/2019,Delhi,Cochin,DEL → HYD → MAA → COK,07:05,21:20,14h 15m,2 stops,No info,8291
SpiceJet,6/05/2019,Kolkata,Banglore,CCU → BLR,06:55,09:30,2h 35m,non-stop,No check-in baggage included,3841
SpiceJet,27/05/2019,Chennai,Kolkata,MAA → CCU,17:45,20:05,2h 20m,non-stop,No info,3597
Air India,18/03/2019,Chennai,Kolkata,MAA → CCU,11:40,13:55,2h 15m,non-stop,No info,4405
Air India,9/04/2019,Delhi,Cochin,DEL → HYD → BOM → COK,17:15,07:40 10 Apr,14h 25m,2 stops,No info,8052
Jet Airways,6/06/2019,Kolkata,Banglore,CCU → BOM → BLR,21:10,09:20 07 Jun,12h 10m,1 stop,In-flight meal not included,10844
Air India,12/05/2019,Kolkata,Banglore,CCU → BBI → BOM → BLR,12:00,18:30 13 May,30h 30m,2 stops,No info,10676
Jet Airways,24/05/2019,Kolkata,Banglore,CCU → BOM → BLR,14:05,04:40 25 May,14h 35m,1 stop,In-flight meal not included,8586
Jet Airways,18/05/2019,Kolkata,Banglore,CCU → DEL → BLR,09:35,10:55 19 May,25h 20m,1 stop,No info,14151
Jet Airways,18/03/2019,Banglore,New Delhi,BLR → BOM → DEL,07:00,07:40 16 Mar,24h 40m,1 stop,No info,11455
Multiple carriers,15/05/2019,Delhi,Cochin,DEL → BOM → COK,08:45,19:15,10h 30m,1 stop,No info,8266
IndiGo,6/05/2019,Banglore,Delhi,BLR → DEL,07:10,10:05,2h 55m,non-stop,No info,4823
Jet Airways,21/04/2019,Banglore,Delhi,BLR → DEL,06:00,08:45,2h 45m,non-stop,In-flight meal not included,4544
IndiGo,6/05/2019,Kolkata,Banglore,CCU → BLR,15:30,18:05,2h 35m,non-stop,No info,4804
Air India,6/05/2019,Banglore,Delhi,BLR → DEL,21:05,23:55,2h 50m,non-stop,No info,5228
IndiGo,21/03/2019,Delhi,Cochin,DEL → BOM → COK,17:10,01:35 22 Mar,8h 25m,1 stop,No info,7318
IndiGo,1/05/2019,Mumbai,Hyderabad,BOM → HYD,20:05,21:40,1h 35m,non-stop,No info,2227
SpiceJet,15/05/2019,Chennai,Kolkata,MAA → CCU,09:45,12:00,2h 15m,non-stop,No info,3597
Jet Airways,12/06/2019,Delhi,Cochin,DEL → BOM → COK,13:00,12:35 13 Jun,23h 35m,1 stop,In-flight meal not included,10262
IndiGo,24/03/2019,Banglore,New Delhi,BLR → DEL,18:55,21:45,2h 50m,non-stop,No info,7303
Multiple carriers,15/06/2019,Delhi,Cochin,DEL → BOM → COK,13:00,21:00,8h,1 stop,No info,7408
Jet Airways,21/05/2019,Delhi,Cochin,DEL → BOM → COK,11:30,04:25 22 May,16h 55m,1 stop,In-flight meal not included,12898
Air India,9/03/2019,Delhi,Cochin,DEL → BHO → BOM → COK,05:55,07:40 10 Mar,25h 45m,2 stops,No info,14483
Jet Airways,6/05/2019,Kolkata,Banglore,CCU → GAU → BLR,10:20,17:35,7h 15m,1 stop,In-flight meal not included,7064
Air Asia,18/05/2019,Delhi,Cochin,DEL → BLR → COK,16:45,07:10 19 May,14h 25m,1 stop,No info,7353
IndiGo,27/06/2019,Delhi,Cochin,DEL → HYD → COK,07:35,12:10,4h 35m,1 stop,No info,5054
Jet Airways,18/05/2019,Banglore,Delhi,BLR → DEL,08:20,11:20,3h,non-stop,In-flight meal not included,6144
Jet Airways,12/06/2019,Delhi,Cochin,DEL → JAI → BOM → COK,19:30,12:35 13 Jun,17h 5m,2 stops,No info,13014
Air India,24/06/2019,Mumbai,Hyderabad,BOM → HYD,21:05,22:25,1h 20m,non-stop,No info,3100
Multiple carriers,15/05/2019,Delhi,Cochin,DEL → BOM → COK,11:40,19:00,7h 20m,1 stop,No info,10529
Air Asia,15/03/2019,Banglore,New Delhi,BLR → DEL,05:50,08:40,2h 50m,non-stop,No info,5615
Multiple carriers,27/03/2019,Delhi,Cochin,DEL → BOM → COK,07:30,19:15,11h 45m,1 stop,No info,9100
IndiGo,24/03/2019,Kolkata,Banglore,CCU → BBI → BLR,11:55,16:25,4h 30m,1 stop,No info,9806
Jet Airways,18/05/2019,Kolkata,Banglore,CCU → DEL → BLR,09:35,09:45 19 May,24h 10m,1 stop,No info,14151
Jet Airways,12/03/2019,Banglore,New Delhi,BLR → BOM → DEL,21:25,12:25 13 Mar,15h,1 stop,No info,13817
Air India,9/05/2019,Kolkata,Banglore,CCU → BBI → BOM → BLR,12:00,07:55 10 May,19h 55m,2 stops,No info,9416
Air India,1/05/2019,Kolkata,Banglore,CCU → IXR → DEL → BLR,05:50,20:25,14h 35m,2 stops,No info,10991
IndiGo,27/05/2019,Delhi,Cochin,DEL → HYD → COK,14:20,22:30,8h 10m,1 stop,No info,6938
Jet Airways,1/06/2019,Delhi,Cochin,DEL → JAI → BOM → COK,05:30,04:25 02 Jun,22h 55m,2 stops,No info,13014
Jet Airways,9/06/2019,Banglore,Delhi,BLR → DEL,06:00,08:45,2h 45m,non-stop,No info,8016
IndiGo,27/03/2019,Delhi,Cochin,DEL → BOM → COK,09:10,21:00,11h 50m,1 stop,No info,10351
Air India,6/03/2019,Delhi,Cochin,DEL → HYD → MAA → COK,13:05,09:25 07 Mar,20h 20m,2 stops,No info,12865
Jet Airways,21/05/2019,Delhi,Cochin,DEL → BOM → COK,02:15,19:00,16h 45m,1 stop,No info,16079
Jet Airways,24/06/2019,Delhi,Cochin,DEL → COK,11:00,14:15,3h 15m,non-stop,In-flight meal not included,4256
Jet Airways,9/05/2019,Delhi,Cochin,DEL → JAI → BOM → COK,09:40,04:25 10 May,18h 45m,2 stops,In-flight meal not included,13029
IndiGo,18/03/2019,Mumbai,Hyderabad,BOM → HYD,19:05,20:30,1h 25m,non-stop,No info,2754
Jet Airways,1/05/2019,Banglore,Delhi,BLR → DEL,18:55,22:00,3h 5m,non-stop,In-flight meal not included,4030
Jet Airways,6/06/2019,Delhi,Cochin,DEL → JAI → BOM → COK,05:30,04:25 07 Jun,22h 55m,2 stops,In-flight meal not included,10368
Jet Airways,12/03/2019,Banglore,New Delhi,BLR → BOM → DEL,22:55,12:25 13 Mar,13h 30m,1 stop,No info,13817
Jet Airways,21/05/2019,Banglore,Delhi,BLR → DEL,18:55,22:00,3h 5m,non-stop,No info,7229
Air Asia,18/06/2019,Banglore,Delhi,BLR → DEL,23:55,02:45 19 Jun,2h 50m,non-stop,No info,3383
Jet Airways,3/06/2019,Delhi,Cochin,DEL → BOM → COK,17:30,12:35 04 Jun,19h 5m,1 stop,In-flight meal not included,10262
Jet Airways,21/04/2019,Banglore,Delhi,BLR → DEL,18:55,22:00,3h 5m,non-stop,No info,7229
Air Asia,24/03/2019,Banglore,New Delhi,BLR → DEL,23:25,02:10 28 Mar,2h 45m,non-stop,No info,4482
Air India,01/03/2019,Banglore,New Delhi,BLR → CCU → DEL,11:05,19:50,8h 45m,1 stop,1 Long layover,14594
Jet Airways,06/03/2019,Banglore,New Delhi,BLR → BOM → DEL,11:40,07:40 07 Mar,20h,1 stop,No info,16736
IndiGo,18/05/2019,Mumbai,Hyderabad,BOM → HYD,20:05,21:40,1h 35m,non-stop,No info,2227
IndiGo,21/03/2019,Mumbai,Hyderabad,BOM → HYD,16:55,18:25,1h 30m,non-stop,No info,3175
Multiple carriers,3/06/2019,Delhi,Cochin,DEL → BOM → COK,11:25,19:00,7h 35m,1 stop,No info,10877
Jet Airways,12/06/2019,Kolkata,Banglore,CCU → BOM → BLR,21:10,10:05 13 Jun,12h 55m,1 stop,No info,13044
IndiGo,6/03/2019,Delhi,Cochin,DEL → BOM → COK,09:10,01:35 07 Mar,16h 25m,1 stop,No info,14871
Jet Airways,1/06/2019,Mumbai,Hyderabad,BOM → HYD,07:05,08:30,1h 25m,non-stop,In-flight meal not included,4050
SpiceJet,21/04/2019,Delhi,Cochin,DEL → MAA → COK,15:45,22:05,6h 20m,1 stop,No info,6749
IndiGo,18/03/2019,Kolkata,Banglore,CCU → BLR,15:20,17:55,2h 35m,non-stop,No info,4462
Air India,21/03/2019,Banglore,New Delhi,BLR → MAA → DEL,11:50,23:55,12h 5m,1 stop,No info,5092
IndiGo,3/06/2019,Delhi,Cochin,DEL → BOM → COK,08:30,21:00,12h 30m,1 stop,No info,6416
Vistara,27/03/2019,Chennai,Kolkata,MAA → CCU,07:05,09:20,2h 15m,non-stop,No info,3739
Multiple carriers,24/06/2019,Delhi,Cochin,DEL → BOM → COK,03:50,12:35,8h 45m,1 stop,No info,12192
Air India,21/05/2019,Delhi,Cochin,DEL → COK,18:05,21:10,3h 5m,non-stop,No info,6094
IndiGo,1/04/2019,Kolkata,Banglore,CCU → MAA → BLR,08:10,13:00,4h 50m,1 stop,No info,5069
Air India,6/03/2019,Kolkata,Banglore,CCU → BLR,20:45,23:20,2h 35m,non-stop,No info,4435
IndiGo,12/04/2019,Kolkata,Banglore,CCU → BLR,04:40,07:15,2h 35m,non-stop,No info,4174
Air India,18/03/2019,Mumbai,Hyderabad,BOM → HYD,19:30,20:45,1h 15m,non-stop,No info,2050
SpiceJet,15/04/2019,Banglore,Delhi,BLR → DEL,05:55,08:35,2h 40m,non-stop,No check-in baggage included,4319
Jet Airways,21/05/2019,Delhi,Cochin,DEL → BOM → COK,22:50,19:00 22 May,20h 10m,1 stop,No info,16079
Air Asia,1/04/2019,Kolkata,Banglore,CCU → DEL → BLR,22:40,10:40 02 Apr,12h,1 stop,No info,5192
Jet Airways,27/04/2019,Banglore,Delhi,BLR → DEL,15:15,18:10,2h 55m,non-stop,In-flight meal not included,4544
Jet Airways,1/05/2019,Mumbai,Hyderabad,BOM → HYD,19:35,21:05,1h 30m,non-stop,No info,5678
Jet Airways,15/05/2019,Mumbai,Hyderabad,BOM → HYD,19:35,21:05,1h 30m,non-stop,In-flight meal not included,2228
Jet Airways,9/05/2019,Kolkata,Banglore,CCU → BOM → BLR,20:00,08:15 10 May,12h 15m,1 stop,In-flight meal not included,7757
Air India,21/05/2019,Mumbai,Hyderabad,BOM → HYD,21:05,22:25,1h 20m,non-stop,No info,3100
Multiple carriers,15/06/2019,Delhi,Cochin,DEL → IXU → BOM → COK,17:50,01:30 16 Jun,7h 40m,2 stops,No info,18485
Jet Airways,3/03/2019,Delhi,Cochin,DEL → IDR → BOM → COK,05:25,04:25 05 Mar,47h,2 stops,No info,20064
IndiGo,21/06/2019,Delhi,Cochin,DEL → COK,21:05,00:20 22 Jun,3h 15m,non-stop,No info,5406
Jet Airways,6/03/2019,Delhi,Cochin,DEL → IDR → BOM → COK,05:25,19:45 07 Mar,38h 20m,2 stops,In-flight meal not included,16389
Jet Airways,24/05/2019,Kolkata,Banglore,CCU → BOM → BLR,06:30,18:15,11h 45m,1 stop,In-flight meal not included,10844
Jet Airways,12/06/2019,Kolkata,Banglore,CCU → BOM → BLR,18:55,18:15 13 Jun,23h 20m,1 stop,No info,13044
IndiGo,21/05/2019,Kolkata,Banglore,CCU → BLR,14:25,16:55,2h 30m,non-stop,No info,5224
Air Asia,6/03/2019,Delhi,Cochin,DEL → BLR → COK,16:45,07:10 07 Mar,14h 25m,1 stop,No info,8627
Multiple carriers,18/05/2019,Delhi,Cochin,DEL → HYD → COK,09:45,16:10,6h 25m,1 stop,No info,9646
Air India,1/05/2019,Kolkata,Banglore,CCU → DEL → BLR,10:00,23:15,13h 15m,1 stop,No info,10203
Air Asia,21/05/2019,Kolkata,Banglore,CCU → BLR,19:55,22:25,2h 30m,non-stop,No info,4107
Jet Airways,18/03/2019,Banglore,New Delhi,BLR → BOM → DEL,05:45,12:25,6h 40m,1 stop,No info,12284
Jet Airways,3/04/2019,Banglore,Delhi,BLR → DEL,19:50,22:50,3h,non-stop,In-flight meal not included,4544
Air India,6/05/2019,Delhi,Cochin,DEL → LKO → BOM → COK,12:20,19:15 07 May,30h 55m,2 stops,No info,13538
Multiple carriers,3/06/2019,Delhi,Cochin,DEL → BOM → COK,10:00,21:00,11h,1 stop,No info,9718
Jet Airways,6/06/2019,Kolkata,Banglore,CCU → BOM → BLR,20:00,22:35 07 Jun,26h 35m,1 stop,In-flight meal not included,10844
Multiple carriers,15/06/2019,Delhi,Cochin,DEL → BOM → COK,19:00,01:30 16 Jun,6h 30m,1 stop,No info,6795
Jet Airways,27/03/2019,Delhi,Cochin,DEL → BOM → COK,20:50,19:45 28 Mar,22h 55m,1 stop,No info,12032
Jet Airways,18/05/2019,Kolkata,Banglore,CCU → BOM → BLR,14:05,20:45,6h 40m,1 stop,In-flight meal not included,10844
Air India,6/06/2019,Kolkata,Banglore,CCU → DEL → BLR,17:30,20:25 07 Jun,26h 55m,1 stop,No info,10413
Jet Airways,9/06/2019,Kolkata,Banglore,CCU → BOM → BLR,20:00,12:00 10 Jun,16h,1 stop,In-flight meal not included,10844
Jet Airways,12/05/2019,Kolkata,Banglore,CCU → BOM → BLR,16:30,09:20 13 May,16h 50m,1 stop,In-flight meal not included,9663
IndiGo,27/05/2019,Delhi,Cochin,DEL → HYD → COK,11:55,22:30,10h 35m,1 stop,No info,6442
Jet Airways,9/06/2019,Delhi,Cochin,DEL → NAG → BOM → COK,06:45,12:35 10 Jun,29h 50m,2 stops,No info,13376
Jet Airways,18/06/2019,Mumbai,Hyderabad,BOM → HYD,19:35,21:05,1h 30m,non-stop,No info,5678
Air India,9/05/2019,Kolkata,Banglore,CCU → VNS → DEL → BLR,14:30,23:15,8h 45m,2 stops,No info,14214
Jet Airways,12/06/2019,Kolkata,Banglore,CCU → DEL → BLR,20:25,10:55 13 Jun,14h 30m,1 stop,No info,12692
IndiGo,6/06/2019,Delhi,Cochin,DEL → HYD → COK,07:35,12:10,4h 35m,1 stop,No info,5458
Jet Airways,9/06/2019,Banglore,Delhi,BLR → DEL,18:55,22:00,3h 5m,non-stop,In-flight meal not included,7229
Air India,24/06/2019,Delhi,Cochin,DEL → HYD → BOM → COK,17:15,19:15 25 Jun,26h,2 stops,No info,11989
IndiGo,15/05/2019,Kolkata,Banglore,CCU → BLR,22:15,00:50 16 May,2h 35m,non-stop,No info,4804
Jet Airways,1/04/2019,Delhi,Cochin,DEL → BOM → COK,16:00,12:35 02 Apr,20h 35m,1 stop,In-flight meal not included,5406
IndiGo,3/06/2019,Banglore,Delhi,BLR → DEL,23:30,02:20 04 Jun,2h 50m,non-stop,No info,4591
Air Asia,09/03/2019,Banglore,New Delhi,BLR → DEL,05:50,08:40,2h 50m,non-stop,No info,4284
IndiGo,18/05/2019,Chennai,Kolkata,MAA → CCU,07:55,10:15,2h 20m,non-stop,No info,3850
Jet Airways,15/06/2019,Delhi,Cochin,DEL → JAI → BOM → COK,09:40,19:00,9h 20m,2 stops,In-flight meal not included,10368
Air India,1/04/2019,Kolkata,Banglore,CCU → DEL → COK → BLR,10:00,01:20 02 Apr,15h 20m,2 stops,No info,10408
Multiple carriers,9/05/2019,Delhi,Cochin,DEL → BOM → COK,17:30,01:30 10 May,8h,1 stop,No info,15078
Multiple carriers,27/03/2019,Delhi,Cochin,DEL → BOM → COK,15:05,01:35 28 Mar,10h 30m,1 stop,No info,12327
IndiGo,21/05/2019,Delhi,Cochin,DEL → BOM → COK,09:15,21:00,11h 45m,1 stop,No info,7318
Air India,1/06/2019,Delhi,Cochin,DEL → BLR → COK,17:40,23:00,5h 20m,1 stop,No info,7384
Jet Airways,01/03/2019,Banglore,New Delhi,BLR → BOM → DEL,11:40,09:00 02 Mar,21h 20m,1 stop,No info,20800
Air India,24/06/2019,Delhi,Cochin,DEL → HYD → MAA → COK,07:05,09:25 25 Jun,26h 20m,2 stops,No info,11185
Jet Airways,15/06/2019,Mumbai,Hyderabad,BOM → HYD,19:35,21:05,1h 30m,non-stop,In-flight meal not included,3210
Air India,15/03/2019,Banglore,New Delhi,BLR → COK → DEL,22:00,23:20 16 Mar,25h 20m,1 stop,No info,6850
Jet Airways,24/05/2019,Kolkata,Banglore,CCU → BOM → BLR,06:30,12:00,5h 30m,1 stop,No info,14178
Multiple carriers,3/06/2019,Delhi,Cochin,DEL → BOM → COK,09:15,19:15,10h,1 stop,No info,8099
Air India,3/05/2019,Banglore,Delhi,BLR → DEL,06:10,08:55,2h 45m,non-stop,No info,5228
Air Asia,24/03/2019,Banglore,New Delhi,BLR → DEL,05:50,08:40,2h 50m,non-stop,No info,3383
Jet Airways,12/05/2019,Kolkata,Banglore,CCU → GAU → BLR,10:20,17:35,7h 15m,1 stop,In-flight meal not included,7064
Jet Airways,18/04/2019,Banglore,Delhi,BLR → DEL,06:00,08:45,2h 45m,non-stop,No info,7229
Air India,9/06/2019,Kolkata,Banglore,CCU → BLR,14:15,16:45,2h 30m,non-stop,No info,6245
Jet Airways,27/03/2019,Mumbai,Hyderabad,BOM → HYD,19:35,21:05,1h 30m,non-stop,In-flight meal not included,2071
Multiple carriers,21/03/2019,Delhi,Cochin,DEL → BOM → COK,17:30,01:35 22 Mar,8h 5m,1 stop,No info,13542
Air Asia,18/05/2019,Kolkata,Banglore,CCU → DEL → BLR,07:35,19:25,11h 50m,1 stop,No info,5192
Vistara,27/03/2019,Delhi,Cochin,DEL → COK,06:00,09:10,3h 10m,non-stop,No info,4851
IndiGo,18/06/2019,Kolkata,Banglore,CCU → BLR,14:25,16:55,2h 30m,non-stop,No info,4804
SpiceJet,15/04/2019,Kolkata,Banglore,CCU → BLR,09:00,11:25,2h 25m,non-stop,No info,4174
Air India,18/03/2019,Banglore,New Delhi,BLR → CCU → GAU → DEL,11:05,22:10 16 Mar,35h 5m,2 stops,No info,11161
Air India,9/06/2019,Kolkata,Banglore,CCU → BBI → BOM → BLR,12:00,07:55 10 Jun,19h 55m,2 stops,No info,10151
Jet Airways,9/04/2019,Banglore,Delhi,BLR → DEL,15:50,18:45,2h 55m,non-stop,In-flight meal not included,4544
Jet Airways,9/06/2019,Kolkata,Banglore,CCU → BOM → BLR,21:10,08:15 10 Jun,11h 5m,1 stop,No info,14939
Jet Airways,9/05/2019,Banglore,Delhi,BLR → DEL,15:15,18:10,2h 55m,non-stop,No info,7229
Multiple carriers,27/03/2019,Delhi,Cochin,DEL → HYD → COK,07:05,16:10,9h 5m,1 stop,No info,6076
GoAir,01/03/2019,Banglore,New Delhi,BLR → DEL,07:45,10:40,2h 55m,non-stop,No info,13663
Multiple carriers,9/03/2019,Delhi,Cochin,DEL → BOM → COK,19:00,01:35 10 Mar,6h 35m,1 stop,No info,13677
SpiceJet,15/05/2019,Mumbai,Hyderabad,BOM → HYD,22:45,00:15 16 May,1h 30m,non-stop,No info,2017
SpiceJet,24/04/2019,Delhi,Cochin,DEL → MAA → COK,15:45,22:05,6h 20m,1 stop,No info,5583
SpiceJet,9/06/2019,Kolkata,Banglore,CCU → BLR,06:55,09:30,2h 35m,non-stop,No check-in baggage included,3841
Air India,21/03/2019,Delhi,Cochin,DEL → HYD → BOM → COK,17:15,19:15 22 Mar,26h,2 stops,No info,8245
Jet Airways,1/06/2019,Delhi,Cochin,DEL → BDQ → BOM → COK,18:25,12:35 02 Jun,18h 10m,2 stops,No info,14237
Jet Airways,3/05/2019,Banglore,Delhi,BLR → DEL,08:20,11:20,3h,non-stop,In-flight meal not included,5198
IndiGo,1/06/2019,Delhi,Cochin,DEL → HYD → COK,11:55,22:30,10h 35m,1 stop,No info,6674
Multiple carriers,12/06/2019,Delhi,Cochin,DEL → BOM → COK,06:00,19:00,13h,1 stop,No info,11789
Air India,9/06/2019,Kolkata,Banglore,CCU → IXR → DEL → BLR,05:50,23:15,17h 25m,2 stops,No info,12723
Jet Airways,18/05/2019,Delhi,Cochin,DEL → BOM → COK,08:00,19:00,11h,1 stop,In-flight meal not included,12373
Jet Airways,12/05/2019,Mumbai,Hyderabad,BOM → HYD,19:35,21:05,1h 30m,non-stop,No info,5678
IndiGo,6/06/2019,Delhi,Cochin,DEL → LKO → COK,21:50,03:35 07 Jun,5h 45m,1 stop,No info,6195
IndiGo,18/05/2019,Kolkata,Banglore,CCU → NAG → BLR,18:05,23:30,5h 25m,1 stop,No info,6704
Jet Airways,9/06/2019,Delhi,Cochin,DEL → NAG → BOM → COK,06:45,04:25 10 Jun,21h 40m,2 stops,No info,13376
Multiple carriers,9/03/2019,Delhi,Cochin,DEL → IXU → BOM → COK,17:50,01:35 10 Mar,7h 45m,2 stops,No info,23583
Vistara,27/05/2019,Banglore,Delhi,BLR → DEL,11:30,14:20,2h 50m,non-stop,No info,4668
Jet Airways,18/05/2019,Delhi,Cochin,DEL → BOM → COK,14:00,19:00,5h,1 stop,No info,15554
Jet Airways,24/05/2019,Kolkata,Banglore,CCU → BOM → BLR,14:05,19:50,5h 45m,1 stop,No info,14571
Jet Airways,06/03/2019,Banglore,New Delhi,BLR → BOM → DEL,14:05,11:25 07 Mar,21h 20m,1 stop,No info,15025
Air India,9/05/2019,Mumbai,Hyderabad,BOM → HYD,19:30,20:45,1h 15m,non-stop,No info,3100
Air Asia,21/05/2019,Kolkata,Banglore,CCU → DEL → BLR,07:35,23:30,15h 55m,1 stop,No info,5192
Multiple carriers,15/05/2019,Delhi,Cochin,DEL → BOM → COK,12:50,21:00,8h 10m,1 stop,No info,7670
SpiceJet,9/03/2019,Delhi,Cochin,DEL → MAA → COK,06:10,11:20,5h 10m,1 stop,No info,8382
SpiceJet,27/05/2019,Delhi,Cochin,DEL → PNQ → COK,08:45,13:15,4h 30m,1 stop,No check-in baggage included,5158
Air India,9/03/2019,Delhi,Cochin,DEL → HYD → MAA → COK,09:45,09:25 10 Mar,23h 40m,2 stops,No info,10660
Air India,1/04/2019,Banglore,Delhi,BLR → DEL,06:10,08:55,2h 45m,non-stop,No info,5176
IndiGo,18/05/2019,Banglore,Delhi,BLR → DEL,23:30,02:20 19 May,2h 50m,non-stop,No info,4591
Jet Airways,21/03/2019,Banglore,New Delhi,BLR → BOM → DEL,05:45,23:00,17h 15m,1 stop,In-flight meal not included,7832
IndiGo,6/06/2019,Chennai,Kolkata,MAA → CCU,11:35,14:00,2h 25m,non-stop,No info,3858
Jet Airways,12/05/2019,Kolkata,Banglore,CCU → DEL → BLR,09:35,22:05,12h 30m,1 stop,No info,14151
Air India,12/03/2019,Mumbai,Hyderabad,BOM → AMD → ISK → HYD,01:35,14:50,13h 15m,2 stops,No info,9977
SpiceJet,9/06/2019,Banglore,Delhi,BLR → DEL,21:10,00:05 10 Jun,2h 55m,non-stop,No check-in baggage included,3919
Jet Airways,6/05/2019,Kolkata,Banglore,CCU → DEL → BLR,09:35,10:55 07 May,25h 20m,1 stop,No info,13067
Air India,1/05/2019,Kolkata,Banglore,CCU → GAU → DEL → BLR,16:45,12:30 02 May,19h 45m,2 stops,No info,14960
Air India,18/05/2019,Banglore,Delhi,BLR → DEL,13:20,16:10,2h 50m,non-stop,No info,6121
Jet Airways,21/06/2019,Mumbai,Hyderabad,BOM → HYD,08:45,10:15,1h 30m,non-stop,In-flight meal not included,4995
Multiple carriers,24/06/2019,Delhi,Cochin,DEL → BOM → COK,10:35,19:15,8h 40m,1 stop,No info,7155
Jet Airways,6/06/2019,Kolkata,Banglore,CCU → BOM → BLR,06:30,18:15,11h 45m,1 stop,In-flight meal not included,10844
SpiceJet,24/03/2019,Chennai,Kolkata,MAA → CCU,09:30,12:05,2h 35m,non-stop,No check-in baggage included,3807
Vistara,21/03/2019,Delhi,Cochin,DEL → COK,14:55,17:50,2h 55m,non-stop,No info,5586
Air India,21/04/2019,Delhi,Cochin,DEL → BLR → COK,20:30,23:00 22 Apr,26h 30m,1 stop,No info,7174
IndiGo,9/05/2019,Delhi,Cochin,DEL → HYD → COK,05:05,12:10,7h 5m,1 stop,No info,6818
Multiple carriers,27/03/2019,Delhi,Cochin,DEL → BOM → COK,07:00,21:00,14h,1 stop,No info,6358
Jet Airways,1/06/2019,Delhi,Cochin,DEL → BOM → COK,13:00,19:00,6h,1 stop,No info,14714
Jet Airways,12/05/2019,Kolkata,Banglore,CCU → BOM → BLR,21:10,12:00 13 May,14h 50m,1 stop,In-flight meal not included,9663
Jet Airways,21/05/2019,Kolkata,Banglore,CCU → BOM → BLR,06:30,10:05 22 May,27h 35m,1 stop,No info,13941
Jet Airways,15/06/2019,Delhi,Cochin,DEL → JAI → BOM → COK,19:30,12:35 16 Jun,17h 5m,2 stops,No info,13014
GoAir,24/05/2019,Banglore,Delhi,BLR → DEL,07:45,10:40,2h 55m,non-stop,No info,3419
Jet Airways,27/04/2019,Banglore,Delhi,BLR → DEL,11:10,14:05,2h 55m,non-stop,No info,7229
IndiGo,15/06/2019,Mumbai,Hyderabad,BOM → HYD,12:00,13:30,1h 30m,non-stop,No info,2754
Jet Airways,27/06/2019,Delhi,Cochin,DEL → BOM → COK,21:50,04:25 28 Jun,6h 35m,1 stop,No info,16079
Jet Airways,01/03/2019,Banglore,New Delhi,BLR → BOM → DEL,08:55,16:10,7h 15m,1 stop,No info,26890
Jet Airways,6/03/2019,Delhi,Cochin,DEL → BOM → COK,13:00,18:50,5h 50m,1 stop,In-flight meal not included,15103
GoAir,3/05/2019,Banglore,Delhi,BLR → DEL,07:45,10:40,2h 55m,non-stop,No info,3898
Air Asia,6/05/2019,Banglore,Delhi,BLR → DEL,23:55,02:45 07 May,2h 50m,non-stop,No info,3383
IndiGo,24/06/2019,Delhi,Cochin,DEL → BOM → COK,06:40,21:00,14h 20m,1 stop,No info,6093
Multiple carriers,12/06/2019,Delhi,Cochin,DEL → BOM → COK,12:50,01:30 13 Jun,12h 40m,1 stop,No info,6795
GoAir,15/05/2019,Kolkata,Banglore,CCU → AMD → BLR,16:40,00:15 16 May,7h 35m,1 stop,No info,7831
Jet Airways,9/06/2019,Delhi,Cochin,DEL → BOM → COK,20:55,04:25 10 Jun,7h 30m,1 stop,In-flight meal not included,10577
Multiple carriers,1/06/2019,Delhi,Cochin,DEL → BOM → COK,12:50,21:00,8h 10m,1 stop,No info,7005
Jet Airways,24/05/2019,Kolkata,Banglore,CCU → BOM → BLR,21:10,04:40 25 May,7h 30m,1 stop,No info,14178
IndiGo,6/05/2019,Kolkata,Banglore,CCU → HYD → BLR,15:15,20:05,4h 50m,1 stop,No info,4775
SpiceJet,18/05/2019,Chennai,Kolkata,MAA → CCU,17:45,20:05,2h 20m,non-stop,No info,3597
Air India,18/05/2019,Delhi,Cochin,DEL → BLR → COK,17:40,08:15 19 May,14h 35m,1 stop,No info,8361
Multiple carriers,12/06/2019,Delhi,Cochin,DEL → BOM → COK,04:55,12:35,7h 40m,1 stop,No info,10678
Multiple carriers,18/05/2019,Delhi,Cochin,DEL → BOM → COK,08:00,21:00,13h,1 stop,No info,8073
GoAir,3/04/2019,Delhi,Cochin,DEL → AMD → COK,07:25,13:35,6h 10m,1 stop,No info,4106
SpiceJet,27/03/2019,Chennai,Kolkata,MAA → CCU,08:20,10:35,2h 15m,non-stop,No check-in baggage included,3332
Jet Airways,09/03/2019,Banglore,New Delhi,BLR → BOM → DEL,08:55,21:20,12h 25m,1 stop,In-flight meal not included,11087
Air Asia,24/05/2019,Banglore,Delhi,BLR → DEL,11:10,13:55,2h 45m,non-stop,No info,3383
Air India,15/04/2019,Banglore,Delhi,BLR → DEL,13:20,16:10,2h 50m,non-stop,No info,5228
IndiGo,9/03/2019,Delhi,Cochin,DEL → AMD → COK,07:45,13:40,5h 55m,1 stop,No info,6755
SpiceJet,18/05/2019,Kolkata,Banglore,CCU → BLR,14:55,17:25,2h 30m,non-stop,No check-in baggage included,3841
Air India,1/04/2019,Mumbai,Hyderabad,BOM → HYD,06:20,07:40,1h 20m,non-stop,No info,3100
IndiGo,9/06/2019,Kolkata,Banglore,CCU → BLR,21:25,00:05 10 Jun,2h 40m,non-stop,No info,4804
Multiple carriers,24/06/2019,Delhi,Cochin,DEL → BOM → COK,09:00,19:00,10h,1 stop,No info,12927
IndiGo,21/03/2019,Chennai,Kolkata,MAA → CCU,07:55,10:15,2h 20m,non-stop,No info,3384
Jet Airways,01/03/2019,Banglore,New Delhi,BLR → BOM → DEL,11:40,09:30 02 Mar,21h 50m,1 stop,No info,25735
IndiGo,1/06/2019,Mumbai,Hyderabad,BOM → HYD,16:55,18:25,1h 30m,non-stop,No info,3175
Jet Airways,6/06/2019,Delhi,Cochin,DEL → JDH → BOM → COK,11:40,19:00,7h 20m,2 stops,No info,18804
Jet Airways,24/06/2019,Banglore,Delhi,BLR → DEL,07:10,10:10,3h,non-stop,No info,8016
Air India,03/03/2019,Banglore,New Delhi,BLR → DEL,13:20,16:10,2h 50m,non-stop,No info,10216
Air India,1/06/2019,Delhi,Cochin,DEL → GOI → BOM → COK,22:00,19:15 02 Jun,21h 15m,2 stops,No info,10441
SpiceJet,18/03/2019,Chennai,Kolkata,MAA → CCU,09:30,12:05,2h 35m,non-stop,No check-in baggage included,3807
Jet Airways,21/06/2019,Banglore,Delhi,BLR → DEL,15:15,18:10,2h 55m,non-stop,In-flight meal not included,7229
IndiGo,6/03/2019,Kolkata,Banglore,CCU → BLR,20:25,23:05,2h 40m,non-stop,No info,4778
Vistara,24/05/2019,Kolkata,Banglore,CCU → DEL → BLR,20:20,10:45 25 May,14h 25m,1 stop,No info,9187
Vistara,9/05/2019,Banglore,Delhi,BLR → DEL,07:00,09:40,2h 40m,non-stop,No info,4668
Jet Airways,18/05/2019,Kolkata,Banglore,CCU → BOM → BLR,18:55,04:40 19 May,9h 45m,1 stop,In-flight meal not included,8586
Multiple carriers,24/06/2019,Delhi,Cochin,DEL → IXU → BOM → COK,17:50,01:30 25 Jun,7h 40m,2 stops,No info,18275
IndiGo,21/06/2019,Mumbai,Hyderabad,BOM → HYD,21:20,22:50,1h 30m,non-stop,No info,2227
IndiGo,09/03/2019,Banglore,New Delhi,BLR → DEL,21:20,00:15 13 Mar,2h 55m,non-stop,No info,4777
Air India,24/03/2019,Banglore,New Delhi,BLR → DEL,17:00,19:45,2h 45m,non-stop,No info,5176
Jet Airways,1/05/2019,Kolkata,Banglore,CCU → BOM → BLR,20:00,12:00 02 May,16h,1 stop,In-flight meal not included,9663
SpiceJet,6/06/2019,Kolkata,Banglore,CCU → IXB → BLR,11:15,18:30,7h 15m,1 stop,No info,10156
Jet Airways,1/05/2019,Kolkata,Banglore,CCU → DEL → BLR,09:35,09:45 02 May,24h 10m,1 stop,No info,11467
Air Asia,27/04/2019,Delhi,Cochin,DEL → BLR → COK,20:45,07:10 28 Apr,10h 25m,1 stop,No info,6451
Multiple carriers,12/06/2019,Delhi,Cochin,DEL → BOM → COK,10:00,01:30 13 Jun,15h 30m,1 stop,No info,13377
Jet Airways,24/03/2019,Kolkata,Banglore,CCU → BOM → BLR,18:55,04:45 25 Mar,9h 50m,1 stop,No info,14231
IndiGo,15/03/2019,Mumbai,Hyderabad,BOM → HYD,19:05,20:30,1h 25m,non-stop,No info,2754
Air Asia,1/06/2019,Delhi,Cochin,DEL → BLR → COK,07:55,13:25,5h 30m,1 stop,No info,9330
Jet Airways,1/04/2019,Banglore,Delhi,BLR → DEL,15:15,18:10,2h 55m,non-stop,In-flight meal not included,4544
Jet Airways,18/05/2019,Delhi,Cochin,DEL → BOM → COK,18:15,12:35 19 May,18h 20m,1 stop,In-flight meal not included,12373
Multiple carriers,1/03/2019,Delhi,Cochin,DEL → BOM → COK,19:00,01:35 02 Mar,6h 35m,1 stop,No info,23533
IndiGo,21/06/2019,Banglore,Delhi,BLR → DEL,20:00,22:50,2h 50m,non-stop,No info,4823
Jet Airways,6/06/2019,Kolkata,Banglore,CCU → BOM → BLR,18:55,18:15 07 Jun,23h 20m,1 stop,In-flight meal not included,10844
Jet Airways,21/05/2019,Delhi,Cochin,DEL → AMD → BOM → COK,13:25,19:00 22 May,29h 35m,2 stops,No info,15129
Multiple carriers,21/05/2019,Delhi,Cochin,DEL → BOM → COK,13:00,21:00,8h,1 stop,No info,14067
IndiGo,9/06/2019,Delhi,Cochin,DEL → HYD → COK,16:10,22:30,6h 20m,1 stop,No info,6412
Air India,6/06/2019,Delhi,Cochin,DEL → TRV → COK,05:15,06:50 07 Jun,25h 35m,1 stop,No info,6587
Multiple carriers,1/06/2019,Delhi,Cochin,DEL → BOM → COK,17:00,01:30 02 Jun,8h 30m,1 stop,No info,7408
IndiGo,21/05/2019,Delhi,Cochin,DEL → HYD → COK,07:35,12:10,4h 35m,1 stop,No info,5054
Air India,3/06/2019,Delhi,Cochin,DEL → LKO → BOM → COK,12:20,19:15 04 Jun,30h 55m,2 stops,No info,12488
Multiple carriers,12/06/2019,Delhi,Cochin,DEL → BOM → COK,09:00,19:00,10h,1 stop,No info,12192
Air India,27/03/2019,Delhi,Cochin,DEL → NAG → BOM → COK,05:55,19:15 28 Mar,37h 20m,2 stops,No info,8446
Jet Airways,27/05/2019,Delhi,Cochin,DEL → JAI → BOM → COK,09:40,12:35 28 May,26h 55m,2 stops,No info,15129
IndiGo,9/06/2019,Banglore,Delhi,BLR → DEL,08:30,11:20,2h 50m,non-stop,No info,4823
Multiple carriers,15/06/2019,Delhi,Cochin,DEL → HYD → COK,13:15,22:30,9h 15m,1 stop,No info,8018
Air India,15/03/2019,Banglore,New Delhi,BLR → COK → DEL,06:55,10:50 16 Mar,27h 55m,1 stop,No info,7932
Jet Airways,15/05/2019,Kolkata,Banglore,CCU → BOM → BLR,08:25,18:15,9h 50m,1 stop,In-flight meal not included,10844
Jet Airways,9/05/2019,Delhi,Cochin,DEL → JAI → BOM → COK,09:40,12:35 10 May,26h 55m,2 stops,No info,15129
Jet Airways,21/05/2019,Mumbai,Hyderabad,BOM → HYD,07:05,08:30,1h 25m,non-stop,In-flight meal not included,4995
Air India,27/06/2019,Delhi,Cochin,DEL → RPR → NAG → BOM → COK,05:15,07:40 28 Jun,26h 25m,3 stops,No info,11543
IndiGo,27/03/2019,Delhi,Cochin,DEL → BOM → COK,08:25,15:30,7h 5m,1 stop,No info,8075
Jet Airways,21/05/2019,Delhi,Cochin,DEL → BOM → COK,21:50,04:25 22 May,6h 35m,1 stop,In-flight meal not included,12898
Multiple carriers,27/05/2019,Delhi,Cochin,DEL → BOM → COK,09:00,19:15,10h 15m,1 stop,No info,15898
Jet Airways,21/05/2019,Kolkata,Banglore,CCU → BOM → BLR,06:30,18:15,11h 45m,1 stop,No info,14781
Jet Airways,6/05/2019,Kolkata,Banglore,CCU → BOM → BLR,16:30,19:50 07 May,27h 20m,1 stop,In-flight meal not included,9663
Jet Airways,9/06/2019,Delhi,Cochin,DEL → JDH → BOM → COK,11:40,19:00,7h 20m,2 stops,No info,18804
IndiGo,24/03/2019,Kolkata,Banglore,CCU → BLR,10:10,12:55,2h 45m,non-stop,No info,6565
Multiple carriers,27/05/2019,Delhi,Cochin,DEL → BOM → COK,09:15,19:15,10h,1 stop,No info,9149
Jet Airways,18/03/2019,Banglore,New Delhi,BLR → BOM → DEL,08:55,19:10,10h 15m,1 stop,No info,13555
Air Asia,3/06/2019,Delhi,Cochin,DEL → BLR → COK,20:45,06:35 04 Jun,9h 50m,1 stop,No info,11410
Jet Airways,24/05/2019,Kolkata,Banglore,CCU → GAU → BLR,10:20,17:35,7h 15m,1 stop,In-flight meal not included,6287
IndiGo,12/06/2019,Delhi,Cochin,DEL → HYD → COK,08:35,16:10,7h 35m,1 stop,No info,6442
SpiceJet,27/06/2019,Delhi,Cochin,DEL → PNQ → COK,08:45,13:15,4h 30m,1 stop,No info,4812
Air India,21/05/2019,Kolkata,Banglore,CCU → JAI → DEL → BLR,08:20,23:15,14h 55m,2 stops,No info,13164
Multiple carriers,9/06/2019,Delhi,Cochin,DEL → BOM → COK,08:00,19:00,11h,1 stop,No info,12192
Jet Airways,18/05/2019,Delhi,Cochin,DEL → BOM → COK,22:50,04:25 19 May,5h 35m,1 stop,In-flight meal not included,12373
IndiGo,9/06/2019,Delhi,Cochin,DEL → LKO → COK,21:50,03:35 10 Jun,5h 45m,1 stop,No info,6195
Air India,27/06/2019,Banglore,Delhi,BLR → DEL,17:00,19:45,2h 45m,non-stop,No info,6961
Jet Airways,27/06/2019,Delhi,Cochin,DEL → AMD → BOM → COK,13:25,12:35 28 Jun,23h 10m,2 stops,No info,12819
Jet Airways,1/04/2019,Kolkata,Banglore,CCU → BOM → BLR,18:55,23:35 02 Apr,28h 40m,1 stop,No info,12681
Vistara,21/05/2019,Kolkata,Banglore,CCU → DEL → BLR,07:10,09:05 22 May,25h 55m,1 stop,No info,8452
Jet Airways,21/06/2019,Banglore,Delhi,BLR → DEL,11:10,14:05,2h 55m,non-stop,No info,8016
Jet Airways,3/06/2019,Delhi,Cochin,DEL → BOM → COK,20:55,19:00 04 Jun,22h 5m,1 stop,No info,14714
IndiGo,15/03/2019,Kolkata,Banglore,CCU → BLR,09:35,12:20,2h 45m,non-stop,No info,4148
Jet Airways,9/05/2019,Kolkata,Banglore,CCU → BOM → BLR,16:30,09:20 10 May,16h 50m,1 stop,In-flight meal not included,9663
Multiple carriers,21/03/2019,Delhi,Cochin,DEL → BOM → COK,16:00,01:35 22 Mar,9h 35m,1 stop,No info,13542
SpiceJet,3/06/2019,Delhi,Cochin,DEL → PNQ → COK,08:45,13:15,4h 30m,1 stop,No check-in baggage included,5726
Air India,21/05/2019,Delhi,Cochin,DEL → MAA → COK,20:40,09:25 22 May,12h 45m,1 stop,No info,7480
Multiple carriers,27/06/2019,Delhi,Cochin,DEL → BOM → COK,07:30,21:00,13h 30m,1 stop,No info,7005
SpiceJet,18/05/2019,Chennai,Kolkata,MAA → CCU,09:45,12:00,2h 15m,non-stop,No check-in baggage included,3543
Multiple carriers,9/06/2019,Delhi,Cochin,DEL → BOM → COK,08:30,19:00,10h 30m,1 stop,No info,11622
Vistara,1/06/2019,Banglore,Delhi,BLR → DEL,07:00,09:40,2h 40m,non-stop,No info,4878
IndiGo,1/06/2019,Chennai,Kolkata,MAA → CCU,15:40,18:25,2h 45m,non-stop,No info,3540
Vistara,15/05/2019,Kolkata,Banglore,CCU → DEL → BLR,20:20,10:45 16 May,14h 25m,1 stop,No info,8452
IndiGo,18/05/2019,Delhi,Cochin,DEL → BOM → COK,20:25,01:30 19 May,5h 5m,1 stop,No info,6069
Air India,24/03/2019,Mumbai,Hyderabad,BOM → HYD,21:05,22:25,1h 20m,non-stop,No info,2575
SpiceJet,21/04/2019,Kolkata,Banglore,CCU → BLR,17:10,19:40,2h 30m,non-stop,No info,4911
SpiceJet,15/06/2019,Chennai,Kolkata,MAA → CCU,08:20,10:35,2h 15m,non-stop,No check-in baggage included,3543
Jet Airways,9/04/2019,Banglore,Delhi,BLR → DEL,08:20,11:20,3h,non-stop,No info,7229
IndiGo,3/05/2019,Kolkata,Banglore,CCU → BLR,20:20,22:55,2h 35m,non-stop,No info,4804
Air India,9/03/2019,Delhi,Cochin,DEL → BHO → BOM → COK,05:55,19:15 10 Mar,37h 20m,2 stops,No info,14483
IndiGo,12/06/2019,Delhi,Cochin,DEL → HYD → COK,05:05,16:10,11h 5m,1 stop,No info,6818
Jet Airways,9/03/2019,Delhi,Cochin,DEL → BOM → COK,17:25,18:50 10 Mar,25h 25m,1 stop,No info,16289
Jet Airways,27/05/2019,Delhi,Cochin,DEL → BOM → COK,19:15,19:00 28 May,23h 45m,1 stop,No info,16079
IndiGo,27/03/2019,Mumbai,Hyderabad,BOM → HYD,09:10,10:40,1h 30m,non-stop,No info,4392
IndiGo,21/03/2019,Delhi,Cochin,DEL → BOM → COK,18:35,01:35 22 Mar,7h,1 stop,No info,9264
IndiGo,1/05/2019,Kolkata,Banglore,CCU → NAG → BLR,18:05,23:30,5h 25m,1 stop,No info,6218
Air India,24/06/2019,Delhi,Cochin,DEL → HYD → BOM → COK,17:15,07:40 25 Jun,14h 25m,2 stops,No info,11989
IndiGo,1/06/2019,Delhi,Cochin,DEL → HYD → COK,06:50,16:10,9h 20m,1 stop,No info,6442
IndiGo,3/04/2019,Banglore,Delhi,BLR → DEL,20:00,22:50,2h 50m,non-stop,No info,4823
Jet Airways,18/05/2019,Delhi,Cochin,DEL → JAI → BOM → COK,05:30,04:25 19 May,22h 55m,2 stops,In-flight meal not included,13029
Jet Airways,6/05/2019,Kolkata,Banglore,CCU → DEL → BLR,20:25,09:45 07 May,13h 20m,1 stop,In-flight meal not included,8066
Jet Airways,15/06/2019,Delhi,Cochin,DEL → BOM → COK,17:30,04:25 16 Jun,10h 55m,1 stop,In-flight meal not included,10262
Jet Airways,6/05/2019,Delhi,Cochin,DEL → JDH → BOM → COK,11:40,19:00,7h 20m,2 stops,No info,21219
IndiGo,15/03/2019,Chennai,Kolkata,MAA → CCU,11:35,14:00,2h 25m,non-stop,No info,6297
Jet Airways,21/05/2019,Kolkata,Banglore,CCU → DEL → BLR,20:25,09:45 22 May,13h 20m,1 stop,No info,13067
Multiple carriers,6/03/2019,Delhi,Cochin,DEL → HYD → MAA → COK,09:45,21:20,11h 35m,2 stops,No info,10444
IndiGo,27/04/2019,Delhi,Cochin,DEL → MAA → COK,02:00,07:25,5h 25m,1 stop,No info,5796
Jet Airways,9/06/2019,Kolkata,Banglore,CCU → BOM → BLR,08:25,16:20,7h 55m,1 stop,In-flight meal not included,10844
IndiGo,21/03/2019,Delhi,Cochin,DEL → HYD → COK,06:40,22:20,15h 40m,1 stop,No info,6558
Air India,9/06/2019,Delhi,Cochin,DEL → BLR → COK,17:40,23:00,5h 20m,1 stop,No info,7384
IndiGo,18/05/2019,Banglore,Delhi,BLR → DEL,08:30,11:20,2h 50m,non-stop,No info,4823
Air India,24/03/2019,Banglore,New Delhi,BLR → DEL,10:00,12:45,2h 45m,non-stop,No info,4441
IndiGo,21/06/2019,Kolkata,Banglore,CCU → BLR,04:40,07:15,2h 35m,non-stop,No info,4804
Jet Airways,24/05/2019,Kolkata,Banglore,CCU → DEL → BLR,20:25,18:00 25 May,21h 35m,1 stop,No info,14151
Jet Airways,24/04/2019,Banglore,Delhi,BLR → DEL,17:45,20:45,3h,non-stop,In-flight meal not included,4544
Jet Airways,21/03/2019,Mumbai,Hyderabad,BOM → HYD,15:50,17:20,1h 30m,non-stop,No info,5678
Jet Airways,27/06/2019,Delhi,Cochin,DEL → BOM → COK,21:50,19:00 28 Jun,21h 10m,1 stop,In-flight meal not included,10262
Jet Airways,21/05/2019,Delhi,Cochin,DEL → JAI → BOM → COK,19:30,04:25 22 May,8h 55m,2 stops,No info,15129
Air India,12/05/2019,Kolkata,Banglore,CCU → DEL → AMD → BLR,10:00,05:25 13 May,19h 25m,2 stops,No info,14634
GoAir,03/03/2019,Banglore,New Delhi,BLR → GOI → DEL,15:45,20:15,4h 30m,1 stop,No info,8352
Air India,24/06/2019,Banglore,Delhi,BLR → DEL,10:00,12:45,2h 45m,non-stop,No info,6961
Jet Airways,6/06/2019,Kolkata,Banglore,CCU → BOM → BLR,18:55,10:05 07 Jun,15h 10m,1 stop,No info,14571
Jet Airways,27/03/2019,Delhi,Cochin,DEL → BOM → COK,13:00,04:25 28 Mar,15h 25m,1 stop,In-flight meal not included,6960
Jet Airways,18/05/2019,Kolkata,Banglore,CCU → BOM → BLR,05:45,04:40 19 May,22h 55m,1 stop,No info,13941
Jet Airways,24/05/2019,Kolkata,Banglore,CCU → DEL → BLR,09:35,18:00,8h 25m,1 stop,No info,14151
Air India,15/05/2019,Kolkata,Banglore,CCU → GAU → DEL → BLR,16:45,12:30 16 May,19h 45m,2 stops,No info,14960
Jet Airways,9/06/2019,Delhi,Cochin,DEL → BOM → COK,20:55,04:25 10 Jun,7h 30m,1 stop,No info,14924
Jet Airways,21/05/2019,Kolkata,Banglore,CCU → BOM → BLR,21:10,16:20 22 May,19h 10m,1 stop,In-flight meal not included,10844
Jet Airways,12/05/2019,Kolkata,Banglore,CCU → BOM → BLR,06:30,12:00,5h 30m,1 stop,No info,13941
IndiGo,6/05/2019,Banglore,Delhi,BLR → DEL,13:00,15:50,2h 50m,non-stop,No info,3943
IndiGo,27/05/2019,Banglore,Delhi,BLR → DEL,23:30,02:20 28 May,2h 50m,non-stop,No info,3943
IndiGo,6/04/2019,Banglore,Delhi,BLR → DEL,13:00,15:50,2h 50m,non-stop,No info,4423
Jet Airways,27/06/2019,Delhi,Cochin,DEL → LKO → BOM → COK,11:45,04:25 28 Jun,16h 40m,2 stops,No info,13882
Jet Airways,1/05/2019,Kolkata,Banglore,CCU → BOM → BLR,06:30,19:50,13h 20m,1 stop,No info,14781
Jet Airways,24/05/2019,Kolkata,Banglore,CCU → DEL → BLR,09:35,22:05,12h 30m,1 stop,No info,14151
IndiGo,24/04/2019,Delhi,Cochin,DEL → HYD → COK,06:50,12:10,5h 20m,1 stop,No info,5298
Multiple carriers,1/06/2019,Delhi,Cochin,DEL → BOM → COK,09:15,19:15,10h,1 stop,No info,9779
Jet Airways,12/05/2019,Kolkata,Banglore,CCU → BOM → BLR,06:30,08:15 13 May,25h 45m,1 stop,In-flight meal not included,8586
Multiple carriers,12/06/2019,Delhi,Cochin,DEL → BOM → COK,08:00,19:00,11h,1 stop,No info,12192
Vistara,6/05/2019,Kolkata,Banglore,CCU → DEL → BLR,07:10,23:25,16h 15m,1 stop,No info,8085
Multiple carriers,9/05/2019,Delhi,Cochin,DEL → BOM → COK,10:35,19:15,8h 40m,1 stop,No info,7575
Air India,18/05/2019,Delhi,Cochin,DEL → HYD → BOM → COK,17:15,19:15 19 May,26h,2 stops,No info,12392
IndiGo,12/06/2019,Delhi,Cochin,DEL → BOM → COK,11:25,01:30 13 Jun,14h 5m,1 stop,No info,5883
Air India,01/03/2019,Banglore,New Delhi,BLR → BOM → IDR → DEL,06:45,11:10 02 Mar,28h 25m,2 stops,No info,20999
IndiGo,21/03/2019,Banglore,New Delhi,BLR → BOM → DEL,19:35,00:35 19 Mar,5h,1 stop,No info,6575
IndiGo,27/03/2019,Delhi,Cochin,DEL → HYD → COK,16:10,22:20,6h 10m,1 stop,No info,6412
Jet Airways,9/05/2019,Delhi,Cochin,DEL → JAI → BOM → COK,09:40,19:00,9h 20m,2 stops,No info,15129
Vistara,24/05/2019,Kolkata,Banglore,CCU → DEL → BLR,07:10,09:05 25 May,25h 55m,1 stop,No info,9502
SpiceJet,24/03/2019,Kolkata,Banglore,CCU → BLR,22:20,00:40 25 Mar,2h 20m,non-stop,No info,5831
IndiGo,15/04/2019,Banglore,Delhi,BLR → DEL,18:25,21:20,2h 55m,non-stop,No info,4823
Jet Airways,06/03/2019,Banglore,New Delhi,BLR → BOM → DEL,08:55,07:40 07 Mar,22h 45m,1 stop,No info,14815
IndiGo,27/05/2019,Delhi,Cochin,DEL → HYD → COK,08:35,22:30,13h 55m,1 stop,No info,6442
Vistara,15/03/2019,Delhi,Cochin,DEL → COK,06:00,09:10,3h 10m,non-stop,No info,6111
IndiGo,24/06/2019,Delhi,Cochin,DEL → HYD → COK,05:05,12:10,7h 5m,1 stop,No info,6442
SpiceJet,27/06/2019,Kolkata,Banglore,CCU → BLR,06:55,09:30,2h 35m,non-stop,No info,3873
IndiGo,21/03/2019,Kolkata,Banglore,CCU → BLR,20:25,23:05,2h 40m,non-stop,No info,4462
Air India,15/06/2019,Delhi,Cochin,DEL → AMD → BOM → COK,05:00,07:40 16 Jun,26h 40m,2 stops,No info,10231
Air India,21/05/2019,Delhi,Cochin,DEL → GOI → BOM → COK,22:00,19:15 22 May,21h 15m,2 stops,No info,10231
SpiceJet,6/06/2019,Mumbai,Hyderabad,BOM → HYD,05:45,07:15,1h 30m,non-stop,No info,2753
Air India,6/05/2019,Kolkata,Banglore,CCU → GAU → DEL → BLR,16:45,08:55 07 May,16h 10m,2 stops,No info,13227
SpiceJet,6/04/2019,Kolkata,Banglore,CCU → BLR,22:20,00:40 07 Apr,2h 20m,non-stop,No info,3873
Air India,21/03/2019,Banglore,New Delhi,BLR → MAA → DEL,11:50,08:55 19 Mar,21h 5m,1 stop,No info,5092
Multiple carriers,27/03/2019,Delhi,Cochin,DEL → HYD → MAA → COK,07:10,21:20,14h 10m,2 stops,No info,6197
Multiple carriers,6/06/2019,Delhi,Cochin,DEL → BOM → COK,10:00,01:30 07 Jun,15h 30m,1 stop,No info,7723
Jet Airways,9/05/2019,Delhi,Cochin,DEL → AMD → BOM → COK,23:05,19:00 10 May,19h 55m,2 stops,No info,15129
IndiGo,1/06/2019,Kolkata,Banglore,CCU → BLR,09:35,12:10,2h 35m,non-stop,No info,4804
IndiGo,21/05/2019,Delhi,Cochin,DEL → HYD → COK,16:10,00:55 22 May,8h 45m,1 stop,No info,6778
Jet Airways,6/06/2019,Delhi,Cochin,DEL → BOM → COK,02:15,19:00,16h 45m,1 stop,In-flight meal not included,10262
Jet Airways,1/04/2019,Kolkata,Banglore,CCU → BOM → BLR,16:30,19:50 02 Apr,27h 20m,1 stop,In-flight meal not included,7064
SpiceJet,24/04/2019,Banglore,Delhi,BLR → DEL,05:55,08:35,2h 40m,non-stop,No check-in baggage included,3919
Vistara,6/05/2019,Kolkata,Banglore,CCU → DEL → BLR,07:10,22:40,15h 30m,1 stop,No info,8452
Jet Airways,9/05/2019,Kolkata,Banglore,CCU → BOM → BLR,18:55,10:05 10 May,15h 10m,1 stop,No info,13941
SpiceJet,6/06/2019,Chennai,Kolkata,MAA → CCU,09:45,12:00,2h 15m,non-stop,No info,3597
Multiple carriers,1/06/2019,Delhi,Cochin,DEL → BOM → COK,09:00,21:00,12h,1 stop,No info,13587
Multiple carriers,27/03/2019,Delhi,Cochin,DEL → HYD → MAA → COK,13:05,21:20,8h 15m,2 stops,No info,6128
IndiGo,27/05/2019,Delhi,Cochin,DEL → BOM → COK,20:25,01:30 28 May,5h 5m,1 stop,No info,5054
Jet Airways,06/03/2019,Banglore,New Delhi,BLR → BOM → DEL,08:00,18:25,10h 25m,1 stop,No info,16736
Multiple carriers,9/03/2019,Delhi,Cochin,DEL → HYD → COK,07:05,16:10,9h 5m,1 stop,No info,6916
IndiGo,6/03/2019,Delhi,Cochin,DEL → BOM → COK,16:00,01:35 07 Mar,9h 35m,1 stop,No info,14871
Jet Airways,12/05/2019,Kolkata,Banglore,CCU → BOM → BLR,08:25,08:15 13 May,23h 50m,1 stop,No info,13941
Multiple carriers,3/06/2019,Delhi,Cochin,DEL → BOM → COK,10:00,19:00,9h,1 stop,No info,14502
Jet Airways,27/05/2019,Delhi,Cochin,DEL → BOM → COK,22:50,19:00 28 May,20h 10m,1 stop,In-flight meal not included,12898
IndiGo,9/06/2019,Delhi,Cochin,DEL → COK,21:05,00:20 10 Jun,3h 15m,non-stop,No info,6015
Jet Airways,12/05/2019,Banglore,Delhi,BLR → DEL,08:20,11:20,3h,non-stop,In-flight meal not included,6144
IndiGo,1/05/2019,Mumbai,Hyderabad,BOM → HYD,19:05,20:35,1h 30m,non-stop,No info,2754
Jet Airways,12/06/2019,Delhi,Cochin,DEL → BOM → COK,21:50,04:25 13 Jun,6h 35m,1 stop,In-flight meal not included,10262
Jet Airways,6/05/2019,Kolkata,Banglore,CCU → BOM → BLR,21:10,10:05 07 May,12h 55m,1 stop,In-flight meal not included,7757
Jet Airways,6/05/2019,Kolkata,Banglore,CCU → DEL → BLR,17:00,09:45 07 May,16h 45m,1 stop,In-flight meal not included,8066
SpiceJet,21/04/2019,Delhi,Cochin,DEL → PNQ → COK,08:45,13:15,4h 30m,1 stop,No info,6460
Jet Airways,27/03/2019,Delhi,Cochin,DEL → BOM → COK,19:45,19:45 28 Mar,24h,1 stop,In-flight meal not included,5963
Jet Airways,21/05/2019,Delhi,Cochin,DEL → BOM → COK,07:05,12:35,5h 30m,1 stop,No info,16289
Jet Airways,1/05/2019,Kolkata,Banglore,CCU → BOM → BLR,20:00,09:20 02 May,13h 20m,1 stop,No info,14388
Jet Airways,24/03/2019,Banglore,New Delhi,BLR → BOM → DEL,05:45,10:45,5h,1 stop,In-flight meal not included,8147
Jet Airways,9/05/2019,Delhi,Cochin,DEL → BOM → COK,20:55,04:25 10 May,7h 30m,1 stop,No info,15554
IndiGo,6/06/2019,Delhi,Cochin,DEL → COK,05:35,08:50,3h 15m,non-stop,No info,5601
Air India,9/05/2019,Kolkata,Banglore,CCU → DEL → BLR,07:00,20:25,13h 25m,1 stop,No info,10203
Air India,18/04/2019,Banglore,Delhi,BLR → DEL,13:20,16:10,2h 50m,non-stop,No info,6121
IndiGo,3/05/2019,Banglore,Delhi,BLR → DEL,16:55,19:55,3h,non-stop,No info,4823
Jet Airways,9/06/2019,Delhi,Cochin,DEL → NAG → BOM → COK,14:35,12:35 10 Jun,22h,2 stops,No info,13376
Vistara,1/04/2019,Kolkata,Banglore,CCU → DEL → BLR,17:00,22:55,5h 55m,1 stop,No info,8977
IndiGo,3/06/2019,Mumbai,Hyderabad,BOM → HYD,09:10,10:40,1h 30m,non-stop,No info,4049
Air India,18/03/2019,Banglore,New Delhi,BLR → DEL,17:00,19:45,2h 45m,non-stop,No info,4441
Jet Airways,1/05/2019,Kolkata,Banglore,CCU → BOM → BLR,08:25,16:20,7h 55m,1 stop,No info,14781
Jet Airways,9/03/2019,Delhi,Cochin,DEL → BOM → COK,19:15,18:50 10 Mar,23h 35m,1 stop,In-flight meal not included,14053
Multiple carriers,3/03/2019,Delhi,Cochin,DEL → BOM → COK,07:05,13:20,6h 15m,1 stop,No info,17057
Jet Airways,21/05/2019,Delhi,Cochin,DEL → BOM → COK,11:30,19:00,7h 30m,1 stop,In-flight meal not included,12898
Jet Airways,9/06/2019,Delhi,Cochin,DEL → IDR → BOM → COK,05:30,04:25 10 Jun,22h 55m,2 stops,No info,13292
Air India,15/05/2019,Kolkata,Banglore,CCU → BBI → BOM → BLR,12:00,07:55 16 May,19h 55m,2 stops,No info,9941
Multiple carriers,27/06/2019,Delhi,Cochin,DEL → BOM → COK,17:45,01:30 28 Jun,7h 45m,1 stop,In-flight meal not included,5797
Jet Airways,18/05/2019,Kolkata,Banglore,CCU → BOM → BLR,14:05,23:35,9h 30m,1 stop,No info,14781
Jet Airways,6/05/2019,Banglore,Delhi,BLR → DEL,15:15,18:10,2h 55m,non-stop,In-flight meal not included,3702
IndiGo,24/05/2019,Kolkata,Banglore,CCU → BLR,14:25,16:55,2h 30m,non-stop,No info,5224
Jet Airways,15/05/2019,Banglore,Delhi,BLR → DEL,15:15,18:10,2h 55m,non-stop,In-flight meal not included,3502
Jet Airways,15/03/2019,Banglore,New Delhi,BLR → BOM → DEL,05:45,13:15,7h 30m,1 stop,In-flight meal not included,9134
Jet Airways,21/03/2019,Banglore,New Delhi,BLR → BOM → DEL,14:05,21:20,7h 15m,1 stop,In-flight meal not included,7832
IndiGo,24/06/2019,Delhi,Cochin,DEL → PNQ → COK,23:30,04:35 25 Jun,5h 5m,1 stop,No info,9165
Multiple carriers,6/03/2019,Delhi,Cochin,DEL → BOM → COK,10:45,19:15,8h 30m,1 stop,No info,15077
Jet Airways,18/03/2019,Banglore,New Delhi,BLR → BOM → DEL,18:40,00:45 16 Mar,6h 5m,1 stop,No info,54826
Jet Airways,21/05/2019,Delhi,Cochin,DEL → BOM → COK,19:45,04:25 22 May,8h 40m,1 stop,No info,16079
Multiple carriers,6/03/2019,Delhi,Cochin,DEL → BOM → COK,09:55,21:00,11h 5m,1 stop,In-flight meal not included,15136
Air India,21/05/2019,Delhi,Cochin,DEL → GOI → BOM → COK,22:00,19:15 22 May,21h 15m,2 stops,No info,10231
IndiGo,1/03/2019,Kolkata,Banglore,CCU → BLR,09:35,12:20,2h 45m,non-stop,No info,6565
Vistara,12/06/2019,Delhi,Cochin,DEL → COK,14:40,17:50,3h 10m,non-stop,No info,6216
Air India,27/05/2019,Delhi,Cochin,DEL → GOI → BOM → COK,10:55,07:40 28 May,20h 45m,2 stops,No info,13643
SpiceJet,9/03/2019,Chennai,Kolkata,MAA → CCU,08:20,10:35,2h 15m,non-stop,No info,6300
Air Asia,21/05/2019,Kolkata,Banglore,CCU → BLR,09:45,12:15,2h 30m,non-stop,No info,4409
Vistara,6/03/2019,Mumbai,Hyderabad,BOM → DEL → HYD,07:30,19:55,12h 25m,1 stop,No info,12395
IndiGo,24/05/2019,Banglore,Delhi,BLR → DEL,08:30,11:20,2h 50m,non-stop,No info,4823
Air India,9/06/2019,Delhi,Cochin,DEL → NAG → BOM → COK,05:55,19:15 10 Jun,37h 20m,2 stops,No info,10493
Air India,03/03/2019,Banglore,New Delhi,BLR → BBI → DEL,09:30,23:45,14h 15m,1 stop,No info,11654
Air India,18/04/2019,Kolkata,Banglore,CCU → BLR,14:15,16:45,2h 30m,non-stop,No info,5510
IndiGo,15/06/2019,Delhi,Cochin,DEL → MAA → COK,07:15,12:30,5h 15m,1 stop,No info,6582
IndiGo,6/04/2019,Delhi,Cochin,DEL → MAA → COK,02:00,07:25,5h 25m,1 stop,No info,5046
IndiGo,3/03/2019,Delhi,Cochin,DEL → LKO → COK,05:35,10:10,4h 35m,1 stop,No info,13753
Jet Airways,21/06/2019,Banglore,Delhi,BLR → DEL,06:00,08:45,2h 45m,non-stop,No info,8016
SpiceJet,21/05/2019,Mumbai,Hyderabad,BOM → HYD,13:15,14:45,1h 30m,non-stop,No check-in baggage included,1965
SpiceJet,21/05/2019,Chennai,Kolkata,MAA → CCU,08:20,10:35,2h 15m,non-stop,No info,3597
Air India,12/06/2019,Kolkata,Banglore,CCU → BOM → COK → BLR,09:25,13:45 13 Jun,28h 20m,2 stops,No info,11542
Air India,21/03/2019,Banglore,New Delhi,BLR → VGA → DEL,10:30,22:55,12h 25m,1 stop,No info,6383
Air India,12/06/2019,Delhi,Cochin,DEL → CCU → BOM → COK,14:25,19:15 13 Jun,28h 50m,2 stops,No info,13381
Vistara,24/05/2019,Kolkata,Banglore,CCU → DEL → BLR,07:10,18:50,11h 40m,1 stop,No info,9555
Multiple carriers,3/03/2019,Delhi,Cochin,DEL → HYD → COK,09:45,22:20,12h 35m,1 stop,No info,13838
Air Asia,9/03/2019,Kolkata,Banglore,CCU → BLR,19:35,22:05,2h 30m,non-stop,No info,4384
Vistara,1/06/2019,Chennai,Kolkata,MAA → CCU,07:05,09:20,2h 15m,non-stop,No info,3687
Jet Airways,12/05/2019,Kolkata,Banglore,CCU → BOM → BLR,08:25,18:15,9h 50m,1 stop,No info,14781
Multiple carriers,1/06/2019,Delhi,Cochin,DEL → BOM → COK,07:30,19:00,11h 30m,1 stop,No info,11200
Multiple carriers,27/05/2019,Delhi,Cochin,DEL → BOM → COK,06:00,21:00,15h,1 stop,No info,8475
SpiceJet,6/06/2019,Kolkata,Banglore,CCU → MAA → BLR,15:05,20:20,5h 15m,1 stop,No info,4649
IndiGo,6/03/2019,Delhi,Cochin,DEL → HYD → COK,06:40,12:00,5h 20m,1 stop,No info,5647
IndiGo,24/05/2019,Delhi,Cochin,DEL → BOM → COK,18:35,01:30 25 May,6h 55m,1 stop,No info,7503
IndiGo,24/06/2019,Kolkata,Banglore,CCU → BLR,21:25,00:05 25 Jun,2h 40m,non-stop,No info,4804
IndiGo,3/05/2019,Banglore,Delhi,BLR → DEL,23:30,02:20 04 May,2h 50m,non-stop,No info,4591
Multiple carriers,15/06/2019,Delhi,Cochin,DEL → BOM → COK,09:00,19:00,10h,1 stop,No info,12717
Jet Airways,1/05/2019,Kolkata,Banglore,CCU → BOM → BLR,08:25,12:00 02 May,27h 35m,1 stop,In-flight meal not included,9663
Jet Airways,21/03/2019,Delhi,Cochin,DEL → BDQ → BOM → COK,10:45,04:25 22 Mar,17h 40m,2 stops,In-flight meal not included,8367
SpiceJet,27/04/2019,Delhi,Cochin,DEL → BLR → COK,17:55,22:50,4h 55m,1 stop,No info,4957
Multiple carriers,15/05/2019,Delhi,Cochin,DEL → BOM → COK,06:40,19:15,12h 35m,1 stop,No info,7787
Air India,9/05/2019,Delhi,Cochin,DEL → UDR → BOM → COK,13:20,07:40 10 May,18h 20m,2 stops,No info,13538
Air India,12/06/2019,Kolkata,Banglore,CCU → GAU → DEL → BLR,09:50,23:15,13h 25m,2 stops,No info,14960
IndiGo,15/05/2019,Kolkata,Banglore,CCU → BLR,09:35,12:20,2h 45m,non-stop,No info,4804
Air India,15/05/2019,Chennai,Kolkata,MAA → CCU,11:40,13:55,2h 15m,non-stop,No info,4667
Multiple carriers,3/06/2019,Delhi,Cochin,DEL → BOM → COK,11:30,01:30 04 Jun,14h,1 stop,No info,13377
Air India,21/05/2019,Delhi,Cochin,DEL → BLR → COK,17:40,23:00,5h 20m,1 stop,No info,8067
Jet Airways,27/05/2019,Delhi,Cochin,DEL → BOM → COK,15:00,12:35 28 May,21h 35m,1 stop,In-flight meal not included,12898
Jet Airways,21/05/2019,Delhi,Cochin,DEL → BOM → COK,21:50,19:00 22 May,21h 10m,1 stop,In-flight meal not included,12898
IndiGo,24/05/2019,Banglore,Delhi,BLR → DEL,23:30,02:20 25 May,2h 50m,non-stop,No info,4591
Air India,6/03/2019,Mumbai,Hyderabad,BOM → HYD,19:30,20:45,1h 15m,non-stop,No info,5462
Jet Airways,18/05/2019,Kolkata,Banglore,CCU → BOM → BLR,16:30,23:35,7h 5m,1 stop,No info,14781
IndiGo,6/06/2019,Delhi,Cochin,DEL → BLR → COK,02:00,07:45,5h 45m,1 stop,No info,6386
Multiple carriers,27/03/2019,Delhi,Cochin,DEL → BOM → COK,07:00,15:30,8h 30m,1 stop,No info,6148
Multiple carriers,6/06/2019,Delhi,Cochin,DEL → BOM → COK,17:45,01:30 07 Jun,7h 45m,1 stop,No info,6795
Air India,15/06/2019,Delhi,Cochin,DEL → BLR → COK,06:10,23:00,16h 50m,1 stop,No info,8907
IndiGo,6/05/2019,Kolkata,Banglore,CCU → BLR,11:30,14:05,2h 35m,non-stop,No info,5224
IndiGo,01/03/2019,Banglore,New Delhi,BLR → HYD → DEL,12:10,17:05,4h 55m,1 stop,No info,9694
Jet Airways,6/03/2019,Mumbai,Hyderabad,BOM → DED → DEL → HYD,14:20,16:50 07 Mar,26h 30m,2 stops,No info,24115
Jet Airways,06/03/2019,Banglore,New Delhi,BLR → MAA → DEL,09:45,14:25,4h 40m,1 stop,No info,16757
IndiGo,12/06/2019,Delhi,Cochin,DEL → HYD → COK,07:35,12:10,4h 35m,1 stop,No info,5054
IndiGo,21/03/2019,Delhi,Cochin,DEL → BOM → COK,10:45,01:35 22 Mar,14h 50m,1 stop,No info,7318
Jet Airways,9/05/2019,Delhi,Cochin,DEL → BOM → COK,22:50,19:00 10 May,20h 10m,1 stop,In-flight meal not included,12373
Air India,15/05/2019,Delhi,Cochin,DEL → BLR → COK,20:30,08:15 16 May,11h 45m,1 stop,No info,10671
Multiple carriers,12/06/2019,Delhi,Cochin,DEL → HYD → COK,07:05,16:10,9h 5m,1 stop,No info,9646
Air India,21/05/2019,Delhi,Cochin,DEL → BOM → COK,09:00,19:15,10h 15m,1 stop,No info,8372
IndiGo,03/03/2019,Banglore,New Delhi,BLR → DEL,23:30,02:20 04 Mar,2h 50m,non-stop,No info,6144
IndiGo,27/03/2019,Kolkata,Banglore,CCU → BLR,21:25,00:05 28 Mar,2h 40m,non-stop,No info,4148
Multiple carriers,3/06/2019,Delhi,Cochin,DEL → BOM → COK,17:45,01:30 04 Jun,7h 45m,1 stop,No info,7530
Air India,27/06/2019,Delhi,Cochin,DEL → MAA → COK,20:40,09:25 28 Jun,12h 45m,1 stop,No info,7480
IndiGo,3/06/2019,Delhi,Cochin,DEL → BOM → COK,07:30,21:00,13h 30m,1 stop,No info,6093
Jet Airways,9/05/2019,Kolkata,Banglore,CCU → BOM → BLR,21:10,10:05 10 May,12h 55m,1 stop,In-flight meal not included,9663
Jet Airways,9/06/2019,Delhi,Cochin,DEL → JAI → BOM → COK,05:30,04:25 10 Jun,22h 55m,2 stops,In-flight meal not included,10368
IndiGo,6/04/2019,Banglore,Delhi,BLR → DEL,06:05,08:50,2h 45m,non-stop,No info,4423
Jet Airways,18/05/2019,Delhi,Cochin,DEL → AMD → BOM → COK,13:25,04:25 19 May,15h,2 stops,No info,16704
Multiple carriers,21/03/2019,Delhi,Cochin,DEL → BOM → COK,07:05,19:15,12h 10m,1 stop,No info,13378
Jet Airways,24/03/2019,Kolkata,Banglore,CCU → BOM → BLR,16:55,23:25,6h 30m,1 stop,In-flight meal not included,11134
IndiGo,21/03/2019,Delhi,Cochin,DEL → COK,14:30,17:35,3h 5m,non-stop,No info,5406
Jet Airways,21/05/2019,Delhi,Cochin,DEL → BOM → COK,13:00,19:00,6h,1 stop,No info,16079
IndiGo,12/05/2019,Banglore,Delhi,BLR → DEL,07:10,10:05,2h 55m,non-stop,No info,4823
SpiceJet,3/05/2019,Kolkata,Banglore,CCU → BLR,06:55,09:30,2h 35m,non-stop,No check-in baggage included,3841
IndiGo,27/06/2019,Delhi,Cochin,DEL → COK,05:35,08:50,3h 15m,non-stop,No info,5000
IndiGo,18/05/2019,Delhi,Cochin,DEL → BOM → COK,16:00,21:00,5h,1 stop,No info,6069
IndiGo,12/04/2019,Banglore,Delhi,BLR → DEL,10:10,13:00,2h 50m,non-stop,No info,4591
Air India,21/04/2019,Delhi,Cochin,DEL → BLR → COK,20:30,08:15 22 Apr,11h 45m,1 stop,No info,7258
Air India,18/05/2019,Delhi,Cochin,DEL → CCU → BOM → COK,20:15,19:15 19 May,23h,2 stops,No info,13591
Jet Airways,24/05/2019,Kolkata,Banglore,CCU → BOM → BLR,18:55,12:00 25 May,17h 5m,1 stop,No info,14571
Jet Airways,9/03/2019,Delhi,Cochin,DEL → IXC → BOM → COK,13:45,04:25 10 Mar,14h 40m,2 stops,In-flight meal not included,15129
Jet Airways,27/05/2019,Delhi,Cochin,DEL → BOM → COK,19:45,04:25 28 May,8h 40m,1 stop,In-flight meal not included,12898
Air India,6/06/2019,Delhi,Cochin,DEL → BLR → COK,17:40,08:15 07 Jun,14h 35m,1 stop,No info,7258
Jet Airways,18/06/2019,Mumbai,Hyderabad,BOM → HYD,07:05,08:30,1h 25m,non-stop,In-flight meal not included,4995
IndiGo,18/06/2019,Mumbai,Hyderabad,BOM → HYD,06:25,07:55,1h 30m,non-stop,No info,4049
IndiGo,15/06/2019,Delhi,Cochin,DEL → HYD → COK,05:05,16:10,11h 5m,1 stop,No info,6818
Jet Airways,21/05/2019,Kolkata,Banglore,CCU → BOM → BLR,06:30,09:20 22 May,26h 50m,1 stop,No info,14388
SpiceJet,21/06/2019,Chennai,Kolkata,MAA → CCU,17:45,20:05,2h 20m,non-stop,No check-in baggage included,3543
Jet Airways,12/06/2019,Kolkata,Banglore,CCU → BOM → BLR,08:25,18:15,9h 50m,1 stop,In-flight meal not included,9899
Jet Airways,21/05/2019,Delhi,Cochin,DEL → COK,09:50,13:05,3h 15m,non-stop,In-flight meal not included,7202
Jet Airways,21/03/2019,Banglore,New Delhi,BLR → BOM → DEL,08:55,07:40 19 Mar,22h 45m,1 stop,In-flight meal not included,7412
IndiGo,3/03/2019,Delhi,Cochin,DEL → BOM → COK,10:45,01:35 04 Mar,14h 50m,1 stop,No info,14871
Vistara,27/04/2019,Banglore,Delhi,BLR → DEL,07:00,09:40,2h 40m,non-stop,No info,5613
SpiceJet,12/05/2019,Banglore,Delhi,BLR → DEL,05:55,08:35,2h 40m,non-stop,No check-in baggage included,3257
IndiGo,09/03/2019,Banglore,New Delhi,BLR → NAG → DEL,16:50,21:35,4h 45m,1 stop,No info,10231
IndiGo,6/04/2019,Banglore,Delhi,BLR → DEL,23:30,02:20 07 Apr,2h 50m,non-stop,No info,4591
IndiGo,01/03/2019,Banglore,New Delhi,BLR → HYD → DEL,16:15,20:35,4h 20m,1 stop,No Info,7917
SpiceJet,9/06/2019,Delhi,Cochin,DEL → MAA → COK,06:05,11:20,5h 15m,1 stop,No info,5583
Jet Airways,6/05/2019,Kolkata,Banglore,CCU → DEL → BLR,09:35,18:00,8h 25m,1 stop,In-flight meal not included,12384
Air India,6/05/2019,Kolkata,Banglore,CCU → DEL → AMD → BLR,10:00,05:25 07 May,19h 25m,2 stops,No info,17049
Multiple carriers,24/06/2019,Delhi,Cochin,DEL → BOM → COK,11:25,19:15,7h 50m,1 stop,No info,7155
Jet Airways,18/05/2019,Kolkata,Banglore,CCU → BOM → BLR,08:25,12:00 19 May,27h 35m,1 stop,In-flight meal not included,10844
Jet Airways,6/05/2019,Kolkata,Banglore,CCU → DEL → BLR,09:35,09:45 07 May,24h 10m,1 stop,In-flight meal not included,8066
Air Asia,12/05/2019,Banglore,Delhi,BLR → DEL,23:55,02:45 13 May,2h 50m,non-stop,No info,4483
Air India,15/05/2019,Kolkata,Banglore,CCU → DEL → COK → BLR,10:00,13:45 16 May,27h 45m,2 stops,No info,16057
Multiple carriers,27/06/2019,Delhi,Cochin,DEL → BOM → COK,15:15,01:30 28 Jun,10h 15m,1 stop,In-flight meal not included,5797
IndiGo,15/05/2019,Delhi,Cochin,DEL → BOM → COK,08:30,21:00,12h 30m,1 stop,No info,7503
IndiGo,12/06/2019,Delhi,Cochin,DEL → BOM → COK,17:30,01:30 13 Jun,8h,1 stop,No info,6104
Jet Airways,6/05/2019,Kolkata,Banglore,CCU → BOM → BLR,16:30,04:40 07 May,12h 10m,1 stop,In-flight meal not included,8586
Multiple carriers,27/05/2019,Delhi,Cochin,DEL → BOM → COK,07:05,19:15,12h 10m,1 stop,In-flight meal not included,12717
Air India,27/04/2019,Banglore,Delhi,BLR → DEL,21:05,23:55,2h 50m,non-stop,No info,5228
Vistara,6/03/2019,Mumbai,Hyderabad,BOM → DEL → HYD,08:45,09:25 07 Mar,24h 40m,1 stop,No info,12395
Air India,24/06/2019,Delhi,Cochin,DEL → JAI → BOM → COK,12:00,07:40 25 Jun,19h 40m,2 stops,No info,9548
Air India,9/06/2019,Kolkata,Banglore,CCU → DEL → BLR,10:00,20:25,10h 25m,1 stop,No info,10413
Multiple carriers,3/06/2019,Delhi,Cochin,DEL → BOM → COK,10:00,21:00,11h,1 stop,No info,13587
SpiceJet,21/06/2019,Mumbai,Hyderabad,BOM → HYD,05:45,07:15,1h 30m,non-stop,No check-in baggage included,2647
IndiGo,9/05/2019,Kolkata,Banglore,CCU → BLR,21:25,00:05 10 May,2h 40m,non-stop,No info,4804
Air India,6/06/2019,Banglore,Delhi,BLR → DEL,06:10,08:55,2h 45m,non-stop,No info,6961
Jet Airways,6/06/2019,Delhi,Cochin,DEL → BOM → COK,20:55,04:25 07 Jun,7h 30m,1 stop,In-flight meal not included,10262
GoAir,09/03/2019,Banglore,New Delhi,BLR → DEL,20:55,23:50,2h 55m,non-stop,No info,5706
Jet Airways,1/04/2019,Banglore,Delhi,BLR → DEL,17:45,20:45,3h,non-stop,In-flight meal not included,4544
Jet Airways,09/03/2019,Banglore,New Delhi,BLR → MAA → DEL,09:45,00:30 13 Mar,14h 45m,1 stop,In-flight meal not included,10562
SpiceJet,27/05/2019,Kolkata,Banglore,CCU → BLR,09:00,11:25,2h 25m,non-stop,No info,3873
Multiple carriers,12/06/2019,Delhi,Cochin,DEL → BOM → COK,04:55,19:00,14h 5m,1 stop,No info,10678
Jet Airways,9/06/2019,Banglore,Delhi,BLR → DEL,19:50,22:50,3h,non-stop,In-flight meal not included,7229
SpiceJet,9/05/2019,Chennai,Kolkata,MAA → CCU,17:45,20:05,2h 20m,non-stop,No info,3597
Vistara,6/05/2019,Kolkata,Banglore,CCU → DEL → BLR,07:10,18:50,11h 40m,1 stop,No info,8610
IndiGo,1/05/2019,Kolkata,Banglore,CCU → PAT → BLR,09:20,14:15,4h 55m,1 stop,No info,8443
SpiceJet,12/06/2019,Mumbai,Hyderabad,BOM → HYD,13:15,14:45,1h 30m,non-stop,No info,2017
IndiGo,24/04/2019,Delhi,Cochin,DEL → BLR → COK,15:10,20:00,4h 50m,1 stop,No info,6027
SpiceJet,12/06/2019,Kolkata,Banglore,CCU → PNQ → BLR,08:35,17:15,8h 40m,1 stop,No info,7189
Jet Airways,6/06/2019,Delhi,Cochin,DEL → BOM → COK,19:15,04:25 07 Jun,9h 10m,1 stop,No info,14714
SpiceJet,24/04/2019,Kolkata,Banglore,CCU → BLR,17:10,19:40,2h 30m,non-stop,No check-in baggage included,3841
IndiGo,24/04/2019,Banglore,Delhi,BLR → DEL,13:00,15:50,2h 50m,non-stop,No info,4423
Air India,1/05/2019,Kolkata,Banglore,CCU → GAU → BLR,16:45,21:05 02 May,28h 20m,1 stop,No info,7452
Jet Airways,24/06/2019,Delhi,Cochin,DEL → LKO → BOM → COK,09:25,04:25 25 Jun,19h,2 stops,No info,13882
Jet Airways,12/05/2019,Kolkata,Banglore,CCU → BOM → BLR,18:55,10:05 13 May,15h 10m,1 stop,In-flight meal not included,9663
Multiple carriers,6/06/2019,Delhi,Cochin,DEL → BOM → COK,04:55,12:35,7h 40m,1 stop,No info,10678
IndiGo,27/06/2019,Kolkata,Banglore,CCU → BLR,04:40,07:15,2h 35m,non-stop,No info,4804
Jet Airways,12/06/2019,Delhi,Cochin,DEL → BOM → COK,07:05,12:35,5h 30m,1 stop,No info,16289
Jet Airways,15/05/2019,Kolkata,Banglore,CCU → BOM → BLR,18:55,10:05 16 May,15h 10m,1 stop,In-flight meal not included,9663
Jet Airways,21/05/2019,Kolkata,Banglore,CCU → BOM → BLR,14:05,04:40 22 May,14h 35m,1 stop,No info,14388
Multiple carriers,27/03/2019,Delhi,Cochin,DEL → BOM → COK,11:40,19:15,7h 35m,1 stop,No info,6953
IndiGo,24/04/2019,Delhi,Cochin,DEL → MAA → COK,02:00,07:25,5h 25m,1 stop,No info,5636
Air Asia,9/06/2019,Kolkata,Banglore,CCU → IXR → DEL → BLR,15:10,23:30,8h 20m,2 stops,No info,7870
Multiple carriers,9/03/2019,Delhi,Cochin,DEL → BOM → COK,08:00,19:15,11h 15m,1 stop,No info,19332
Jet Airways,18/05/2019,Delhi,Cochin,DEL → JAI → BOM → COK,19:30,04:25 19 May,8h 55m,2 stops,No info,15129
Air India,15/06/2019,Delhi,Cochin,DEL → BOM → COK,21:00,07:40 16 Jun,10h 40m,1 stop,No info,8372
Vistara,21/04/2019,Banglore,Delhi,BLR → DEL,17:00,19:35,2h 35m,non-stop,No info,5613
IndiGo,21/06/2019,Banglore,Delhi,BLR → DEL,06:05,08:50,2h 45m,non-stop,No info,3943
Jet Airways,21/03/2019,Delhi,Cochin,DEL → BOM → COK,22:00,04:25 22 Mar,6h 25m,1 stop,No info,12242
SpiceJet,6/06/2019,Kolkata,Banglore,CCU → PNQ → BLR,08:35,17:15,8h 40m,1 stop,No info,6643
Multiple carriers Premium economy,21/03/2019,Delhi,Cochin,DEL → BOM → COK,07:30,21:00,13h 30m,1 stop,No info,9845
IndiGo,15/05/2019,Delhi,Cochin,DEL → BOM → COK,16:00,21:00,5h,1 stop,No info,6069
SpiceJet,6/03/2019,Mumbai,Hyderabad,BOM → JLR → HYD,14:10,22:25,8h 15m,1 stop,No info,13552
Jet Airways,24/03/2019,Kolkata,Banglore,CCU → BOM → BLR,21:10,19:40 25 Mar,22h 30m,1 stop,In-flight meal not included,10031
Jet Airways,1/04/2019,Kolkata,Banglore,CCU → BOM → BLR,06:30,09:20 02 Apr,26h 50m,1 stop,In-flight meal not included,7064
Multiple carriers,9/05/2019,Delhi,Cochin,DEL → BOM → COK,11:30,01:30 10 May,14h,1 stop,No info,15078
GoAir,01/03/2019,Banglore,New Delhi,BLR → GOI → DEL,15:45,20:15,4h 30m,1 stop,No info,12314
GoAir,1/06/2019,Delhi,Cochin,DEL → AMD → COK,07:25,13:35,6h 10m,1 stop,No info,6393
IndiGo,15/04/2019,Kolkata,Banglore,CCU → BLR,09:35,12:20,2h 45m,non-stop,No info,4174
Vistara,9/06/2019,Kolkata,Banglore,CCU → DEL → BLR,07:10,09:05 10 Jun,25h 55m,1 stop,No info,9397
Jet Airways,21/05/2019,Kolkata,Banglore,CCU → DEL → BLR,09:35,14:25 22 May,28h 50m,1 stop,In-flight meal not included,9314
Multiple carriers,12/06/2019,Delhi,Cochin,DEL → BOM → COK,13:00,21:00,8h,1 stop,No info,7408
Air India,18/05/2019,Delhi,Cochin,DEL → BOM → COK,23:00,07:40 19 May,8h 40m,1 stop,No info,8372
Jet Airways,06/03/2019,Banglore,New Delhi,BLR → BOM → DEL,22:50,10:25 07 Mar,11h 35m,1 stop,No info,17261
Air India,27/04/2019,Delhi,Cochin,DEL → COK,05:10,08:00,2h 50m,non-stop,No info,6094
IndiGo,24/03/2019,Mumbai,Hyderabad,BOM → HYD,16:55,18:25,1h 30m,non-stop,No info,3175
IndiGo,3/06/2019,Delhi,Cochin,DEL → COK,14:25,17:40,3h 15m,non-stop,No info,6015
Multiple carriers,27/03/2019,Delhi,Cochin,DEL → BOM → COK,19:00,01:35 28 Mar,6h 35m,1 stop,No info,7845
Multiple carriers,21/03/2019,Delhi,Cochin,DEL → BOM → COK,08:00,21:00,13h,1 stop,No info,6883
SpiceJet,24/03/2019,Banglore,New Delhi,BLR → DEL,20:30,23:20,2h 50m,non-stop,No check-in baggage included,5469
IndiGo,03/03/2019,Banglore,New Delhi,BLR → HYD → DEL,07:30,12:20,4h 50m,1 stop,No info,6220
Vistara,3/06/2019,Chennai,Kolkata,MAA → CCU,17:45,20:05,2h 20m,non-stop,No info,11982
Air India,27/03/2019,Delhi,Cochin,DEL → HYD → MAA → COK,17:15,09:25 28 Mar,16h 10m,2 stops,No info,6057
Jet Airways,9/06/2019,Delhi,Cochin,DEL → JAI → BOM → COK,09:40,04:25 10 Jun,18h 45m,2 stops,No info,13014
Jet Airways,06/03/2019,Banglore,New Delhi,BLR → BOM → DEL,07:00,19:10,12h 10m,1 stop,No info,16736
IndiGo,3/03/2019,Delhi,Cochin,DEL → MAA → COK,02:05,07:25,5h 20m,1 stop,No info,10394
Air India,6/06/2019,Kolkata,Banglore,CCU → GAU → DEL → BLR,09:50,23:15,13h 25m,2 stops,No info,14960
Air India,03/03/2019,Banglore,New Delhi,BLR → AMD → DEL,00:30,08:45,8h 15m,1 stop,No info,11392
IndiGo,6/05/2019,Kolkata,Banglore,CCU → BBI → BLR,19:35,23:15,3h 40m,1 stop,No info,4226
IndiGo,3/03/2019,Delhi,Cochin,DEL → BOM → COK,06:40,13:20,6h 40m,1 stop,No info,14871
Air India,15/06/2019,Delhi,Cochin,DEL → BHO → BOM → COK,05:55,19:15,13h 20m,2 stops,No info,12646
IndiGo,12/04/2019,Kolkata,Banglore,CCU → BLR,17:15,19:50,2h 35m,non-stop,No info,4174
Multiple carriers,15/05/2019,Delhi,Cochin,DEL → BOM → COK,04:55,12:35,7h 40m,1 stop,No info,9103
IndiGo,27/03/2019,Delhi,Cochin,DEL → BOM → COK,08:25,21:00,12h 35m,1 stop,No info,8285
Jet Airways,1/05/2019,Kolkata,Banglore,CCU → DEL → BLR,17:00,23:35,6h 35m,1 stop,No info,13067
Jet Airways,9/05/2019,Delhi,Cochin,DEL → BOM → COK,19:15,04:25 10 May,9h 10m,1 stop,In-flight meal not included,12373
Jet Airways,12/03/2019,Banglore,New Delhi,BLR → BOM → DEL,22:55,11:25 13 Mar,12h 30m,1 stop,In-flight meal not included,11087
Jet Airways,1/05/2019,Kolkata,Banglore,CCU → GAU → BLR,10:20,17:35,7h 15m,1 stop,In-flight meal not included,5608
Jet Airways,24/05/2019,Kolkata,Banglore,CCU → BOM → BLR,20:00,22:35 25 May,26h 35m,1 stop,In-flight meal not included,10844
Jet Airways,21/05/2019,Delhi,Cochin,DEL → IDR → BOM → COK,09:35,12:35 22 May,27h,2 stops,In-flight meal not included,12719
Jet Airways,21/06/2019,Banglore,Delhi,BLR → DEL,19:50,22:50,3h,non-stop,In-flight meal not included,7754
Jet Airways,15/03/2019,Banglore,New Delhi,BLR → BOM → DEL,07:00,07:40 16 Mar,24h 40m,1 stop,In-flight meal not included,7832
SpiceJet,9/05/2019,Mumbai,Hyderabad,BOM → HYD,05:45,07:15,1h 30m,non-stop,No check-in baggage included,1965
Jet Airways,6/06/2019,Kolkata,Banglore,CCU → BOM → BLR,18:55,20:45 07 Jun,25h 50m,1 stop,No info,14571
Multiple carriers,27/05/2019,Delhi,Cochin,DEL → BOM → COK,15:00,01:30 28 May,10h 30m,1 stop,In-flight meal not included,6943
Air India,01/03/2019,Banglore,New Delhi,BLR → CCU → GAU → DEL,05:50,22:10,16h 20m,2 stops,Change airports,13366
Jet Airways,6/05/2019,Kolkata,Banglore,CCU → DEL → BLR,17:00,15:05 07 May,22h 5m,1 stop,No info,13067
IndiGo,1/03/2019,Kolkata,Banglore,CCU → BLR,15:10,17:45,2h 35m,non-stop,No info,6565
Air India,27/05/2019,Delhi,Cochin,DEL → MAA → COK,17:20,09:25 28 May,16h 5m,1 stop,No info,7480
IndiGo,21/06/2019,Kolkata,Banglore,CCU → BLR,17:15,19:50,2h 35m,non-stop,No info,4804
IndiGo,18/06/2019,Mumbai,Hyderabad,BOM → HYD,21:20,22:50,1h 30m,non-stop,No info,2227
IndiGo,3/03/2019,Chennai,Kolkata,MAA → CCU,19:35,21:55,2h 20m,non-stop,No info,7295
Jet Airways,6/06/2019,Banglore,Delhi,BLR → DEL,11:10,14:05,2h 55m,non-stop,No info,8016
Jet Airways,15/05/2019,Banglore,Delhi,BLR → DEL,06:00,08:45,2h 45m,non-stop,In-flight meal not included,4030
SpiceJet,27/06/2019,Kolkata,Banglore,CCU → BLR,09:00,11:25,2h 25m,non-stop,No info,3873
Jet Airways,9/06/2019,Kolkata,Banglore,CCU → BOM → BLR,14:05,23:35,9h 30m,1 stop,No info,14571
SpiceJet,9/06/2019,Banglore,Delhi,BLR → DEL,21:10,00:05 10 Jun,2h 55m,non-stop,No info,3971
Multiple carriers,24/06/2019,Delhi,Cochin,DEL → BOM → COK,06:00,21:00,15h,1 stop,No info,7740
Jet Airways,15/05/2019,Kolkata,Banglore,CCU → BOM → BLR,14:05,20:45,6h 40m,1 stop,No info,14781
Air India,6/06/2019,Delhi,Cochin,DEL → JAI → BOM → COK,12:00,19:15,7h 15m,2 stops,No info,8603
Jet Airways,24/05/2019,Kolkata,Banglore,CCU → DEL → BLR,09:35,23:35,14h,1 stop,No info,14151
Air Asia,15/04/2019,Banglore,Delhi,BLR → DEL,23:55,02:45 16 Apr,2h 50m,non-stop,No info,4483
Multiple carriers,15/06/2019,Delhi,Cochin,DEL → HYD → COK,07:05,22:30,15h 25m,1 stop,No info,9646
Multiple carriers,9/06/2019,Delhi,Cochin,DEL → BOM → COK,10:35,19:00,8h 25m,1 stop,No info,11098
Air India,27/03/2019,Mumbai,Hyderabad,BOM → HYD,19:30,20:45,1h 15m,non-stop,No info,2575
Jet Airways,21/05/2019,Kolkata,Banglore,CCU → BOM → BLR,08:25,08:15 22 May,23h 50m,1 stop,In-flight meal not included,8586
Jet Airways,9/05/2019,Mumbai,Hyderabad,BOM → HYD,10:20,11:50,1h 30m,non-stop,In-flight meal not included,4995
Jet Airways,21/05/2019,Banglore,Delhi,BLR → DEL,06:00,08:45,2h 45m,non-stop,No info,7229
IndiGo,3/06/2019,Delhi,Cochin,DEL → PNQ → COK,23:30,04:35 04 Jun,5h 5m,1 stop,No info,11378
Multiple carriers,3/03/2019,Delhi,Cochin,DEL → BOM → COK,13:00,21:00,8h,1 stop,No info,18286
Jet Airways,12/06/2019,Delhi,Cochin,DEL → BOM → COK,19:15,12:35 13 Jun,17h 20m,1 stop,In-flight meal not included,10262
Multiple carriers,21/05/2019,Delhi,Cochin,DEL → BOM → COK,15:00,01:30 22 May,10h 30m,1 stop,No info,14067
Jet Airways,24/03/2019,Kolkata,Banglore,CCU → BOM → BLR,21:10,09:15 25 Mar,12h 5m,1 stop,No info,14231
Jet Airways,9/05/2019,Kolkata,Banglore,CCU → BOM → BLR,21:10,08:15 10 May,11h 5m,1 stop,In-flight meal not included,9663
Jet Airways,21/05/2019,Kolkata,Banglore,CCU → BOM → BLR,20:00,08:15 22 May,12h 15m,1 stop,No info,14781
Jet Airways,12/06/2019,Kolkata,Banglore,CCU → BOM → BLR,16:30,04:40 13 Jun,12h 10m,1 stop,In-flight meal not included,6224
Jet Airways,6/03/2019,Delhi,Cochin,DEL → IDR → BOM → COK,05:25,04:25 07 Mar,23h,2 stops,No info,16914
Jet Airways,27/05/2019,Delhi,Cochin,DEL → BOM → COK,16:00,19:00 28 May,27h,1 stop,No info,16079
Air India,24/06/2019,Delhi,Cochin,DEL → BOM → COK,03:50,19:15,15h 25m,1 stop,No info,8669
Jet Airways,9/03/2019,Delhi,Cochin,DEL → BOM → COK,19:15,04:25 10 Mar,9h 10m,1 stop,In-flight meal not included,14053
GoAir,6/04/2019,Banglore,Delhi,BLR → DEL,20:55,23:40,2h 45m,non-stop,No info,3419
Air India,1/05/2019,Kolkata,Banglore,CCU → BOM → BLR,09:25,07:55 02 May,22h 30m,1 stop,No info,8366
Jet Airways,12/05/2019,Kolkata,Banglore,CCU → BOM → BLR,08:25,09:20 13 May,24h 55m,1 stop,In-flight meal not included,9663
Multiple carriers,21/05/2019,Delhi,Cochin,DEL → BOM → COK,09:15,19:15,10h,1 stop,No info,8099
Jet Airways,6/03/2019,Mumbai,Hyderabad,BOM → DEL → HYD,14:00,16:50 07 Mar,26h 50m,1 stop,No info,19595
Jet Airways,9/06/2019,Delhi,Cochin,DEL → BOM → COK,22:50,04:25 10 Jun,5h 35m,1 stop,No info,14714
Jet Airways,24/05/2019,Kolkata,Banglore,CCU → BOM → BLR,20:00,12:00 25 May,16h,1 stop,No info,14571
Vistara,24/03/2019,Banglore,New Delhi,BLR → DEL,11:30,14:10,2h 40m,non-stop,No info,5403
GoAir,18/05/2019,Kolkata,Banglore,CCU → BOM → BLR,23:30,07:45 19 May,8h 15m,1 stop,No info,7335
Jet Airways,27/03/2019,Delhi,Cochin,DEL → MAA → BOM → COK,17:35,04:25 28 Mar,10h 50m,2 stops,In-flight meal not included,9412
Jet Airways,6/06/2019,Kolkata,Banglore,CCU → BOM → BLR,08:25,18:15,9h 50m,1 stop,In-flight meal not included,10844
SpiceJet,24/03/2019,Banglore,New Delhi,BLR → DEL,05:45,08:35,2h 50m,non-stop,No info,4377
Jet Airways,6/03/2019,Delhi,Cochin,DEL → JAI → BOM → COK,05:30,19:45 07 Mar,38h 15m,2 stops,In-flight meal not included,15864
IndiGo,21/03/2019,Kolkata,Banglore,CCU → BLR,05:30,08:20,2h 50m,non-stop,No info,4148
Jet Airways,06/03/2019,Banglore,New Delhi,BLR → BOM → DEL,08:00,20:20,12h 20m,1 stop,No info,16736
Air India,18/05/2019,Kolkata,Banglore,CCU → DEL → AMD → BLR,10:00,05:25 19 May,19h 25m,2 stops,No info,14109
Jet Airways,1/06/2019,Banglore,Delhi,BLR → DEL,08:20,11:20,3h,non-stop,No info,8016
IndiGo,3/03/2019,Delhi,Cochin,DEL → HYD → COK,04:55,12:00,7h 5m,1 stop,No info,9585
IndiGo,15/05/2019,Banglore,Delhi,BLR → DEL,10:10,13:00,2h 50m,non-stop,No info,3943
SpiceJet,9/05/2019,Banglore,Delhi,BLR → DEL,09:30,12:20,2h 50m,non-stop,No info,4991
IndiGo,12/05/2019,Mumbai,Hyderabad,BOM → HYD,21:20,22:50,1h 30m,non-stop,No info,2227
Air Asia,6/06/2019,Kolkata,Banglore,CCU → BBI → BLR,19:55,23:30,3h 35m,1 stop,No info,6857
Jet Airways,6/06/2019,Delhi,Cochin,DEL → BOM → COK,19:15,19:00 07 Jun,23h 45m,1 stop,No info,14714
Jet Airways,6/03/2019,Delhi,Cochin,DEL → BOM → COK,11:30,04:25 07 Mar,16h 55m,1 stop,No info,15764
Air India,27/05/2019,Delhi,Cochin,DEL → CCU → BOM → COK,14:25,19:15 28 May,28h 50m,2 stops,No info,13381
IndiGo,9/06/2019,Delhi,Cochin,DEL → HYD → COK,06:50,22:30,15h 40m,1 stop,No info,6442
IndiGo,24/06/2019,Delhi,Cochin,DEL → HYD → COK,08:35,22:30,13h 55m,1 stop,No info,6442
Jet Airways,06/03/2019,Banglore,New Delhi,BLR → BOM → DEL,05:45,05:05 07 Mar,23h 20m,1 stop,No info,13555
Air India,1/05/2019,Kolkata,Banglore,CCU → BOM → BLR,16:50,07:55 02 May,15h 5m,1 stop,No info,8366
Jet Airways,21/04/2019,Banglore,Delhi,BLR → DEL,17:45,20:45,3h,non-stop,In-flight meal not included,4544
Multiple carriers,6/03/2019,Delhi,Cochin,DEL → BOM → COK,06:00,19:15,13h 15m,1 stop,No info,15353
IndiGo,6/06/2019,Mumbai,Hyderabad,BOM → HYD,12:00,13:30,1h 30m,non-stop,No info,2754
IndiGo,15/03/2019,Banglore,New Delhi,BLR → DEL,16:55,19:45,2h 50m,non-stop,No info,8033
Air India,18/03/2019,Banglore,New Delhi,BLR → GAU → DEL,13:50,18:40 16 Mar,28h 50m,1 stop,No info,11161
Jet Airways,1/05/2019,Kolkata,Banglore,CCU → BOM → BLR,18:55,12:00 02 May,17h 5m,1 stop,In-flight meal not included,9663
Jet Airways,1/06/2019,Delhi,Cochin,DEL → BOM → COK,18:15,04:25 02 Jun,10h 10m,1 stop,No info,14714
Air India,15/05/2019,Delhi,Cochin,DEL → HYD → MAA → COK,13:05,09:25 16 May,20h 20m,2 stops,No info,10975
IndiGo,27/04/2019,Kolkata,Banglore,CCU → BLR,09:35,12:20,2h 45m,non-stop,No info,4804
Jet Airways,1/04/2019,Kolkata,Banglore,CCU → BOM → BLR,21:10,04:40 02 Apr,7h 30m,1 stop,In-flight meal not included,8849
IndiGo,12/06/2019,Mumbai,Hyderabad,BOM → HYD,01:40,03:10,1h 30m,non-stop,No info,2754
Air India,21/03/2019,Delhi,Cochin,DEL → CCU → BOM → COK,06:50,19:15 22 Mar,36h 25m,2 stops,No info,10756
Jet Airways,27/05/2019,Delhi,Cochin,DEL → BOM → COK,21:50,04:25 28 May,6h 35m,1 stop,No info,16079
Vistara,9/04/2019,Banglore,Delhi,BLR → DEL,09:45,12:35,2h 50m,non-stop,No info,5403
Jet Airways,21/03/2019,Banglore,New Delhi,BLR → BOM → DEL,08:55,23:00,14h 5m,1 stop,In-flight meal not included,6992
Jet Airways,12/06/2019,Delhi,Cochin,DEL → BOM → COK,08:00,19:00,11h,1 stop,No info,14924
IndiGo,21/03/2019,Mumbai,Hyderabad,BOM → HYD,12:00,13:25,1h 25m,non-stop,No info,3342
SpiceJet,1/05/2019,Kolkata,Banglore,CCU → BLR,06:55,09:30,2h 35m,non-stop,No check-in baggage included,3841
Multiple carriers,6/03/2019,Delhi,Cochin,DEL → HYD → COK,07:10,22:20,15h 10m,1 stop,In-flight meal not included,7563
Jet Airways,27/06/2019,Delhi,Cochin,DEL → BOM → COK,07:05,19:00,11h 55m,1 stop,No info,18371
Jet Airways,27/05/2019,Delhi,Cochin,DEL → AMD → BOM → COK,13:25,12:35 28 May,23h 10m,2 stops,No info,15129
IndiGo,6/03/2019,Delhi,Cochin,DEL → BOM → COK,07:30,21:00,13h 30m,1 stop,No info,14871
Jet Airways,01/03/2019,Banglore,New Delhi,BLR → BOM → DEL,16:55,08:15 02 Mar,15h 20m,1 stop,No info,26890
SpiceJet,15/05/2019,Kolkata,Banglore,CCU → BLR,17:10,19:40,2h 30m,non-stop,No check-in baggage included,3841
Air India,21/03/2019,Delhi,Cochin,DEL → LKO → BOM → COK,18:30,19:15 22 Mar,24h 45m,2 stops,No info,10703
Multiple carriers,18/05/2019,Delhi,Cochin,DEL → BOM → COK,11:30,19:15,7h 45m,1 stop,No info,14533
IndiGo,27/05/2019,Delhi,Cochin,DEL → BOM → COK,10:35,01:30 28 May,14h 55m,1 stop,No info,6104
GoAir,24/05/2019,Kolkata,Banglore,CCU → BOM → BLR,23:30,07:45 25 May,8h 15m,1 stop,No info,7335
Air India,12/06/2019,Kolkata,Banglore,CCU → BLR,14:15,16:45,2h 30m,non-stop,No info,5510
Vistara,6/06/2019,Kolkata,Banglore,CCU → DEL → BLR,07:10,09:05 07 Jun,25h 55m,1 stop,No info,8452
IndiGo,3/04/2019,Mumbai,Hyderabad,BOM → HYD,16:55,18:25,1h 30m,non-stop,No info,3175
Multiple carriers,9/06/2019,Delhi,Cochin,DEL → BOM → COK,10:00,21:00,11h,1 stop,No info,7408
IndiGo,15/06/2019,Banglore,Delhi,BLR → DEL,21:15,00:15 16 Jun,3h,non-stop,No info,3943
Air India,01/03/2019,Banglore,New Delhi,BLR → BOM → BHO → DEL,08:50,09:25 02 Mar,24h 35m,2 stops,No info,25430
Multiple carriers,27/05/2019,Delhi,Cochin,DEL → BOM → COK,10:00,21:00,11h,1 stop,No info,9718
Jet Airways,01/03/2019,Banglore,New Delhi,BLR → BOM → DEL,08:00,08:15 02 Mar,24h 15m,1 stop,No info,22270
IndiGo,1/04/2019,Banglore,Delhi,BLR → DEL,01:30,04:15,2h 45m,non-stop,No info,4423
Air India,18/05/2019,Delhi,Cochin,DEL → RPR → NAG → BOM → COK,05:15,19:15 19 May,38h,3 stops,No info,10703
Jet Airways,27/06/2019,Delhi,Cochin,DEL → JAI → BOM → COK,05:30,19:00,13h 30m,2 stops,In-flight meal not included,10368
Jet Airways,27/06/2019,Delhi,Cochin,DEL → ATQ → BOM → COK,18:20,12:35 28 Jun,18h 15m,2 stops,No info,14300
Multiple carriers,24/06/2019,Delhi,Cochin,DEL → BOM → COK,07:30,19:15,11h 45m,1 stop,No info,7354
Multiple carriers,15/05/2019,Delhi,Cochin,DEL → BOM → COK,08:30,19:15,10h 45m,1 stop,No info,8099
Jet Airways,9/03/2019,Delhi,Cochin,DEL → BOM → COK,20:50,18:50 10 Mar,22h,1 stop,In-flight meal not included,14053
Jet Airways,21/05/2019,Banglore,Delhi,BLR → DEL,11:10,14:05,2h 55m,non-stop,In-flight meal not included,4030
Jet Airways,6/06/2019,Kolkata,Banglore,CCU → GAU → BLR,10:20,17:35,7h 15m,1 stop,In-flight meal not included,9689
Air Asia,27/06/2019,Delhi,Cochin,DEL → BLR → COK,07:55,22:25,14h 30m,1 stop,No info,6152
Air India,27/06/2019,Delhi,Cochin,DEL → COK,05:10,08:00,2h 50m,non-stop,No info,5201
IndiGo,15/06/2019,Delhi,Cochin,DEL → HYD → COK,11:55,22:30,10h 35m,1 stop,No info,6442
Air India,15/05/2019,Delhi,Cochin,DEL → HYD → MAA → COK,09:45,09:25 16 May,23h 40m,2 stops,No info,10975
Jet Airways,9/05/2019,Delhi,Cochin,DEL → JAI → BOM → COK,09:40,12:35 10 May,26h 55m,2 stops,In-flight meal not included,13029
IndiGo,27/03/2019,Delhi,Cochin,DEL → BOM → COK,06:40,15:30,8h 50m,1 stop,No info,8574
Jet Airways,18/03/2019,Banglore,New Delhi,BLR → BOM → DEL,22:50,09:30 16 Mar,10h 40m,1 stop,No info,13555
Air India,9/03/2019,Delhi,Cochin,DEL → MAA → COK,06:05,09:25 10 Mar,27h 20m,1 stop,No info,10945
Jet Airways,27/03/2019,Delhi,Cochin,DEL → BOM → COK,19:15,19:45 28 Mar,24h 30m,1 stop,In-flight meal not included,5963
Jet Airways,12/06/2019,Kolkata,Banglore,CCU → BOM → BLR,18:55,10:05 13 Jun,15h 10m,1 stop,In-flight meal not included,8529
Jet Airways,21/03/2019,Delhi,Cochin,DEL → JAI → BOM → COK,09:40,18:50,9h 10m,2 stops,No info,11702
IndiGo,6/06/2019,Delhi,Cochin,DEL → HYD → COK,14:20,22:30,8h 10m,1 stop,No info,6938
Jet Airways,6/06/2019,Mumbai,Hyderabad,BOM → HYD,10:20,11:50,1h 30m,non-stop,No info,8040
Jet Airways,9/05/2019,Delhi,Cochin,DEL → AMD → BOM → COK,23:05,12:35 10 May,13h 30m,2 stops,No info,15129
IndiGo,03/03/2019,Banglore,New Delhi,BLR → DEL,16:55,19:45,2h 50m,non-stop,No info,8855
IndiGo,15/04/2019,Kolkata,Banglore,CCU → HYD → BLR,15:15,20:30,5h 15m,1 stop,No info,4775
Air Asia,18/05/2019,Delhi,Cochin,DEL → BLR → COK,07:55,22:25,14h 30m,1 stop,No info,7452
SpiceJet,21/03/2019,Chennai,Kolkata,MAA → CCU,09:30,12:05,2h 35m,non-stop,No check-in baggage included,3332
Air India,27/05/2019,Delhi,Cochin,DEL → GOI → BOM → COK,22:00,19:15 28 May,21h 15m,2 stops,No info,10651
Air India,01/03/2019,Banglore,New Delhi,BLR → BOM → NAG → DEL,08:50,10:35 02 Mar,25h 45m,2 stops,No info,31783
Jet Airways,15/06/2019,Banglore,Delhi,BLR → DEL,15:15,18:10,2h 55m,non-stop,In-flight meal not included,7229
IndiGo,6/05/2019,Banglore,Delhi,BLR → DEL,20:00,22:50,2h 50m,non-stop,No info,4823
SpiceJet,3/03/2019,Kolkata,Banglore,CCU → BLR,09:00,11:30,2h 30m,non-stop,No info,5515
Jet Airways,27/06/2019,Delhi,Cochin,DEL → BOM → COK,09:00,12:35 28 Jun,27h 35m,1 stop,In-flight meal not included,10262
IndiGo,1/06/2019,Delhi,Cochin,DEL → BOM → COK,18:35,01:30 02 Jun,6h 55m,1 stop,No info,6628
IndiGo,24/05/2019,Kolkata,Banglore,CCU → HYD → BLR,15:15,20:05,4h 50m,1 stop,No info,5192
Jet Airways,18/05/2019,Kolkata,Banglore,CCU → BOM → BLR,14:05,16:20 19 May,26h 15m,1 stop,In-flight meal not included,10844
Jet Airways,1/06/2019,Delhi,Cochin,DEL → NAG → BOM → COK,06:45,04:25 02 Jun,21h 40m,2 stops,In-flight meal not included,10919
Jet Airways,24/05/2019,Kolkata,Banglore,CCU → BOM → BLR,14:05,04:40 25 May,14h 35m,1 stop,No info,13731
Air India,21/05/2019,Kolkata,Banglore,CCU → GAU → DEL → BLR,09:50,08:55 22 May,23h 5m,2 stops,No info,14960
IndiGo,15/06/2019,Mumbai,Hyderabad,BOM → HYD,16:55,18:25,1h 30m,non-stop,No info,3175
Jet Airways,1/05/2019,Kolkata,Banglore,CCU → BOM → BLR,06:30,12:00,5h 30m,1 stop,No info,14388
Jet Airways,6/04/2019,Banglore,Delhi,BLR → DEL,06:00,08:45,2h 45m,non-stop,In-flight meal not included,4544
Jet Airways,06/03/2019,Banglore,New Delhi,BLR → BOM → DEL,22:50,21:20 07 Mar,22h 30m,1 stop,No info,17471
Jet Airways,12/03/2019,Banglore,New Delhi,BLR → MAA → DEL,09:45,14:25,4h 40m,1 stop,No info,12295
Jet Airways,18/03/2019,Banglore,New Delhi,BLR → BOM → DEL,21:25,09:30 16 Mar,12h 5m,1 stop,No info,13555
Jet Airways,9/05/2019,Delhi,Cochin,DEL → BOM → COK,17:30,19:00 10 May,25h 30m,1 stop,In-flight meal not included,12373
Multiple carriers,1/06/2019,Delhi,Cochin,DEL → HYD → COK,14:55,22:30,7h 35m,1 stop,No info,7038
Jet Airways,6/06/2019,Kolkata,Banglore,CCU → GAU → BLR,10:20,17:35,7h 15m,1 stop,No info,11316
Jet Airways,9/05/2019,Kolkata,Banglore,CCU → BOM → BLR,14:05,04:40 10 May,14h 35m,1 stop,In-flight meal not included,8586
Jet Airways,15/05/2019,Kolkata,Banglore,CCU → DEL → BLR,09:35,14:25 16 May,28h 50m,1 stop,In-flight meal not included,9314
GoAir,6/06/2019,Banglore,Delhi,BLR → DEL,20:55,23:40,2h 45m,non-stop,No info,3419
Jet Airways,6/06/2019,Delhi,Cochin,DEL → BOM → COK,10:00,19:00,9h,1 stop,In-flight meal not included,10262
Air India,27/05/2019,Delhi,Cochin,DEL → BOM → COK,13:00,19:15,6h 15m,1 stop,No info,9719
Jet Airways,12/06/2019,Mumbai,Hyderabad,BOM → HYD,19:35,21:05,1h 30m,non-stop,In-flight meal not included,3210
SpiceJet,15/05/2019,Delhi,Cochin,DEL → MAA → COK,06:05,11:20,5h 15m,1 stop,No info,5583
Air India,12/06/2019,Kolkata,Banglore,CCU → IXR → DEL → BLR,05:50,20:25,14h 35m,2 stops,No info,12723
Multiple carriers,24/06/2019,Delhi,Cochin,DEL → BOM → COK,10:20,01:30 25 Jun,15h 10m,1 stop,In-flight meal not included,5797
Air Asia,03/03/2019,Banglore,New Delhi,BLR → DEL,05:50,08:40,2h 50m,non-stop,No info,7074
Air India,24/03/2019,Kolkata,Banglore,CCU → DEL → BLR,20:30,08:55 25 Mar,12h 25m,1 stop,No info,12173
Jet Airways,9/06/2019,Kolkata,Banglore,CCU → DEL → BLR,17:00,10:55 10 Jun,17h 55m,1 stop,No info,14151
Air India,27/03/2019,Delhi,Cochin,DEL → LKO → BOM → COK,07:00,19:15,12h 15m,2 stops,No info,10913
IndiGo,27/05/2019,Kolkata,Banglore,CCU → BLR,11:30,14:05,2h 35m,non-stop,No info,5224
IndiGo,18/05/2019,Mumbai,Hyderabad,BOM → HYD,19:05,20:35,1h 30m,non-stop,No info,2754
Jet Airways,24/05/2019,Banglore,Delhi,BLR → DEL,19:50,22:50,3h,non-stop,In-flight meal not included,6144
Multiple carriers,6/06/2019,Delhi,Cochin,DEL → BOM → COK,18:00,01:30 07 Jun,7h 30m,1 stop,No info,7198
Jet Airways,6/06/2019,Kolkata,Banglore,CCU → BOM → PNQ → BLR,06:30,20:50,14h 20m,2 stops,In-flight meal not included,10118
IndiGo,9/05/2019,Delhi,Cochin,DEL → HYD → COK,07:35,12:10,4h 35m,1 stop,No info,5054
IndiGo,18/04/2019,Delhi,Cochin,DEL → COK,05:35,08:50,3h 15m,non-stop,No info,6015
Jet Airways,3/03/2019,Delhi,Cochin,DEL → BOM → COK,02:15,04:25 04 Mar,26h 10m,1 stop,No info,17024
SpiceJet,18/03/2019,Kolkata,Banglore,CCU → BLR,22:20,00:40 19 Mar,2h 20m,non-stop,No info,3847
Vistara,27/05/2019,Banglore,Delhi,BLR → DEL,21:00,23:50,2h 50m,non-stop,No info,4668
Multiple carriers,21/03/2019,Delhi,Cochin,DEL → BOM → COK,10:00,01:35 22 Mar,15h 35m,1 stop,No info,8098
Jet Airways,1/06/2019,Delhi,Cochin,DEL → NAG → BOM → COK,14:35,12:35 02 Jun,22h,2 stops,In-flight meal not included,10919
Multiple carriers,6/05/2019,Delhi,Cochin,DEL → BOM → COK,09:00,19:00,10h,1 stop,No info,10407
IndiGo,15/04/2019,Kolkata,Banglore,CCU → BLR,20:20,22:55,2h 35m,non-stop,No info,4174
Jet Airways,09/03/2019,Banglore,New Delhi,BLR → BOM → DEL,08:00,09:30 13 Mar,25h 30m,1 stop,In-flight meal not included,11087
Multiple carriers,9/06/2019,Delhi,Cochin,DEL → IXU → BOM → COK,17:50,01:30 10 Jun,7h 40m,2 stops,No info,18485
Air India,21/05/2019,Delhi,Cochin,DEL → UDR → BOM → COK,13:20,07:40 22 May,18h 20m,2 stops,No info,13538
Jet Airways,9/05/2019,Delhi,Cochin,DEL → AMD → BOM → COK,23:05,04:25 11 May,29h 20m,2 stops,No info,16704
Jet Airways,3/06/2019,Delhi,Cochin,DEL → NAG → BOM → COK,14:35,12:35 04 Jun,22h,2 stops,No info,13376
Jet Airways,27/03/2019,Delhi,Cochin,DEL → IXC → BOM → COK,06:20,18:50,12h 30m,2 stops,No info,11538
Multiple carriers,24/06/2019,Delhi,Cochin,DEL → HYD → COK,07:10,22:30,15h 20m,1 stop,No info,6723
Vistara,12/05/2019,Banglore,Delhi,BLR → DEL,17:00,19:35,2h 35m,non-stop,No info,4878
IndiGo,12/05/2019,Kolkata,Banglore,CCU → HYD → BLR,15:15,20:05,4h 50m,1 stop,No info,5170
Jet Airways,18/05/2019,Delhi,Cochin,DEL → BOM → COK,20:55,12:35 19 May,15h 40m,1 stop,In-flight meal not included,12373
Jet Airways,12/05/2019,Kolkata,Banglore,CCU → BOM → BLR,06:30,16:20,9h 50m,1 stop,No info,14781
SpiceJet,1/06/2019,Delhi,Cochin,DEL → BLR → COK,17:55,22:50,4h 55m,1 stop,No info,5975
Jet Airways,15/06/2019,Delhi,Cochin,DEL → BOM → COK,11:30,19:00,7h 30m,1 stop,In-flight meal not included,10262
SpiceJet,18/03/2019,Kolkata,Banglore,CCU → BLR,17:15,19:45,2h 30m,non-stop,No check-in baggage included,4413
IndiGo,9/05/2019,Banglore,Delhi,BLR → DEL,18:55,21:50,2h 55m,non-stop,No info,4823
IndiGo,21/03/2019,Kolkata,Banglore,CCU → BLR,14:20,16:55,2h 35m,non-stop,No info,5198
Vistara,21/05/2019,Chennai,Kolkata,MAA → CCU,07:05,09:20,2h 15m,non-stop,No info,3687
IndiGo,3/06/2019,Banglore,Delhi,BLR → DEL,16:55,19:55,3h,non-stop,No info,4823
IndiGo,15/06/2019,Kolkata,Banglore,CCU → BLR,04:40,07:15,2h 35m,non-stop,No info,4804
Jet Airways,12/06/2019,Delhi,Cochin,DEL → BOM → COK,14:00,19:00,5h,1 stop,No info,14714
Jet Airways,3/03/2019,Mumbai,Hyderabad,BOM → HYD,07:10,08:35,1h 25m,non-stop,No info,5678
SpiceJet,27/03/2019,Kolkata,Banglore,CCU → BLR,17:15,19:45,2h 30m,non-stop,No info,3847
SpiceJet,1/04/2019,Kolkata,Banglore,CCU → BLR,17:10,19:40,2h 30m,non-stop,No check-in baggage included,3841
Air India,6/06/2019,Kolkata,Banglore,CCU → DEL → BLR,10:00,20:25,10h 25m,1 stop,No info,10203
Jet Airways,27/05/2019,Delhi,Cochin,DEL → JAI → BOM → COK,19:30,04:25 28 May,8h 55m,2 stops,In-flight meal not included,13029
Jet Airways,21/05/2019,Delhi,Cochin,DEL → JAI → BOM → COK,09:40,12:35 22 May,26h 55m,2 stops,In-flight meal not included,13029
Air India,15/03/2019,Banglore,New Delhi,BLR → BOM → DEL,06:45,12:15,5h 30m,1 stop,No info,8714
Jet Airways,15/05/2019,Kolkata,Banglore,CCU → BOM → BLR,16:30,04:40 16 May,12h 10m,1 stop,In-flight meal not included,10844
Air India,01/03/2019,Banglore,New Delhi,BLR → DEL,06:10,08:55,2h 45m,non-stop,No info,15676
Jet Airways,01/03/2019,Banglore,New Delhi,BLR → BOM → DEL,11:40,07:40 02 Mar,20h,1 stop,No info,22270
Air India,6/05/2019,Kolkata,Banglore,CCU → BOM → COK → BLR,09:25,15:05 07 May,29h 40m,2 stops,No info,11542
Jet Airways,12/06/2019,Kolkata,Banglore,CCU → BOM → BLR,18:55,08:15 13 Jun,13h 20m,1 stop,No info,13044
SpiceJet,21/05/2019,Banglore,Delhi,BLR → DEL,21:10,00:05 22 May,2h 55m,non-stop,No info,3625
IndiGo,1/03/2019,Chennai,Kolkata,MAA → CCU,05:15,07:35,2h 20m,non-stop,No info,7295
Jet Airways,27/03/2019,Delhi,Cochin,DEL → BOM → COK,02:15,18:50,16h 35m,1 stop,In-flight meal not included,6017
Jet Airways,18/05/2019,Delhi,Cochin,DEL → BOM → COK,07:05,19:00,11h 55m,1 stop,In-flight meal not included,12373
Multiple carriers,18/05/2019,Delhi,Cochin,DEL → IDR → BOM → COK,15:05,01:30 19 May,10h 25m,2 stops,No info,16840
Multiple carriers,21/05/2019,Delhi,Cochin,DEL → BOM → COK,10:00,19:00,9h,1 stop,No info,10197
Air Asia,9/03/2019,Kolkata,Banglore,CCU → BLR,22:50,01:20 10 Mar,2h 30m,non-stop,No info,4384
Jet Airways,18/05/2019,Delhi,Cochin,DEL → BOM → COK,09:00,19:00,10h,1 stop,In-flight meal not included,12373
Jet Airways,9/03/2019,Delhi,Cochin,DEL → BOM → COK,21:50,04:25 10 Mar,6h 35m,1 stop,No info,15029
Vistara,9/05/2019,Kolkata,Banglore,CCU → DEL → BLR,07:10,18:50,11h 40m,1 stop,No info,8610
SpiceJet,9/04/2019,Banglore,Delhi,BLR → DEL,21:10,00:05 10 Apr,2h 55m,non-stop,No check-in baggage included,3919
Air India,24/06/2019,Delhi,Cochin,DEL → HYD → MAA → COK,13:15,09:25 25 Jun,20h 10m,2 stops,No info,8839
Multiple carriers,21/03/2019,Delhi,Cochin,DEL → BOM → COK,10:00,01:35 22 Mar,15h 35m,1 stop,In-flight meal not included,8565
Air India,9/05/2019,Delhi,Cochin,DEL → BHO → BOM → COK,05:55,19:15,13h 20m,2 stops,No info,10861
IndiGo,6/05/2019,Mumbai,Hyderabad,BOM → HYD,12:00,13:30,1h 30m,non-stop,No info,2754
Multiple carriers,18/05/2019,Delhi,Cochin,DEL → BOM → COK,08:45,21:00,12h 15m,1 stop,No info,7670
Multiple carriers,27/06/2019,Delhi,Cochin,DEL → BOM → COK,04:55,19:00,14h 5m,1 stop,No info,10678
Air India,24/06/2019,Delhi,Cochin,DEL → GOI → BOM → COK,10:55,19:15,8h 20m,2 stops,No info,11753
Air India,24/05/2019,Kolkata,Banglore,CCU → BOM → COK → BLR,09:25,13:45 25 May,28h 20m,2 stops,No info,12592
Air India,27/05/2019,Delhi,Cochin,DEL → MAA → COK,06:05,09:25 28 May,27h 20m,1 stop,No info,7480
SpiceJet,24/03/2019,Banglore,New Delhi,BLR → DEL,20:30,23:20,2h 50m,non-stop,No info,5575
Multiple carriers,6/03/2019,Delhi,Cochin,DEL → BOM → COK,11:30,19:15,7h 45m,1 stop,In-flight meal not included,15342
Jet Airways,18/05/2019,Kolkata,Banglore,CCU → BOM → BLR,18:55,12:00 19 May,17h 5m,1 stop,In-flight meal not included,10844
Jet Airways,18/06/2019,Banglore,Delhi,BLR → DEL,11:10,14:05,2h 55m,non-stop,No info,8016
SpiceJet,6/06/2019,Banglore,Delhi,BLR → DEL,21:10,00:05 07 Jun,2h 55m,non-stop,No info,3311
Multiple carriers,1/06/2019,Delhi,Cochin,DEL → BOM → COK,04:55,19:15,14h 20m,1 stop,No info,8835
Air India,21/05/2019,Kolkata,Banglore,CCU → DEL → BLR,17:30,08:55 22 May,15h 25m,1 stop,No info,11936
IndiGo,21/03/2019,Kolkata,Banglore,CCU → BLR,21:25,00:05 22 Mar,2h 40m,non-stop,No info,4148
IndiGo,27/05/2019,Delhi,Cochin,DEL → HYD → COK,16:10,22:30,6h 20m,1 stop,No info,6938
Jet Airways,21/03/2019,Banglore,New Delhi,BLR → DEL,19:55,22:35,2h 40m,non-stop,No info,7229
IndiGo,27/03/2019,Delhi,Cochin,DEL → BOM → COK,06:40,21:00,14h 20m,1 stop,No info,8784
Air India,27/03/2019,Delhi,Cochin,DEL → BLR → COK,17:40,08:15 28 Mar,14h 35m,1 stop,No info,5998
IndiGo,1/06/2019,Banglore,Delhi,BLR → DEL,06:05,08:50,2h 45m,non-stop,No info,3943
Jet Airways,01/03/2019,Banglore,New Delhi,BLR → BOM → DEL,11:40,21:20,9h 40m,1 stop,1 Long layover,27992
Air India,03/03/2019,Banglore,New Delhi,BLR → BOM → IDR → DEL,06:45,11:10 07 Mar,28h 25m,2 stops,No info,12599
IndiGo,21/05/2019,Mumbai,Hyderabad,BOM → HYD,06:25,07:55,1h 30m,non-stop,No info,4049
IndiGo,1/05/2019,Banglore,Delhi,BLR → DEL,13:00,15:50,2h 50m,non-stop,No info,4423
Jet Airways,12/03/2019,Banglore,New Delhi,BLR → BOM → DEL,21:25,09:30 13 Mar,12h 5m,1 stop,No info,13817
Jet Airways,21/05/2019,Delhi,Cochin,DEL → AMD → BOM → COK,23:05,12:35 22 May,13h 30m,2 stops,No info,15129
IndiGo,9/03/2019,Delhi,Cochin,DEL → BOM → COK,17:30,01:35 10 Mar,8h 5m,1 stop,No info,12351
Jet Airways,01/03/2019,Banglore,New Delhi,BLR → BOM → DEL,07:00,16:10,9h 10m,1 stop,No info,26890
Jet Airways,6/05/2019,Kolkata,Banglore,CCU → DEL → BLR,17:00,22:05 07 May,29h 5m,1 stop,No info,11467
Jet Airways,3/03/2019,Delhi,Cochin,DEL → BOM → COK,19:15,04:25 04 Mar,9h 10m,1 stop,No info,17234
Air India,12/03/2019,Banglore,New Delhi,BLR → BOM → DEL,06:45,20:35,13h 50m,1 stop,No info,12127
Multiple carriers,9/06/2019,Delhi,Cochin,DEL → BOM → COK,03:50,11:30,7h 40m,1 stop,No info,7408
Jet Airways,21/05/2019,Mumbai,Hyderabad,BOM → HYD,19:35,21:05,1h 30m,non-stop,No info,5678
IndiGo,21/03/2019,Delhi,Cochin,DEL → BOM → COK,06:40,13:20,6h 40m,1 stop,No info,10208
SpiceJet,15/06/2019,Mumbai,Hyderabad,BOM → HYD,22:45,00:15 16 Jun,1h 30m,non-stop,No info,2017
Jet Airways,24/06/2019,Delhi,Cochin,DEL → BOM → COK,02:15,04:25 25 Jun,26h 10m,1 stop,In-flight meal not included,10262
Jet Airways,18/03/2019,Mumbai,Hyderabad,BOM → HYD,19:35,21:05,1h 30m,non-stop,In-flight meal not included,2071
Jet Airways,1/05/2019,Kolkata,Banglore,CCU → DEL → BLR,17:00,18:00 02 May,25h,1 stop,No info,11467
Multiple carriers,18/05/2019,Delhi,Cochin,DEL → BOM → COK,07:00,19:00,12h,1 stop,No info,10197
Jet Airways,6/06/2019,Delhi,Cochin,DEL → JAI → BOM → COK,05:30,04:25 07 Jun,22h 55m,2 stops,In-flight meal not included,10368
Air India,1/05/2019,Mumbai,Hyderabad,BOM → HYD,21:05,22:25,1h 20m,non-stop,No info,3625
Air India,9/03/2019,Delhi,Cochin,DEL → BOM → COK,08:40,19:15,10h 35m,1 stop,No info,18959
Air India,9/06/2019,Kolkata,Banglore,CCU → DEL → BLR,20:30,20:25 10 Jun,23h 55m,1 stop,No info,10203
Jet Airways,27/06/2019,Delhi,Cochin,DEL → BOM → COK,09:00,19:00,10h,1 stop,No info,14714
Jet Airways,21/03/2019,Banglore,New Delhi,BLR → BOM → DEL,11:40,21:20,9h 40m,1 stop,In-flight meal not included,7832
IndiGo,24/05/2019,Chennai,Kolkata,MAA → CCU,22:05,00:25 25 May,2h 20m,non-stop,No info,5277
Jet Airways,24/03/2019,Mumbai,Hyderabad,BOM → HYD,19:35,21:05,1h 30m,non-stop,In-flight meal not included,2470
Multiple carriers,12/06/2019,Delhi,Cochin,DEL → BOM → COK,07:30,19:00,11h 30m,1 stop,No info,10877
Jet Airways,9/06/2019,Kolkata,Banglore,CCU → BOM → BLR,20:00,09:20 10 Jun,13h 20m,1 stop,In-flight meal not included,11841
SpiceJet,15/06/2019,Kolkata,Banglore,CCU → BLR,22:20,00:40 16 Jun,2h 20m,non-stop,No check-in baggage included,3841
IndiGo,9/03/2019,Delhi,Cochin,DEL → BOM → COK,06:40,21:00,14h 20m,1 stop,No info,12351
IndiGo,12/04/2019,Kolkata,Banglore,CCU → BLR,15:30,18:05,2h 35m,non-stop,No info,4174
Jet Airways,27/05/2019,Banglore,Delhi,BLR → DEL,18:55,22:00,3h 5m,non-stop,No info,7229
SpiceJet,9/03/2019,Kolkata,Banglore,CCU → BLR,09:00,11:30,2h 30m,non-stop,No info,5515
Jet Airways,27/03/2019,Delhi,Cochin,DEL → AMD → BOM → COK,19:10,19:45 28 Mar,24h 35m,2 stops,In-flight meal not included,6643
Air Asia,1/06/2019,Delhi,Cochin,DEL → BLR → COK,16:45,07:10 02 Jun,14h 25m,1 stop,No info,11410
Jet Airways,9/03/2019,Mumbai,Hyderabad,BOM → HYD,19:40,21:10,1h 30m,non-stop,In-flight meal not included,4050
GoAir,21/06/2019,Banglore,Delhi,BLR → DEL,20:55,23:40,2h 45m,non-stop,No info,3898
IndiGo,12/06/2019,Mumbai,Hyderabad,BOM → HYD,19:05,20:35,1h 30m,non-stop,No info,2754
Air India,6/03/2019,Mumbai,Hyderabad,BOM → CCU → HYD,06:10,21:15,15h 5m,1 stop,No info,16666
Multiple carriers,21/03/2019,Delhi,Cochin,DEL → BOM → COK,11:40,21:00,9h 20m,1 stop,No info,7215
Jet Airways,21/03/2019,Delhi,Cochin,DEL → BOM → COK,13:00,04:25 22 Mar,15h 25m,1 stop,In-flight meal not included,7438
Vistara,24/03/2019,Banglore,New Delhi,BLR → DEL,12:00,14:40,2h 40m,non-stop,No info,7608
Air India,24/03/2019,Kolkata,Banglore,CCU → DEL → COK → BLR,07:00,13:45 25 Mar,30h 45m,2 stops,No info,12829
Jet Airways,12/06/2019,Kolkata,Banglore,CCU → BOM → BLR,16:30,19:50 13 Jun,27h 20m,1 stop,In-flight meal not included,8529
Air India,24/06/2019,Delhi,Cochin,DEL → HYD → BOM → COK,13:15,07:40 25 Jun,18h 25m,2 stops,No info,12497
Air India,24/03/2019,Kolkata,Banglore,CCU → IXZ → MAA → BLR,05:40,14:35 25 Mar,32h 55m,2 stops,No info,11522
Air India,21/04/2019,Banglore,Delhi,BLR → DEL,13:20,16:10,2h 50m,non-stop,No info,6121
Multiple carriers,27/05/2019,Delhi,Cochin,DEL → BOM → COK,10:20,21:00,10h 40m,1 stop,No info,7005
Jet Airways,24/05/2019,Kolkata,Banglore,CCU → DEL → BLR,09:35,14:25 25 May,28h 50m,1 stop,In-flight meal not included,10703
Jet Airways,21/05/2019,Delhi,Cochin,DEL → BOM → COK,08:00,19:00,11h,1 stop,In-flight meal not included,12898
Air India,27/03/2019,Delhi,Cochin,DEL → BOM → COK,10:00,19:15,9h 15m,1 stop,No info,6902
Multiple carriers,27/03/2019,Delhi,Cochin,DEL → BOM → COK,13:00,21:00,8h,1 stop,No info,12537
Air India,1/06/2019,Delhi,Cochin,DEL → HYD → MAA → COK,13:15,09:25 02 Jun,20h 10m,2 stops,No info,10467
Air India,1/05/2019,Chennai,Kolkata,MAA → CCU,11:40,13:55,2h 15m,non-stop,No info,4667
Air Asia,15/05/2019,Banglore,Delhi,BLR → DEL,23:55,02:45 16 May,2h 50m,non-stop,No info,3383
SpiceJet,27/06/2019,Banglore,Delhi,BLR → DEL,05:55,08:35,2h 40m,non-stop,No info,3625
GoAir,27/05/2019,Delhi,Cochin,DEL → AMD → COK,07:25,13:35,6h 10m,1 stop,No info,6841
Jet Airways,12/06/2019,Kolkata,Banglore,CCU → BOM → BLR,06:30,16:20,9h 50m,1 stop,In-flight meal not included,9899
IndiGo,15/06/2019,Delhi,Cochin,DEL → HYD → COK,07:35,22:30,14h 55m,1 stop,No info,6442
Jet Airways,15/05/2019,Kolkata,Banglore,CCU → BOM → BLR,21:10,04:40 16 May,7h 30m,1 stop,In-flight meal not included,9663
Jet Airways,18/05/2019,Kolkata,Banglore,CCU → DEL → BLR,20:25,09:45 19 May,13h 20m,1 stop,No info,14151
Air India,27/05/2019,Delhi,Cochin,DEL → BLR → COK,17:40,09:35 28 May,15h 55m,1 stop,No info,7258
SpiceJet,9/05/2019,Banglore,Delhi,BLR → DEL,21:10,00:05 10 May,2h 55m,non-stop,No info,4423
Multiple carriers,6/06/2019,Delhi,Cochin,DEL → BOM → COK,06:00,19:00,13h,1 stop,No info,11789
Jet Airways,24/04/2019,Banglore,Delhi,BLR → DEL,15:15,18:10,2h 55m,non-stop,No info,7229
Jet Airways,21/05/2019,Kolkata,Banglore,CCU → DEL → BLR,17:00,21:05 22 May,28h 5m,1 stop,No info,14151
Air India,6/03/2019,Delhi,Cochin,DEL → AMD → BOM → COK,05:00,19:15 07 Mar,38h 15m,2 stops,No info,10283
Multiple carriers,9/03/2019,Delhi,Cochin,DEL → BOM → COK,00:20,07:40,7h 20m,1 stop,In-flight meal not included,13977
IndiGo,24/03/2019,Banglore,New Delhi,BLR → DEL,06:00,08:45,2h 45m,non-stop,No info,4777
IndiGo,3/04/2019,Banglore,Delhi,BLR → DEL,22:10,01:00 04 Apr,2h 50m,non-stop,No info,3943
Jet Airways,27/06/2019,Delhi,Cochin,DEL → BOM → COK,02:15,12:35,10h 20m,1 stop,No info,18371
Air India,09/03/2019,Banglore,New Delhi,BLR → GOI → DEL,17:00,16:40 13 Mar,23h 40m,1 stop,No info,9292
Air India,24/06/2019,Delhi,Cochin,DEL → CCU → BOM → COK,14:25,19:15 25 Jun,28h 50m,2 stops,No info,13381
Jet Airways,27/06/2019,Delhi,Cochin,DEL → JAI → BOM → COK,09:40,12:35 28 Jun,26h 55m,2 stops,No info,13014
Jet Airways,1/05/2019,Kolkata,Banglore,CCU → BOM → BLR,08:25,09:20 02 May,24h 55m,1 stop,No info,14388
Jet Airways,12/06/2019,Delhi,Cochin,DEL → BOM → COK,22:50,12:35 13 Jun,13h 45m,1 stop,In-flight meal not included,10262
IndiGo,3/03/2019,Delhi,Cochin,DEL → BOM → COK,15:00,01:35 04 Mar,10h 35m,1 stop,No info,14871
IndiGo,27/06/2019,Chennai,Kolkata,MAA → CCU,05:15,07:40,2h 25m,non-stop,No info,3540
Vistara,9/05/2019,Kolkata,Banglore,CCU → DEL → BLR,07:10,22:40,15h 30m,1 stop,No info,7927
IndiGo,9/04/2019,Delhi,Cochin,DEL → BOM → COK,15:00,01:30 10 Apr,10h 30m,1 stop,No info,6270
IndiGo,1/06/2019,Delhi,Cochin,DEL → BOM → COK,08:30,21:00,12h 30m,1 stop,No info,6416
Jet Airways,15/06/2019,Delhi,Cochin,DEL → BOM → COK,02:15,19:00,16h 45m,1 stop,In-flight meal not included,10262
Jet Airways,24/06/2019,Delhi,Cochin,DEL → BOM → COK,15:00,19:00 25 Jun,28h,1 stop,In-flight meal not included,10262
Jet Airways,09/03/2019,Banglore,New Delhi,BLR → BOM → DEL,21:25,07:40 13 Mar,10h 15m,1 stop,In-flight meal not included,7832
GoAir,12/04/2019,Banglore,Delhi,BLR → DEL,07:45,10:40,2h 55m,non-stop,No info,6722
Jet Airways,21/03/2019,Delhi,Cochin,DEL → BOM → COK,20:50,04:25 22 Mar,7h 35m,1 stop,No info,14189
Multiple carriers,24/06/2019,Delhi,Cochin,DEL → BOM → COK,10:00,19:00,9h,1 stop,No info,12717
IndiGo,21/05/2019,Delhi,Cochin,DEL → BOM → COK,18:35,01:30 22 May,6h 55m,1 stop,No info,7006
Air India,27/05/2019,Delhi,Cochin,DEL → CCU → BOM → COK,06:50,07:40 28 May,24h 50m,2 stops,No info,16163
Vistara,15/05/2019,Delhi,Cochin,DEL → COK,06:00,09:10,3h 10m,non-stop,No info,6216
IndiGo,3/06/2019,Kolkata,Banglore,CCU → BLR,22:15,00:50 04 Jun,2h 35m,non-stop,No info,4804
Multiple carriers,21/03/2019,Delhi,Cochin,DEL → BOM → COK,11:40,18:50,7h 10m,1 stop,No info,11999
IndiGo,9/03/2019,Chennai,Kolkata,MAA → CCU,22:05,00:25 10 Mar,2h 20m,non-stop,No info,6297
SpiceJet,24/04/2019,Banglore,Delhi,BLR → DEL,21:10,00:05 25 Apr,2h 55m,non-stop,No check-in baggage included,3573
Air India,1/06/2019,Banglore,Delhi,BLR → DEL,17:00,19:45,2h 45m,non-stop,No info,7171
IndiGo,21/05/2019,Delhi,Cochin,DEL → BOM → COK,08:30,21:00,12h 30m,1 stop,No info,7318
IndiGo,24/04/2019,Banglore,Delhi,BLR → DEL,01:30,04:15,2h 45m,non-stop,No info,3419
Air India,24/05/2019,Kolkata,Banglore,CCU → IXR → DEL → BLR,05:50,23:15,17h 25m,2 stops,No info,12723
Jet Airways,21/03/2019,Delhi,Cochin,DEL → UDR → BOM → COK,13:00,18:50 22 Mar,29h 50m,2 stops,No info,13082
Air Asia,18/04/2019,Kolkata,Banglore,CCU → BLR,10:20,12:55,2h 35m,non-stop,No info,4409
Air India,9/05/2019,Banglore,Delhi,BLR → DEL,21:05,23:55,2h 50m,non-stop,No info,6121
Multiple carriers,18/05/2019,Delhi,Cochin,DEL → BOM → COK,06:00,19:15,13h 15m,1 stop,No info,8476
Multiple carriers,15/06/2019,Delhi,Cochin,DEL → BOM → COK,10:00,19:15,9h 15m,1 stop,No info,16108
Jet Airways,21/03/2019,Delhi,Cochin,DEL → BOM → COK,19:15,18:50 22 Mar,23h 35m,1 stop,No info,12347
Air India,21/05/2019,Delhi,Cochin,DEL → JAI → BOM → COK,12:00,07:40 22 May,19h 40m,2 stops,No info,9653
Air India,01/03/2019,Banglore,New Delhi,BLR → AMD → DEL,00:30,23:55,23h 25m,1 stop,1 Long layover,12599
Jet Airways,21/05/2019,Kolkata,Banglore,CCU → DEL → BLR,17:00,18:00 22 May,25h,1 stop,No info,14151
Air India,18/05/2019,Delhi,Cochin,DEL → HYD → MAA → COK,07:05,09:25 19 May,26h 20m,2 stops,No info,10975
Multiple carriers,9/04/2019,Delhi,Cochin,DEL → BOM → COK,13:00,21:00,8h,1 stop,No info,12537
Multiple carriers,21/05/2019,Delhi,Cochin,DEL → BOM → COK,04:55,19:15,14h 20m,1 stop,No info,7575
Air India,12/03/2019,Mumbai,Hyderabad,BOM → JDH → JAI → DEL → HYD,09:40,15:15 13 Mar,29h 35m,3 stops,No info,18293
Vistara,1/04/2019,Banglore,Delhi,BLR → DEL,19:30,22:15,2h 45m,non-stop,No info,5613
Jet Airways,21/05/2019,Kolkata,Banglore,CCU → BOM → BLR,08:25,19:50,11h 25m,1 stop,In-flight meal not included,10844
SpiceJet,1/04/2019,Banglore,Delhi,BLR → DEL,21:10,00:05 02 Apr,2h 55m,non-stop,No info,3625
Air India,9/03/2019,Delhi,Cochin,DEL → RPR → NAG → BOM → COK,05:15,19:15 10 Mar,38h,3 stops,No info,15586
IndiGo,21/05/2019,Delhi,Cochin,DEL → BOM → COK,20:25,01:30 22 May,5h 5m,1 stop,No info,5054
IndiGo,15/05/2019,Delhi,Cochin,DEL → BOM → COK,11:25,01:30 16 May,14h 5m,1 stop,No info,6979
Jet Airways,24/05/2019,Kolkata,Banglore,CCU → BOM → BLR,14:05,23:35,9h 30m,1 stop,In-flight meal not included,10844
Jet Airways,21/05/2019,Delhi,Cochin,DEL → BOM → COK,07:05,19:00,11h 55m,1 stop,In-flight meal not included,12239
Jet Airways,9/06/2019,Kolkata,Banglore,CCU → BOM → BLR,21:10,18:15 10 Jun,21h 5m,1 stop,No info,14571
Air India,21/03/2019,Delhi,Cochin,DEL → BLR → COK,13:30,23:00,9h 30m,1 stop,No info,5704
Jet Airways,06/03/2019,Banglore,New Delhi,BLR → BOM → DEL,08:00,13:15,5h 15m,1 stop,No info,19225
Multiple carriers,9/06/2019,Delhi,Cochin,DEL → BOM → COK,06:40,19:00,12h 20m,1 stop,No info,10877
IndiGo,21/03/2019,Delhi,Cochin,DEL → HYD → COK,07:35,16:10,8h 35m,1 stop,No info,6558
Jet Airways,12/03/2019,Mumbai,Hyderabad,BOM → DEL → HYD,09:50,16:35,6h 45m,1 stop,No info,20120
Jet Airways,12/05/2019,Kolkata,Banglore,CCU → DEL → BLR,20:25,14:25 13 May,18h,1 stop,No info,13067
IndiGo,9/06/2019,Mumbai,Hyderabad,BOM → HYD,09:10,10:40,1h 30m,non-stop,No info,4049
Jet Airways,18/05/2019,Delhi,Cochin,DEL → JAI → BOM → COK,05:30,19:00,13h 30m,2 stops,In-flight meal not included,13029
Air Asia,15/05/2019,Kolkata,Banglore,CCU → DEL → BLR,22:40,10:40 16 May,12h,1 stop,No info,5192
IndiGo,21/04/2019,Kolkata,Banglore,CCU → BLR,20:20,22:55,2h 35m,non-stop,No info,4804
IndiGo,24/06/2019,Delhi,Cochin,DEL → BOM → COK,17:10,01:30 25 Jun,8h 20m,1 stop,No info,5684
Air India,15/03/2019,Kolkata,Banglore,CCU → BLR,20:45,23:20,2h 35m,non-stop,No info,4435
Vistara,9/06/2019,Kolkata,Banglore,CCU → DEL → BLR,20:20,23:25 10 Jun,27h 5m,1 stop,No info,8085
Air India,9/03/2019,Delhi,Cochin,DEL → GOI → BOM → COK,22:00,19:15 10 Mar,21h 15m,2 stops,No info,16373
Air India,27/06/2019,Delhi,Cochin,DEL → CCU → BOM → COK,06:50,07:40 28 Jun,24h 50m,2 stops,No info,14431
Jet Airways Business,01/03/2019,Banglore,New Delhi,BLR → BOM → DEL,05:45,11:25,5h 40m,1 stop,Business class,79512
Jet Airways,21/03/2019,Mumbai,Hyderabad,BOM → HYD,03:05,04:25,1h 20m,non-stop,No info,5678
Jet Airways,24/05/2019,Kolkata,Banglore,CCU → BOM → BLR,08:25,16:20,7h 55m,1 stop,No info,14571
Jet Airways,06/03/2019,Banglore,New Delhi,BLR → BOM → DEL,16:55,09:30 07 Mar,16h 35m,1 stop,No info,17261
Jet Airways,15/05/2019,Kolkata,Banglore,CCU → BOM → BLR,08:25,23:35,15h 10m,1 stop,No info,13941
Air India,3/03/2019,Delhi,Cochin,DEL → BLR → COK,06:10,08:15 04 Mar,26h 5m,1 stop,No info,13348
SpiceJet,18/06/2019,Kolkata,Banglore,CCU → BLR,17:10,19:40,2h 30m,non-stop,No info,3873
Air India,9/03/2019,Delhi,Cochin,DEL → AMD → BOM → COK,19:45,19:15 10 Mar,23h 30m,2 stops,No info,11701
Jet Airways,12/03/2019,Banglore,New Delhi,BLR → BOM → DEL,08:00,21:20,13h 20m,1 stop,No info,13817
GoAir,21/05/2019,Kolkata,Banglore,CCU → AMD → BLR,16:40,00:15 22 May,7h 35m,1 stop,No info,8855
Jet Airways,18/03/2019,Banglore,New Delhi,BLR → BOM → DEL,16:55,23:00,6h 5m,1 stop,No info,13555
Jet Airways,12/06/2019,Delhi,Cochin,DEL → BOM → COK,08:00,19:00,11h,1 stop,In-flight meal not included,10577
IndiGo,18/05/2019,Chennai,Kolkata,MAA → CCU,19:35,21:55,2h 20m,non-stop,No info,3597
Jet Airways,27/05/2019,Delhi,Cochin,DEL → BOM → COK,15:00,04:25 28 May,13h 25m,1 stop,In-flight meal not included,12898
GoAir,24/06/2019,Delhi,Cochin,DEL → BOM → COK,07:00,12:55,5h 55m,1 stop,No info,5281
Jet Airways,21/03/2019,Delhi,Cochin,DEL → MAA → BOM → COK,13:55,18:50 22 Mar,28h 55m,2 stops,In-flight meal not included,8728
SpiceJet,1/05/2019,Kolkata,Banglore,CCU → BLR,22:20,00:40 02 May,2h 20m,non-stop,No info,3873
Jet Airways,9/05/2019,Kolkata,Banglore,CCU → BOM → BLR,14:05,22:35,8h 30m,1 stop,In-flight meal not included,10844
Air Asia,27/05/2019,Kolkata,Banglore,CCU → BLR,22:50,01:20 28 May,2h 30m,non-stop,No info,3807
Jet Airways,12/06/2019,Delhi,Cochin,DEL → JAI → BOM → COK,09:40,04:25 13 Jun,18h 45m,2 stops,No info,13014
Jet Airways,21/05/2019,Kolkata,Banglore,CCU → BOM → BLR,21:10,22:35 22 May,25h 25m,1 stop,In-flight meal not included,10844
Jet Airways,12/06/2019,Kolkata,Banglore,CCU → GAU → BLR,10:20,17:35,7h 15m,1 stop,No info,8355
IndiGo,6/04/2019,Kolkata,Banglore,CCU → BLR,15:15,17:45,2h 30m,non-stop,No info,4174
Jet Airways,6/03/2019,Delhi,Cochin,DEL → BOM → COK,11:30,18:50,7h 20m,1 stop,In-flight meal not included,15400
Jet Airways,24/06/2019,Delhi,Cochin,DEL → BOM → COK,20:55,19:00 25 Jun,22h 5m,1 stop,In-flight meal not included,10262
Multiple carriers,1/06/2019,Delhi,Cochin,DEL → BOM → COK,04:55,12:35,7h 40m,1 stop,No info,11098
Air India,27/05/2019,Delhi,Cochin,DEL → BOM → COK,07:00,19:15,12h 15m,1 stop,No info,9929
Air Asia,1/06/2019,Kolkata,Banglore,CCU → BLR,22:50,01:20 02 Jun,2h 30m,non-stop,No info,4409
Jet Airways,21/03/2019,Delhi,Cochin,DEL → MAA → BOM → COK,13:55,18:50 22 Mar,28h 55m,2 stops,In-flight meal not included,8728
Jet Airways,18/05/2019,Kolkata,Banglore,CCU → DEL → BLR,20:25,23:35 19 May,27h 10m,1 stop,No info,14151
Jet Airways,9/06/2019,Kolkata,Banglore,CCU → BOM → BLR,21:10,04:40 10 Jun,7h 30m,1 stop,No info,13731
Air India,18/05/2019,Delhi,Cochin,DEL → JAI → BOM → COK,12:00,07:40 19 May,19h 40m,2 stops,No info,8603
IndiGo,9/05/2019,Mumbai,Hyderabad,BOM → HYD,02:35,04:05,1h 30m,non-stop,No info,2754
SpiceJet,27/03/2019,Kolkata,Banglore,CCU → BLR,09:00,11:30,2h 30m,non-stop,No check-in baggage included,3815
IndiGo,3/06/2019,Delhi,Cochin,DEL → HYD → COK,06:50,22:30,15h 40m,1 stop,No info,7514
IndiGo,27/06/2019,Delhi,Cochin,DEL → BOM → COK,16:00,21:00,5h,1 stop,No info,6069
SpiceJet,12/06/2019,Kolkata,Banglore,CCU → MAA → BLR,15:05,20:20,5h 15m,1 stop,No info,4649
IndiGo,12/06/2019,Kolkata,Banglore,CCU → PAT → BLR,09:20,14:15,4h 55m,1 stop,No info,11160
Air India,3/06/2019,Delhi,Cochin,DEL → AMD → BOM → COK,16:40,19:15 04 Jun,26h 35m,2 stops,No info,9968
Air India,15/05/2019,Delhi,Cochin,DEL → MAA → COK,09:45,09:25 16 May,23h 40m,1 stop,No info,7480
Air India,15/05/2019,Kolkata,Banglore,CCU → IXR → DEL → BLR,05:50,16:15 16 May,34h 25m,2 stops,No info,12723
Air India,24/05/2019,Delhi,Cochin,DEL → BOM → COK,07:00,19:15,12h 15m,1 stop,No info,9929
Air India,3/03/2019,Delhi,Cochin,DEL → BHO → BOM → COK,05:55,07:40 04 Mar,25h 45m,2 stops,No info,15113
Vistara,1/04/2019,Delhi,Cochin,DEL → COK,14:40,17:50,3h 10m,non-stop,No info,4851
Air India,24/03/2019,Kolkata,Banglore,CCU → BBI → BOM → BLR,09:10,21:50,12h 40m,2 stops,No info,15187
IndiGo,21/04/2019,Delhi,Cochin,DEL → BLR → COK,05:10,10:05,4h 55m,1 stop,No info,7074
Jet Airways,18/03/2019,Banglore,New Delhi,BLR → BOM → DEL,22:50,05:05 16 Mar,6h 15m,1 stop,No info,54826
Jet Airways,12/06/2019,Delhi,Cochin,DEL → JAI → BOM → COK,05:30,04:25 13 Jun,22h 55m,2 stops,No info,13014
Jet Airways,18/05/2019,Delhi,Cochin,DEL → BOM → COK,19:45,12:35 19 May,16h 50m,1 stop,In-flight meal not included,12373
IndiGo,1/05/2019,Kolkata,Banglore,CCU → BLR,20:20,22:55,2h 35m,non-stop,No info,4804
IndiGo,21/05/2019,Kolkata,Banglore,CCU → RPR → HYD → BLR,06:35,12:10,5h 35m,2 stops,No info,6103
Jet Airways,6/06/2019,Kolkata,Banglore,CCU → DEL → BLR,20:25,14:25 07 Jun,18h,1 stop,In-flight meal not included,10539
IndiGo,27/05/2019,Chennai,Kolkata,MAA → CCU,14:45,17:05,2h 20m,non-stop,No info,3597
Multiple carriers,27/05/2019,Delhi,Cochin,DEL → BOM → COK,09:00,21:00,12h,1 stop,No info,13587
Jet Airways,27/03/2019,Delhi,Cochin,DEL → BOM → COK,02:15,18:50,16h 35m,1 stop,No info,12242
Jet Airways,6/06/2019,Kolkata,Banglore,CCU → BOM → BLR,18:55,04:40 07 Jun,9h 45m,1 stop,In-flight meal not included,7757
Air India,1/06/2019,Kolkata,Banglore,CCU → BLR,20:45,23:20,2h 35m,non-stop,No info,4145
Jet Airways,15/06/2019,Delhi,Cochin,DEL → BOM → COK,02:15,04:25 16 Jun,26h 10m,1 stop,In-flight meal not included,10262
Jet Airways,1/05/2019,Banglore,Delhi,BLR → DEL,08:20,11:20,3h,non-stop,No info,7229
Jet Airways,21/05/2019,Delhi,Cochin,DEL → BOM → COK,16:00,19:00 22 May,27h,1 stop,No info,16079
Jet Airways,6/05/2019,Kolkata,Banglore,CCU → BOM → BLR,14:05,04:40 07 May,14h 35m,1 stop,In-flight meal not included,9663
Multiple carriers,21/05/2019,Delhi,Cochin,DEL → BOM → COK,10:35,19:15,8h 40m,1 stop,No info,7575
Air India,24/04/2019,Banglore,Delhi,BLR → DEL,17:00,19:45,2h 45m,non-stop,No info,6121
Jet Airways,9/04/2019,Banglore,Delhi,BLR → DEL,18:55,22:00,3h 5m,non-stop,No info,7229
Jet Airways,12/03/2019,Banglore,New Delhi,BLR → BOM → DEL,16:55,23:00,6h 5m,1 stop,In-flight meal not included,11087
Air India,9/05/2019,Delhi,Cochin,DEL → GOI → BOM → COK,22:00,19:15 10 May,21h 15m,2 stops,No info,10441
Jet Airways,15/05/2019,Banglore,Delhi,BLR → DEL,19:50,22:50,3h,non-stop,No info,7229
Multiple carriers,9/06/2019,Delhi,Cochin,DEL → HYD → COK,09:45,16:10,6h 25m,1 stop,No info,9646
IndiGo,15/04/2019,Banglore,Delhi,BLR → DEL,23:30,02:20 16 Apr,2h 50m,non-stop,No info,4591
Air Asia,15/06/2019,Delhi,Cochin,DEL → BLR → COK,07:55,13:25,5h 30m,1 stop,No info,6253
Air Asia,21/05/2019,Delhi,Cochin,DEL → BLR → COK,16:45,07:10 22 May,14h 25m,1 stop,No info,8327
Vistara,6/05/2019,Kolkata,Banglore,CCU → DEL → BLR,20:20,10:45 07 May,14h 25m,1 stop,No info,8662
Vistara,24/03/2019,Kolkata,Banglore,CCU → DEL → BLR,17:00,22:10 25 Mar,29h 10m,1 stop,No info,12102
IndiGo,9/05/2019,Delhi,Cochin,DEL → MAA → COK,02:00,07:25,5h 25m,1 stop,No info,6582
IndiGo,1/04/2019,Banglore,Delhi,BLR → DEL,20:00,22:50,2h 50m,non-stop,No info,4823
Jet Airways,18/05/2019,Delhi,Cochin,DEL → JAI → BOM → COK,05:30,04:25 19 May,22h 55m,2 stops,In-flight meal not included,13029
Jet Airways,6/03/2019,Delhi,Cochin,DEL → BOM → COK,13:00,04:25 07 Mar,15h 25m,1 stop,In-flight meal not included,13843
IndiGo,15/06/2019,Banglore,Delhi,BLR → DEL,04:00,06:50,2h 50m,non-stop,No info,4423
IndiGo,21/05/2019,Delhi,Cochin,DEL → HYD → COK,05:05,12:10,7h 5m,1 stop,No info,6818
Jet Airways,3/05/2019,Mumbai,Hyderabad,BOM → HYD,10:20,11:50,1h 30m,non-stop,No info,8040
Multiple carriers,21/03/2019,Delhi,Cochin,DEL → BOM → COK,10:00,19:15,9h 15m,1 stop,In-flight meal not included,8401
Jet Airways,21/03/2019,Banglore,New Delhi,BLR → BOM → DEL,05:45,21:20,15h 35m,1 stop,In-flight meal not included,7832
Jet Airways,15/06/2019,Delhi,Cochin,DEL → IDR → BOM → COK,09:35,04:25 16 Jun,18h 50m,2 stops,In-flight meal not included,11507
Multiple carriers,9/06/2019,Delhi,Cochin,DEL → BOM → COK,10:00,19:00,9h,1 stop,No info,12192
IndiGo,3/06/2019,Mumbai,Hyderabad,BOM → HYD,21:20,22:50,1h 30m,non-stop,No info,2227
Jet Airways,1/06/2019,Delhi,Cochin,DEL → BOM → COK,20:55,12:35 02 Jun,15h 40m,1 stop,In-flight meal not included,10262
Jet Airways,12/06/2019,Delhi,Cochin,DEL → BOM → COK,21:50,04:25 13 Jun,6h 35m,1 stop,No info,14714
IndiGo,12/06/2019,Delhi,Cochin,DEL → MAA → COK,02:00,07:25,5h 25m,1 stop,No info,5636
Jet Airways,15/06/2019,Delhi,Cochin,DEL → NAG → BOM → COK,06:45,04:25 16 Jun,21h 40m,2 stops,In-flight meal not included,10919
Vistara,15/05/2019,Kolkata,Banglore,CCU → DEL → BLR,17:00,20:20 16 May,27h 20m,1 stop,No info,8610
Air Asia,15/06/2019,Banglore,Delhi,BLR → DEL,04:55,07:45,2h 50m,non-stop,No info,4282
IndiGo,9/03/2019,Delhi,Cochin,DEL → HYD → COK,04:55,12:00,7h 5m,1 stop,No info,6171
Jet Airways,27/05/2019,Delhi,Cochin,DEL → BOM → COK,02:15,12:35,10h 20m,1 stop,In-flight meal not included,10152
Multiple carriers,9/06/2019,Delhi,Cochin,DEL → BOM → COK,17:00,01:30 10 Jun,8h 30m,1 stop,No info,7408
Vistara,15/05/2019,Banglore,Delhi,BLR → DEL,19:30,22:15,2h 45m,non-stop,No info,4878
IndiGo,6/05/2019,Mumbai,Hyderabad,BOM → HYD,06:25,07:55,1h 30m,non-stop,No info,4049
Jet Airways,27/06/2019,Delhi,Cochin,DEL → BOM → COK,19:45,12:35 28 Jun,16h 50m,1 stop,In-flight meal not included,10262
Multiple carriers,9/06/2019,Delhi,Cochin,DEL → BOM → COK,18:15,01:30 10 Jun,7h 15m,1 stop,No info,13587
Multiple carriers,12/06/2019,Delhi,Cochin,DEL → BOM → COK,10:20,19:00,8h 40m,1 stop,No info,11789
IndiGo,27/05/2019,Kolkata,Banglore,CCU → BLR,15:15,17:45,2h 30m,non-stop,No info,4804
Multiple carriers,27/03/2019,Delhi,Cochin,DEL → BOM → COK,09:10,19:15,10h 5m,1 stop,No info,10667
Air India,27/05/2019,Delhi,Cochin,DEL → LKO → BOM → COK,12:20,19:15 28 May,30h 55m,2 stops,No info,12488
IndiGo,27/05/2019,Kolkata,Banglore,CCU → BLR,21:25,00:05 28 May,2h 40m,non-stop,No info,4804
IndiGo,15/06/2019,Mumbai,Hyderabad,BOM → HYD,06:25,07:55,1h 30m,non-stop,No info,4049
IndiGo,6/05/2019,Mumbai,Hyderabad,BOM → HYD,02:35,04:05,1h 30m,non-stop,No info,3342
Jet Airways,24/05/2019,Kolkata,Banglore,CCU → DEL → BLR,17:00,19:10 25 May,26h 10m,1 stop,No info,13067
IndiGo,9/03/2019,Delhi,Cochin,DEL → HYD → MAA → COK,08:35,21:20,12h 45m,2 stops,No info,8146
IndiGo,21/03/2019,Banglore,New Delhi,BLR → DEL,04:00,06:50,2h 50m,non-stop,No info,4777
IndiGo,15/06/2019,Mumbai,Hyderabad,BOM → HYD,09:10,10:40,1h 30m,non-stop,No info,4049
Air India,24/05/2019,Kolkata,Banglore,CCU → BLR,20:45,23:20,2h 35m,non-stop,No info,4145
Air Asia,9/05/2019,Kolkata,Banglore,CCU → DEL → BLR,22:40,10:40 10 May,12h,1 stop,No info,5192
Jet Airways,3/06/2019,Mumbai,Hyderabad,BOM → HYD,19:35,21:05,1h 30m,non-stop,No info,5678
IndiGo,9/06/2019,Delhi,Cochin,DEL → HYD → COK,07:35,22:30,14h 55m,1 stop,No info,6442
Jet Airways,6/03/2019,Delhi,Cochin,DEL → BOM → COK,08:00,04:25 07 Mar,20h 25m,1 stop,In-flight meal not included,13843
Jet Airways,9/05/2019,Delhi,Cochin,DEL → JAI → BOM → COK,05:30,04:25 10 May,22h 55m,2 stops,In-flight meal not included,13029
Air India,12/06/2019,Kolkata,Banglore,CCU → DEL → COK → BLR,20:30,13:45 13 Jun,17h 15m,2 stops,No info,12224
Vistara,9/05/2019,Kolkata,Banglore,CCU → DEL → BLR,17:00,20:20 10 May,27h 20m,1 stop,No info,9555
Air India,3/03/2019,Kolkata,Banglore,CCU → BLR,14:15,16:45,2h 30m,non-stop,No info,13885
Jet Airways,18/03/2019,Banglore,New Delhi,BLR → BOM → DEL,22:50,08:15 16 Mar,9h 25m,1 stop,No info,13555
Jet Airways,9/04/2019,Banglore,Delhi,BLR → DEL,06:00,08:45,2h 45m,non-stop,In-flight meal not included,4544
GoAir,15/05/2019,Banglore,Delhi,BLR → DEL,07:45,10:40,2h 55m,non-stop,No info,3419
Jet Airways,18/05/2019,Delhi,Cochin,DEL → JAI → BOM → COK,09:40,12:35 19 May,26h 55m,2 stops,No info,15129
SpiceJet,1/05/2019,Kolkata,Banglore,CCU → BLR,09:00,11:25,2h 25m,non-stop,No check-in baggage included,3841
IndiGo,6/06/2019,Banglore,Delhi,BLR → DEL,18:55,21:50,2h 55m,non-stop,No info,4990
Multiple carriers,9/06/2019,Delhi,Cochin,DEL → BOM → COK,13:00,01:30 10 Jun,12h 30m,1 stop,No info,7198
Jet Airways,6/04/2019,Banglore,Delhi,BLR → DEL,06:00,08:45,2h 45m,non-stop,No info,7229
Multiple carriers,1/06/2019,Delhi,Cochin,DEL → BOM → COK,13:00,21:00,8h,1 stop,No info,7933
SpiceJet,21/05/2019,Mumbai,Hyderabad,BOM → HYD,22:45,00:15 22 May,1h 30m,non-stop,No check-in baggage included,1965
SpiceJet,3/03/2019,Chennai,Kolkata,MAA → CCU,17:45,20:05,2h 20m,non-stop,No info,7298
Jet Airways,3/06/2019,Delhi,Cochin,DEL → BOM → COK,19:45,04:25 04 Jun,8h 40m,1 stop,No info,14714
Jet Airways,15/05/2019,Kolkata,Banglore,CCU → BOM → BLR,16:30,22:35,6h 5m,1 stop,No info,14781
Air India,24/03/2019,Kolkata,Banglore,CCU → DEL → VGA → BLR,07:00,10:00 25 Mar,27h,2 stops,No info,11491
IndiGo,21/04/2019,Kolkata,Banglore,CCU → BLR,09:35,12:20,2h 45m,non-stop,No info,4804
Jet Airways,9/05/2019,Delhi,Cochin,DEL → BOM → COK,10:00,04:25 10 May,18h 25m,1 stop,In-flight meal not included,12373
Jet Airways,6/05/2019,Banglore,Delhi,BLR → DEL,06:00,08:45,2h 45m,non-stop,In-flight meal not included,5198
Air India,12/03/2019,Banglore,New Delhi,BLR → BOM → IDR → GWL → DEL,17:25,18:05 13 Mar,24h 40m,3 stops,No info,13387
Vistara,09/03/2019,Banglore,New Delhi,BLR → DEL,16:00,18:35,2h 35m,non-stop,No info,7923
Jet Airways,27/03/2019,Delhi,Cochin,DEL → BOM → COK,16:00,04:25 28 Mar,12h 25m,1 stop,No info,12242
Air India,1/05/2019,Delhi,Cochin,DEL → MAA → COK,20:40,09:25 02 May,12h 45m,1 stop,No info,7480
SpiceJet,21/03/2019,Delhi,Cochin,DEL → MAA → COK,06:10,11:20,5h 10m,1 stop,No info,6065
Air India,21/05/2019,Delhi,Cochin,DEL → MAA → COK,17:20,09:25 22 May,16h 5m,1 stop,No info,7480
Multiple carriers,27/06/2019,Delhi,Cochin,DEL → BOM → COK,07:30,19:00,11h 30m,1 stop,No info,11789
Air Asia,27/03/2019,Kolkata,Banglore,CCU → BLR,19:35,22:05,2h 30m,non-stop,No info,3782
Air India,9/06/2019,Kolkata,Banglore,CCU → DEL → AMD → BLR,10:00,05:25 10 Jun,19h 25m,2 stops,No info,12744
Jet Airways,27/03/2019,Delhi,Cochin,DEL → IDR → BOM → COK,05:25,04:25 28 Mar,23h,2 stops,No info,11664
Air India,18/06/2019,Banglore,Delhi,BLR → DEL,10:00,12:45,2h 45m,non-stop,No info,6961
GoAir,6/05/2019,Banglore,Delhi,BLR → DEL,11:40,14:30,2h 50m,non-stop,No info,3398
Air Asia,24/04/2019,Delhi,Cochin,DEL → BLR → COK,07:55,22:25,14h 30m,1 stop,No info,6152
Multiple carriers,3/06/2019,Delhi,Cochin,DEL → BOM → COK,11:30,19:15,7h 45m,1 stop,No info,14848
Jet Airways,6/06/2019,Kolkata,Banglore,CCU → BOM → BLR,18:55,12:00 07 Jun,17h 5m,1 stop,No info,14571
Jet Airways,9/06/2019,Kolkata,Banglore,CCU → DEL → BLR,09:35,18:00,8h 25m,1 stop,No info,14676
Jet Airways,18/05/2019,Kolkata,Banglore,CCU → DEL → BLR,20:25,19:10 19 May,22h 45m,1 stop,No info,14151
IndiGo,15/05/2019,Delhi,Cochin,DEL → HYD → COK,06:50,22:30,15h 40m,1 stop,No info,6442
Jet Airways,9/05/2019,Kolkata,Banglore,CCU → BOM → BLR,08:25,09:20 10 May,24h 55m,1 stop,In-flight meal not included,9663
Air Asia,24/06/2019,Kolkata,Banglore,CCU → BLR,19:55,22:25,2h 30m,non-stop,No info,3807
Jet Airways,12/05/2019,Kolkata,Banglore,CCU → BOM → BLR,06:30,19:50,13h 20m,1 stop,In-flight meal not included,8586
IndiGo,6/03/2019,Kolkata,Banglore,CCU → BLR,21:25,00:05 07 Mar,2h 40m,non-stop,No info,4778
Multiple carriers,1/06/2019,Delhi,Cochin,DEL → BOM → COK,10:00,01:30 02 Jun,15h 30m,1 stop,No info,7198
Jet Airways,21/05/2019,Delhi,Cochin,DEL → BOM → COK,14:00,12:35 22 May,22h 35m,1 stop,In-flight meal not included,12898
Air India,6/06/2019,Kolkata,Banglore,CCU → JAI → BOM → BLR,08:20,21:50,13h 30m,2 stops,No info,10697
Jet Airways,21/03/2019,Banglore,New Delhi,BLR → BOM → DEL,16:55,10:25 19 Mar,17h 30m,1 stop,In-flight meal not included,7832
Air India,12/06/2019,Delhi,Cochin,DEL → BLR → COK,09:45,08:15 13 Jun,22h 30m,1 stop,No info,8991
Air India,1/04/2019,Kolkata,Banglore,CCU → BOM → HBX → BLR,16:50,18:20 02 Apr,25h 30m,2 stops,No info,7893
Jet Airways,21/04/2019,Banglore,Delhi,BLR → DEL,19:50,22:50,3h,non-stop,In-flight meal not included,4544
Air India,21/03/2019,Banglore,New Delhi,BLR → CCU → BBI → DEL,05:50,16:20,10h 30m,2 stops,No info,7664
Jet Airways,1/04/2019,Kolkata,Banglore,CCU → BOM → BLR,06:30,04:40 02 Apr,22h 10m,1 stop,In-flight meal not included,7064
Jet Airways,27/03/2019,Mumbai,Hyderabad,BOM → HYD,02:55,04:25,1h 30m,non-stop,In-flight meal not included,1840
IndiGo,6/03/2019,Delhi,Cochin,DEL → BOM → COK,04:45,21:00,16h 15m,1 stop,No info,13611
IndiGo,24/05/2019,Chennai,Kolkata,MAA → CCU,13:15,15:35,2h 20m,non-stop,No info,3597
Jet Airways,6/06/2019,Kolkata,Banglore,CCU → DEL → BLR,20:25,09:45 07 Jun,13h 20m,1 stop,No info,12692
Jet Airways,27/03/2019,Delhi,Cochin,DEL → IXC → BOM → COK,06:20,19:45 28 Mar,37h 25m,2 stops,In-flight meal not included,9296
Jet Airways,24/06/2019,Delhi,Cochin,DEL → NAG → BOM → COK,06:45,04:25 25 Jun,21h 40m,2 stops,No info,13376
IndiGo,9/05/2019,Banglore,Delhi,BLR → DEL,01:30,04:15,2h 45m,non-stop,No info,3419
Air India,18/05/2019,Delhi,Cochin,DEL → MAA → COK,20:40,09:25 19 May,12h 45m,1 stop,No info,7480
Jet Airways,3/05/2019,Banglore,Delhi,BLR → DEL,08:20,11:20,3h,non-stop,No info,7229
Jet Airways,01/03/2019,Banglore,New Delhi,BLR → BOM → DEL,08:00,20:20,12h 20m,1 stop,No info,27992
Air India,3/06/2019,Delhi,Cochin,DEL → HYD → MAA → COK,09:45,09:25 04 Jun,23h 40m,2 stops,No info,10975
GoAir,1/05/2019,Kolkata,Banglore,CCU → BOM → BLR,23:30,07:45 02 May,8h 15m,1 stop,No info,6686
IndiGo,9/04/2019,Kolkata,Banglore,CCU → BLR,04:40,07:15,2h 35m,non-stop,No info,4174
Jet Airways,06/03/2019,Banglore,New Delhi,BLR → BOM → DEL,21:25,20:20 07 Mar,22h 55m,1 stop,No info,17471
IndiGo,18/06/2019,Kolkata,Banglore,CCU → BLR,20:25,23:10,2h 45m,non-stop,No info,4804
GoAir,18/05/2019,Delhi,Cochin,DEL → AMD → COK,07:25,13:35,6h 10m,1 stop,No info,6296
Jet Airways,01/03/2019,Banglore,New Delhi,BLR → BOM → DEL,11:40,18:25,6h 45m,1 stop,No info,26890
Jet Airways,9/06/2019,Delhi,Cochin,DEL → JAI → BOM → COK,19:30,12:35 10 Jun,17h 5m,2 stops,In-flight meal not included,10368
IndiGo,21/05/2019,Delhi,Cochin,DEL → COK,05:35,08:50,3h 15m,non-stop,No info,5601
Air Asia,9/06/2019,Delhi,Cochin,DEL → BLR → COK,16:45,22:25,5h 40m,1 stop,No info,13470
Air India,3/06/2019,Delhi,Cochin,DEL → CCU → BOM → COK,06:50,07:40 04 Jun,24h 50m,2 stops,No info,13381
Air India,9/04/2019,Banglore,Delhi,BLR → DEL,05:45,08:45,3h,non-stop,No info,4441
Jet Airways,1/06/2019,Delhi,Cochin,DEL → JAI → BOM → COK,09:40,12:35 02 Jun,26h 55m,2 stops,In-flight meal not included,10368
GoAir,21/04/2019,Delhi,Cochin,DEL → HYD → COK,05:55,13:35,7h 40m,1 stop,No info,6146
IndiGo,12/03/2019,Chennai,Kolkata,MAA → CCU,07:55,10:15,2h 20m,non-stop,No info,6297
IndiGo,15/06/2019,Kolkata,Banglore,CCU → BLR,09:35,12:10,2h 35m,non-stop,No info,5644
Jet Airways,9/06/2019,Kolkata,Banglore,CCU → BOM → BLR,06:30,04:40 10 Jun,22h 10m,1 stop,In-flight meal not included,9663
Jet Airways,15/06/2019,Delhi,Cochin,DEL → IDR → BOM → COK,21:25,12:35 16 Jun,15h 10m,2 stops,In-flight meal not included,9905
IndiGo,6/03/2019,Delhi,Cochin,DEL → HYD → COK,06:40,22:20,15h 40m,1 stop,No info,6442
SpiceJet,9/06/2019,Kolkata,Banglore,CCU → KNU → BLR,11:35,18:50,7h 15m,1 stop,No info,8479
Air India,21/05/2019,Kolkata,Banglore,CCU → JAI → BOM → BLR,08:20,21:50,13h 30m,2 stops,No info,10697
Air India,12/06/2019,Delhi,Cochin,DEL → AMD → BOM → COK,16:40,19:15 13 Jun,26h 35m,2 stops,No info,9443
Jet Airways,27/06/2019,Banglore,Delhi,BLR → DEL,08:20,11:20,3h,non-stop,No info,8016
Jet Airways,6/05/2019,Kolkata,Banglore,CCU → DEL → BLR,17:00,18:00 07 May,25h,1 stop,In-flight meal not included,9314
Jet Airways,9/06/2019,Kolkata,Banglore,CCU → DEL → BLR,17:00,23:35,6h 35m,1 stop,In-flight meal not included,13994
Air India,6/06/2019,Mumbai,Hyderabad,BOM → HYD,06:20,07:40,1h 20m,non-stop,No info,3100
Jet Airways,24/03/2019,Kolkata,Banglore,CCU → BOM → BLR,16:55,19:40 25 Mar,26h 45m,1 stop,No info,14231
Multiple carriers,27/03/2019,Delhi,Cochin,DEL → BOM → COK,13:00,01:35 28 Mar,12h 35m,1 stop,No info,6673
Jet Airways,6/06/2019,Delhi,Cochin,DEL → JAI → BOM → COK,05:30,19:00,13h 30m,2 stops,In-flight meal not included,10368
Jet Airways,9/05/2019,Kolkata,Banglore,CCU → DEL → BLR,09:35,23:35,14h,1 stop,No info,12121
IndiGo,3/04/2019,Delhi,Cochin,DEL → BOM → COK,16:00,21:00,5h,1 stop,No info,5073
IndiGo,6/03/2019,Delhi,Cochin,DEL → HYD → COK,16:10,22:20,6h 10m,1 stop,No info,7205
Jet Airways,24/05/2019,Mumbai,Hyderabad,BOM → HYD,07:05,08:30,1h 25m,non-stop,In-flight meal not included,4995
Jet Airways,9/04/2019,Banglore,Delhi,BLR → DEL,06:00,08:45,2h 45m,non-stop,No info,7229
Air India,12/03/2019,Mumbai,Hyderabad,BOM → DEL → HYD,19:40,09:10 13 Mar,13h 30m,1 stop,No info,10208
Jet Airways,24/06/2019,Delhi,Cochin,DEL → BOM → COK,13:00,04:25 25 Jun,15h 25m,1 stop,In-flight meal not included,10262
Jet Airways,24/03/2019,Kolkata,Banglore,CCU → BOM → BLR,19:45,19:40 25 Mar,23h 55m,1 stop,No info,13759
IndiGo,27/04/2019,Banglore,Delhi,BLR → DEL,20:00,22:50,2h 50m,non-stop,No info,4823
IndiGo,27/06/2019,Chennai,Kolkata,MAA → CCU,22:05,00:25 28 Jun,2h 20m,non-stop,No info,5277
Jet Airways,9/05/2019,Mumbai,Hyderabad,BOM → HYD,19:35,21:05,1h 30m,non-stop,In-flight meal not included,2759
Air India,15/06/2019,Mumbai,Hyderabad,BOM → HYD,13:55,15:25,1h 30m,non-stop,No info,3100
IndiGo,3/03/2019,Delhi,Cochin,DEL → BBI → COK,02:35,08:30,5h 55m,1 stop,No info,13790
Jet Airways,21/05/2019,Kolkata,Banglore,CCU → BOM → BLR,08:25,09:20 22 May,24h 55m,1 stop,No info,14388
Multiple carriers,27/05/2019,Delhi,Cochin,DEL → BOM → COK,15:00,01:30 28 May,10h 30m,1 stop,No info,13377
IndiGo,15/04/2019,Delhi,Cochin,DEL → HYD → COK,05:05,16:10,11h 5m,1 stop,No info,6171
IndiGo,3/06/2019,Delhi,Cochin,DEL → BOM → COK,11:25,21:00,9h 35m,1 stop,No info,6093
Jet Airways,9/06/2019,Kolkata,Banglore,CCU → DEL → BLR,20:25,21:05 10 Jun,24h 40m,1 stop,No info,12692
Multiple carriers,9/05/2019,Delhi,Cochin,DEL → BOM → COK,13:00,21:00,8h,1 stop,No info,8073
Jet Airways,21/06/2019,Banglore,Delhi,BLR → DEL,17:45,20:45,3h,non-stop,No info,8541
Jet Airways,6/06/2019,Kolkata,Banglore,CCU → DEL → BLR,20:25,10:55 07 Jun,14h 30m,1 stop,In-flight meal not included,10539
Vistara,27/04/2019,Banglore,Delhi,BLR → DEL,17:00,19:35,2h 35m,non-stop,No info,5613
IndiGo,12/06/2019,Delhi,Cochin,DEL → BOM → COK,16:00,21:00,5h,1 stop,No info,6069
IndiGo,24/06/2019,Mumbai,Hyderabad,BOM → HYD,16:55,18:25,1h 30m,non-stop,No info,3175
Air India,01/03/2019,Banglore,New Delhi,BLR → VGA → HYD → DEL,10:30,21:25,10h 55m,2 stops,No info,11213
Multiple carriers,15/05/2019,Delhi,Cochin,DEL → BOM → COK,04:55,19:00,14h 5m,1 stop,No info,9103
IndiGo,1/06/2019,Delhi,Cochin,DEL → BOM → COK,09:15,21:00,11h 45m,1 stop,No info,7258
Vistara,15/03/2019,Banglore,New Delhi,BLR → AMD → DEL,06:40,10:25 16 Mar,27h 45m,1 stop,No info,6590
Jet Airways,27/03/2019,Delhi,Cochin,DEL → IXC → BOM → COK,06:20,04:25 28 Mar,22h 5m,2 stops,In-flight meal not included,9296
Air India,24/06/2019,Delhi,Cochin,DEL → COK,14:10,17:10,3h,non-stop,No info,5201
Air India,27/03/2019,Delhi,Cochin,DEL → HYD → MAA → COK,09:45,09:25 28 Mar,23h 40m,2 stops,No info,7090
IndiGo,24/05/2019,Chennai,Kolkata,MAA → CCU,11:35,14:00,2h 25m,non-stop,No info,4332
Air India,1/06/2019,Delhi,Cochin,DEL → CCU → BOM → COK,14:25,19:15 02 Jun,28h 50m,2 stops,No info,13591
Jet Airways,24/03/2019,Banglore,New Delhi,BLR → BOM → DEL,11:40,09:00 19 Mar,21h 20m,1 stop,In-flight meal not included,8147
Multiple carriers,9/03/2019,Delhi,Cochin,DEL → BOM → COK,17:00,01:35 10 Mar,8h 35m,1 stop,No info,14343
Jet Airways,24/05/2019,Kolkata,Banglore,CCU → BOM → BLR,18:55,16:20 25 May,21h 25m,1 stop,In-flight meal not included,10844
Jet Airways,15/05/2019,Kolkata,Banglore,CCU → BOM → BLR,20:00,08:15 16 May,12h 15m,1 stop,In-flight meal not included,8586
Multiple carriers,1/06/2019,Delhi,Cochin,DEL → HYD → COK,07:05,22:30,15h 25m,1 stop,No info,9646
Jet Airways,21/03/2019,Delhi,Cochin,DEL → JAI → BOM → COK,05:30,04:25 22 Mar,22h 55m,2 stops,No info,12647
Air India,21/05/2019,Kolkata,Banglore,CCU → JAI → BOM → BLR,08:20,07:55 22 May,23h 35m,2 stops,No info,11222
Jet Airways,12/05/2019,Kolkata,Banglore,CCU → DEL → BLR,17:00,09:45 13 May,16h 45m,1 stop,No info,14151
Air India,12/05/2019,Kolkata,Banglore,CCU → DEL → BLR,20:30,16:15 13 May,19h 45m,1 stop,No info,10203
Jet Airways,6/06/2019,Delhi,Cochin,DEL → BOM → COK,11:30,04:25 07 Jun,16h 55m,1 stop,No info,14714
IndiGo,18/05/2019,Chennai,Kolkata,MAA → CCU,11:35,14:00,2h 25m,non-stop,No info,4332
Jet Airways,27/05/2019,Delhi,Cochin,DEL → AMD → BOM → COK,23:05,04:25 29 May,29h 20m,2 stops,No info,16704
Jet Airways,9/06/2019,Delhi,Cochin,DEL → JAI → BOM → COK,05:30,04:25 10 Jun,22h 55m,2 stops,No info,13014
Air Asia,1/05/2019,Kolkata,Banglore,CCU → DEL → BLR,07:35,23:30,15h 55m,1 stop,No info,5192
SpiceJet,24/03/2019,Banglore,New Delhi,BLR → DEL,05:45,08:35,2h 50m,non-stop,No check-in baggage included,4273
IndiGo,6/06/2019,Kolkata,Banglore,CCU → VTZ → BLR,10:30,16:05,5h 35m,1 stop,No info,6301
SpiceJet,9/03/2019,Mumbai,Hyderabad,BOM → HYD,05:45,07:05,1h 20m,non-stop,No info,4391
Multiple carriers,24/06/2019,Delhi,Cochin,DEL → BOM → COK,06:00,12:35,6h 35m,1 stop,No info,12524
IndiGo,3/03/2019,Delhi,Cochin,DEL → BOM → COK,08:25,15:30,7h 5m,1 stop,No info,14871
IndiGo,03/03/2019,Banglore,New Delhi,BLR → DEL,10:05,13:00,2h 55m,non-stop,No info,7648
Air India,12/05/2019,Kolkata,Banglore,CCU → BBI → BOM → BLR,12:00,21:50,9h 50m,2 stops,No info,10676
Jet Airways,9/03/2019,Delhi,Cochin,DEL → BOM → COK,19:45,18:50 10 Mar,23h 5m,1 stop,In-flight meal not included,14053
Jet Airways,18/03/2019,Mumbai,Hyderabad,BOM → HYD,15:50,17:20,1h 30m,non-stop,No info,5678
Jet Airways,9/04/2019,Delhi,Cochin,DEL → JAI → BOM → COK,05:30,19:00,13h 30m,2 stops,No info,10909
Jet Airways,18/05/2019,Kolkata,Banglore,CCU → GAU → BLR,11:50,17:35,5h 45m,1 stop,No info,8781
Vistara,27/05/2019,Banglore,Delhi,BLR → DEL,19:30,22:15,2h 45m,non-stop,No info,4878
Vistara,6/05/2019,Banglore,Delhi,BLR → DEL,19:30,22:15,2h 45m,non-stop,No info,4878
Air India,1/05/2019,Kolkata,Banglore,CCU → BOM → BLR,09:25,18:30,9h 5m,1 stop,No info,8891
Multiple carriers,18/05/2019,Delhi,Cochin,DEL → BOM → COK,10:35,19:00,8h 25m,1 stop,No info,9627
Jet Airways,24/05/2019,Mumbai,Hyderabad,BOM → HYD,19:35,21:05,1h 30m,non-stop,In-flight meal not included,3210
Jet Airways,9/05/2019,Delhi,Cochin,DEL → JAI → BOM → COK,09:40,12:35 10 May,26h 55m,2 stops,No info,15129
Jet Airways,09/03/2019,Banglore,New Delhi,BLR → BOM → DEL,05:45,11:25,5h 40m,1 stop,In-flight meal not included,11087
IndiGo,18/04/2019,Banglore,Delhi,BLR → DEL,06:05,08:50,2h 45m,non-stop,No info,4591
Jet Airways,24/05/2019,Banglore,Delhi,BLR → DEL,15:15,18:10,2h 55m,non-stop,In-flight meal not included,4544
Jet Airways,15/03/2019,Mumbai,Hyderabad,BOM → HYD,15:50,17:20,1h 30m,non-stop,No info,5678
Jet Airways,27/06/2019,Delhi,Cochin,DEL → AMD → BOM → COK,23:05,12:35 28 Jun,13h 30m,2 stops,In-flight meal not included,11150
GoAir,12/06/2019,Delhi,Cochin,DEL → BOM → COK,07:00,12:55,5h 55m,1 stop,No info,5281
Air India,1/06/2019,Delhi,Cochin,DEL → HYD → BOM → COK,17:15,07:40 02 Jun,14h 25m,2 stops,No info,14667
Multiple carriers,24/06/2019,Delhi,Cochin,DEL → BOM → COK,11:30,19:15,7h 45m,1 stop,No info,14848
Jet Airways,15/06/2019,Delhi,Cochin,DEL → JDH → BOM → COK,11:40,19:00,7h 20m,2 stops,In-flight meal not included,15812
IndiGo,24/05/2019,Kolkata,Banglore,CCU → BLR,22:15,00:50 25 May,2h 35m,non-stop,No info,4804
Jet Airways,6/06/2019,Delhi,Cochin,DEL → LKO → BOM → COK,09:25,04:25 07 Jun,19h,2 stops,In-flight meal not included,11992
IndiGo,24/06/2019,Delhi,Cochin,DEL → HYD → COK,07:35,16:10,8h 35m,1 stop,No info,6442
Vistara,12/06/2019,Banglore,Delhi,BLR → DEL,11:30,14:20,2h 50m,non-stop,No info,4668
IndiGo,24/04/2019,Kolkata,Banglore,CCU → BBI → BLR,19:35,23:15,3h 40m,1 stop,No info,4226
Air India,24/06/2019,Delhi,Cochin,DEL → AMD → BOM → COK,16:40,19:15 25 Jun,26h 35m,2 stops,No info,9443
IndiGo,24/05/2019,Kolkata,Banglore,CCU → NAG → BLR,18:05,23:30,5h 25m,1 stop,No info,6218
IndiGo,6/03/2019,Delhi,Cochin,DEL → HYD → COK,07:35,16:10,8h 35m,1 stop,No info,7094
IndiGo,09/03/2019,Banglore,New Delhi,BLR → DEL,04:00,06:50,2h 50m,non-stop,No info,8033
Multiple carriers,6/03/2019,Delhi,Cochin,DEL → BOM → COK,04:45,18:50,14h 5m,1 stop,No info,13875
Jet Airways,01/03/2019,Banglore,New Delhi,BLR → BOM → DEL,05:45,15:15,9h 30m,1 stop,No info,26890
IndiGo,18/06/2019,Kolkata,Banglore,CCU → BLR,15:15,17:45,2h 30m,non-stop,No info,4804
Jet Airways,18/06/2019,Banglore,Delhi,BLR → DEL,06:00,08:45,2h 45m,non-stop,No info,8016
Jet Airways,6/05/2019,Mumbai,Hyderabad,BOM → HYD,02:55,04:20,1h 25m,non-stop,In-flight meal not included,3210
Jet Airways,6/06/2019,Kolkata,Banglore,CCU → DEL → BLR,09:35,14:25 07 Jun,28h 50m,1 stop,No info,12692
Air India,27/05/2019,Chennai,Kolkata,MAA → CCU,11:40,13:55,2h 15m,non-stop,No info,4667
Jet Airways,12/05/2019,Kolkata,Banglore,CCU → BOM → BLR,20:00,16:20 13 May,20h 20m,1 stop,In-flight meal not included,10844
Air India,12/03/2019,Banglore,New Delhi,BLR → TRV → COK → DEL,07:30,11:05 13 Mar,27h 35m,2 stops,No info,11602
Jet Airways,21/05/2019,Kolkata,Banglore,CCU → BOM → BLR,20:00,04:40 22 May,8h 40m,1 stop,No info,14781
Multiple carriers,1/06/2019,Delhi,Cochin,DEL → BOM → COK,10:35,19:00,8h 25m,1 stop,No info,11200
Jet Airways,06/03/2019,Banglore,New Delhi,BLR → BOM → DEL,05:45,11:25,5h 40m,1 stop,No info,19225
Jet Airways,9/06/2019,Kolkata,Banglore,CCU → BOM → BLR,18:55,12:00 10 Jun,17h 5m,1 stop,No info,14571
Multiple carriers,3/03/2019,Delhi,Cochin,DEL → GWL → IDR → BOM → COK,11:35,21:00,9h 25m,3 stops,No info,21829
Jet Airways,1/06/2019,Banglore,Delhi,BLR → DEL,15:15,18:10,2h 55m,non-stop,No info,8016
Air India,6/06/2019,Kolkata,Banglore,CCU → BBI → BLR,12:00,13:15 07 Jun,25h 15m,1 stop,No info,7662
Multiple carriers,15/05/2019,Delhi,Cochin,DEL → BOM → COK,15:00,01:30 16 May,10h 30m,1 stop,No info,13727
Vistara,18/05/2019,Kolkata,Banglore,CCU → DEL → BLR,20:20,20:20 19 May,24h,1 stop,No info,9555
Air India,15/03/2019,Banglore,New Delhi,BLR → CCU → GAU → DEL,05:50,22:10,16h 20m,2 stops,No info,10111
Air India,24/05/2019,Kolkata,Banglore,CCU → BOM → BLR,16:50,07:55 25 May,15h 5m,1 stop,No info,8576
Jet Airways,18/03/2019,Banglore,New Delhi,BLR → BOM → DEL,14:05,20:20,6h 15m,1 stop,No info,13555
Vistara,24/05/2019,Kolkata,Banglore,CCU → DEL → BLR,17:00,18:50 25 May,25h 50m,1 stop,No info,9870
IndiGo,12/06/2019,Banglore,Delhi,BLR → DEL,20:00,22:50,2h 50m,non-stop,No info,4823
Jet Airways,6/05/2019,Kolkata,Banglore,CCU → BOM → BLR,18:55,10:05 07 May,15h 10m,1 stop,No info,13584
IndiGo,9/05/2019,Kolkata,Banglore,CCU → PNQ → BLR,21:00,02:15 10 May,5h 15m,1 stop,No info,7605
Jet Airways,9/05/2019,Delhi,Cochin,DEL → JAI → BOM → COK,05:30,04:25 10 May,22h 55m,2 stops,In-flight meal not included,13029
Jet Airways,21/03/2019,Delhi,Cochin,DEL → IXC → BOM → COK,06:20,04:25 22 Mar,22h 5m,2 stops,No info,11538
Multiple carriers,27/05/2019,Delhi,Cochin,DEL → BOM → COK,14:00,21:00,7h,1 stop,In-flight meal not included,7153
Air Asia,24/03/2019,Kolkata,Banglore,CCU → BLR,22:50,01:20 25 Mar,2h 30m,non-stop,No info,5620
IndiGo,9/06/2019,Banglore,Delhi,BLR → DEL,01:30,04:15,2h 45m,non-stop,No info,4077
Jet Airways,9/05/2019,Delhi,Cochin,DEL → AMD → BOM → COK,19:10,19:00 10 May,23h 50m,2 stops,No info,15129
IndiGo,9/05/2019,Delhi,Cochin,DEL → BLR → COK,15:10,20:00,4h 50m,1 stop,No info,6147
Jet Airways,09/03/2019,Banglore,New Delhi,BLR → BOM → DEL,08:55,10:45 13 Mar,25h 50m,1 stop,In-flight meal not included,11087
SpiceJet,18/05/2019,Chennai,Kolkata,MAA → CCU,08:20,10:35,2h 15m,non-stop,No info,3597
Multiple carriers,3/06/2019,Delhi,Cochin,DEL → BOM → COK,12:50,19:15,6h 25m,1 stop,No info,9001
GoAir,27/06/2019,Kolkata,Banglore,CCU → BLR,15:20,17:55,2h 35m,non-stop,No info,3514
Vistara,18/05/2019,Kolkata,Banglore,CCU → DEL → BLR,20:20,23:25 19 May,27h 5m,1 stop,No info,9345
SpiceJet,24/06/2019,Mumbai,Hyderabad,BOM → HYD,22:45,00:15 25 Jun,1h 30m,non-stop,No check-in baggage included,1965
Jet Airways,9/06/2019,Kolkata,Banglore,CCU → BOM → BLR,18:55,08:15 10 Jun,13h 20m,1 stop,In-flight meal not included,11841
Air India,3/06/2019,Banglore,Delhi,BLR → DEL,17:00,19:45,2h 45m,non-stop,No info,6961
IndiGo,3/06/2019,Banglore,Delhi,BLR → DEL,21:15,00:15 04 Jun,3h,non-stop,No info,3943
IndiGo,21/04/2019,Banglore,Delhi,BLR → DEL,20:00,22:50,2h 50m,non-stop,No info,4823
Air India,21/03/2019,Banglore,New Delhi,BLR → BOM → DEL,08:50,23:15,14h 25m,1 stop,No info,6824
Air India,12/06/2019,Delhi,Cochin,DEL → AMD → BOM → COK,05:00,19:15 13 Jun,38h 15m,2 stops,No info,9443
Air Asia,18/03/2019,Kolkata,Banglore,CCU → BLR,10:20,12:55,2h 35m,non-stop,No info,4384
SpiceJet,27/03/2019,Chennai,Kolkata,MAA → CCU,09:30,12:05,2h 35m,non-stop,No check-in baggage included,3332
Jet Airways,18/03/2019,Banglore,New Delhi,BLR → BOM → DEL,08:55,15:15,6h 20m,1 stop,No info,12284
Jet Airways,6/06/2019,Delhi,Cochin,DEL → BOM → COK,13:00,12:35 07 Jun,23h 35m,1 stop,In-flight meal not included,11627
Jet Airways,12/05/2019,Kolkata,Banglore,CCU → DEL → BLR,09:35,21:05,11h 30m,1 stop,No info,14151
Jet Airways,21/05/2019,Delhi,Cochin,DEL → BHO → BOM → COK,05:30,12:35,7h 5m,2 stops,In-flight meal not included,15544
Air India,15/06/2019,Delhi,Cochin,DEL → AMD → BOM → COK,19:45,19:15 16 Jun,23h 30m,2 stops,No info,9653
Air India,15/04/2019,Delhi,Cochin,DEL → COK,05:10,08:00,2h 50m,non-stop,No info,6094
Multiple carriers,15/05/2019,Delhi,Cochin,DEL → BOM → COK,10:35,19:15,8h 40m,1 stop,No info,7575
IndiGo,27/06/2019,Banglore,Delhi,BLR → DEL,18:25,21:20,2h 55m,non-stop,No info,4823
IndiGo,21/06/2019,Delhi,Cochin,DEL → COK,05:35,08:50,3h 15m,non-stop,No info,5000
Jet Airways,1/04/2019,Kolkata,Banglore,CCU → BOM → BLR,20:00,23:35 02 Apr,27h 35m,1 stop,No info,12681
Vistara,1/05/2019,Banglore,Delhi,BLR → DEL,09:45,12:35,2h 50m,non-stop,No info,4668
IndiGo,12/06/2019,Delhi,Cochin,DEL → BOM → COK,04:55,21:00,16h 5m,1 stop,No info,5894
Jet Airways,6/06/2019,Delhi,Cochin,DEL → BOM → COK,17:30,04:25 07 Jun,10h 55m,1 stop,In-flight meal not included,10262
Air India,6/03/2019,Delhi,Cochin,DEL → JAI → BOM → COK,12:00,07:40 07 Mar,19h 40m,2 stops,No info,14746
Jet Airways,9/05/2019,Kolkata,Banglore,CCU → BOM → BLR,14:05,10:05 10 May,20h,1 stop,In-flight meal not included,7757
Jet Airways,18/05/2019,Delhi,Cochin,DEL → BOM → COK,10:00,12:35 19 May,26h 35m,1 stop,In-flight meal not included,12373
Multiple carriers,1/06/2019,Delhi,Cochin,DEL → BOM → COK,08:30,19:00,10h 30m,1 stop,No info,11200
Multiple carriers,21/05/2019,Delhi,Cochin,DEL → BOM → COK,06:00,12:35,6h 35m,1 stop,No info,9794
Jet Airways,1/03/2019,Mumbai,Hyderabad,BOM → HYD,07:10,08:35,1h 25m,non-stop,No info,17501
Jet Airways,27/05/2019,Delhi,Cochin,DEL → JAI → BOM → COK,09:40,12:35 28 May,26h 55m,2 stops,In-flight meal not included,13029
Air India,12/06/2019,Kolkata,Banglore,CCU → DEL → COK → BLR,17:30,13:45 13 Jun,20h 15m,2 stops,No info,12224
Jet Airways,1/05/2019,Kolkata,Banglore,CCU → BOM → BLR,21:10,08:15 02 May,11h 5m,1 stop,In-flight meal not included,10844
Jet Airways,18/05/2019,Kolkata,Banglore,CCU → BOM → BLR,20:00,08:15 19 May,12h 15m,1 stop,No info,13941
Jet Airways,06/03/2019,Banglore,New Delhi,BLR → BOM → DEL,11:40,18:25,6h 45m,1 stop,No info,19225
Jet Airways,27/06/2019,Delhi,Cochin,DEL → ATQ → BOM → COK,18:20,19:00 28 Jun,24h 40m,2 stops,No info,14300
Air India,01/03/2019,Banglore,New Delhi,BLR → AMD → DEL,00:30,20:30,20h,1 stop,1 Long layover,14752
Jet Airways,21/05/2019,Delhi,Cochin,DEL → AMD → BOM → COK,23:05,19:00 22 May,19h 55m,2 stops,No info,15129
Jet Airways,1/06/2019,Delhi,Cochin,DEL → BOM → COK,19:15,19:00 02 Jun,23h 45m,1 stop,No info,14714
SpiceJet,12/05/2019,Mumbai,Hyderabad,BOM → HYD,13:15,14:45,1h 30m,non-stop,No info,2227
IndiGo,21/03/2019,Mumbai,Hyderabad,BOM → HYD,21:20,22:45,1h 25m,non-stop,No info,2227
Jet Airways,18/03/2019,Banglore,New Delhi,BLR → BOM → DEL,08:55,18:25,9h 30m,1 stop,No info,12284
Air India,15/05/2019,Kolkata,Banglore,CCU → BLR,14:15,16:45,2h 30m,non-stop,No info,5510
IndiGo,24/06/2019,Chennai,Kolkata,MAA → CCU,07:55,10:15,2h 20m,non-stop,No info,3850
Multiple carriers,27/06/2019,Delhi,Cochin,DEL → BOM → COK,15:00,01:30 28 Jun,10h 30m,1 stop,No info,13377
SpiceJet,9/04/2019,Delhi,Cochin,DEL → MAA → COK,06:05,11:20,5h 15m,1 stop,No info,5351
Jet Airways,15/05/2019,Kolkata,Banglore,CCU → BOM → BLR,18:55,09:20 16 May,14h 25m,1 stop,In-flight meal not included,9663
Jet Airways,24/03/2019,Kolkata,Banglore,CCU → BOM → BLR,16:55,16:20 25 Mar,23h 25m,1 stop,No info,14231
Multiple carriers,15/05/2019,Delhi,Cochin,DEL → HYD → COK,14:55,22:30,7h 35m,1 stop,No info,6513
Jet Airways,12/06/2019,Kolkata,Banglore,CCU → BOM → BLR,06:30,16:20,9h 50m,1 stop,No info,13626
IndiGo,27/03/2019,Delhi,Cochin,DEL → BOM → COK,04:45,15:30,10h 45m,1 stop,No info,7048
IndiGo,1/06/2019,Banglore,Delhi,BLR → DEL,07:10,10:05,2h 55m,non-stop,No info,4823
IndiGo,18/06/2019,Mumbai,Hyderabad,BOM → HYD,19:05,20:35,1h 30m,non-stop,No info,2754
GoAir,6/04/2019,Delhi,Cochin,DEL → BOM → COK,07:00,12:55,5h 55m,1 stop,No info,5135
Multiple carriers,6/06/2019,Delhi,Cochin,DEL → BOM → COK,06:40,19:15,12h 35m,1 stop,No info,7354
IndiGo,12/06/2019,Kolkata,Banglore,CCU → BLR,20:20,22:55,2h 35m,non-stop,No info,4804
Jet Airways,21/05/2019,Delhi,Cochin,DEL → BOM → COK,21:50,04:25 22 May,6h 35m,1 stop,No info,16079
Air India,6/05/2019,Kolkata,Banglore,CCU → HYD → BLR,19:00,04:40 07 May,9h 40m,1 stop,No info,6117
Multiple carriers,9/03/2019,Delhi,Cochin,DEL → HYD → COK,07:05,22:20,15h 15m,1 stop,No info,6916
Jet Airways,9/05/2019,Delhi,Cochin,DEL → BOM → COK,11:30,04:25 10 May,16h 55m,1 stop,In-flight meal not included,12373
Air India,27/03/2019,Delhi,Cochin,DEL → HYD → BOM → COK,13:05,07:40 28 Mar,18h 35m,2 stops,No info,8875
Jet Airways,1/05/2019,Kolkata,Banglore,CCU → BOM → BLR,14:05,08:15 02 May,18h 10m,1 stop,No info,13941
IndiGo,1/04/2019,Banglore,Delhi,BLR → DEL,06:05,08:50,2h 45m,non-stop,No info,3943
Jet Airways,12/06/2019,Banglore,Delhi,BLR → DEL,17:45,20:45,3h,non-stop,In-flight meal not included,5769
Vistara,12/06/2019,Kolkata,Banglore,CCU → DEL → BLR,20:20,22:40 13 Jun,26h 20m,1 stop,No info,7927
SpiceJet,12/04/2019,Banglore,Delhi,BLR → DEL,05:55,08:35,2h 40m,non-stop,No check-in baggage included,4319
Multiple carriers,27/03/2019,Delhi,Cochin,DEL → BOM → COK,08:00,21:00,13h,1 stop,No info,6883
Multiple carriers,6/03/2019,Delhi,Cochin,DEL → GWL → IDR → BOM → COK,11:35,21:00,9h 25m,3 stops,No info,21829
Jet Airways,3/06/2019,Delhi,Cochin,DEL → BOM → COK,17:30,04:25 04 Jun,10h 55m,1 stop,In-flight meal not included,10262
Jet Airways,12/06/2019,Delhi,Cochin,DEL → IDR → BOM → COK,09:35,12:35 13 Jun,27h,2 stops,No info,13292
Air India,21/05/2019,Kolkata,Banglore,CCU → DEL → BLR,10:00,23:15,13h 15m,1 stop,No info,11936
Jet Airways,21/05/2019,Delhi,Cochin,DEL → BOM → COK,17:30,12:35 22 May,19h 5m,1 stop,In-flight meal not included,12898
IndiGo,6/05/2019,Kolkata,Banglore,CCU → NAG → BLR,18:05,23:30,5h 25m,1 stop,No info,6218
Jet Airways,9/05/2019,Kolkata,Banglore,CCU → DEL → BLR,20:25,23:35 10 May,27h 10m,1 stop,No info,13067
Jet Airways,12/05/2019,Kolkata,Banglore,CCU → BOM → BLR,20:00,04:40 13 May,8h 40m,1 stop,In-flight meal not included,8586
Air India,12/05/2019,Banglore,Delhi,BLR → DEL,10:00,12:45,2h 45m,non-stop,No info,5228
IndiGo,18/04/2019,Banglore,Delhi,BLR → DEL,21:15,00:15 19 Apr,3h,non-stop,No info,4591
Jet Airways,06/03/2019,Banglore,New Delhi,BLR → BOM → DEL,05:45,18:25,12h 40m,1 stop,No info,16736
IndiGo,18/05/2019,Banglore,Delhi,BLR → DEL,10:30,13:20,2h 50m,non-stop,No info,3943
Jet Airways,27/05/2019,Delhi,Cochin,DEL → AMD → BOM → COK,13:25,04:25 28 May,15h,2 stops,No info,16704
IndiGo,21/03/2019,Delhi,Cochin,DEL → BOM → COK,16:00,21:00,5h,1 stop,No info,6232
Air India,1/05/2019,Kolkata,Banglore,CCU → IXR → DEL → BLR,05:50,23:15,17h 25m,2 stops,No info,10991
Jet Airways,12/06/2019,Kolkata,Banglore,CCU → BOM → BLR,16:30,09:20 13 Jun,16h 50m,1 stop,In-flight meal not included,8529
IndiGo,27/03/2019,Delhi,Cochin,DEL → COK,05:35,08:50,3h 15m,non-stop,No info,4729
IndiGo,27/04/2019,Banglore,Delhi,BLR → DEL,07:10,10:05,2h 55m,non-stop,No info,4823
Jet Airways,12/06/2019,Kolkata,Banglore,CCU → BOM → BLR,20:00,16:20 13 Jun,20h 20m,1 stop,In-flight meal not included,8529
Jet Airways,27/06/2019,Delhi,Cochin,DEL → BOM → COK,20:55,12:35 28 Jun,15h 40m,1 stop,In-flight meal not included,10262
Multiple carriers,9/03/2019,Delhi,Cochin,DEL → BOM → COK,06:00,21:00,15h,1 stop,No info,13677
Jet Airways,12/05/2019,Kolkata,Banglore,CCU → GAU → BLR,10:20,17:35,7h 15m,1 stop,No info,9358
Air India,24/03/2019,Delhi,Cochin,DEL → BOM → COK,04:00,07:40 25 Mar,27h 40m,1 stop,No info,8635
IndiGo,21/05/2019,Mumbai,Hyderabad,BOM → HYD,20:05,21:40,1h 35m,non-stop,No info,2227
SpiceJet,21/05/2019,Delhi,Cochin,DEL → BLR → COK,17:55,22:50,4h 55m,1 stop,No info,5975
Jet Airways,21/03/2019,Mumbai,Hyderabad,BOM → HYD,03:05,04:25,1h 20m,non-stop,In-flight meal not included,2759
Jet Airways,24/05/2019,Kolkata,Banglore,CCU → BOM → BLR,18:55,10:05 25 May,15h 10m,1 stop,No info,13731
IndiGo,24/06/2019,Banglore,Delhi,BLR → DEL,10:10,13:00,2h 50m,non-stop,No info,3943
Jet Airways,18/06/2019,Banglore,Delhi,BLR → DEL,08:20,11:20,3h,non-stop,No info,8016
Air India,27/05/2019,Delhi,Cochin,DEL → BOM → COK,09:00,19:15,10h 15m,1 stop,No info,9929
Jet Airways,12/03/2019,Banglore,New Delhi,BLR → BOM → DEL,18:55,13:15 13 Mar,18h 20m,1 stop,No info,13817
Multiple carriers,9/04/2019,Delhi,Cochin,DEL → BOM → COK,08:45,19:15,10h 30m,1 stop,No info,8371
Vistara,6/06/2019,Kolkata,Banglore,CCU → DEL → BLR,07:10,20:20,13h 10m,1 stop,No info,8610
Multiple carriers,18/05/2019,Delhi,Cochin,DEL → BOM → COK,10:20,19:15,8h 55m,1 stop,No info,8476
Jet Airways,3/06/2019,Mumbai,Hyderabad,BOM → HYD,10:20,11:50,1h 30m,non-stop,In-flight meal not included,4995
Jet Airways,9/06/2019,Kolkata,Banglore,CCU → BOM → BLR,18:55,12:00 10 Jun,17h 5m,1 stop,In-flight meal not included,10844
SpiceJet,12/04/2019,Kolkata,Banglore,CCU → BLR,09:00,11:25,2h 25m,non-stop,No info,3873
Jet Airways,24/06/2019,Delhi,Cochin,DEL → ATQ → BOM → COK,20:00,04:25 25 Jun,8h 25m,2 stops,In-flight meal not included,12410
Jet Airways,27/05/2019,Delhi,Cochin,DEL → BOM → COK,13:00,19:00,6h,1 stop,No info,16079
Jet Airways,12/06/2019,Mumbai,Hyderabad,BOM → HYD,10:20,11:50,1h 30m,non-stop,In-flight meal not included,4995
GoAir,24/03/2019,Kolkata,Banglore,CCU → AMD → BLR,16:25,00:05 25 Mar,7h 40m,1 stop,No info,10198
IndiGo,27/05/2019,Delhi,Cochin,DEL → BOM → COK,10:35,21:00,10h 25m,1 stop,No info,6314
IndiGo,9/03/2019,Delhi,Cochin,DEL → BOM → COK,04:45,21:00,16h 15m,1 stop,No info,10518
Jet Airways,3/03/2019,Delhi,Cochin,DEL → BOM → COK,08:00,04:25 04 Mar,20h 25m,1 stop,No info,17024
Jet Airways,9/06/2019,Kolkata,Banglore,CCU → BOM → BLR,08:25,04:40 10 Jun,20h 15m,1 stop,In-flight meal not included,8586
Jet Airways,15/06/2019,Delhi,Cochin,DEL → NAG → BOM → COK,06:45,04:25 16 Jun,21h 40m,2 stops,In-flight meal not included,10919
IndiGo,21/03/2019,Delhi,Cochin,DEL → HYD → COK,04:55,12:00,7h 5m,1 stop,No info,6287
Air India,9/04/2019,Delhi,Cochin,DEL → BHO → BOM → COK,05:55,07:40 10 Apr,25h 45m,2 stops,No info,10021
Vistara,6/06/2019,Kolkata,Banglore,CCU → DEL → BLR,07:10,23:25,16h 15m,1 stop,No info,8610
SpiceJet,21/06/2019,Kolkata,Banglore,CCU → BLR,22:20,00:40 22 Jun,2h 20m,non-stop,No info,3873
Air India,03/03/2019,Banglore,New Delhi,BLR → VGA → HYD → DEL,10:30,21:25,10h 55m,2 stops,No info,11003
Jet Airways,3/06/2019,Delhi,Cochin,DEL → BOM → COK,19:15,04:25 04 Jun,9h 10m,1 stop,In-flight meal not included,10262
Multiple carriers,1/06/2019,Delhi,Cochin,DEL → BOM → COK,08:00,21:00,13h,1 stop,No info,13587
Jet Airways,24/05/2019,Delhi,Cochin,DEL → JDH → BOM → COK,11:40,19:00,7h 20m,2 stops,No info,21219
Jet Airways,9/06/2019,Banglore,Delhi,BLR → DEL,15:15,18:10,2h 55m,non-stop,No info,8016
IndiGo,9/06/2019,Delhi,Cochin,DEL → BOM → COK,17:30,01:30 10 Jun,8h,1 stop,No info,6104
Jet Airways,6/03/2019,Delhi,Cochin,DEL → AMD → BOM → COK,19:10,04:25 08 Mar,33h 15m,2 stops,In-flight meal not included,16022
Jet Airways,12/06/2019,Delhi,Cochin,DEL → BOM → COK,02:15,12:35,10h 20m,1 stop,No info,18371
Jet Airways,1/06/2019,Delhi,Cochin,DEL → NAG → BOM → COK,06:45,04:25 02 Jun,21h 40m,2 stops,In-flight meal not included,10919
IndiGo,12/06/2019,Delhi,Cochin,DEL → BOM → COK,08:30,21:00,12h 30m,1 stop,No info,6093
SpiceJet,1/04/2019,Kolkata,Banglore,CCU → MAA → BLR,15:05,20:20,5h 15m,1 stop,No info,4649
Vistara,21/03/2019,Delhi,Cochin,DEL → COK,06:00,09:10,3h 10m,non-stop,No info,6688
Jet Airways,12/06/2019,Kolkata,Banglore,CCU → BOM → BLR,18:55,22:35 13 Jun,27h 40m,1 stop,In-flight meal not included,8529
Air India,6/03/2019,Delhi,Cochin,DEL → HYD → MAA → COK,17:15,09:25 07 Mar,16h 10m,2 stops,No info,9417
Jet Airways,27/05/2019,Mumbai,Hyderabad,BOM → HYD,19:35,21:05,1h 30m,non-stop,No info,5678
IndiGo,18/05/2019,Delhi,Cochin,DEL → BOM → COK,11:25,21:00,9h 35m,1 stop,No info,7191
Jet Airways,12/03/2019,Banglore,New Delhi,BLR → BOM → DEL,08:55,21:20,12h 25m,1 stop,No info,13817
SpiceJet,3/04/2019,Delhi,Cochin,DEL → BLR → COK,17:55,22:50,4h 55m,1 stop,No info,4611
Jet Airways,6/03/2019,Delhi,Cochin,DEL → BOM → COK,19:15,04:25 07 Mar,9h 10m,1 stop,No info,17024
IndiGo,21/03/2019,Banglore,New Delhi,BLR → DEL,16:55,19:45,2h 50m,non-stop,No info,6860
Jet Airways,27/05/2019,Delhi,Cochin,DEL → BOM → COK,16:00,19:00 28 May,27h,1 stop,In-flight meal not included,12898
Jet Airways,9/03/2019,Delhi,Cochin,DEL → BOM → COK,20:50,04:25 10 Mar,7h 35m,1 stop,No info,15554
Multiple carriers,9/05/2019,Delhi,Cochin,DEL → BOM → COK,06:00,19:15,13h 15m,1 stop,No info,8266
IndiGo,24/06/2019,Delhi,Cochin,DEL → BOM → COK,08:30,21:00,12h 30m,1 stop,No info,6093
Jet Airways,6/03/2019,Delhi,Cochin,DEL → BOM → COK,09:55,18:50,8h 55m,1 stop,No info,17024
SpiceJet,1/06/2019,Delhi,Cochin,DEL → MAA → COK,06:05,11:20,5h 15m,1 stop,No info,5583
IndiGo,9/03/2019,Delhi,Cochin,DEL → BOM → COK,07:30,21:00,13h 30m,1 stop,No info,12351
Jet Airways,9/05/2019,Kolkata,Banglore,CCU → BOM → BLR,16:30,08:15 10 May,15h 45m,1 stop,No info,13941
Air India,21/05/2019,Kolkata,Banglore,CCU → BOM → GOI → BLR,09:25,05:35 22 May,20h 10m,2 stops,No info,11432
Vistara,24/04/2019,Banglore,Delhi,BLR → DEL,19:30,22:15,2h 45m,non-stop,No info,5613
IndiGo,9/06/2019,Delhi,Cochin,DEL → COK,14:20,17:35,3h 15m,non-stop,No info,5601
Multiple carriers,24/06/2019,Delhi,Cochin,DEL → HYD → COK,07:10,16:10,9h,1 stop,No info,6723
Multiple carriers,27/06/2019,Delhi,Cochin,DEL → IXU → BOM → COK,17:50,01:30 28 Jun,7h 40m,2 stops,No info,18275
IndiGo,15/06/2019,Chennai,Kolkata,MAA → CCU,07:55,10:15,2h 20m,non-stop,No info,3850
IndiGo,24/05/2019,Mumbai,Hyderabad,BOM → HYD,21:20,22:50,1h 30m,non-stop,No info,2437
Jet Airways,6/05/2019,Kolkata,Banglore,CCU → BOM → BLR,08:25,16:20,7h 55m,1 stop,No info,14781
GoAir,24/04/2019,Delhi,Cochin,DEL → AMD → COK,07:25,13:35,6h 10m,1 stop,No info,4692
IndiGo,21/03/2019,Delhi,Cochin,DEL → BOM → COK,08:25,21:00,12h 35m,1 stop,No info,8285
Jet Airways,9/05/2019,Banglore,Delhi,BLR → DEL,08:20,11:20,3h,non-stop,In-flight meal not included,4544
Air India,9/05/2019,Kolkata,Banglore,CCU → BOM → COK → BLR,09:25,13:45 10 May,28h 20m,2 stops,No info,11542
Jet Airways,18/05/2019,Delhi,Cochin,DEL → BOM → COK,21:50,04:25 19 May,6h 35m,1 stop,No info,15554
Jet Airways,24/06/2019,Delhi,Cochin,DEL → IDR → BOM → COK,05:30,19:00,13h 30m,2 stops,No info,13292
Jet Airways,27/06/2019,Banglore,Delhi,BLR → DEL,06:00,08:45,2h 45m,non-stop,In-flight meal not included,6478
Vistara,03/03/2019,Banglore,New Delhi,BLR → DEL,19:40,22:20,2h 40m,non-stop,No info,11913
Jet Airways,9/06/2019,Kolkata,Banglore,CCU → BOM → BLR,06:30,12:00,5h 30m,1 stop,In-flight meal not included,10844
Jet Airways,1/04/2019,Banglore,Delhi,BLR → DEL,19:50,22:50,3h,non-stop,No info,7229
SpiceJet,18/06/2019,Mumbai,Hyderabad,BOM → HYD,05:45,07:15,1h 30m,non-stop,No check-in baggage included,2647
IndiGo,15/04/2019,Delhi,Cochin,DEL → COK,14:25,17:40,3h 15m,non-stop,No info,6015
IndiGo,6/03/2019,Delhi,Cochin,DEL → BOM → COK,15:00,01:35 07 Mar,10h 35m,1 stop,No info,14871
IndiGo,24/05/2019,Delhi,Cochin,DEL → BOM → COK,07:30,21:00,13h 30m,1 stop,No info,7006
Multiple carriers,3/03/2019,Delhi,Cochin,DEL → BOM → COK,10:20,01:35 04 Mar,15h 15m,1 stop,No info,15147
Jet Airways,12/05/2019,Kolkata,Banglore,CCU → DEL → BLR,09:35,23:35,14h,1 stop,No info,14151
Vistara,9/04/2019,Delhi,Cochin,DEL → COK,06:00,09:10,3h 10m,non-stop,No info,5586
Jet Airways,21/05/2019,Kolkata,Banglore,CCU → BOM → BLR,21:10,04:40 22 May,7h 30m,1 stop,In-flight meal not included,8586
SpiceJet,6/06/2019,Delhi,Cochin,DEL → BLR → COK,17:55,22:50,4h 55m,1 stop,No info,5409
Multiple carriers,21/03/2019,Delhi,Cochin,DEL → HYD → MAA → COK,09:45,21:20,11h 35m,2 stops,No info,7178
SpiceJet,27/06/2019,Mumbai,Hyderabad,BOM → HYD,13:15,14:45,1h 30m,non-stop,No info,2017
Multiple carriers,6/03/2019,Delhi,Cochin,DEL → BOM → COK,07:05,21:00,13h 55m,1 stop,No info,17267
Air India,21/05/2019,Banglore,Delhi,BLR → DEL,10:00,12:45,2h 45m,non-stop,No info,6961
GoAir,6/04/2019,Delhi,Cochin,DEL → AMD → COK,07:25,13:35,6h 10m,1 stop,No info,4201
Air India,6/03/2019,Delhi,Cochin,DEL → COK,14:10,17:10,3h,non-stop,No info,7931
Multiple carriers,15/06/2019,Delhi,Cochin,DEL → BOM → COK,10:00,19:00,9h,1 stop,No info,13504
Jet Airways,15/03/2019,Banglore,New Delhi,BLR → BOM → DEL,07:00,16:10,9h 10m,1 stop,In-flight meal not included,9134
Vistara,18/05/2019,Kolkata,Banglore,CCU → DEL → BLR,07:10,22:40,15h 30m,1 stop,No info,9187
Vistara,1/05/2019,Kolkata,Banglore,CCU → DEL → BLR,07:10,10:45 02 May,27h 35m,1 stop,No info,9187
IndiGo,3/05/2019,Mumbai,Hyderabad,BOM → HYD,09:10,10:40,1h 30m,non-stop,No info,5755
Jet Airways,21/05/2019,Kolkata,Banglore,CCU → DEL → BLR,09:35,19:10,9h 35m,1 stop,In-flight meal not included,12384
Jet Airways,18/06/2019,Mumbai,Hyderabad,BOM → HYD,02:55,04:20,1h 25m,non-stop,In-flight meal not included,4995
Jet Airways,01/03/2019,Banglore,New Delhi,BLR → BOM → DEL,16:55,07:40 02 Mar,14h 45m,1 stop,1 Long layover,26890
Multiple carriers,18/05/2019,Delhi,Cochin,DEL → BOM → COK,09:00,19:15,10h 15m,1 stop,No info,14533
Air India,18/03/2019,Banglore,New Delhi,BLR → BOM → IDR → DEL,06:45,11:10 16 Mar,28h 25m,2 stops,No info,11234
Jet Airways,12/06/2019,Delhi,Cochin,DEL → ATQ → BOM → COK,08:10,12:35 13 Jun,28h 25m,2 stops,No info,14300
IndiGo,6/04/2019,Delhi,Cochin,DEL → HYD → COK,07:35,12:10,4h 35m,1 stop,No info,5073
Multiple carriers,3/03/2019,Delhi,Cochin,DEL → BOM → COK,07:05,21:00,13h 55m,1 stop,No info,17057
IndiGo,1/06/2019,Delhi,Cochin,DEL → HYD → COK,07:35,12:10,4h 35m,1 stop,No info,5054
SpiceJet,24/03/2019,Chennai,Kolkata,MAA → CCU,08:20,10:35,2h 15m,non-stop,No check-in baggage included,3807
Jet Airways,9/06/2019,Delhi,Cochin,DEL → NAG → BOM → COK,14:35,04:25 10 Jun,13h 50m,2 stops,No info,13376
Jet Airways,12/03/2019,Banglore,New Delhi,BLR → BOM → DEL,18:55,12:25 13 Mar,17h 30m,1 stop,In-flight meal not included,11087
Jet Airways,9/05/2019,Delhi,Cochin,DEL → AMD → BOM → COK,23:05,12:35 10 May,13h 30m,2 stops,No info,15129
Jet Airways,12/06/2019,Kolkata,Banglore,CCU → BOM → BLR,14:05,23:35,9h 30m,1 stop,No info,13626
Jet Airways,27/06/2019,Delhi,Cochin,DEL → AMD → BOM → COK,13:25,19:00 28 Jun,29h 35m,2 stops,No info,12819
Air India,15/05/2019,Kolkata,Banglore,CCU → GAU → BLR,16:45,21:05 16 May,28h 20m,1 stop,No info,7452
Jet Airways,6/06/2019,Kolkata,Banglore,CCU → DEL → BLR,20:25,19:10 07 Jun,22h 45m,1 stop,No info,14151
Jet Airways,9/06/2019,Kolkata,Banglore,CCU → BOM → BLR,21:10,10:05 10 Jun,12h 55m,1 stop,In-flight meal not included,11841
Jet Airways,6/05/2019,Kolkata,Banglore,CCU → BOM → BLR,06:30,19:50,13h 20m,1 stop,No info,14781
Air Asia,18/03/2019,Banglore,New Delhi,BLR → DEL,05:50,08:40,2h 50m,non-stop,No info,4284
Jet Airways,15/06/2019,Delhi,Cochin,DEL → BOM → COK,18:15,04:25 16 Jun,10h 10m,1 stop,In-flight meal not included,10262
IndiGo,24/03/2019,Kolkata,Banglore,CCU → HYD → BLR,04:15,09:50,5h 35m,1 stop,No info,4150
Air Asia,6/06/2019,Delhi,Cochin,DEL → BLR → COK,20:45,07:10 07 Jun,10h 25m,1 stop,No info,11410
IndiGo,12/04/2019,Banglore,Delhi,BLR → DEL,13:00,15:50,2h 50m,non-stop,No info,4823
Multiple carriers,12/06/2019,Delhi,Cochin,DEL → IXU → BOM → COK,17:50,01:30 13 Jun,7h 40m,2 stops,No info,18275
Jet Airways,3/06/2019,Delhi,Cochin,DEL → BOM → COK,18:15,04:25 04 Jun,10h 10m,1 stop,In-flight meal not included,10262
Air India,15/05/2019,Delhi,Cochin,DEL → BOM → COK,13:00,19:15,6h 15m,1 stop,No info,8372
Jet Airways,24/06/2019,Banglore,Delhi,BLR → DEL,19:50,22:50,3h,non-stop,No info,8016
Jet Airways,9/06/2019,Kolkata,Banglore,CCU → BOM → BLR,21:10,10:05 10 Jun,12h 55m,1 stop,No info,14939
Jet Airways,1/05/2019,Kolkata,Banglore,CCU → DEL → BLR,09:35,14:25 02 May,28h 50m,1 stop,No info,11467
SpiceJet,21/04/2019,Delhi,Cochin,DEL → PNQ → COK,08:45,13:15,4h 30m,1 stop,No check-in baggage included,6356
Air Asia,15/05/2019,Banglore,Delhi,BLR → DEL,11:10,13:55,2h 45m,non-stop,No info,3383
GoAir,01/03/2019,Banglore,New Delhi,BLR → DEL,11:40,14:35,2h 55m,non-stop,No info,11111
Jet Airways,9/05/2019,Delhi,Cochin,DEL → AMD → BOM → COK,23:05,04:25 11 May,29h 20m,2 stops,No info,15129
Jet Airways,6/05/2019,Kolkata,Banglore,CCU → BOM → BLR,18:55,16:20 07 May,21h 25m,1 stop,No info,13584
Multiple carriers,3/03/2019,Delhi,Cochin,DEL → BOM → COK,07:30,18:50,11h 20m,1 stop,No info,15135
Air India,1/06/2019,Delhi,Cochin,DEL → BOM → COK,09:00,19:15,10h 15m,1 stop,No info,10454
SpiceJet,27/05/2019,Kolkata,Banglore,CCU → BLR,06:55,09:30,2h 35m,non-stop,No info,3873
IndiGo,15/04/2019,Banglore,Delhi,BLR → DEL,10:10,13:00,2h 50m,non-stop,No info,4423
Jet Airways,9/06/2019,Kolkata,Banglore,CCU → BOM → BLR,20:00,16:20 10 Jun,20h 20m,1 stop,In-flight meal not included,10844
IndiGo,01/03/2019,Banglore,New Delhi,BLR → DEL,18:55,21:45,2h 50m,non-stop,No info,14306
Air India,6/06/2019,Delhi,Cochin,DEL → GOI → BOM → COK,22:00,19:15 07 Jun,21h 15m,2 stops,No info,10441
Jet Airways,21/05/2019,Kolkata,Banglore,CCU → GAU → BLR,10:20,17:35,7h 15m,1 stop,No info,8355
GoAir,15/04/2019,Delhi,Cochin,DEL → AMD → COK,07:25,13:35,6h 10m,1 stop,No info,5052
IndiGo,15/05/2019,Banglore,Delhi,BLR → DEL,07:10,10:05,2h 55m,non-stop,No info,4823
Multiple carriers,12/06/2019,Delhi,Cochin,DEL → BOM → COK,11:40,19:15,7h 35m,1 stop,No info,8266
IndiGo,27/06/2019,Banglore,Delhi,BLR → DEL,21:15,00:15 28 Jun,3h,non-stop,No info,3943
Jet Airways,9/06/2019,Kolkata,Banglore,CCU → DEL → BLR,09:35,22:05,12h 30m,1 stop,In-flight meal not included,13994
Multiple carriers,9/03/2019,Delhi,Cochin,DEL → BOM → COK,06:00,19:45,13h 45m,1 stop,No info,13941
Jet Airways,27/06/2019,Delhi,Cochin,DEL → NAG → BOM → COK,14:35,12:35 28 Jun,22h,2 stops,In-flight meal not included,10919
Multiple carriers,21/05/2019,Delhi,Cochin,DEL → BOM → COK,10:20,21:00,10h 40m,1 stop,No info,7485
Air India,21/05/2019,Kolkata,Banglore,CCU → DEL → COK → BLR,10:00,01:20 22 May,15h 20m,2 stops,No info,13033
Multiple carriers,6/06/2019,Delhi,Cochin,DEL → BOM → COK,11:40,21:00,9h 20m,1 stop,No info,7005
Air India,6/06/2019,Delhi,Cochin,DEL → BLR → COK,13:30,23:00,9h 30m,1 stop,No info,8907
Multiple carriers,9/05/2019,Delhi,Cochin,DEL → BOM → COK,04:55,19:00,14h 5m,1 stop,No info,9103
Jet Airways,9/05/2019,Kolkata,Banglore,CCU → BOM → BLR,20:00,18:15 10 May,22h 15m,1 stop,No info,13584
Jet Airways,18/05/2019,Kolkata,Banglore,CCU → DEL → BLR,09:35,19:10,9h 35m,1 stop,In-flight meal not included,12384
IndiGo,3/04/2019,Banglore,Delhi,BLR → DEL,06:05,08:50,2h 45m,non-stop,No info,4077
Air India,15/03/2019,Banglore,New Delhi,BLR → BOM → DEL,08:50,23:15,14h 25m,1 stop,No info,8714
Vistara,9/06/2019,Chennai,Kolkata,MAA → CCU,17:45,20:05,2h 20m,non-stop,No info,11982
SpiceJet,9/06/2019,Banglore,Delhi,BLR → DEL,09:30,12:20,2h 50m,non-stop,No info,4423
Jet Airways,1/04/2019,Kolkata,Banglore,CCU → BOM → BLR,06:30,12:00,5h 30m,1 stop,In-flight meal not included,10056
Jet Airways,9/05/2019,Delhi,Cochin,DEL → BOM → COK,15:00,12:35 10 May,21h 35m,1 stop,In-flight meal not included,12373
Air India,18/05/2019,Delhi,Cochin,DEL → BOM → COK,08:00,19:15,11h 15m,1 stop,No info,8879
Jet Airways,6/06/2019,Delhi,Cochin,DEL → BOM → COK,21:50,19:00 07 Jun,21h 10m,1 stop,No info,14714
Jet Airways,9/06/2019,Kolkata,Banglore,CCU → DEL → BLR,09:35,18:00,8h 25m,1 stop,In-flight meal not included,13994
SpiceJet,27/04/2019,Banglore,Delhi,BLR → DEL,09:30,12:20,2h 50m,non-stop,No check-in baggage included,4885
Multiple carriers,9/05/2019,Delhi,Cochin,DEL → BOM → COK,10:20,01:30 10 May,15h 10m,1 stop,No info,9021
Jet Airways,6/06/2019,Delhi,Cochin,DEL → BOM → COK,21:50,19:00 07 Jun,21h 10m,1 stop,In-flight meal not included,10262
Air India,9/05/2019,Delhi,Cochin,DEL → HYD → BOM → COK,17:15,07:40 10 May,14h 25m,2 stops,No info,13039
Air India,6/06/2019,Kolkata,Banglore,CCU → VNS → DEL → BLR,14:30,12:30 07 Jun,22h,2 stops,No info,15894
Multiple carriers,21/05/2019,Delhi,Cochin,DEL → BOM → COK,17:00,01:30 22 May,8h 30m,1 stop,No info,7888
Jet Airways,1/04/2019,Kolkata,Banglore,CCU → BOM → BLR,08:25,18:15,9h 50m,1 stop,No info,12681
Air India,01/03/2019,Banglore,New Delhi,BLR → CCU → BBI → HYD → DEL,05:50,12:15 02 Mar,30h 25m,3 stops,No info,12346
Jet Airways,12/03/2019,Banglore,New Delhi,BLR → BOM → DEL,18:55,09:30 13 Mar,14h 35m,1 stop,No info,13817
Multiple carriers,24/06/2019,Delhi,Cochin,DEL → BOM → COK,10:00,01:30 25 Jun,15h 30m,1 stop,No info,13377
Jet Airways,12/06/2019,Banglore,Delhi,BLR → DEL,08:20,11:20,3h,non-stop,No info,8016
Jet Airways,18/06/2019,Banglore,Delhi,BLR → DEL,18:55,22:00,3h 5m,non-stop,No info,8016
Multiple carriers,6/06/2019,Delhi,Cochin,DEL → BOM → COK,16:00,01:30 07 Jun,9h 30m,1 stop,No info,13377
Jet Airways,06/03/2019,Banglore,New Delhi,BLR → BOM → DEL,05:45,23:00,17h 15m,1 stop,No info,16736
Multiple carriers,24/06/2019,Delhi,Cochin,DEL → BOM → COK,09:00,21:00,12h,1 stop,No info,13587
Jet Airways,12/03/2019,Banglore,New Delhi,BLR → BOM → DEL,20:35,16:10 13 Mar,19h 35m,1 stop,In-flight meal not included,11087
IndiGo,27/05/2019,Banglore,Delhi,BLR → DEL,22:10,01:00 28 May,2h 50m,non-stop,No info,3749
Multiple carriers,21/03/2019,Delhi,Cochin,DEL → BOM → COK,08:00,15:30,7h 30m,1 stop,No info,8307
SpiceJet,6/04/2019,Banglore,Delhi,BLR → DEL,09:30,12:20,2h 50m,non-stop,No check-in baggage included,4319
SpiceJet,1/04/2019,Delhi,Cochin,DEL → PNQ → COK,08:45,13:15,4h 30m,1 stop,No info,4812
Air Asia,1/06/2019,Delhi,Cochin,DEL → BLR → COK,20:45,07:10 02 Jun,10h 25m,1 stop,No info,11410
Jet Airways,9/06/2019,Delhi,Cochin,DEL → IDR → BOM → COK,09:35,12:35 10 Jun,27h,2 stops,No info,13292
Jet Airways,9/06/2019,Kolkata,Banglore,CCU → DEL → BLR,17:00,19:10 10 Jun,26h 10m,1 stop,No info,12692
Jet Airways,27/05/2019,Banglore,Delhi,BLR → DEL,08:20,11:20,3h,non-stop,No info,7229
Jet Airways,27/05/2019,Delhi,Cochin,DEL → BOM → COK,22:50,12:35 28 May,13h 45m,1 stop,In-flight meal not included,12898
Jet Airways,21/03/2019,Delhi,Cochin,DEL → MAA → BOM → COK,16:10,18:50 22 Mar,26h 40m,2 stops,No info,13180
Jet Airways,12/05/2019,Kolkata,Banglore,CCU → DEL → BLR,20:25,18:00 13 May,21h 35m,1 stop,No info,14151
Air India,12/06/2019,Kolkata,Banglore,CCU → GAU → DEL → BLR,16:45,12:30 13 Jun,19h 45m,2 stops,No info,14960
Multiple carriers,9/05/2019,Delhi,Cochin,DEL → BOM → COK,08:45,19:15,10h 30m,1 stop,No info,8266
IndiGo,1/04/2019,Kolkata,Banglore,CCU → GAU → BLR,15:10,20:30,5h 20m,1 stop,No info,8567
Jet Airways,6/03/2019,Delhi,Cochin,DEL → BOM → COK,08:00,04:25 07 Mar,20h 25m,1 stop,No info,15974
Air India,24/05/2019,Kolkata,Banglore,CCU → IXR → BBI → BLR,05:50,13:15,7h 25m,2 stops,No info,7662
IndiGo,9/06/2019,Delhi,Cochin,DEL → BOM → COK,09:15,21:00,11h 45m,1 stop,No info,6838
SpiceJet,1/04/2019,Kolkata,Banglore,CCU → BLR,09:00,11:25,2h 25m,non-stop,No info,3873
Jet Airways,24/06/2019,Delhi,Cochin,DEL → AMD → BOM → COK,23:05,04:25 26 Jun,29h 20m,2 stops,No info,12819
Jet Airways,15/05/2019,Banglore,Delhi,BLR → DEL,07:10,10:10,3h,non-stop,In-flight meal not included,5198
SpiceJet,12/05/2019,Mumbai,Hyderabad,BOM → HYD,13:15,14:45,1h 30m,non-stop,No check-in baggage included,2175
Air India,9/05/2019,Delhi,Cochin,DEL → CCU → BOM → COK,06:50,07:40 10 May,24h 50m,2 stops,No info,14431
Air India,21/05/2019,Kolkata,Banglore,CCU → BOM → BLR,09:25,18:30,9h 5m,1 stop,No info,8366
Jet Airways,24/04/2019,Banglore,Delhi,BLR → DEL,07:10,10:10,3h,non-stop,In-flight meal not included,6144
Jet Airways,18/05/2019,Kolkata,Banglore,CCU → BOM → BLR,20:00,18:15 19 May,22h 15m,1 stop,In-flight meal not included,10844
Jet Airways,12/06/2019,Kolkata,Banglore,CCU → BOM → BLR,20:00,12:00 13 Jun,16h,1 stop,No info,13044
IndiGo,12/06/2019,Delhi,Cochin,DEL → BOM → COK,16:00,01:30 13 Jun,9h 30m,1 stop,No info,6316
Jet Airways,21/05/2019,Kolkata,Banglore,CCU → BOM → BLR,08:25,08:15 22 May,23h 50m,1 stop,No info,13941
Air India,21/05/2019,Kolkata,Banglore,CCU → DEL → BLR,10:00,20:25,10h 25m,1 stop,No info,11096
Vistara,12/04/2019,Banglore,Delhi,BLR → DEL,09:45,12:35,2h 50m,non-stop,No info,5403
Multiple carriers,27/03/2019,Delhi,Cochin,DEL → BOM → COK,06:00,15:30,9h 30m,1 stop,No info,7845
Jet Airways,15/05/2019,Banglore,Delhi,BLR → DEL,18:55,22:00,3h 5m,non-stop,No info,7229
Jet Airways,24/03/2019,Kolkata,Banglore,CCU → BOM → BLR,13:55,09:15 25 Mar,19h 20m,1 stop,In-flight meal not included,11134
Multiple carriers,12/06/2019,Delhi,Cochin,DEL → BOM → COK,09:00,21:00,12h,1 stop,No info,13587
Jet Airways,18/05/2019,Kolkata,Banglore,CCU → BOM → BLR,18:55,08:15 19 May,13h 20m,1 stop,No info,13584
Multiple carriers,18/05/2019,Delhi,Cochin,DEL → BOM → COK,03:50,12:35,8h 45m,1 stop,No info,10197
Multiple carriers,21/03/2019,Delhi,Cochin,DEL → BOM → COK,18:15,01:35 22 Mar,7h 20m,1 stop,No info,13542
Jet Airways,18/05/2019,Banglore,Delhi,BLR → DEL,15:15,18:10,2h 55m,non-stop,No info,7229
Jet Airways,15/05/2019,Kolkata,Banglore,CCU → BOM → BLR,16:30,22:35,6h 5m,1 stop,In-flight meal not included,10844
IndiGo,6/03/2019,Kolkata,Banglore,CCU → BLR,15:20,17:55,2h 35m,non-stop,No info,5618
Air India,21/05/2019,Delhi,Cochin,DEL → BHO → BOM → COK,20:00,19:15 22 May,23h 15m,2 stops,No info,10861
IndiGo,18/06/2019,Banglore,Delhi,BLR → DEL,00:25,03:15,2h 50m,non-stop,No info,3419
Vistara,6/05/2019,Kolkata,Banglore,CCU → DEL → BLR,17:00,09:05 07 May,16h 5m,1 stop,No info,8137
IndiGo,12/06/2019,Mumbai,Hyderabad,BOM → HYD,12:00,13:30,1h 30m,non-stop,No info,2754
IndiGo,15/05/2019,Kolkata,Banglore,CCU → BLR,14:25,16:55,2h 30m,non-stop,No info,5224
Jet Airways,12/05/2019,Kolkata,Banglore,CCU → BOM → BLR,16:30,04:40 13 May,12h 10m,1 stop,No info,14388
IndiGo,3/06/2019,Banglore,Delhi,BLR → DEL,06:05,08:50,2h 45m,non-stop,No info,3943
Jet Airways,9/05/2019,Kolkata,Banglore,CCU → BOM → BLR,21:10,10:05 10 May,12h 55m,1 stop,No info,14388
Jet Airways,21/06/2019,Delhi,Cochin,DEL → COK,11:00,14:15,3h 15m,non-stop,In-flight meal not included,4256
Jet Airways,6/06/2019,Delhi,Cochin,DEL → LKO → BOM → COK,11:45,04:25 07 Jun,16h 40m,2 stops,In-flight meal not included,11992
Jet Airways,18/05/2019,Mumbai,Hyderabad,BOM → HYD,19:35,21:05,1h 30m,non-stop,In-flight meal not included,3210
Jet Airways,6/06/2019,Delhi,Cochin,DEL → BOM → COK,08:00,04:25 07 Jun,20h 25m,1 stop,In-flight meal not included,10262
Air India,21/05/2019,Delhi,Cochin,DEL → UDR → BOM → COK,13:20,19:15 22 May,29h 55m,2 stops,No info,13276
Air Asia,24/05/2019,Banglore,Delhi,BLR → DEL,23:55,02:45 25 May,2h 50m,non-stop,No info,4483
Jet Airways,6/03/2019,Delhi,Cochin,DEL → AMD → BOM → COK,19:10,19:45 07 Mar,24h 35m,2 stops,No info,19329
Jet Airways,18/05/2019,Delhi,Cochin,DEL → BOM → COK,19:45,19:00 19 May,23h 15m,1 stop,No info,15554
IndiGo,21/03/2019,Banglore,New Delhi,BLR → LKO → DEL,05:25,10:10,4h 45m,1 stop,No info,6208
Vistara,6/03/2019,Mumbai,Hyderabad,BOM → DEL → HYD,15:40,09:25 07 Mar,17h 45m,1 stop,No info,12395
Air India,6/04/2019,Delhi,Cochin,DEL → BLR → COK,17:40,23:00,5h 20m,1 stop,No info,5232
Air India,24/03/2019,Kolkata,Banglore,CCU → GAU → BLR,09:50,21:05,11h 15m,1 stop,No info,7795
Jet Airways,6/06/2019,Delhi,Cochin,DEL → BOM → COK,19:45,04:25 07 Jun,8h 40m,1 stop,In-flight meal not included,10262
Jet Airways,6/03/2019,Delhi,Cochin,DEL → AMD → BOM → COK,19:10,19:45 07 Mar,24h 35m,2 stops,No info,21954
Jet Airways,1/05/2019,Kolkata,Banglore,CCU → BOM → BLR,20:00,08:15 02 May,12h 15m,1 stop,No info,13941
Jet Airways,24/05/2019,Delhi,Cochin,DEL → AMD → BOM → COK,23:05,04:25 26 May,29h 20m,2 stops,No info,16704
IndiGo,3/06/2019,Mumbai,Hyderabad,BOM → HYD,01:40,03:10,1h 30m,non-stop,No info,2754
Air Asia,21/06/2019,Kolkata,Banglore,CCU → BLR,19:55,22:25,2h 30m,non-stop,No info,4107
IndiGo,12/05/2019,Kolkata,Banglore,CCU → BLR,09:35,12:20,2h 45m,non-stop,No info,4804
IndiGo,01/03/2019,Banglore,New Delhi,BLR → DEL,20:00,22:55,2h 55m,non-stop,No info,14306
Jet Airways,21/05/2019,Kolkata,Banglore,CCU → BOM → BLR,16:30,23:35,7h 5m,1 stop,No info,14781
IndiGo,3/04/2019,Banglore,Delhi,BLR → DEL,21:15,00:15 04 Apr,3h,non-stop,No info,3943
IndiGo,18/05/2019,Mumbai,Hyderabad,BOM → HYD,21:20,22:50,1h 30m,non-stop,No info,2227
Air India,01/03/2019,Banglore,New Delhi,BLR → HYD → VGA → DEL,17:00,22:55 02 Mar,29h 55m,2 stops,No info,14887
Multiple carriers,9/04/2019,Delhi,Cochin,DEL → BOM → COK,09:00,19:15,10h 15m,1 stop,No info,12853
Air India,12/03/2019,Banglore,New Delhi,BLR → BOM → BHO → DEL,08:50,09:25 13 Mar,24h 35m,2 stops,No info,12725
SpiceJet,24/04/2019,Kolkata,Banglore,CCU → BLR,06:55,09:30,2h 35m,non-stop,No info,3873
Air India,24/04/2019,Banglore,Delhi,BLR → DEL,06:10,08:55,2h 45m,non-stop,No info,5228
Multiple carriers,6/03/2019,Delhi,Cochin,DEL → BOM → COK,07:30,15:30,8h,1 stop,No info,15147
Jet Airways,1/06/2019,Banglore,Delhi,BLR → DEL,19:50,22:50,3h,non-stop,No info,8016
Vistara,12/05/2019,Delhi,Cochin,DEL → COK,06:00,09:10,3h 10m,non-stop,No info,6216
IndiGo,1/04/2019,Mumbai,Hyderabad,BOM → HYD,09:10,10:40,1h 30m,non-stop,No info,3342
Jet Airways,15/06/2019,Mumbai,Hyderabad,BOM → HYD,10:20,11:50,1h 30m,non-stop,In-flight meal not included,4050
Jet Airways,9/06/2019,Delhi,Cochin,DEL → JAI → BOM → COK,05:30,04:25 10 Jun,22h 55m,2 stops,In-flight meal not included,10368
SpiceJet,27/06/2019,Mumbai,Hyderabad,BOM → HYD,13:15,14:45,1h 30m,non-stop,No check-in baggage included,1965
Jet Airways,15/03/2019,Banglore,New Delhi,BLR → BOM → DEL,21:25,05:05 13 Mar,7h 40m,1 stop,No info,27210
Air India,12/05/2019,Kolkata,Banglore,CCU → BOM → BLR,09:25,18:30,9h 5m,1 stop,No info,8576
Jet Airways,24/06/2019,Delhi,Cochin,DEL → AMD → BOM → COK,19:10,19:00 25 Jun,23h 50m,2 stops,No info,12819
Jet Airways,21/05/2019,Delhi,Cochin,DEL → BOM → COK,17:30,04:25 22 May,10h 55m,1 stop,In-flight meal not included,12898
IndiGo,21/06/2019,Banglore,Delhi,BLR → DEL,19:30,22:15,2h 45m,non-stop,No info,5780
Air India,12/06/2019,Delhi,Cochin,DEL → LKO → BOM → COK,12:20,19:15 13 Jun,30h 55m,2 stops,No info,12488
IndiGo,03/03/2019,Banglore,New Delhi,BLR → DEL,13:00,15:50,2h 50m,non-stop,No info,12649
Multiple carriers,27/06/2019,Delhi,Cochin,DEL → BOM → COK,18:00,01:30 28 Jun,7h 30m,1 stop,No info,7198
GoAir,6/06/2019,Delhi,Cochin,DEL → BOM → COK,10:35,19:35,9h,1 stop,No info,4959
Air India,9/06/2019,Kolkata,Banglore,CCU → BBI → BOM → BLR,12:00,11:10 10 Jun,23h 10m,2 stops,No info,10151
Jet Airways,21/05/2019,Kolkata,Banglore,CCU → BOM → BLR,08:25,20:45,12h 20m,1 stop,In-flight meal not included,10844
Air India,6/04/2019,Banglore,Delhi,BLR → DEL,10:00,12:45,2h 45m,non-stop,No info,5176
IndiGo,18/05/2019,Delhi,Cochin,DEL → BOM → COK,16:00,01:30 19 May,9h 30m,1 stop,No info,7191
Jet Airways,9/05/2019,Banglore,Delhi,BLR → DEL,18:55,22:00,3h 5m,non-stop,In-flight meal not included,3702
IndiGo,12/06/2019,Banglore,Delhi,BLR → DEL,07:10,10:05,2h 55m,non-stop,No info,4823
Air India,15/03/2019,Banglore,New Delhi,BLR → BBI → DEL,09:30,16:20,6h 50m,1 stop,No info,8714
Air India,24/05/2019,Kolkata,Banglore,CCU → DEL → COK → BLR,07:00,01:20 25 May,18h 20m,2 stops,No info,13873
IndiGo,1/05/2019,Banglore,Delhi,BLR → DEL,08:30,11:20,2h 50m,non-stop,No info,4823
Multiple carriers,15/05/2019,Delhi,Cochin,DEL → HYD → COK,07:05,22:30,15h 25m,1 stop,No info,9646
Air India,9/05/2019,Kolkata,Banglore,CCU → DEL → COK → BLR,10:00,01:20 10 May,15h 20m,2 stops,No info,13033
Jet Airways,27/05/2019,Delhi,Cochin,DEL → JAI → BOM → COK,05:30,04:25 28 May,22h 55m,2 stops,No info,15129
Multiple carriers,18/05/2019,Delhi,Cochin,DEL → HYD → COK,07:10,22:30,15h 20m,1 stop,No info,7740
Multiple carriers,3/06/2019,Delhi,Cochin,DEL → BOM → COK,06:00,19:15,13h 15m,1 stop,No info,9736
Multiple carriers,9/06/2019,Delhi,Cochin,DEL → BOM → COK,08:00,21:00,13h,1 stop,No info,7408
SpiceJet,15/03/2019,Mumbai,Hyderabad,BOM → HYD,13:10,14:30,1h 20m,non-stop,No check-in baggage included,2385
Multiple carriers,9/06/2019,Delhi,Cochin,DEL → BOM → COK,13:00,21:00,8h,1 stop,No info,13587
Jet Airways,21/03/2019,Banglore,New Delhi,BLR → BOM → DEL,16:55,11:25 19 Mar,18h 30m,1 stop,In-flight meal not included,7832
SpiceJet,6/04/2019,Banglore,Delhi,BLR → DEL,21:10,00:05 07 Apr,2h 55m,non-stop,No info,3971
IndiGo,21/06/2019,Banglore,Delhi,BLR → DEL,22:10,01:00 22 Jun,2h 50m,non-stop,No info,3943
Air India,3/05/2019,Kolkata,Banglore,CCU → BLR,20:45,23:20,2h 35m,non-stop,No info,4145
IndiGo,3/05/2019,Banglore,Delhi,BLR → DEL,04:00,06:50,2h 50m,non-stop,No info,3943
Jet Airways,21/05/2019,Kolkata,Banglore,CCU → BOM → BLR,06:30,16:20,9h 50m,1 stop,No info,14781
Multiple carriers,9/04/2019,Delhi,Cochin,DEL → BOM → COK,17:45,01:30 10 Apr,7h 45m,1 stop,No info,8535
Multiple carriers,27/03/2019,Delhi,Cochin,DEL → BOM → COK,10:00,21:00,11h,1 stop,No info,6883
Vistara,9/04/2019,Banglore,Delhi,BLR → DEL,11:30,14:20,2h 50m,non-stop,No info,5403
IndiGo,18/04/2019,Banglore,Delhi,BLR → DEL,04:00,06:50,2h 50m,non-stop,No info,4423
Jet Airways,1/04/2019,Kolkata,Banglore,CCU → BOM → BLR,16:30,16:20 02 Apr,23h 50m,1 stop,No info,12681
Jet Airways,9/05/2019,Kolkata,Banglore,CCU → BOM → BLR,16:30,10:05 10 May,17h 35m,1 stop,In-flight meal not included,8586
Jet Airways,9/04/2019,Delhi,Cochin,DEL → BOM → COK,07:05,19:00,11h 55m,1 stop,No info,17531
Vistara,1/05/2019,Kolkata,Banglore,CCU → DEL → BLR,20:20,23:25 02 May,27h 5m,1 stop,No info,8085
Multiple carriers,6/03/2019,Delhi,Cochin,DEL → BOM → COK,19:00,01:35 07 Mar,6h 35m,1 stop,No info,15147
IndiGo,27/04/2019,Kolkata,Banglore,CCU → BLR,14:25,16:55,2h 30m,non-stop,No info,4804
IndiGo,9/04/2019,Banglore,Delhi,BLR → DEL,05:30,08:20,2h 50m,non-stop,No info,3943
IndiGo,24/06/2019,Kolkata,Banglore,CCU → BLR,20:20,22:55,2h 35m,non-stop,No info,4804
Air India,6/03/2019,Delhi,Cochin,DEL → BLR → COK,06:10,08:15 07 Mar,26h 5m,1 stop,No info,11038
Air India,03/03/2019,Banglore,New Delhi,BLR → DEL,17:00,19:45,2h 45m,non-stop,No info,19508
Vistara,6/06/2019,Kolkata,Banglore,CCU → DEL → BLR,17:00,20:20 07 Jun,27h 20m,1 stop,No info,8820
Jet Airways,1/06/2019,Delhi,Cochin,DEL → BOM → COK,09:00,12:35 02 Jun,27h 35m,1 stop,In-flight meal not included,10262
Jet Airways,21/05/2019,Kolkata,Banglore,CCU → DEL → BLR,20:25,22:05 22 May,25h 40m,1 stop,No info,13067
IndiGo,12/05/2019,Banglore,Delhi,BLR → DEL,21:15,00:15 13 May,3h,non-stop,No info,3943
IndiGo,27/05/2019,Delhi,Cochin,DEL → HYD → COK,08:35,16:10,7h 35m,1 stop,No info,6442
IndiGo,15/03/2019,Mumbai,Hyderabad,BOM → HYD,06:20,07:45,1h 25m,non-stop,No info,3342
Air India,21/05/2019,Mumbai,Hyderabad,BOM → HYD,19:30,20:45,1h 15m,non-stop,No info,3100
Jet Airways,12/05/2019,Kolkata,Banglore,CCU → BOM → BLR,20:00,08:15 13 May,12h 15m,1 stop,No info,13941
Jet Airways,6/06/2019,Delhi,Cochin,DEL → BOM → COK,02:15,12:35,10h 20m,1 stop,No info,14714
Jet Airways,15/05/2019,Kolkata,Banglore,CCU → BOM → BLR,08:25,19:50,11h 25m,1 stop,No info,14781
Jet Airways,3/05/2019,Banglore,Delhi,BLR → DEL,11:10,14:05,2h 55m,non-stop,No info,7229
IndiGo,21/06/2019,Kolkata,Banglore,CCU → BLR,22:15,00:50 22 Jun,2h 35m,non-stop,No info,4804
Jet Airways,24/03/2019,Kolkata,Banglore,CCU → BOM → BLR,16:55,18:10 25 Mar,25h 15m,1 stop,No info,14231
Jet Airways,6/06/2019,Kolkata,Banglore,CCU → BOM → BLR,18:55,04:40 07 Jun,9h 45m,1 stop,No info,13374
Jet Airways,15/05/2019,Kolkata,Banglore,CCU → BOM → BLR,06:30,12:00,5h 30m,1 stop,In-flight meal not included,9663
Jet Airways,3/06/2019,Delhi,Cochin,DEL → BOM → COK,02:15,12:35,10h 20m,1 stop,No info,14714
IndiGo,6/05/2019,Kolkata,Banglore,CCU → BLR,22:15,00:50 07 May,2h 35m,non-stop,No info,4804
Jet Airways,1/04/2019,Kolkata,Banglore,CCU → BOM → BLR,08:25,20:45,12h 20m,1 stop,No info,12681
Vistara,9/06/2019,Kolkata,Banglore,CCU → DEL → BLR,17:00,10:45 10 Jun,17h 45m,1 stop,No info,9922
IndiGo,27/04/2019,Banglore,Delhi,BLR → DEL,21:15,00:15 28 Apr,3h,non-stop,No info,3943
Jet Airways,21/05/2019,Delhi,Cochin,DEL → BOM → COK,14:00,04:25 22 May,14h 25m,1 stop,In-flight meal not included,12898
Jet Airways,15/04/2019,Banglore,Delhi,BLR → DEL,06:00,08:45,2h 45m,non-stop,No info,7229
Jet Airways,1/06/2019,Delhi,Cochin,DEL → BOM → COK,13:00,19:00,6h,1 stop,In-flight meal not included,10262
SpiceJet,21/06/2019,Kolkata,Banglore,CCU → BLR,06:55,09:30,2h 35m,non-stop,No info,3873
Jet Airways,12/06/2019,Delhi,Cochin,DEL → BOM → COK,09:00,19:00,10h,1 stop,In-flight meal not included,10262
Multiple carriers,3/06/2019,Delhi,Cochin,DEL → BOM → COK,10:00,01:30 04 Jun,15h 30m,1 stop,No info,9508
Air Asia,1/06/2019,Kolkata,Banglore,CCU → BLR,10:20,12:55,2h 35m,non-stop,No info,4409
GoAir,24/03/2019,Kolkata,Banglore,CCU → HYD → BLR,06:35,14:25,7h 50m,1 stop,No info,4773
Jet Airways,12/06/2019,Kolkata,Banglore,CCU → DEL → BLR,17:00,09:45 13 Jun,16h 45m,1 stop,No info,12692
IndiGo,6/06/2019,Banglore,Delhi,BLR → DEL,01:30,04:15,2h 45m,non-stop,No info,3943
Vistara,1/05/2019,Kolkata,Banglore,CCU → DEL → BLR,20:20,09:05 02 May,12h 45m,1 stop,No info,8452
Jet Airways,18/05/2019,Delhi,Cochin,DEL → AMD → BOM → COK,13:25,12:35 19 May,23h 10m,2 stops,No info,15129
Jet Airways,24/06/2019,Delhi,Cochin,DEL → BOM → COK,11:30,12:35 25 Jun,25h 5m,1 stop,In-flight meal not included,10262
IndiGo,03/03/2019,Banglore,New Delhi,BLR → DEL,18:25,21:20,2h 55m,non-stop,No info,7648
IndiGo,03/03/2019,Banglore,New Delhi,BLR → DEL,10:05,13:00,2h 55m,non-stop,No info,7648
Jet Airways,12/05/2019,Kolkata,Banglore,CCU → BOM → BLR,08:25,19:50,11h 25m,1 stop,In-flight meal not included,8586
Vistara,24/05/2019,Kolkata,Banglore,CCU → DEL → BLR,20:20,18:50 25 May,22h 30m,1 stop,No info,9345
Multiple carriers,27/03/2019,Delhi,Cochin,DEL → BOM → COK,12:50,21:00,8h 10m,1 stop,No info,6637
IndiGo,1/05/2019,Chennai,Kolkata,MAA → CCU,14:45,17:05,2h 20m,non-stop,No info,3597
IndiGo,21/04/2019,Banglore,Delhi,BLR → DEL,21:15,00:15 22 Apr,3h,non-stop,No info,4423
SpiceJet,21/05/2019,Delhi,Cochin,DEL → MAA → COK,15:45,22:05,6h 20m,1 stop,No info,7317
SpiceJet,1/04/2019,Kolkata,Banglore,CCU → PNQ → BLR,08:35,17:15,8h 40m,1 stop,No info,6013
SpiceJet,9/04/2019,Kolkata,Banglore,CCU → BLR,06:55,09:30,2h 35m,non-stop,No check-in baggage included,3841
Multiple carriers,9/03/2019,Delhi,Cochin,DEL → BOM → COK,17:25,01:35 10 Mar,8h 10m,1 stop,In-flight meal not included,12616
IndiGo,15/06/2019,Kolkata,Banglore,CCU → BLR,14:25,16:55,2h 30m,non-stop,No info,4804
Air India,18/05/2019,Kolkata,Banglore,CCU → IXR → DEL → BLR,05:50,12:30 19 May,30h 40m,2 stops,No info,12723
SpiceJet,9/05/2019,Kolkata,Banglore,CCU → BLR,22:20,00:40 10 May,2h 20m,non-stop,No info,3873
Jet Airways,12/05/2019,Kolkata,Banglore,CCU → BOM → BLR,16:30,16:20 13 May,23h 50m,1 stop,In-flight meal not included,10844
Jet Airways,01/03/2019,Banglore,New Delhi,BLR → BOM → DEL,22:50,20:20 02 Mar,21h 30m,1 stop,No info,25735
SpiceJet,6/06/2019,Banglore,Delhi,BLR → DEL,05:55,08:35,2h 40m,non-stop,No info,3625
IndiGo,3/04/2019,Banglore,Delhi,BLR → DEL,13:00,15:50,2h 50m,non-stop,No info,4077
Multiple carriers,6/03/2019,Delhi,Cochin,DEL → BOM → COK,17:45,01:35 07 Mar,7h 50m,1 stop,No info,15147
SpiceJet,1/04/2019,Kolkata,Banglore,CCU → BLR,06:55,09:30,2h 35m,non-stop,No check-in baggage included,3841
Air India,15/05/2019,Delhi,Cochin,DEL → MAA → COK,12:30,09:25 16 May,20h 55m,1 stop,No info,7480
Air India,27/03/2019,Delhi,Cochin,DEL → BOM → COK,13:00,19:15,6h 15m,1 stop,No info,6902
Jet Airways,1/05/2019,Delhi,Cochin,DEL → AMD → BOM → COK,23:05,19:00 02 May,19h 55m,2 stops,No info,15129
Multiple carriers,18/05/2019,Delhi,Cochin,DEL → BOM → COK,08:00,19:00,11h,1 stop,No info,10197
Jet Airways,6/06/2019,Kolkata,Banglore,CCU → BOM → BLR,14:05,04:40 07 Jun,14h 35m,1 stop,No info,13059
Jet Airways,21/03/2019,Delhi,Cochin,DEL → BOM → COK,19:15,04:25 22 Mar,9h 10m,1 stop,No info,12557
Jet Airways,9/06/2019,Kolkata,Banglore,CCU → BOM → BLR,08:25,19:50,11h 25m,1 stop,In-flight meal not included,10844
IndiGo,21/03/2019,Delhi,Cochin,DEL → HYD → COK,08:35,16:10,7h 35m,1 stop,No info,6790
Multiple carriers,3/03/2019,Delhi,Cochin,DEL → BOM → COK,08:00,15:30,7h 30m,1 stop,No info,15078
Jet Airways,21/05/2019,Delhi,Cochin,DEL → AMD → BOM → COK,19:10,19:00 22 May,23h 50m,2 stops,No info,15129
Air India,9/05/2019,Kolkata,Banglore,CCU → DEL → COK → BLR,07:00,01:20 10 May,18h 20m,2 stops,No info,13033
Jet Airways,27/03/2019,Delhi,Cochin,DEL → BOM → COK,21:50,19:45 28 Mar,21h 55m,1 stop,In-flight meal not included,7438
Air India,27/03/2019,Delhi,Cochin,DEL → BOM → COK,08:00,19:15,11h 15m,1 stop,No info,7199
Multiple carriers,9/05/2019,Delhi,Cochin,DEL → BOM → COK,10:20,19:00,8h 40m,1 stop,No info,9794
Jet Airways,15/04/2019,Delhi,Cochin,DEL → BOM → COK,13:00,19:00,6h,1 stop,In-flight meal not included,6542
IndiGo,12/03/2019,Kolkata,Banglore,CCU → BLR,05:30,08:20,2h 50m,non-stop,No info,4148
IndiGo,15/05/2019,Delhi,Cochin,DEL → BOM → COK,16:00,01:30 16 May,9h 30m,1 stop,No info,7923
Air India,24/05/2019,Kolkata,Banglore,CCU → DEL → COK → TRV → BLR,10:00,10:30 25 May,24h 30m,3 stops,No info,13007
Jet Airways,1/05/2019,Kolkata,Banglore,CCU → BOM → BLR,21:10,04:40 02 May,7h 30m,1 stop,In-flight meal not included,10844
Jet Airways,18/05/2019,Kolkata,Banglore,CCU → BOM → BLR,14:05,12:00 19 May,21h 55m,1 stop,In-flight meal not included,9663
Jet Airways,12/03/2019,Banglore,New Delhi,BLR → BOM → DEL,18:55,20:20 13 Mar,25h 25m,1 stop,In-flight meal not included,11087
Air India,6/05/2019,Kolkata,Banglore,CCU → BOM → BLR,09:25,07:55 07 May,22h 30m,1 stop,No info,8366
Jet Airways,06/03/2019,Banglore,New Delhi,BLR → BOM → DEL,21:25,10:25 07 Mar,13h,1 stop,No info,17261
Jet Airways,06/03/2019,Banglore,New Delhi,BLR → BOM → DEL,08:00,19:10,11h 10m,1 stop,No info,16736
Air India,1/05/2019,Kolkata,Banglore,CCU → IXR → DEL → BLR,05:50,16:15 02 May,34h 25m,2 stops,No info,10991
Jet Airways,21/05/2019,Kolkata,Banglore,CCU → BOM → BLR,21:10,08:15 22 May,11h 5m,1 stop,In-flight meal not included,10844
Vistara,9/05/2019,Kolkata,Banglore,CCU → DEL → BLR,20:20,10:45 10 May,14h 25m,1 stop,No info,8452
Jet Airways,06/03/2019,Banglore,New Delhi,BLR → BOM → DEL,20:35,19:10 07 Mar,22h 35m,1 stop,No info,17471
Multiple carriers,6/03/2019,Delhi,Cochin,DEL → HYD → COK,09:45,22:20,12h 35m,1 stop,No info,10276
Air India,21/03/2019,Banglore,New Delhi,BLR → HYD → DEL,08:15,18:30,10h 15m,1 stop,No info,4943
IndiGo,24/06/2019,Banglore,Delhi,BLR → DEL,08:30,11:20,2h 50m,non-stop,No info,4823
IndiGo,1/06/2019,Delhi,Cochin,DEL → PNQ → COK,23:30,04:35 02 Jun,5h 5m,1 stop,No info,10112
Jet Airways,9/06/2019,Delhi,Cochin,DEL → BOM → COK,09:00,19:00,10h,1 stop,In-flight meal not included,10262
Jet Airways,12/06/2019,Kolkata,Banglore,CCU → BOM → BLR,18:55,16:20 13 Jun,21h 25m,1 stop,No info,13044
Jet Airways,1/05/2019,Kolkata,Banglore,CCU → DEL → BLR,17:00,22:05 02 May,29h 5m,1 stop,No info,14151
IndiGo,24/03/2019,Kolkata,Banglore,CCU → HYD → BLR,15:10,20:15,5h 5m,1 stop,No info,6762
Jet Airways,9/06/2019,Kolkata,Banglore,CCU → BOM → BLR,06:30,16:20,9h 50m,1 stop,No info,14571
SpiceJet,18/05/2019,Kolkata,Banglore,CCU → BLR,06:55,09:30,2h 35m,non-stop,No check-in baggage included,3841
Jet Airways,18/05/2019,Delhi,Cochin,DEL → AMD → BOM → COK,23:05,12:35 19 May,13h 30m,2 stops,No info,15129
Jet Airways,24/03/2019,Kolkata,Banglore,CCU → BOM → BLR,21:10,23:25 25 Mar,26h 15m,1 stop,No info,13759
Air India,27/03/2019,Delhi,Cochin,DEL → BLR → COK,13:30,08:15 28 Mar,18h 45m,1 stop,No info,6681
IndiGo,6/04/2019,Kolkata,Banglore,CCU → MAA → BLR,06:15,10:30,4h 15m,1 stop,No info,4226
Multiple carriers,6/03/2019,Delhi,Cochin,DEL → BOM → COK,07:00,15:30,8h 30m,1 stop,No info,15603
Air India,12/06/2019,Delhi,Cochin,DEL → JDH → BOM → COK,12:55,19:15 13 Jun,30h 20m,2 stops,No info,12436
IndiGo,21/06/2019,Banglore,Delhi,BLR → DEL,07:10,10:05,2h 55m,non-stop,No info,4823
Jet Airways,6/03/2019,Mumbai,Hyderabad,BOM → BDQ → DEL → HYD,13:05,16:50 07 Mar,27h 45m,2 stops,No info,21375
IndiGo,21/03/2019,Banglore,New Delhi,BLR → DEL,01:30,04:15,2h 45m,non-stop,No info,4777
Air Asia,21/05/2019,Kolkata,Banglore,CCU → BBI → BLR,19:55,23:30,3h 35m,1 stop,No info,5162
Vistara,21/05/2019,Kolkata,Banglore,CCU → DEL → BLR,20:20,09:05 22 May,12h 45m,1 stop,No info,8452
Jet Airways,24/03/2019,Kolkata,Banglore,CCU → BOM → BLR,18:55,18:10 25 Mar,23h 15m,1 stop,No info,14231
Jet Airways,1/05/2019,Kolkata,Banglore,CCU → BOM → BLR,14:05,08:15 02 May,18h 10m,1 stop,In-flight meal not included,8586
SpiceJet,27/06/2019,Kolkata,Banglore,CCU → BLR,17:10,19:40,2h 30m,non-stop,No check-in baggage included,3841
Jet Airways,06/03/2019,Banglore,New Delhi,BLR → BOM → DEL,07:00,18:25,11h 25m,1 stop,No info,16736
Jet Airways,15/06/2019,Delhi,Cochin,DEL → JAI → BOM → COK,05:30,04:25 16 Jun,22h 55m,2 stops,No info,13014
Jet Airways,6/03/2019,Delhi,Cochin,DEL → BOM → COK,02:15,18:50,16h 35m,1 stop,No info,17024
SpiceJet,9/03/2019,Chennai,Kolkata,MAA → CCU,09:30,12:05,2h 35m,non-stop,No info,6300
Jet Airways,18/05/2019,Kolkata,Banglore,CCU → BOM → BLR,08:25,22:35,14h 10m,1 stop,In-flight meal not included,10844
Multiple carriers,3/03/2019,Delhi,Cochin,DEL → BOM → COK,04:00,15:30,11h 30m,1 stop,No info,14973
Vistara,9/05/2019,Kolkata,Banglore,CCU → DEL → BLR,17:00,18:50 10 May,25h 50m,1 stop,No info,8820
IndiGo,24/03/2019,Kolkata,Banglore,CCU → BLR,15:20,17:55,2h 35m,non-stop,No info,6985
Jet Airways,24/06/2019,Delhi,Cochin,DEL → BOM → COK,15:00,04:25 25 Jun,13h 25m,1 stop,In-flight meal not included,10262
GoAir,24/05/2019,Banglore,Delhi,BLR → DEL,20:55,23:40,2h 45m,non-stop,No info,3419
IndiGo,24/05/2019,Banglore,Delhi,BLR → DEL,01:30,04:15,2h 45m,non-stop,No info,3419
IndiGo,9/05/2019,Delhi,Cochin,DEL → HYD → COK,14:20,22:30,8h 10m,1 stop,No info,6704
SpiceJet,12/06/2019,Banglore,Delhi,BLR → DEL,09:30,12:20,2h 50m,non-stop,No info,4423
Air India,9/05/2019,Delhi,Cochin,DEL → HYD → BOM → COK,07:05,07:40 10 May,24h 35m,2 stops,No info,13547
Jet Airways,01/03/2019,Banglore,New Delhi,BLR → BDQ → DEL,05:50,12:20,6h 30m,1 stop,Business class,28097
Air India,21/03/2019,Delhi,Cochin,DEL → COK,18:05,21:10,3h 5m,non-stop,No info,5674
IndiGo,18/03/2019,Chennai,Kolkata,MAA → CCU,11:35,14:00,2h 25m,non-stop,No info,3858
Air India,9/03/2019,Delhi,Cochin,DEL → HYD → MAA → COK,13:15,09:25 10 Mar,20h 10m,2 stops,No info,11622
Air Asia,27/06/2019,Delhi,Cochin,DEL → BLR → COK,16:45,07:10 28 Jun,14h 25m,1 stop,No info,6451
IndiGo,6/04/2019,Kolkata,Banglore,CCU → HYD → BLR,19:20,23:45,4h 25m,1 stop,No info,3480
IndiGo,21/05/2019,Kolkata,Banglore,CCU → MAA → BLR,16:35,22:15,5h 40m,1 stop,No info,5268
IndiGo,15/05/2019,Banglore,Delhi,BLR → DEL,20:00,22:50,2h 50m,non-stop,No info,4823
Jet Airways,21/03/2019,Delhi,Cochin,DEL → BDQ → BOM → COK,18:25,04:25 23 Mar,34h,2 stops,No info,12347
Air India,12/06/2019,Delhi,Cochin,DEL → COK,05:10,08:00,2h 50m,non-stop,No info,5201
Jet Airways,24/05/2019,Kolkata,Banglore,CCU → BOM → BLR,06:30,04:40 25 May,22h 10m,1 stop,In-flight meal not included,8586
IndiGo,24/06/2019,Kolkata,Banglore,CCU → BLR,15:30,18:05,2h 35m,non-stop,No info,4804
Jet Airways,6/05/2019,Kolkata,Banglore,CCU → BOM → BLR,16:30,22:35,6h 5m,1 stop,No info,14781
Air India,6/06/2019,Delhi,Cochin,DEL → COK,18:05,21:10,3h 5m,non-stop,No info,6094
GoAir,15/06/2019,Banglore,Delhi,BLR → DEL,20:55,23:40,2h 45m,non-stop,No info,3898
Air India,9/06/2019,Delhi,Cochin,DEL → NAG → BOM → COK,05:55,07:40 10 Jun,25h 45m,2 stops,No info,10493
Jet Airways,21/03/2019,Delhi,Cochin,DEL → BOM → COK,02:15,18:50,16h 35m,1 stop,No info,12719
Multiple carriers,6/03/2019,Delhi,Cochin,DEL → BOM → COK,07:30,18:50,11h 20m,1 stop,No info,15135
Multiple carriers,1/06/2019,Delhi,Cochin,DEL → BOM → COK,10:20,01:30 02 Jun,15h 10m,1 stop,No info,6795
IndiGo,6/05/2019,Kolkata,Banglore,CCU → PAT → BLR,09:20,14:15,4h 55m,1 stop,No info,11319
Jet Airways,3/06/2019,Banglore,Delhi,BLR → DEL,17:45,20:45,3h,non-stop,No info,8016
IndiGo,15/04/2019,Banglore,Delhi,BLR → DEL,06:05,08:50,2h 45m,non-stop,No info,4423
Jet Airways,21/03/2019,Delhi,Cochin,DEL → BOM → COK,11:30,04:25 22 Mar,16h 55m,1 stop,In-flight meal not included,7438
IndiGo,21/05/2019,Mumbai,Hyderabad,BOM → HYD,16:55,18:25,1h 30m,non-stop,No info,3175
SpiceJet,15/06/2019,Kolkata,Banglore,CCU → BLR,09:00,11:25,2h 25m,non-stop,No check-in baggage included,3841
Multiple carriers,12/06/2019,Delhi,Cochin,DEL → HYD → COK,09:45,16:10,6h 25m,1 stop,No info,9646
Jet Airways,9/06/2019,Kolkata,Banglore,CCU → BOM → BLR,08:25,20:45,12h 20m,1 stop,No info,14571
Air India,9/06/2019,Banglore,Delhi,BLR → DEL,06:10,08:55,2h 45m,non-stop,No info,6961
Multiple carriers,27/03/2019,Delhi,Cochin,DEL → BOM → COK,08:00,18:50,10h 50m,1 stop,No info,11667
Jet Airways,18/05/2019,Banglore,Delhi,BLR → DEL,18:55,22:00,3h 5m,non-stop,In-flight meal not included,5198
Multiple carriers,6/06/2019,Delhi,Cochin,DEL → BOM → COK,19:00,01:30 07 Jun,6h 30m,1 stop,No info,7530
Air India,3/06/2019,Banglore,Delhi,BLR → DEL,10:00,12:45,2h 45m,non-stop,No info,6961
Jet Airways,12/06/2019,Kolkata,Banglore,CCU → BOM → BLR,16:30,16:20 13 Jun,23h 50m,1 stop,No info,13044
Jet Airways,1/06/2019,Delhi,Cochin,DEL → BOM → COK,19:45,19:00 02 Jun,23h 15m,1 stop,No info,14714
IndiGo,9/04/2019,Delhi,Cochin,DEL → BOM → COK,09:15,01:30 10 Apr,16h 15m,1 stop,No info,6573
Air India,12/06/2019,Kolkata,Banglore,CCU → GAU → DEL → BLR,16:45,08:55 13 Jun,16h 10m,2 stops,No info,14960
IndiGo,15/05/2019,Chennai,Kolkata,MAA → CCU,11:35,14:00,2h 25m,non-stop,No info,4332
Jet Airways,24/05/2019,Kolkata,Banglore,CCU → DEL → BLR,09:35,21:05,11h 30m,1 stop,No info,14151
SpiceJet,12/06/2019,Banglore,Delhi,BLR → DEL,09:30,12:20,2h 50m,non-stop,No check-in baggage included,4319
Jet Airways,15/05/2019,Kolkata,Banglore,CCU → DEL → BLR,20:25,09:45 16 May,13h 20m,1 stop,In-flight meal not included,12384
Jet Airways,9/06/2019,Delhi,Cochin,DEL → JAI → BOM → COK,19:30,12:35 10 Jun,17h 5m,2 stops,No info,13014
SpiceJet,3/04/2019,Banglore,Delhi,BLR → DEL,21:10,00:05 04 Apr,2h 55m,non-stop,No check-in baggage included,3919
Jet Airways,21/06/2019,Mumbai,Hyderabad,BOM → HYD,07:05,08:30,1h 25m,non-stop,No info,8040
Air India,03/03/2019,Banglore,New Delhi,BLR → BOM → NAG → DEL,19:10,10:35 07 Mar,15h 25m,2 stops,No info,13355
Air India,1/04/2019,Kolkata,Banglore,CCU → DEL → BLR,17:30,12:00 02 Apr,18h 30m,1 stop,No info,7893
Multiple carriers,9/06/2019,Delhi,Cochin,DEL → BOM → COK,19:00,01:30 10 Jun,6h 30m,1 stop,No info,7530
Jet Airways,06/03/2019,Banglore,New Delhi,BLR → BOM → DEL,11:40,10:25 07 Mar,22h 45m,1 stop,No info,17261
Jet Airways,24/06/2019,Delhi,Cochin,DEL → BOM → COK,22:50,04:25 25 Jun,5h 35m,1 stop,No info,14714
SpiceJet,27/05/2019,Chennai,Kolkata,MAA → CCU,09:45,12:00,2h 15m,non-stop,No check-in baggage included,3543
Jet Airways,15/03/2019,Banglore,New Delhi,BLR → MAA → DEL,09:45,14:25,4h 40m,1 stop,In-flight meal not included,6136
Jet Airways,24/05/2019,Kolkata,Banglore,CCU → BOM → BLR,20:00,09:20 25 May,13h 20m,1 stop,No info,14571
Air India,9/05/2019,Kolkata,Banglore,CCU → JAI → DEL → BLR,08:20,20:25,12h 5m,2 stops,No info,11432
Jet Airways,12/05/2019,Kolkata,Banglore,CCU → DEL → BLR,17:00,21:05 13 May,28h 5m,1 stop,In-flight meal not included,10703
IndiGo,9/03/2019,Delhi,Cochin,DEL → COK,05:35,08:50,3h 15m,non-stop,No info,6885
Jet Airways,1/04/2019,Kolkata,Banglore,CCU → BOM → BLR,18:55,09:20 02 Apr,14h 25m,1 stop,In-flight meal not included,7064
Multiple carriers,15/05/2019,Delhi,Cochin,DEL → GWL → IDR → BOM → COK,11:35,21:00,9h 25m,3 stops,No info,16294
Air India,24/05/2019,Kolkata,Banglore,CCU → BOM → TRV → BLR,09:25,10:30 25 May,25h 5m,2 stops,No info,12797
SpiceJet,3/05/2019,Kolkata,Banglore,CCU → BLR,09:00,11:25,2h 25m,non-stop,No info,3873
IndiGo,24/06/2019,Mumbai,Hyderabad,BOM → HYD,19:05,20:35,1h 30m,non-stop,No info,2754
Jet Airways,12/06/2019,Kolkata,Banglore,CCU → BOM → BLR,14:05,10:05 13 Jun,20h,1 stop,No info,13044
Jet Airways,6/06/2019,Kolkata,Banglore,CCU → BOM → BLR,20:00,12:00 07 Jun,16h,1 stop,No info,14571
IndiGo,21/05/2019,Delhi,Cochin,DEL → BOM → COK,17:10,01:30 22 May,8h 20m,1 stop,No info,6794
Air India,27/06/2019,Delhi,Cochin,DEL → MAA → COK,17:20,09:25 28 Jun,16h 5m,1 stop,No info,7480
IndiGo,3/05/2019,Banglore,Delhi,BLR → DEL,18:25,21:20,2h 55m,non-stop,No info,4823
Jet Airways,15/05/2019,Kolkata,Banglore,CCU → BOM → BLR,21:10,20:45 16 May,23h 35m,1 stop,In-flight meal not included,10844
IndiGo,27/03/2019,Delhi,Cochin,DEL → AMD → COK,07:45,13:40,5h 55m,1 stop,No info,4832
Jet Airways,24/06/2019,Delhi,Cochin,DEL → BOM → COK,19:45,04:25 25 Jun,8h 40m,1 stop,In-flight meal not included,10262
IndiGo,9/06/2019,Chennai,Kolkata,MAA → CCU,22:05,00:25 10 Jun,2h 20m,non-stop,No info,5277
Vistara,18/05/2019,Chennai,Kolkata,MAA → CCU,07:05,09:20,2h 15m,non-stop,No info,3687
Jet Airways,6/05/2019,Kolkata,Banglore,CCU → BOM → BLR,06:30,09:20 07 May,26h 50m,1 stop,In-flight meal not included,9663
Jet Airways,15/05/2019,Kolkata,Banglore,CCU → BOM → BLR,06:30,20:45,14h 15m,1 stop,No info,14781
Air India,6/05/2019,Kolkata,Banglore,CCU → IXR → DEL → BLR,05:50,08:55 07 May,27h 5m,2 stops,No info,10991
Air India,9/05/2019,Kolkata,Banglore,CCU → BOM → COK → BLR,16:50,13:45 10 May,20h 55m,2 stops,No info,12592
SpiceJet,9/06/2019,Banglore,Delhi,BLR → DEL,05:55,08:35,2h 40m,non-stop,No info,3625
Jet Airways,24/04/2019,Banglore,Delhi,BLR → DEL,07:10,10:10,3h,non-stop,No info,7229
Vistara,1/06/2019,Delhi,Cochin,DEL → COK,06:00,09:10,3h 10m,non-stop,No info,6741
Jet Airways,3/06/2019,Delhi,Cochin,DEL → BOM → COK,17:30,12:35 04 Jun,19h 5m,1 stop,No info,14714
GoAir,15/06/2019,Delhi,Cochin,DEL → AMD → COK,07:25,13:35,6h 10m,1 stop,No info,5842
IndiGo,1/05/2019,Banglore,Delhi,BLR → DEL,04:00,06:50,2h 50m,non-stop,No info,3943
IndiGo,12/06/2019,Chennai,Kolkata,MAA → CCU,13:15,15:35,2h 20m,non-stop,No info,3597
IndiGo,24/03/2019,Banglore,New Delhi,BLR → DEL,18:25,21:20,2h 55m,non-stop,No info,7303
IndiGo,6/05/2019,Delhi,Cochin,DEL → BOM → COK,07:30,21:00,13h 30m,1 stop,No info,7191
GoAir,6/06/2019,Banglore,Delhi,BLR → DEL,07:45,10:40,2h 55m,non-stop,No info,3898
Jet Airways,18/05/2019,Kolkata,Banglore,CCU → BOM → BLR,05:45,18:15,12h 30m,1 stop,No info,14781
Vistara,21/03/2019,Banglore,New Delhi,BLR → AMD → DEL,06:40,21:55,15h 15m,1 stop,No info,6065
SpiceJet,9/06/2019,Kolkata,Banglore,CCU → BLR,17:10,19:40,2h 30m,non-stop,No info,4174
Jet Airways,18/05/2019,Delhi,Cochin,DEL → BOM → COK,21:50,04:25 19 May,6h 35m,1 stop,In-flight meal not included,12373
Jet Airways,9/06/2019,Delhi,Cochin,DEL → BOM → COK,18:15,12:35 10 Jun,18h 20m,1 stop,In-flight meal not included,10577
IndiGo,21/03/2019,Delhi,Cochin,DEL → HYD → COK,07:35,22:20,14h 45m,1 stop,No info,6558
Jet Airways,9/06/2019,Mumbai,Hyderabad,BOM → HYD,07:05,08:30,1h 25m,non-stop,In-flight meal not included,4050
Air India,6/03/2019,Mumbai,Hyderabad,BOM → BHO → DEL → HYD,06:00,15:15 07 Mar,33h 15m,2 stops,No info,14219
IndiGo,3/03/2019,Kolkata,Banglore,CCU → BLR,20:25,23:05,2h 40m,non-stop,No info,6038
Jet Airways,24/05/2019,Mumbai,Hyderabad,BOM → HYD,02:55,04:20,1h 25m,non-stop,No info,5678
Air Asia,27/04/2019,Delhi,Cochin,DEL → BLR → COK,16:45,07:10 28 Apr,14h 25m,1 stop,No info,6451
IndiGo,21/05/2019,Delhi,Cochin,DEL → HYD → COK,11:55,00:55 22 May,13h,1 stop,No info,6282
Jet Airways,15/06/2019,Delhi,Cochin,DEL → BOM → COK,14:00,12:35 16 Jun,22h 35m,1 stop,In-flight meal not included,10262
Air India,27/05/2019,Kolkata,Banglore,CCU → BLR,14:15,16:45,2h 30m,non-stop,No info,5510
Jet Airways,12/04/2019,Banglore,Delhi,BLR → DEL,11:10,14:05,2h 55m,non-stop,In-flight meal not included,5198
IndiGo,18/05/2019,Delhi,Cochin,DEL → BOM → COK,09:15,01:30 19 May,16h 15m,1 stop,No info,7503
Multiple carriers,27/06/2019,Delhi,Cochin,DEL → BOM → COK,07:30,19:15,11h 45m,1 stop,No info,8266
Jet Airways,1/04/2019,Banglore,Delhi,BLR → DEL,17:45,20:45,3h,non-stop,No info,7229
Air India,6/06/2019,Delhi,Cochin,DEL → JAI → BOM → COK,12:00,07:40 07 Jun,19h 40m,2 stops,No info,8603
Air India,1/06/2019,Delhi,Cochin,DEL → AMD → BOM → COK,19:45,19:15 02 Jun,23h 30m,2 stops,No info,10651
Air Asia,3/04/2019,Banglore,Delhi,BLR → DEL,04:55,07:45,2h 50m,non-stop,No info,4282
Jet Airways,1/04/2019,Kolkata,Banglore,CCU → DEL → BLR,09:35,19:10,9h 35m,1 stop,In-flight meal not included,9314
Multiple carriers,3/06/2019,Delhi,Cochin,DEL → HYD → COK,14:55,22:30,7h 35m,1 stop,No info,7038
IndiGo,27/03/2019,Delhi,Cochin,DEL → BOM → COK,07:30,15:30,8h,1 stop,No info,8574
Jet Airways,9/03/2019,Mumbai,Hyderabad,BOM → HYD,06:30,08:00,1h 30m,non-stop,In-flight meal not included,4995
Jet Airways,01/03/2019,Banglore,New Delhi,BLR → BOM → DEL,14:05,19:10,5h 5m,1 stop,No info,36235
Jet Airways,6/06/2019,Delhi,Cochin,DEL → BOM → COK,07:05,12:35,5h 30m,1 stop,In-flight meal not included,10262
Jet Airways,06/03/2019,Banglore,New Delhi,BLR → BOM → DEL,08:00,08:15 07 Mar,24h 15m,1 stop,No info,17996
Jet Airways,21/05/2019,Delhi,Cochin,DEL → BOM → COK,20:55,04:25 22 May,7h 30m,1 stop,In-flight meal not included,12898
Air India,1/04/2019,Kolkata,Banglore,CCU → BBI → BOM → BLR,12:00,11:10 02 Apr,23h 10m,2 stops,No info,9258
Jet Airways,24/05/2019,Kolkata,Banglore,CCU → BOM → BLR,16:30,09:20 25 May,16h 50m,1 stop,In-flight meal not included,9663
Jet Airways,21/03/2019,Delhi,Cochin,DEL → AMD → BOM → COK,19:10,18:50 22 Mar,23h 40m,2 stops,No info,9483
GoAir,21/03/2019,Delhi,Cochin,DEL → BOM → COK,07:00,12:50,5h 50m,1 stop,No info,9385
IndiGo,24/05/2019,Kolkata,Banglore,CCU → HYD → BLR,19:20,23:45,4h 25m,1 stop,No info,3809
Multiple carriers,27/03/2019,Delhi,Cochin,DEL → BOM → COK,08:00,15:30,7h 30m,1 stop,No info,12537
Jet Airways,12/06/2019,Delhi,Cochin,DEL → BOM → COK,08:00,04:25 13 Jun,20h 25m,1 stop,In-flight meal not included,10577
Jet Airways,18/03/2019,Banglore,New Delhi,BLR → BOM → DEL,08:00,15:15,7h 15m,1 stop,No info,12284
IndiGo,9/05/2019,Kolkata,Banglore,CCU → NAG → BLR,18:05,23:30,5h 25m,1 stop,No info,6218
Jet Airways,9/05/2019,Kolkata,Banglore,CCU → DEL → BLR,17:00,09:45 10 May,16h 45m,1 stop,No info,12121
SpiceJet,15/03/2019,Kolkata,Banglore,CCU → BLR,09:00,11:30,2h 30m,non-stop,No check-in baggage included,3815
Jet Airways,24/06/2019,Delhi,Cochin,DEL → JDH → BOM → COK,11:40,19:00,7h 20m,2 stops,In-flight meal not included,15812
Multiple carriers,15/05/2019,Delhi,Cochin,DEL → BOM → COK,09:15,19:15,10h,1 stop,No info,8099
Multiple carriers,27/06/2019,Delhi,Cochin,DEL → BOM → COK,19:00,01:30 28 Jun,6h 30m,1 stop,No info,6795
IndiGo,3/06/2019,Banglore,Delhi,BLR → DEL,13:00,15:50,2h 50m,non-stop,No info,3943
GoAir,15/05/2019,Banglore,Delhi,BLR → DEL,11:40,14:30,2h 50m,non-stop,No info,3398
Jet Airways,06/03/2019,Banglore,New Delhi,BLR → BOM → DEL,21:25,21:20 07 Mar,23h 55m,1 stop,No info,17471
IndiGo,09/03/2019,Banglore,New Delhi,BLR → DEL,22:20,01:10 13 Mar,2h 50m,non-stop,No info,4377
Jet Airways,12/06/2019,Delhi,Cochin,DEL → BOM → COK,20:55,04:25 13 Jun,7h 30m,1 stop,In-flight meal not included,10262
SpiceJet,1/05/2019,Kolkata,Banglore,CCU → IXB → BLR,15:55,21:25,5h 30m,1 stop,No info,8844
IndiGo,27/05/2019,Delhi,Cochin,DEL → BOM → COK,06:40,21:00,14h 20m,1 stop,No info,6526
SpiceJet,6/06/2019,Banglore,Delhi,BLR → DEL,05:55,08:35,2h 40m,non-stop,No check-in baggage included,3573
Jet Airways,3/06/2019,Delhi,Cochin,DEL → BOM → COK,17:30,04:25 04 Jun,10h 55m,1 stop,No info,14714
Jet Airways,6/05/2019,Kolkata,Banglore,CCU → DEL → BLR,09:35,19:10,9h 35m,1 stop,No info,13067
Multiple carriers,18/05/2019,Delhi,Cochin,DEL → BOM → COK,12:50,01:30 19 May,12h 40m,1 stop,No info,7670
Jet Airways,18/03/2019,Banglore,New Delhi,BLR → BOM → DEL,22:50,20:20 16 Mar,21h 30m,1 stop,In-flight meal not included,11087
Air India,21/03/2019,Kolkata,Banglore,CCU → BLR,20:45,23:20,2h 35m,non-stop,No info,4435
Multiple carriers,27/03/2019,Delhi,Cochin,DEL → BOM → COK,09:55,21:00,11h 5m,1 stop,No info,12537
Jet Airways,6/06/2019,Delhi,Cochin,DEL → BOM → COK,20:55,19:00 07 Jun,22h 5m,1 stop,No info,14714
Air India,6/03/2019,Delhi,Cochin,DEL → BLR → COK,20:30,08:15 07 Mar,11h 45m,1 stop,No info,10566
SpiceJet,6/06/2019,Mumbai,Hyderabad,BOM → HYD,05:45,07:15,1h 30m,non-stop,No check-in baggage included,2647
Air India,01/03/2019,Banglore,New Delhi,BLR → VGA → DEL,10:30,22:55,12h 25m,1 stop,No info,11003
IndiGo,15/03/2019,Chennai,Kolkata,MAA → CCU,19:35,21:55,2h 20m,non-stop,No info,6297
Air India,12/06/2019,Delhi,Cochin,DEL → BOM → COK,21:00,07:40 13 Jun,10h 40m,1 stop,No info,8372
Jet Airways,24/03/2019,Kolkata,Banglore,CCU → BOM → BLR,18:55,08:10 25 Mar,13h 15m,1 stop,In-flight meal not included,11134
Air Asia,27/04/2019,Kolkata,Banglore,CCU → BLR,19:55,22:25,2h 30m,non-stop,No info,4409
Jet Airways,27/05/2019,Banglore,Delhi,BLR → DEL,11:10,14:05,2h 55m,non-stop,In-flight meal not included,4030
Jet Airways,01/03/2019,Banglore,New Delhi,BLR → BOM → DEL,16:55,10:25 02 Mar,17h 30m,1 stop,1 Long layover,25735
Multiple carriers,27/05/2019,Delhi,Cochin,DEL → HYD → COK,07:10,22:30,15h 20m,1 stop,No info,7878
IndiGo,15/05/2019,Mumbai,Hyderabad,BOM → HYD,20:05,21:40,1h 35m,non-stop,No info,2227
Jet Airways,15/05/2019,Kolkata,Banglore,CCU → BOM → BLR,08:25,20:45,12h 20m,1 stop,In-flight meal not included,10844
Air India,15/05/2019,Delhi,Cochin,DEL → AMD → BOM → COK,19:45,19:15 16 May,23h 30m,2 stops,No info,11491
Multiple carriers,24/06/2019,Delhi,Cochin,DEL → BOM → COK,06:40,19:00,12h 20m,1 stop,No info,10877
IndiGo,21/06/2019,Banglore,Delhi,BLR → DEL,00:25,03:15,2h 50m,non-stop,No info,3419
Air India,9/04/2019,Delhi,Cochin,DEL → NAG → BOM → COK,05:55,19:15 10 Apr,37h 20m,2 stops,No info,7711
Multiple carriers,24/06/2019,Delhi,Cochin,DEL → BOM → COK,12:50,21:00,8h 10m,1 stop,In-flight meal not included,6007
Air India,15/06/2019,Delhi,Cochin,DEL → BHO → BOM → COK,20:00,19:15 16 Jun,23h 15m,2 stops,No info,11071
Multiple carriers,27/03/2019,Delhi,Cochin,DEL → BOM → COK,04:00,18:50,14h 50m,1 stop,No info,11299
Jet Airways,1/05/2019,Kolkata,Banglore,CCU → BOM → BLR,08:25,16:20,7h 55m,1 stop,In-flight meal not included,10844
Air India,24/06/2019,Delhi,Cochin,DEL → GOI → BOM → COK,10:55,07:40 25 Jun,20h 45m,2 stops,No info,11753
Multiple carriers,3/06/2019,Delhi,Cochin,DEL → HYD → COK,09:45,22:30,12h 45m,1 stop,No info,9646
Jet Airways,1/04/2019,Kolkata,Banglore,CCU → DEL → BLR,09:35,10:55 02 Apr,25h 20m,1 stop,No info,11467
IndiGo,18/04/2019,Delhi,Cochin,DEL → COK,14:20,17:35,3h 15m,non-stop,No info,6015
Jet Airways,12/06/2019,Kolkata,Banglore,CCU → DEL → BLR,09:35,21:05,11h 30m,1 stop,No info,12692
Air India,12/04/2019,Banglore,Delhi,BLR → DEL,13:20,16:10,2h 50m,non-stop,No info,5911
IndiGo,1/06/2019,Kolkata,Banglore,CCU → BLR,14:25,16:55,2h 30m,non-stop,No info,6064
Vistara,15/05/2019,Kolkata,Banglore,CCU → DEL → BLR,20:20,09:05 16 May,12h 45m,1 stop,No info,8452
Air Asia,15/03/2019,Kolkata,Banglore,CCU → BLR,22:50,01:20 16 Mar,2h 30m,non-stop,No info,3782
Jet Airways,21/05/2019,Kolkata,Banglore,CCU → BOM → BLR,21:10,09:20 22 May,12h 10m,1 stop,No info,14781
Jet Airways,24/05/2019,Kolkata,Banglore,CCU → BOM → BLR,18:55,04:40 25 May,9h 45m,1 stop,In-flight meal not included,8586
IndiGo,18/03/2019,Delhi,Cochin,DEL → COK,14:30,17:35,3h 5m,non-stop,No info,5406
Air India,06/03/2019,Banglore,New Delhi,BLR → MAA → DEL,11:50,23:55,12h 5m,1 stop,No info,15434
Air India,6/03/2019,Mumbai,Hyderabad,BOM → COK → MAA → HYD,05:30,22:00,16h 30m,2 stops,No info,9678
Jet Airways,21/05/2019,Delhi,Cochin,DEL → BOM → COK,18:15,19:00 22 May,24h 45m,1 stop,In-flight meal not included,12898
SpiceJet,24/05/2019,Kolkata,Banglore,CCU → BLR,22:20,00:40 25 May,2h 20m,non-stop,No check-in baggage included,3841
Jet Airways,18/05/2019,Delhi,Cochin,DEL → AMD → BOM → COK,23:05,04:25 20 May,29h 20m,2 stops,No info,16704
IndiGo,3/03/2019,Mumbai,Hyderabad,BOM → HYD,06:20,07:45,1h 25m,non-stop,No info,4784
Jet Airways,27/05/2019,Delhi,Cochin,DEL → BOM → COK,07:05,12:35,5h 30m,1 stop,In-flight meal not included,12898
Jet Airways,9/06/2019,Delhi,Cochin,DEL → LKO → BOM → COK,21:35,12:35 10 Jun,15h,2 stops,No info,13882
Jet Airways,21/05/2019,Kolkata,Banglore,CCU → BOM → BLR,06:30,09:20 22 May,26h 50m,1 stop,In-flight meal not included,9663
GoAir,6/06/2019,Banglore,Delhi,BLR → DEL,11:40,14:30,2h 50m,non-stop,No info,3898
IndiGo,6/06/2019,Banglore,Delhi,BLR → DEL,18:25,21:20,2h 55m,non-stop,No info,4823
Jet Airways,12/06/2019,Delhi,Cochin,DEL → ATQ → BOM → COK,18:20,12:35 13 Jun,18h 15m,2 stops,No info,14300
Multiple carriers,15/05/2019,Delhi,Cochin,DEL → BOM → COK,18:15,01:30 16 May,7h 15m,1 stop,No info,13727
Air India,6/06/2019,Kolkata,Banglore,CCU → VNS → DEL → BLR,14:30,08:55 07 Jun,18h 25m,2 stops,No info,15894
Jet Airways,15/05/2019,Kolkata,Banglore,CCU → BOM → BLR,08:25,19:50,11h 25m,1 stop,In-flight meal not included,10844
Jet Airways,9/06/2019,Delhi,Cochin,DEL → BOM → COK,20:55,19:00 10 Jun,22h 5m,1 stop,No info,14924
Jet Airways,3/06/2019,Delhi,Cochin,DEL → BOM → COK,20:55,12:35 04 Jun,15h 40m,1 stop,In-flight meal not included,10262
SpiceJet,24/03/2019,Mumbai,Hyderabad,BOM → HYD,22:45,00:10 25 Mar,1h 25m,non-stop,No info,2227
Air India,6/05/2019,Kolkata,Banglore,CCU → DEL → COK → TRV → BLR,10:00,10:30 07 May,24h 30m,3 stops,No info,12797
Jet Airways,12/05/2019,Kolkata,Banglore,CCU → DEL → BLR,17:00,23:35,6h 35m,1 stop,No info,14151
Air Asia,12/06/2019,Kolkata,Banglore,CCU → DEL → BLR,22:40,10:40 13 Jun,12h,1 stop,No info,5192
Multiple carriers,15/05/2019,Delhi,Cochin,DEL → HYD → COK,07:05,16:10,9h 5m,1 stop,No info,9646
Air India,6/06/2019,Kolkata,Banglore,CCU → BOM → BLR,16:50,07:55 07 Jun,15h 5m,1 stop,No info,8366
Jet Airways,27/06/2019,Delhi,Cochin,DEL → AMD → BOM → COK,23:05,04:25 29 Jun,29h 20m,2 stops,No info,12819
Air India,9/05/2019,Delhi,Cochin,DEL → MAA → COK,06:05,09:25 10 May,27h 20m,1 stop,No info,7480
Multiple carriers,1/06/2019,Delhi,Cochin,DEL → BOM → COK,16:00,01:30 02 Jun,9h 30m,1 stop,No info,13377
Jet Airways,21/05/2019,Delhi,Cochin,DEL → BOM → COK,08:00,19:00,11h,1 stop,No info,16289
IndiGo,21/04/2019,Kolkata,Banglore,CCU → BLR,15:30,18:05,2h 35m,non-stop,No info,4804
IndiGo,09/03/2019,Banglore,New Delhi,BLR → DEL,01:30,04:15,2h 45m,non-stop,No info,4545
IndiGo,1/05/2019,Banglore,Delhi,BLR → DEL,16:55,19:55,3h,non-stop,No info,4823
IndiGo,9/06/2019,Delhi,Cochin,DEL → HYD → COK,07:35,12:10,4h 35m,1 stop,No info,5054
Jet Airways,1/06/2019,Delhi,Cochin,DEL → BOM → COK,18:15,12:35 02 Jun,18h 20m,1 stop,In-flight meal not included,10262
IndiGo,27/03/2019,Delhi,Cochin,DEL → BOM → COK,11:30,01:35 28 Mar,14h 5m,1 stop,No info,6206
Multiple carriers,1/06/2019,Delhi,Cochin,DEL → BOM → COK,12:50,01:30 02 Jun,12h 40m,1 stop,No info,6795
Multiple carriers,1/06/2019,Delhi,Cochin,DEL → BOM → COK,07:00,21:00,14h,1 stop,No info,7408
Air Asia,6/05/2019,Kolkata,Banglore,CCU → BLR,19:55,22:25,2h 30m,non-stop,No info,4409
Air India,1/06/2019,Chennai,Kolkata,MAA → CCU,11:40,13:55,2h 15m,non-stop,No info,4667
IndiGo,6/05/2019,Kolkata,Banglore,CCU → MAA → BLR,08:10,13:00,4h 50m,1 stop,No info,5069
SpiceJet,1/04/2019,Kolkata,Banglore,CCU → BLR,22:20,00:40 02 Apr,2h 20m,non-stop,No info,3873
Multiple carriers,27/06/2019,Delhi,Cochin,DEL → BOM → COK,07:30,19:00,11h 30m,1 stop,No info,10877
Air India,9/05/2019,Delhi,Cochin,DEL → GOI → BOM → COK,22:00,19:15 10 May,21h 15m,2 stops,No info,10441
IndiGo,24/04/2019,Banglore,Delhi,BLR → DEL,06:05,08:50,2h 45m,non-stop,No info,4423
SpiceJet,24/03/2019,Banglore,New Delhi,BLR → DEL,20:30,23:20,2h 50m,non-stop,No check-in baggage included,3873
IndiGo,6/03/2019,Delhi,Cochin,DEL → BOM → COK,17:10,01:35 07 Mar,8h 25m,1 stop,No info,14871
IndiGo,24/06/2019,Banglore,Delhi,BLR → DEL,06:05,08:50,2h 45m,non-stop,No info,3943
Multiple carriers,18/05/2019,Delhi,Cochin,DEL → BOM → COK,10:20,01:30 19 May,15h 10m,1 stop,No info,7670
SpiceJet,1/04/2019,Delhi,Cochin,DEL → MAA → COK,06:05,11:20,5h 15m,1 stop,No info,5351
Air India,15/03/2019,Banglore,New Delhi,BLR → DEL,10:00,12:45,2h 45m,non-stop,No info,7276
Jet Airways,18/05/2019,Delhi,Cochin,DEL → ATQ → BOM → COK,20:00,04:25 19 May,8h 25m,2 stops,In-flight meal not included,15318
Air India,24/05/2019,Delhi,Cochin,DEL → MAA → COK,09:45,09:25 25 May,23h 40m,1 stop,No info,7480
Jet Airways,15/06/2019,Delhi,Cochin,DEL → BDQ → BOM → COK,18:25,12:35 16 Jun,18h 10m,2 stops,No info,14237
Jet Airways,18/05/2019,Delhi,Cochin,DEL → AMD → BOM → COK,23:05,04:25 20 May,29h 20m,2 stops,No info,16704
IndiGo,12/05/2019,Mumbai,Hyderabad,BOM → HYD,09:10,10:40,1h 30m,non-stop,No info,4049
SpiceJet,6/06/2019,Kolkata,Banglore,CCU → BLR,17:10,19:40,2h 30m,non-stop,No info,3873
Jet Airways,12/06/2019,Delhi,Cochin,DEL → BOM → COK,09:00,19:00,10h,1 stop,No info,14714
Multiple carriers,15/06/2019,Delhi,Cochin,DEL → BOM → COK,11:25,19:00,7h 35m,1 stop,No info,10877
Multiple carriers,3/06/2019,Delhi,Cochin,DEL → BOM → COK,12:50,01:30 04 Jun,12h 40m,1 stop,No info,7530
Vistara,6/03/2019,Mumbai,Hyderabad,BOM → DEL → HYD,21:55,16:45 07 Mar,18h 50m,1 stop,No info,12395
SpiceJet,24/05/2019,Mumbai,Hyderabad,BOM → HYD,05:45,07:15,1h 30m,non-stop,No check-in baggage included,1965
Jet Airways,24/03/2019,Kolkata,Banglore,CCU → BOM → BLR,18:55,12:00 25 Mar,17h 5m,1 stop,No info,14231
IndiGo,6/05/2019,Chennai,Kolkata,MAA → CCU,07:55,10:15,2h 20m,non-stop,No info,3850
Jet Airways,12/06/2019,Kolkata,Banglore,CCU → BOM → BLR,08:25,20:45,12h 20m,1 stop,In-flight meal not included,9899
Jet Airways,24/03/2019,Kolkata,Banglore,CCU → BOM → BLR,18:55,12:00 25 Mar,17h 5m,1 stop,In-flight meal not included,11134
Jet Airways,18/05/2019,Delhi,Cochin,DEL → BOM → COK,17:30,19:00 19 May,25h 30m,1 stop,In-flight meal not included,12373
Jet Airways,9/05/2019,Kolkata,Banglore,CCU → BOM → BLR,08:25,20:45,12h 20m,1 stop,In-flight meal not included,10844
Multiple carriers,27/05/2019,Delhi,Cochin,DEL → BOM → COK,10:35,19:15,8h 40m,1 stop,No info,8625
Jet Airways,3/06/2019,Delhi,Cochin,DEL → BOM → COK,11:30,04:25 04 Jun,16h 55m,1 stop,In-flight meal not included,11627
Air India,27/06/2019,Delhi,Cochin,DEL → HYD → MAA → COK,09:45,09:25 28 Jun,23h 40m,2 stops,No info,10975
Jet Airways,21/05/2019,Kolkata,Banglore,CCU → BOM → BLR,08:25,19:50,11h 25m,1 stop,No info,14781
Jet Airways,15/03/2019,Banglore,New Delhi,BLR → BOM → DEL,07:00,13:15,6h 15m,1 stop,In-flight meal not included,9134
Air India,24/06/2019,Delhi,Cochin,DEL → BOM → COK,07:00,19:15,12h 15m,1 stop,No info,8879
IndiGo,15/03/2019,Mumbai,Hyderabad,BOM → HYD,20:05,21:35,1h 30m,non-stop,No info,2754
Jet Airways,9/05/2019,Kolkata,Banglore,CCU → DEL → BLR,09:35,21:05,11h 30m,1 stop,In-flight meal not included,12384
Jet Airways,24/03/2019,Kolkata,Banglore,CCU → BOM → BLR,13:55,23:25,9h 30m,1 stop,No info,14231
Vistara,24/03/2019,Banglore,New Delhi,BLR → DEL,21:10,00:05 28 Mar,2h 55m,non-stop,No info,4353
IndiGo,24/03/2019,Banglore,New Delhi,BLR → DEL,04:00,06:50,2h 50m,non-stop,No info,4777
Jet Airways,15/06/2019,Delhi,Cochin,DEL → NAG → BOM → COK,06:45,04:25 16 Jun,21h 40m,2 stops,No info,13376
SpiceJet,24/05/2019,Kolkata,Banglore,CCU → BLR,17:10,19:40,2h 30m,non-stop,No check-in baggage included,3841
Multiple carriers,27/06/2019,Delhi,Cochin,DEL → BOM → COK,10:35,19:15,8h 40m,1 stop,No info,7155
IndiGo,6/04/2019,Kolkata,Banglore,CCU → BLR,14:25,16:55,2h 30m,non-stop,No info,4174
Jet Airways,24/03/2019,Kolkata,Banglore,CCU → BOM → BLR,19:45,20:40 25 Mar,24h 55m,1 stop,In-flight meal not included,10031
Multiple carriers,12/06/2019,Delhi,Cochin,DEL → BOM → COK,07:00,19:00,12h,1 stop,No info,12192
SpiceJet,15/04/2019,Delhi,Cochin,DEL → PNQ → COK,08:45,13:15,4h 30m,1 stop,No check-in baggage included,5726
Multiple carriers,6/03/2019,Delhi,Cochin,DEL → BOM → COK,06:00,15:30,9h 30m,1 stop,No info,15147
Jet Airways,18/05/2019,Delhi,Cochin,DEL → BOM → COK,20:55,19:00 19 May,22h 5m,1 stop,No info,15554
Jet Airways,1/06/2019,Banglore,Delhi,BLR → DEL,07:10,10:10,3h,non-stop,No info,8016
Air Asia,1/06/2019,Delhi,Cochin,DEL → BLR → COK,16:45,22:25,5h 40m,1 stop,No info,11410
Jet Airways,24/05/2019,Mumbai,Hyderabad,BOM → HYD,10:20,11:50,1h 30m,non-stop,No info,8040
IndiGo,3/06/2019,Delhi,Cochin,DEL → HYD → COK,08:35,22:30,13h 55m,1 stop,No info,6442
Jet Airways,9/05/2019,Mumbai,Hyderabad,BOM → HYD,07:05,08:30,1h 25m,non-stop,In-flight meal not included,4995
Jet Airways,6/05/2019,Kolkata,Banglore,CCU → DEL → BLR,09:35,09:45 07 May,24h 10m,1 stop,No info,10953
Jet Airways,1/04/2019,Kolkata,Banglore,CCU → BOM → BLR,16:30,16:20 02 Apr,23h 50m,1 stop,In-flight meal not included,7064
IndiGo,9/04/2019,Banglore,Delhi,BLR → DEL,07:10,10:05,2h 55m,non-stop,No info,4823
Jet Airways,6/06/2019,Delhi,Cochin,DEL → BOM → COK,15:00,19:00 07 Jun,28h,1 stop,No info,14714
Jet Airways,12/06/2019,Kolkata,Banglore,CCU → DEL → BLR,09:35,18:00,8h 25m,1 stop,No info,12692
Jet Airways,6/06/2019,Delhi,Cochin,DEL → BOM → COK,22:50,04:25 07 Jun,5h 35m,1 stop,In-flight meal not included,10262
Jet Airways,24/03/2019,Mumbai,Hyderabad,BOM → HYD,02:55,04:25,1h 30m,non-stop,In-flight meal not included,2071
Air India,12/03/2019,Banglore,New Delhi,BLR → HYD → VGA → DEL,06:50,11:20 13 Mar,28h 30m,2 stops,No info,12734
Jet Airways,3/06/2019,Delhi,Cochin,DEL → BOM → COK,22:50,04:25 04 Jun,5h 35m,1 stop,In-flight meal not included,10262
Jet Airways,24/03/2019,Kolkata,Banglore,CCU → BOM → BLR,19:45,09:15 25 Mar,13h 30m,1 stop,In-flight meal not included,11134
Jet Airways,24/05/2019,Kolkata,Banglore,CCU → DEL → BLR,20:25,23:35 25 May,27h 10m,1 stop,No info,14151
Multiple carriers,27/05/2019,Delhi,Cochin,DEL → BOM → COK,13:00,21:00,8h,1 stop,No info,7408
Jet Airways,9/05/2019,Kolkata,Banglore,CCU → DEL → BLR,17:00,23:35,6h 35m,1 stop,In-flight meal not included,7341
Jet Airways,12/03/2019,Banglore,New Delhi,BLR → BOM → DEL,20:35,19:10 13 Mar,22h 35m,1 stop,In-flight meal not included,11087
Air India,3/04/2019,Kolkata,Banglore,CCU → BBI → HYD → BLR,09:10,11:05 04 Apr,25h 55m,2 stops,No info,4647
Air India,6/06/2019,Delhi,Cochin,DEL → BOM → COK,10:00,19:15,9h 15m,1 stop,No info,9194
Multiple carriers,15/05/2019,Delhi,Cochin,DEL → BOM → COK,10:20,19:15,8h 55m,1 stop,No info,8266
Air India,12/06/2019,Banglore,Delhi,BLR → DEL,06:10,08:55,2h 45m,non-stop,No info,6961
IndiGo,09/03/2019,Banglore,New Delhi,BLR → DEL,18:25,21:20,2h 55m,non-stop,No info,6860
Air India,12/06/2019,Kolkata,Banglore,CCU → DEL → COK → BLR,10:00,13:45 13 Jun,27h 45m,2 stops,No info,12224
IndiGo,27/05/2019,Chennai,Kolkata,MAA → CCU,07:55,10:15,2h 20m,non-stop,No info,3850
SpiceJet,18/03/2019,Kolkata,Banglore,CCU → BLR,06:55,09:35,2h 40m,non-stop,No info,4465
SpiceJet,21/06/2019,Chennai,Kolkata,MAA → CCU,08:20,10:35,2h 15m,non-stop,No check-in baggage included,3543
Jet Airways,15/06/2019,Delhi,Cochin,DEL → BOM → COK,19:15,19:00 16 Jun,23h 45m,1 stop,In-flight meal not included,10262
IndiGo,3/06/2019,Delhi,Cochin,DEL → COK,05:35,08:50,3h 15m,non-stop,No info,5601
Air India,9/05/2019,Kolkata,Banglore,CCU → BOM → BLR,09:25,18:30,9h 5m,1 stop,No info,8891
Jet Airways,15/05/2019,Kolkata,Banglore,CCU → DEL → BLR,17:00,09:45 16 May,16h 45m,1 stop,No info,13067
Jet Airways,6/03/2019,Delhi,Cochin,DEL → BOM → COK,09:00,18:50,9h 50m,1 stop,No info,17024
Jet Airways,6/06/2019,Delhi,Cochin,DEL → NAG → BOM → COK,14:35,04:25 07 Jun,13h 50m,2 stops,No info,13376
Multiple carriers,15/06/2019,Delhi,Cochin,DEL → BOM → COK,08:00,21:00,13h,1 stop,No info,13587
Air India,12/06/2019,Kolkata,Banglore,CCU → MAA → BLR,14:35,14:35 13 Jun,24h,1 stop,No info,6528
Air India,24/05/2019,Banglore,Delhi,BLR → DEL,06:10,08:55,2h 45m,non-stop,No info,8273
Multiple carriers,15/06/2019,Delhi,Cochin,DEL → BOM → COK,10:00,01:30 16 Jun,15h 30m,1 stop,No info,8510
GoAir,1/05/2019,Banglore,Delhi,BLR → DEL,11:40,14:30,2h 50m,non-stop,No info,4340
Jet Airways,6/05/2019,Banglore,Delhi,BLR → DEL,17:45,20:45,3h,non-stop,In-flight meal not included,4030
Multiple carriers,9/05/2019,Delhi,Cochin,DEL → BOM → COK,07:00,19:00,12h,1 stop,No info,10197
Jet Airways,18/05/2019,Kolkata,Banglore,CCU → DEL → BLR,09:35,22:05,12h 30m,1 stop,In-flight meal not included,12384
Jet Airways,9/03/2019,Delhi,Cochin,DEL → BOM → COK,19:45,04:25 10 Mar,8h 40m,1 stop,In-flight meal not included,11848
Jet Airways,6/06/2019,Kolkata,Banglore,CCU → BOM → PNQ → BLR,06:30,07:25 07 Jun,24h 55m,2 stops,In-flight meal not included,10118
Air India,9/05/2019,Kolkata,Banglore,CCU → BOM → BLR,09:25,07:55 10 May,22h 30m,1 stop,No info,8366
Air India,9/04/2019,Delhi,Cochin,DEL → GOI → BOM → COK,22:00,19:15 10 Apr,21h 15m,2 stops,No info,8341
Multiple carriers,15/06/2019,Delhi,Cochin,DEL → BOM → COK,07:00,21:00,14h,1 stop,No info,7408
Multiple carriers,21/03/2019,Delhi,Cochin,DEL → BOM → COK,09:00,21:00,12h,1 stop,No info,6883
Jet Airways,1/04/2019,Kolkata,Banglore,CCU → BOM → BLR,16:30,22:35,6h 5m,1 stop,No info,12681
IndiGo,15/05/2019,Delhi,Cochin,DEL → COK,05:35,08:50,3h 15m,non-stop,No info,6015
IndiGo,9/06/2019,Delhi,Cochin,DEL → BLR → COK,05:10,10:05,4h 55m,1 stop,No info,6496
Jet Airways,21/05/2019,Mumbai,Hyderabad,BOM → HYD,07:05,08:30,1h 25m,non-stop,No info,8040
Jet Airways,6/04/2019,Banglore,Delhi,BLR → DEL,17:45,20:45,3h,non-stop,No info,7229
Jet Airways,9/06/2019,Kolkata,Banglore,CCU → BOM → BLR,08:25,18:15,9h 50m,1 stop,In-flight meal not included,10844
IndiGo,3/04/2019,Kolkata,Banglore,CCU → MAA → BLR,06:15,10:30,4h 15m,1 stop,No info,4226
Jet Airways,6/03/2019,Delhi,Cochin,DEL → BOM → COK,23:05,19:45 07 Mar,20h 40m,1 stop,No info,17024
Air India,12/06/2019,Kolkata,Banglore,CCU → DEL → BLR,20:30,20:25 13 Jun,23h 55m,1 stop,No info,10203
Jet Airways,18/05/2019,Delhi,Cochin,DEL → BOM → COK,13:00,12:35 19 May,23h 35m,1 stop,In-flight meal not included,12373
Jet Airways,24/05/2019,Kolkata,Banglore,CCU → DEL → BLR,09:35,14:25 25 May,28h 50m,1 stop,No info,12121
Air India,27/06/2019,Delhi,Cochin,DEL → JAI → BOM → COK,12:00,19:15,7h 15m,2 stops,No info,8603
Air India,18/05/2019,Kolkata,Banglore,CCU → DEL → COK → BLR,07:00,01:20 19 May,18h 20m,2 stops,No info,13243
Air India,03/03/2019,Banglore,New Delhi,BLR → BOM → AMD → DEL,06:45,23:55,17h 10m,2 stops,No info,10573
Jet Airways,3/06/2019,Banglore,Delhi,BLR → DEL,11:10,14:05,2h 55m,non-stop,In-flight meal not included,5769
Jet Airways,18/05/2019,Delhi,Cochin,DEL → BOM → COK,17:30,04:25 19 May,10h 55m,1 stop,In-flight meal not included,12373
Jet Airways,15/06/2019,Delhi,Cochin,DEL → ATQ → BOM → COK,12:15,12:35 16 Jun,24h 20m,2 stops,No info,14300
Jet Airways,21/03/2019,Banglore,New Delhi,BLR → MAA → DEL,09:45,14:25,4h 40m,1 stop,In-flight meal not included,7280
Jet Airways,9/05/2019,Delhi,Cochin,DEL → BOM → COK,09:00,19:00,10h,1 stop,No info,15554
Jet Airways,9/06/2019,Delhi,Cochin,DEL → BDQ → BOM → COK,18:25,12:35 10 Jun,18h 10m,2 stops,No info,14237
Jet Airways,21/03/2019,Delhi,Cochin,DEL → BOM → COK,13:00,18:50,5h 50m,1 stop,In-flight meal not included,6540
Jet Airways,06/03/2019,Banglore,New Delhi,BLR → BOM → DEL,20:35,07:40 07 Mar,11h 5m,1 stop,No info,16736
SpiceJet,18/05/2019,Mumbai,Hyderabad,BOM → HYD,22:45,00:15 19 May,1h 30m,non-stop,No check-in baggage included,1965
Jet Airways,1/04/2019,Kolkata,Banglore,CCU → BOM → BLR,18:55,12:00 02 Apr,17h 5m,1 stop,In-flight meal not included,7064
Jet Airways,9/06/2019,Kolkata,Banglore,CCU → BOM → BLR,06:30,19:50,13h 20m,1 stop,No info,14571
IndiGo,15/03/2019,Mumbai,Hyderabad,BOM → HYD,09:10,10:40,1h 30m,non-stop,No info,4049
Jet Airways,1/06/2019,Delhi,Cochin,DEL → BOM → COK,17:30,19:00 02 Jun,25h 30m,1 stop,In-flight meal not included,10262
Jet Airways,9/04/2019,Delhi,Cochin,DEL → JAI → BOM → COK,05:30,04:25 10 Apr,22h 55m,2 stops,No info,10909
Vistara,9/06/2019,Kolkata,Banglore,CCU → DEL → BLR,17:00,20:20 10 Jun,27h 20m,1 stop,No info,8610
Jet Airways,21/05/2019,Delhi,Cochin,DEL → BOM → COK,22:50,04:25 22 May,5h 35m,1 stop,In-flight meal not included,12898
SpiceJet,3/06/2019,Kolkata,Banglore,CCU → BLR,17:10,19:40,2h 30m,non-stop,No info,3873
SpiceJet,18/06/2019,Banglore,Delhi,BLR → DEL,21:10,00:05 19 Jun,2h 55m,non-stop,No info,3971
SpiceJet,15/06/2019,Kolkata,Banglore,CCU → BLR,09:00,11:25,2h 25m,non-stop,No info,3873
IndiGo,12/05/2019,Chennai,Kolkata,MAA → CCU,13:15,15:35,2h 20m,non-stop,No info,3597
Air India,15/03/2019,Banglore,New Delhi,BLR → CCU → BBI → DEL,05:50,12:05 16 Mar,30h 15m,2 stops,No info,7664
Air Asia,24/05/2019,Kolkata,Banglore,CCU → BLR,10:20,12:55,2h 35m,non-stop,No info,4409
Multiple carriers,15/06/2019,Delhi,Cochin,DEL → BOM → COK,11:40,19:00,7h 20m,1 stop,No info,11789
Multiple carriers,12/06/2019,Delhi,Cochin,DEL → BOM → COK,11:40,19:00,7h 20m,1 stop,No info,11789
SpiceJet,15/05/2019,Banglore,Delhi,BLR → DEL,09:30,12:20,2h 50m,non-stop,No check-in baggage included,4319
Jet Airways,21/05/2019,Delhi,Cochin,DEL → BOM → COK,22:50,04:25 22 May,5h 35m,1 stop,No info,16079
GoAir,6/04/2019,Delhi,Cochin,DEL → BOM → COK,10:35,19:35,9h,1 stop,No info,5135
Jet Airways,12/06/2019,Delhi,Cochin,DEL → NAG → BOM → COK,14:35,04:25 13 Jun,13h 50m,2 stops,In-flight meal not included,10919
Jet Airways,12/05/2019,Kolkata,Banglore,CCU → BOM → BLR,18:55,10:05 13 May,15h 10m,1 stop,No info,14388
IndiGo,27/04/2019,Kolkata,Banglore,CCU → BLR,04:40,07:15,2h 35m,non-stop,No info,4804
IndiGo,9/06/2019,Kolkata,Banglore,CCU → MAA → BLR,08:10,13:00,4h 50m,1 stop,No info,5069
Jet Airways,1/06/2019,Delhi,Cochin,DEL → BOM → COK,14:00,04:25 02 Jun,14h 25m,1 stop,No info,14714
Air India,09/03/2019,Banglore,New Delhi,BLR → HYD → DEL,06:50,08:50 13 Mar,26h,1 stop,No info,5626
IndiGo,18/06/2019,Banglore,Delhi,BLR → DEL,10:10,13:00,2h 50m,non-stop,No info,3943
SpiceJet,21/06/2019,Kolkata,Banglore,CCU → BLR,17:10,19:40,2h 30m,non-stop,No check-in baggage included,3841
IndiGo,24/06/2019,Delhi,Cochin,DEL → LKO → COK,21:50,03:35 25 Jun,5h 45m,1 stop,No info,5775
IndiGo,24/05/2019,Mumbai,Hyderabad,BOM → HYD,09:10,10:40,1h 30m,non-stop,No info,5755
Jet Airways,12/03/2019,Banglore,New Delhi,BLR → BOM → DEL,05:45,20:20,14h 35m,1 stop,No info,13817
Jet Airways,27/06/2019,Banglore,Delhi,BLR → DEL,11:10,14:05,2h 55m,non-stop,No info,8016
Jet Airways,9/03/2019,Delhi,Cochin,DEL → BOM → COK,18:15,18:50 10 Mar,24h 35m,1 stop,No info,16289
Air India,6/03/2019,Mumbai,Hyderabad,BOM → JDH → DEL → HYD,09:40,23:45,14h 5m,2 stops,No info,22619
Jet Airways,6/05/2019,Kolkata,Banglore,CCU → BOM → BLR,18:55,04:40 07 May,9h 45m,1 stop,No info,13941
Jet Airways,24/03/2019,Kolkata,Banglore,CCU → BOM → BLR,19:45,18:10 25 Mar,22h 25m,1 stop,In-flight meal not included,10031
Air India,24/05/2019,Kolkata,Banglore,CCU → BOM → BLR,09:25,18:30,9h 5m,1 stop,No info,8576
Jet Airways,1/04/2019,Kolkata,Banglore,CCU → BOM → BLR,20:00,20:45 02 Apr,24h 45m,1 stop,In-flight meal not included,7064
Air Asia,6/06/2019,Kolkata,Banglore,CCU → IXR → DEL → BLR,15:10,23:30,8h 20m,2 stops,No info,6810
Multiple carriers,21/05/2019,Delhi,Cochin,DEL → BOM → COK,11:40,21:00,9h 20m,1 stop,No info,7485
Jet Airways,27/05/2019,Delhi,Cochin,DEL → BOM → COK,19:45,19:00 28 May,23h 15m,1 stop,In-flight meal not included,12898
Jet Airways,24/05/2019,Kolkata,Banglore,CCU → BOM → BLR,16:30,18:15 25 May,25h 45m,1 stop,In-flight meal not included,10844
SpiceJet,6/06/2019,Mumbai,Hyderabad,BOM → HYD,22:45,00:15 07 Jun,1h 30m,non-stop,No check-in baggage included,1965
Multiple carriers,6/03/2019,Delhi,Cochin,DEL → BOM → COK,11:30,21:00,9h 30m,1 stop,In-flight meal not included,15136
Jet Airways,27/06/2019,Delhi,Cochin,DEL → BOM → COK,02:15,19:00,16h 45m,1 stop,In-flight meal not included,10262
Jet Airways,27/05/2019,Delhi,Cochin,DEL → JAI → BOM → COK,09:40,04:25 28 May,18h 45m,2 stops,No info,15129
SpiceJet,18/03/2019,Mumbai,Hyderabad,BOM → HYD,13:10,14:30,1h 20m,non-stop,No check-in baggage included,2385
Multiple carriers,24/06/2019,Delhi,Cochin,DEL → BOM → COK,03:50,19:00,15h 10m,1 stop,No info,12192
Jet Airways,6/06/2019,Kolkata,Banglore,CCU → BOM → BLR,08:25,19:50,11h 25m,1 stop,No info,14571
IndiGo,18/05/2019,Banglore,Delhi,BLR → DEL,18:55,21:50,2h 55m,non-stop,No info,4823
Jet Airways,21/03/2019,Banglore,New Delhi,BLR → BOM → DEL,11:40,07:40 19 Mar,20h,1 stop,In-flight meal not included,7832
Jet Airways,18/05/2019,Delhi,Cochin,DEL → BOM → COK,08:00,19:00,11h,1 stop,No info,15554
SpiceJet,24/05/2019,Chennai,Kolkata,MAA → CCU,17:45,20:05,2h 20m,non-stop,No info,3597
Air Asia,09/03/2019,Banglore,New Delhi,BLR → DEL,23:25,02:10 10 Mar,2h 45m,non-stop,No info,5615
Jet Airways,9/06/2019,Kolkata,Banglore,CCU → BOM → BLR,21:10,22:35 10 Jun,25h 25m,1 stop,In-flight meal not included,10844
Multiple carriers,15/06/2019,Delhi,Cochin,DEL → BOM → COK,14:00,21:00,7h,1 stop,No info,13587
Jet Airways,18/03/2019,Banglore,New Delhi,BLR → BOM → DEL,05:45,18:25,12h 40m,1 stop,No info,12284
Jet Airways,27/03/2019,Mumbai,Hyderabad,BOM → HYD,07:10,08:35,1h 25m,non-stop,In-flight meal not included,3205
Air India,15/03/2019,Banglore,New Delhi,BLR → MAA → DEL,11:50,13:00 16 Mar,25h 10m,1 stop,No info,8032
IndiGo,9/05/2019,Delhi,Cochin,DEL → PNQ → COK,23:30,04:35 10 May,5h 5m,1 stop,No info,8177
SpiceJet,18/06/2019,Kolkata,Banglore,CCU → BLR,09:00,11:25,2h 25m,non-stop,No info,3873
Air India,6/06/2019,Kolkata,Banglore,CCU → GAU → BLR,16:45,21:05 07 Jun,28h 20m,1 stop,No info,7662
Jet Airways,21/05/2019,Delhi,Cochin,DEL → BOM → COK,20:55,19:00 22 May,22h 5m,1 stop,No info,16079
Multiple carriers,18/05/2019,Delhi,Cochin,DEL → BOM → COK,17:30,01:30 19 May,8h,1 stop,No info,13727
Air India,9/03/2019,Delhi,Cochin,DEL → BOM → COK,04:00,19:15,15h 15m,1 stop,No info,11050
IndiGo,6/04/2019,Kolkata,Banglore,CCU → BLR,04:40,07:15,2h 35m,non-stop,No info,4174
IndiGo,15/05/2019,Banglore,Delhi,BLR → DEL,06:05,08:50,2h 45m,non-stop,No info,4423
Multiple carriers,9/06/2019,Delhi,Cochin,DEL → BOM → COK,04:55,12:35,7h 40m,1 stop,No info,10877
Jet Airways,9/06/2019,Kolkata,Banglore,CCU → DEL → BLR,20:25,09:45 10 Jun,13h 20m,1 stop,No info,14151
Jet Airways,01/03/2019,Banglore,New Delhi,BLR → BOM → DEL,14:05,07:40 02 Mar,17h 35m,1 stop,1 Long layover,22270
Vistara,12/06/2019,Kolkata,Banglore,CCU → DEL → BLR,07:10,20:20,13h 10m,1 stop,No info,8610
SpiceJet,18/03/2019,Mumbai,Hyderabad,BOM → HYD,22:45,00:10 19 Mar,1h 25m,non-stop,No check-in baggage included,1965
Jet Airways,24/05/2019,Banglore,Delhi,BLR → DEL,08:20,11:20,3h,non-stop,No info,7229
Jet Airways,24/03/2019,Kolkata,Banglore,CCU → BOM → BLR,08:25,04:45 25 Mar,20h 20m,1 stop,In-flight meal not included,10031
Jet Airways,18/05/2019,Delhi,Cochin,DEL → BOM → COK,19:15,12:35 19 May,17h 20m,1 stop,In-flight meal not included,12373
Multiple carriers,3/03/2019,Delhi,Cochin,DEL → BOM → COK,08:00,18:50,10h 50m,1 stop,No info,15342
Air Asia,12/04/2019,Banglore,Delhi,BLR → DEL,11:10,13:55,2h 45m,non-stop,No info,4483
Jet Airways,27/03/2019,Delhi,Cochin,DEL → BOM → COK,09:55,18:50,8h 55m,1 stop,In-flight meal not included,5963
IndiGo,1/05/2019,Chennai,Kolkata,MAA → CCU,07:55,10:15,2h 20m,non-stop,No info,3850
Air India,6/03/2019,Delhi,Cochin,DEL → HYD → BOM → COK,07:05,19:15 07 Mar,36h 10m,2 stops,No info,11552
IndiGo,15/05/2019,Kolkata,Banglore,CCU → PNQ → BLR,21:00,02:15 16 May,5h 15m,1 stop,No info,7228
IndiGo,24/03/2019,Kolkata,Banglore,CCU → BLR,15:10,17:45,2h 35m,non-stop,No info,7615
SpiceJet,27/04/2019,Kolkata,Banglore,CCU → BLR,09:00,11:25,2h 25m,non-stop,No check-in baggage included,3841
IndiGo,1/05/2019,Kolkata,Banglore,CCU → BLR,04:40,07:15,2h 35m,non-stop,No info,4804
SpiceJet,21/04/2019,Kolkata,Banglore,CCU → BLR,17:10,19:40,2h 30m,non-stop,No check-in baggage included,4807
Air India,1/04/2019,Kolkata,Banglore,CCU → BOM → AMD → BLR,09:25,05:25 02 Apr,20h,2 stops,No info,12219
Air India,18/05/2019,Kolkata,Banglore,CCU → JAI → DEL → BLR,08:20,20:25,12h 5m,2 stops,No info,12534
GoAir,27/05/2019,Banglore,Delhi,BLR → DEL,11:40,14:30,2h 50m,non-stop,No info,3398
Jet Airways,01/03/2019,Banglore,New Delhi,BLR → BOM → DEL,18:40,00:45 02 Mar,6h 5m,1 stop,No info,35185
GoAir,1/04/2019,Banglore,Delhi,BLR → DEL,07:45,10:40,2h 55m,non-stop,No info,4239
Air India,9/05/2019,Delhi,Cochin,DEL → GOI → BOM → COK,22:00,19:15 10 May,21h 15m,2 stops,No info,10441
IndiGo,12/05/2019,Banglore,Delhi,BLR → DEL,10:10,13:00,2h 50m,non-stop,No info,3943
Jet Airways,21/03/2019,Delhi,Cochin,DEL → AMD → BOM → COK,19:10,18:50 22 Mar,23h 40m,2 stops,No info,10929
Jet Airways,1/04/2019,Kolkata,Banglore,CCU → BOM → BLR,16:30,04:40 02 Apr,12h 10m,1 stop,In-flight meal not included,7064
IndiGo,09/03/2019,Banglore,New Delhi,BLR → DEL,05:30,08:20,2h 50m,non-stop,No info,4777
Jet Airways,06/03/2019,Banglore,New Delhi,BLR → BOM → DEL,21:25,09:30 07 Mar,12h 5m,1 stop,No info,17261
IndiGo,21/05/2019,Kolkata,Banglore,CCU → BLR,15:30,18:05,2h 35m,non-stop,No info,4804
SpiceJet,21/04/2019,Kolkata,Banglore,CCU → BLR,09:00,11:25,2h 25m,non-stop,No check-in baggage included,4439
Air India,18/05/2019,Kolkata,Banglore,CCU → BBI → BOM → BLR,12:00,11:10 19 May,23h 10m,2 stops,No info,10676
Jet Airways,1/04/2019,Kolkata,Banglore,CCU → DEL → BLR,09:35,18:00,8h 25m,1 stop,In-flight meal not included,9314
Jet Airways,9/06/2019,Kolkata,Banglore,CCU → DEL → BLR,20:25,21:05 10 Jun,24h 40m,1 stop,In-flight meal not included,10539
Jet Airways,9/06/2019,Kolkata,Banglore,CCU → DEL → BLR,09:35,22:05,12h 30m,1 stop,No info,14676
Jet Airways,27/03/2019,Delhi,Cochin,DEL → BOM → COK,02:15,04:25 28 Mar,26h 10m,1 stop,In-flight meal not included,6017
Jet Airways,3/05/2019,Mumbai,Hyderabad,BOM → HYD,10:20,11:50,1h 30m,non-stop,In-flight meal not included,4995
Jet Airways,9/06/2019,Kolkata,Banglore,CCU → BOM → BLR,21:10,12:00 10 Jun,14h 50m,1 stop,No info,14571
Air India,1/06/2019,Banglore,Delhi,BLR → DEL,13:20,16:10,2h 50m,non-stop,No info,6961
Air India,1/06/2019,Mumbai,Hyderabad,BOM → HYD,13:55,15:25,1h 30m,non-stop,No info,3625
GoAir,6/05/2019,Banglore,Delhi,BLR → DEL,20:55,23:40,2h 45m,non-stop,No info,3419
IndiGo,27/06/2019,Delhi,Cochin,DEL → BOM → COK,16:00,01:30 28 Jun,9h 30m,1 stop,No info,6316
Jet Airways,06/03/2019,Banglore,New Delhi,BLR → BOM → DEL,16:55,05:05 07 Mar,12h 10m,1 stop,No info,16736
Multiple carriers,12/06/2019,Delhi,Cochin,DEL → IDR → BOM → COK,15:05,01:30 13 Jun,10h 25m,2 stops,No info,15965
Jet Airways,9/05/2019,Delhi,Cochin,DEL → JAI → BOM → COK,09:40,04:25 10 May,18h 45m,2 stops,No info,15129
Jet Airways,15/05/2019,Kolkata,Banglore,CCU → BOM → BLR,06:30,23:35,17h 5m,1 stop,In-flight meal not included,8586
SpiceJet,3/05/2019,Kolkata,Banglore,CCU → BLR,22:20,00:40 04 May,2h 20m,non-stop,No info,3873
Multiple carriers,12/06/2019,Delhi,Cochin,DEL → BOM → COK,07:30,19:15,11h 45m,1 stop,No info,7354
IndiGo,9/06/2019,Delhi,Cochin,DEL → BOM → COK,08:30,21:00,12h 30m,1 stop,No info,6838
IndiGo,18/06/2019,Chennai,Kolkata,MAA → CCU,11:35,14:00,2h 25m,non-stop,No info,3858
Jet Airways,27/05/2019,Delhi,Cochin,DEL → AMD → BOM → COK,19:10,12:35 28 May,17h 25m,2 stops,No info,15129
Air India,15/06/2019,Delhi,Cochin,DEL → GOI → BOM → COK,10:55,07:40 16 Jun,20h 45m,2 stops,No info,11753
IndiGo,18/06/2019,Chennai,Kolkata,MAA → CCU,13:15,15:35,2h 20m,non-stop,No info,3597
Jet Airways,24/05/2019,Mumbai,Hyderabad,BOM → HYD,07:05,08:30,1h 25m,non-stop,No info,8040
Air India,6/03/2019,Delhi,Cochin,DEL → COK,05:10,08:00,2h 50m,non-stop,No info,6881
Multiple carriers,9/03/2019,Delhi,Cochin,DEL → BOM → COK,04:00,12:55,8h 55m,1 stop,No info,16259
Air India,6/06/2019,Kolkata,Banglore,CCU → BOM → AMD → BLR,09:25,05:25 07 Jun,20h,2 stops,No info,13217
SpiceJet,15/04/2019,Kolkata,Banglore,CCU → BLR,06:55,09:30,2h 35m,non-stop,No info,3873
Air India,6/06/2019,Delhi,Cochin,DEL → BHO → BOM → COK,05:55,19:15,13h 20m,2 stops,No info,10861
Air India,3/06/2019,Delhi,Cochin,DEL → LKO → BOM → COK,07:10,19:15,12h 5m,2 stops,No info,12698
SpiceJet,24/03/2019,Chennai,Kolkata,MAA → CCU,08:20,10:35,2h 15m,non-stop,No info,3859
IndiGo,6/04/2019,Banglore,Delhi,BLR → DEL,07:10,10:05,2h 55m,non-stop,No info,4823
Air India,21/05/2019,Kolkata,Banglore,CCU → DEL → COK → BLR,10:00,01:20 22 May,15h 20m,2 stops,No info,13033
IndiGo,27/06/2019,Kolkata,Banglore,CCU → BLR,15:15,17:45,2h 30m,non-stop,No info,4804
Jet Airways,15/05/2019,Kolkata,Banglore,CCU → BOM → BLR,18:55,20:45 16 May,25h 50m,1 stop,In-flight meal not included,10844
IndiGo,15/05/2019,Mumbai,Hyderabad,BOM → HYD,09:10,10:40,1h 30m,non-stop,No info,4575
Jet Airways,9/06/2019,Delhi,Cochin,DEL → BOM → COK,21:50,19:00 10 Jun,21h 10m,1 stop,No info,14714
SpiceJet,24/06/2019,Chennai,Kolkata,MAA → CCU,17:45,20:05,2h 20m,non-stop,No info,3597
Jet Airways,6/05/2019,Kolkata,Banglore,CCU → BOM → BLR,06:30,16:20,9h 50m,1 stop,No info,14781
Air Asia,27/03/2019,Delhi,Cochin,DEL → BLR → COK,20:10,07:10 28 Mar,11h,1 stop,No info,6151
SpiceJet,12/04/2019,Banglore,Delhi,BLR → DEL,21:10,00:05 13 Apr,2h 55m,non-stop,No info,5621
Jet Airways,15/05/2019,Kolkata,Banglore,CCU → DEL → BLR,09:35,10:55 16 May,25h 20m,1 stop,No info,14151
IndiGo,15/05/2019,Kolkata,Banglore,CCU → HYD → BLR,15:15,20:05,4h 50m,1 stop,No info,5380
IndiGo,24/03/2019,Banglore,New Delhi,BLR → DEL,23:30,02:20 25 Mar,2h 50m,non-stop,No info,6860
Jet Airways,1/05/2019,Kolkata,Banglore,CCU → DEL → BLR,20:25,10:55 02 May,14h 30m,1 stop,No info,12121
SpiceJet,15/05/2019,Kolkata,Banglore,CCU → PNQ → BLR,08:35,17:15,8h 40m,1 stop,No info,6381
Vistara,6/05/2019,Kolkata,Banglore,CCU → DEL → BLR,20:20,20:20 07 May,24h,1 stop,No info,8610
Air Asia,21/05/2019,Kolkata,Banglore,CCU → DEL → BLR,22:40,10:40 22 May,12h,1 stop,No info,9719
Vistara,6/06/2019,Kolkata,Banglore,CCU → DEL → BLR,17:00,23:25,6h 25m,1 stop,No info,8610
Jet Airways,21/05/2019,Delhi,Cochin,DEL → BOM → COK,16:00,19:00 22 May,27h,1 stop,In-flight meal not included,12898
Multiple carriers,1/06/2019,Delhi,Cochin,DEL → BOM → COK,14:00,01:30 02 Jun,11h 30m,1 stop,No info,13377
Vistara,12/06/2019,Kolkata,Banglore,CCU → DEL → BLR,20:20,18:50 13 Jun,22h 30m,1 stop,No info,8610
Multiple carriers,6/06/2019,Delhi,Cochin,DEL → BOM → COK,17:30,01:30 07 Jun,8h,1 stop,No info,13377
SpiceJet,27/06/2019,Chennai,Kolkata,MAA → CCU,08:20,10:35,2h 15m,non-stop,No info,3597
Jet Airways,9/06/2019,Kolkata,Banglore,CCU → BOM → BLR,21:10,09:20 10 Jun,12h 10m,1 stop,In-flight meal not included,11841
Multiple carriers,18/05/2019,Delhi,Cochin,DEL → BOM → COK,11:40,19:00,7h 20m,1 stop,No info,10529
Jet Airways,6/05/2019,Kolkata,Banglore,CCU → DEL → BLR,17:00,19:10 07 May,26h 10m,1 stop,No info,13067
Vistara,1/04/2019,Kolkata,Banglore,CCU → DEL → BLR,07:10,22:55,15h 45m,1 stop,No info,8295
IndiGo,18/03/2019,Chennai,Kolkata,MAA → CCU,22:05,00:25 19 Mar,2h 20m,non-stop,No info,5277
Air India,9/03/2019,Delhi,Cochin,DEL → CCU → BOM → COK,16:55,19:15 10 Mar,26h 20m,2 stops,No info,22096
Air India,18/05/2019,Kolkata,Banglore,CCU → BOM → COK → BLR,09:25,13:45 19 May,28h 20m,2 stops,No info,13222
SpiceJet,27/06/2019,Chennai,Kolkata,MAA → CCU,09:45,12:00,2h 15m,non-stop,No info,3597
Vistara,6/06/2019,Banglore,Delhi,BLR → DEL,09:45,12:35,2h 50m,non-stop,No info,4668
Multiple carriers,9/03/2019,Delhi,Cochin,DEL → BOM → COK,08:40,19:45,11h 5m,1 stop,No info,18492
Air India,1/04/2019,Delhi,Cochin,DEL → COK,05:10,08:00,2h 50m,non-stop,No info,4729
Jet Airways,6/04/2019,Banglore,Delhi,BLR → DEL,15:15,18:10,2h 55m,non-stop,In-flight meal not included,5198
Air Asia,15/05/2019,Delhi,Cochin,DEL → BLR → COK,16:45,07:10 16 May,14h 25m,1 stop,No info,6752
Air India,24/06/2019,Delhi,Cochin,DEL → BOM → COK,19:00,07:40 25 Jun,12h 40m,1 stop,No info,8372
Air India,12/04/2019,Banglore,Delhi,BLR → DEL,06:10,08:55,2h 45m,non-stop,No info,5911
Jet Airways,9/05/2019,Kolkata,Banglore,CCU → GAU → BLR,10:20,17:35,7h 15m,1 stop,In-flight meal not included,5608
IndiGo,21/03/2019,Delhi,Cochin,DEL → BOM → COK,10:45,15:30,4h 45m,1 stop,No info,6218
SpiceJet,27/06/2019,Mumbai,Hyderabad,BOM → HYD,05:45,07:15,1h 30m,non-stop,No info,2017
Air India,21/05/2019,Delhi,Cochin,DEL → BOM → COK,13:00,19:15,6h 15m,1 stop,No info,8372
IndiGo,3/06/2019,Chennai,Kolkata,MAA → CCU,05:15,07:40,2h 25m,non-stop,No info,3540
Multiple carriers,6/06/2019,Delhi,Cochin,DEL → BOM → COK,11:30,21:00,9h 30m,1 stop,No info,13587
Jet Airways,24/05/2019,Kolkata,Banglore,CCU → DEL → BLR,20:25,14:25 25 May,18h,1 stop,No info,12121
Jet Airways,1/04/2019,Kolkata,Banglore,CCU → BOM → BLR,08:25,16:20,7h 55m,1 stop,No info,12996
Air Asia,1/06/2019,Delhi,Cochin,DEL → BLR → COK,07:55,22:25,14h 30m,1 stop,No info,8759
Air India,03/03/2019,Banglore,New Delhi,BLR → AMD → DEL,00:30,23:55,23h 25m,1 stop,No info,10394
IndiGo,6/03/2019,Delhi,Cochin,DEL → BOM → COK,17:30,01:35 07 Mar,8h 5m,1 stop,No info,14871
Multiple carriers,6/06/2019,Delhi,Cochin,DEL → HYD → COK,07:10,22:30,15h 20m,1 stop,No info,7038
Multiple carriers,21/05/2019,Delhi,Cochin,DEL → BOM → COK,17:30,01:30 22 May,8h,1 stop,No info,14067
IndiGo,27/05/2019,Delhi,Cochin,DEL → MAA → COK,07:15,12:30,5h 15m,1 stop,No info,5636
Multiple carriers,9/06/2019,Delhi,Cochin,DEL → BOM → COK,13:00,21:00,8h,1 stop,No info,7408
Jet Airways,27/06/2019,Banglore,Delhi,BLR → DEL,17:45,20:45,3h,non-stop,No info,8016
IndiGo,9/06/2019,Delhi,Cochin,DEL → COK,05:35,08:50,3h 15m,non-stop,No info,5601
IndiGo,27/03/2019,Delhi,Cochin,DEL → BOM → COK,10:45,01:35 28 Mar,14h 50m,1 stop,No info,6628
Air India,9/03/2019,Delhi,Cochin,DEL → COK,05:10,08:00,2h 50m,non-stop,No info,5831
Jet Airways,21/03/2019,Banglore,New Delhi,BLR → BOM → DEL,20:35,10:25 19 Mar,13h 50m,1 stop,In-flight meal not included,7832
GoAir,9/06/2019,Kolkata,Banglore,CCU → AMD → BLR,16:40,00:15 10 Jun,7h 35m,1 stop,No info,9495
Air India,21/06/2019,Banglore,Delhi,BLR → DEL,17:00,19:45,2h 45m,non-stop,No info,7171
SpiceJet,27/04/2019,Banglore,Delhi,BLR → DEL,05:55,08:35,2h 40m,non-stop,No info,4423
Air India,1/06/2019,Delhi,Cochin,DEL → HYD → BOM → COK,17:15,19:15 02 Jun,26h,2 stops,No info,12970
Jet Airways,24/03/2019,Kolkata,Banglore,CCU → BOM → BLR,21:10,10:05 25 Mar,12h 55m,1 stop,No info,14914
Jet Airways,18/05/2019,Delhi,Cochin,DEL → BOM → COK,22:50,12:35 19 May,13h 45m,1 stop,In-flight meal not included,12373
Jet Airways,6/06/2019,Kolkata,Banglore,CCU → BOM → BLR,20:00,08:15 07 Jun,12h 15m,1 stop,In-flight meal not included,10844
Multiple carriers,9/05/2019,Delhi,Cochin,DEL → BOM → COK,18:15,01:30 10 May,7h 15m,1 stop,No info,15078
SpiceJet,1/05/2019,Mumbai,Hyderabad,BOM → HYD,22:45,00:15 02 May,1h 30m,non-stop,No info,2017
Jet Airways,15/06/2019,Mumbai,Hyderabad,BOM → HYD,07:05,08:30,1h 25m,non-stop,In-flight meal not included,4050
Jet Airways,6/05/2019,Kolkata,Banglore,CCU → BOM → BLR,14:05,19:50,5h 45m,1 stop,No info,14781
Air Asia,15/05/2019,Delhi,Cochin,DEL → BLR → COK,20:45,07:10 16 May,10h 25m,1 stop,No info,6853
IndiGo,15/06/2019,Delhi,Cochin,DEL → BOM → COK,17:30,01:30 16 Jun,8h,1 stop,No info,5883
Jet Airways,6/06/2019,Kolkata,Banglore,CCU → BOM → BLR,06:30,04:40 07 Jun,22h 10m,1 stop,In-flight meal not included,8586
Multiple carriers,9/06/2019,Delhi,Cochin,DEL → HYD → COK,07:05,22:30,15h 25m,1 stop,No info,9646
IndiGo,3/03/2019,Delhi,Cochin,DEL → HYD → COK,07:35,22:20,14h 45m,1 stop,No info,11600
Jet Airways,6/05/2019,Banglore,Delhi,BLR → DEL,08:20,11:20,3h,non-stop,In-flight meal not included,4544
Air India,24/03/2019,Kolkata,Banglore,CCU → GAU → DEL → BLR,09:50,23:15 25 Mar,37h 25m,2 stops,No info,14410
Air India,6/05/2019,Kolkata,Banglore,CCU → GAU → DEL → BLR,16:45,12:00 07 May,19h 15m,2 stops,No info,14120
Jet Airways,21/05/2019,Delhi,Cochin,DEL → BOM → COK,20:55,19:00 22 May,22h 5m,1 stop,In-flight meal not included,12898
Jet Airways,1/04/2019,Kolkata,Banglore,CCU → BOM → BLR,08:25,23:35,15h 10m,1 stop,In-flight meal not included,7064
IndiGo,21/04/2019,Delhi,Cochin,DEL → HYD → COK,06:50,12:10,5h 20m,1 stop,No info,6968
Jet Airways,27/05/2019,Delhi,Cochin,DEL → BOM → COK,21:50,19:00 28 May,21h 10m,1 stop,No info,16079
Jet Airways,12/03/2019,Banglore,New Delhi,BLR → BOM → DEL,18:55,07:40 13 Mar,12h 45m,1 stop,No info,13817
GoAir,1/05/2019,Banglore,Delhi,BLR → DEL,20:55,23:40,2h 45m,non-stop,No info,3898
Air India,9/05/2019,Kolkata,Banglore,CCU → MAA → BLR,14:35,14:35 10 May,24h,1 stop,No info,6528
SpiceJet,21/04/2019,Kolkata,Banglore,CCU → BLR,06:55,09:30,2h 35m,non-stop,No info,4174
Jet Airways,18/03/2019,Banglore,New Delhi,BLR → BOM → JDH → DEL,08:55,15:55,7h,2 stops,In-flight meal not included,11245
IndiGo,12/05/2019,Delhi,Cochin,DEL → COK,14:25,17:40,3h 15m,non-stop,No info,5000
IndiGo,15/04/2019,Kolkata,Banglore,CCU → BBI → BLR,19:35,23:15,3h 40m,1 stop,No info,4226
Air India,1/04/2019,Kolkata,Banglore,CCU → GAU → DEL → BLR,16:45,20:25 02 Apr,27h 40m,2 stops,No info,9920
Jet Airways,21/03/2019,Delhi,Cochin,DEL → IXC → BOM → COK,06:20,04:25 22 Mar,22h 5m,2 stops,No info,12273
Jet Airways,24/03/2019,Kolkata,Banglore,CCU → BOM → BLR,13:55,04:45 25 Mar,14h 50m,1 stop,In-flight meal not included,10661
IndiGo,12/06/2019,Delhi,Cochin,DEL → BOM → COK,09:15,21:00,11h 45m,1 stop,No info,6838
Multiple carriers,3/06/2019,Delhi,Cochin,DEL → HYD → COK,13:15,22:30,9h 15m,1 stop,No info,9646
Air India,9/06/2019,Delhi,Cochin,DEL → HYD → MAA → COK,07:05,09:25 10 Jun,26h 20m,2 stops,No info,11185
Vistara,27/06/2019,Chennai,Kolkata,MAA → CCU,07:05,09:20,2h 15m,non-stop,No info,3687
Jet Airways,18/05/2019,Kolkata,Banglore,CCU → BOM → BLR,14:05,22:35,8h 30m,1 stop,No info,14781
IndiGo,3/06/2019,Delhi,Cochin,DEL → BOM → COK,06:40,21:00,14h 20m,1 stop,No info,6093
Multiple carriers,15/05/2019,Delhi,Cochin,DEL → BOM → COK,09:00,19:00,10h,1 stop,No info,10197
Jet Airways,6/06/2019,Delhi,Cochin,DEL → BOM → COK,16:00,19:00 07 Jun,27h,1 stop,No info,14714
SpiceJet,24/03/2019,Banglore,New Delhi,BLR → DEL,05:45,08:35,2h 50m,non-stop,No check-in baggage included,4273
Trujet,6/03/2019,Mumbai,Hyderabad,BOM → NDC → HYD,13:05,16:20,3h 15m,1 stop,No info,4140
Air India,21/05/2019,Delhi,Cochin,DEL → AMD → BOM → COK,19:45,19:15 22 May,23h 30m,2 stops,No info,9443
Air India,1/04/2019,Delhi,Cochin,DEL → MAA → COK,17:20,09:25 02 Apr,16h 5m,1 stop,No info,5117
Jet Airways,21/05/2019,Kolkata,Banglore,CCU → BOM → BLR,16:30,04:40 22 May,12h 10m,1 stop,No info,14388
SpiceJet,27/03/2019,Kolkata,Banglore,CCU → BLR,06:55,09:35,2h 40m,non-stop,No check-in baggage included,3815
Multiple carriers,9/04/2019,Delhi,Cochin,DEL → BOM → COK,10:35,19:15,8h 40m,1 stop,No info,6106
Air India,24/06/2019,Delhi,Cochin,DEL → HYD → BOM → COK,17:15,19:15 25 Jun,26h,2 stops,No info,11972
Jet Airways,15/06/2019,Delhi,Cochin,DEL → BOM → COK,07:05,12:35,5h 30m,1 stop,No info,14714
IndiGo,9/06/2019,Delhi,Cochin,DEL → BOM → COK,16:00,01:30 10 Jun,9h 30m,1 stop,No info,6316
Jet Airways,1/05/2019,Mumbai,Hyderabad,BOM → HYD,19:35,21:05,1h 30m,non-stop,In-flight meal not included,2228
Jet Airways,24/06/2019,Delhi,Cochin,DEL → AMD → BOM → COK,23:05,12:35 25 Jun,13h 30m,2 stops,No info,12819
Jet Airways,21/03/2019,Delhi,Cochin,DEL → BDQ → BOM → COK,18:25,04:25 22 Mar,10h,2 stops,In-flight meal not included,7791
Air India,21/03/2019,Delhi,Cochin,DEL → BLR → COK,06:10,23:00,16h 50m,1 stop,No info,5704
Air India,6/04/2019,Kolkata,Banglore,CCU → BLR,20:45,23:20,2h 35m,non-stop,No info,4460
IndiGo,3/03/2019,Mumbai,Hyderabad,BOM → HYD,02:30,04:00,1h 30m,non-stop,No info,4575
Multiple carriers,15/05/2019,Delhi,Cochin,DEL → BOM → COK,06:00,19:00,13h,1 stop,No info,9794
IndiGo,9/06/2019,Delhi,Cochin,DEL → BLR → COK,17:05,22:15,5h 10m,1 stop,No info,6493
GoAir,3/04/2019,Banglore,Delhi,BLR → DEL,07:45,10:40,2h 55m,non-stop,No info,4239
Jet Airways,21/03/2019,Delhi,Cochin,DEL → BOM → COK,17:30,04:25 22 Mar,10h 55m,1 stop,No info,12557
Jet Airways,1/06/2019,Banglore,Delhi,BLR → DEL,18:55,22:00,3h 5m,non-stop,No info,8016
Jet Airways,24/06/2019,Delhi,Cochin,DEL → BOM → COK,19:15,04:25 25 Jun,9h 10m,1 stop,In-flight meal not included,10262
Multiple carriers,6/03/2019,Delhi,Cochin,DEL → BOM → COK,13:55,01:35 07 Mar,11h 40m,1 stop,In-flight meal not included,15136
Jet Airways,9/06/2019,Delhi,Cochin,DEL → BOM → COK,18:15,19:00 10 Jun,24h 45m,1 stop,In-flight meal not included,10577
Vistara,03/03/2019,Banglore,New Delhi,BLR → DEL,19:40,22:20,2h 40m,non-stop,No info,8553
Jet Airways,15/03/2019,Banglore,New Delhi,BLR → BOM → DEL,08:00,13:15,5h 15m,1 stop,In-flight meal not included,9134
Jet Airways,9/05/2019,Delhi,Cochin,DEL → BOM → COK,17:30,04:25 10 May,10h 55m,1 stop,In-flight meal not included,12373
Jet Airways,9/06/2019,Kolkata,Banglore,CCU → DEL → BLR,17:00,22:05 10 Jun,29h 5m,1 stop,In-flight meal not included,10539
IndiGo,1/04/2019,Kolkata,Banglore,CCU → PAT → BLR,09:20,14:15,4h 55m,1 stop,No info,10308
SpiceJet,18/03/2019,Banglore,New Delhi,BLR → DEL,20:30,23:20,2h 50m,non-stop,No check-in baggage included,4273
Vistara,12/04/2019,Banglore,Delhi,BLR → DEL,21:00,23:50,2h 50m,non-stop,No info,5613
SpiceJet,03/03/2019,Banglore,New Delhi,BLR → DEL,09:35,12:30,2h 55m,non-stop,No info,6860
IndiGo,18/03/2019,Banglore,New Delhi,BLR → DEL,22:20,01:10 19 Mar,2h 50m,non-stop,No info,4545
IndiGo,1/06/2019,Banglore,Delhi,BLR → DEL,16:55,19:45,2h 50m,non-stop,No info,4823
Multiple carriers,6/06/2019,Delhi,Cochin,DEL → BOM → COK,08:00,19:15,11h 15m,1 stop,No info,14848
Jet Airways,1/06/2019,Mumbai,Hyderabad,BOM → HYD,10:20,11:50,1h 30m,non-stop,In-flight meal not included,4050
Jet Airways,9/05/2019,Delhi,Cochin,DEL → COK,11:00,14:15,3h 15m,non-stop,No info,9564
SpiceJet,15/06/2019,Chennai,Kolkata,MAA → CCU,09:45,12:00,2h 15m,non-stop,No info,3597
Jet Airways,18/03/2019,Banglore,New Delhi,BLR → BOM → DEL,11:40,09:00 16 Mar,21h 20m,1 stop,In-flight meal not included,11087
Vistara,9/06/2019,Banglore,Delhi,BLR → DEL,17:00,19:35,2h 35m,non-stop,No info,4878
Air India,15/06/2019,Delhi,Cochin,DEL → AMD → BOM → COK,19:45,19:15 16 Jun,23h 30m,2 stops,No info,9653
Jet Airways,1/04/2019,Kolkata,Banglore,CCU → BOM → BLR,18:55,20:45 02 Apr,25h 50m,1 stop,In-flight meal not included,7064
Multiple carriers,15/05/2019,Delhi,Cochin,DEL → BOM → COK,14:00,01:30 16 May,11h 30m,1 stop,No info,13727
Air India,01/03/2019,Banglore,New Delhi,BLR → CCU → DEL,05:50,09:15 02 Mar,27h 25m,1 stop,No info,13439
Air India,12/05/2019,Kolkata,Banglore,CCU → BOM → GOI → BLR,09:25,05:35 13 May,20h 10m,2 stops,No info,11642
Jet Airways,3/06/2019,Mumbai,Hyderabad,BOM → HYD,07:05,08:30,1h 25m,non-stop,In-flight meal not included,4995
Jet Airways,18/05/2019,Kolkata,Banglore,CCU → BOM → BLR,14:05,12:00 19 May,21h 55m,1 stop,No info,14388
Air India,1/06/2019,Delhi,Cochin,DEL → BOM → COK,10:00,19:15,9h 15m,1 stop,No info,9929
Jet Airways,21/03/2019,Delhi,Cochin,DEL → BOM → COK,22:50,04:25 22 Mar,5h 35m,1 stop,In-flight meal not included,6017
Air India,21/04/2019,Banglore,Delhi,BLR → DEL,10:00,12:45,2h 45m,non-stop,No info,5228
Air Asia,03/03/2019,Banglore,New Delhi,BLR → DEL,05:50,08:40,2h 50m,non-stop,No info,7652
SpiceJet,24/05/2019,Kolkata,Banglore,CCU → IXB → BLR,11:15,18:30,7h 15m,1 stop,No info,9630
IndiGo,3/05/2019,Chennai,Kolkata,MAA → CCU,05:15,07:40,2h 25m,non-stop,No info,3850
Jet Airways,6/06/2019,Delhi,Cochin,DEL → BDQ → BOM → COK,18:25,04:25 07 Jun,10h,2 stops,In-flight meal not included,12142
IndiGo,3/05/2019,Banglore,Delhi,BLR → DEL,10:10,13:00,2h 50m,non-stop,No info,3943
Jet Airways,1/04/2019,Banglore,Delhi,BLR → DEL,18:55,22:00,3h 5m,non-stop,In-flight meal not included,4544
Air India,01/03/2019,Banglore,New Delhi,BLR → COK → DEL,22:00,23:20 02 Mar,25h 20m,1 stop,Change airports,14305
Multiple carriers,18/05/2019,Delhi,Cochin,DEL → BOM → COK,18:00,01:30 19 May,7h 30m,1 stop,No info,9595
IndiGo,24/06/2019,Kolkata,Banglore,CCU → BLR,17:15,19:50,2h 35m,non-stop,No info,4804
Vistara,24/03/2019,Banglore,New Delhi,BLR → DEL,21:10,00:05 25 Mar,2h 55m,non-stop,No info,6558
SpiceJet,21/04/2019,Banglore,Delhi,BLR → DEL,05:55,08:35,2h 40m,non-stop,No info,4423
Jet Airways,6/06/2019,Kolkata,Banglore,CCU → BOM → BLR,18:55,19:50 07 Jun,24h 55m,1 stop,In-flight meal not included,10844
Vistara,09/03/2019,Banglore,New Delhi,BLR → DEL,19:40,22:20,2h 40m,non-stop,No info,7450
Jet Airways,15/06/2019,Delhi,Cochin,DEL → BOM → COK,15:00,12:35 16 Jun,21h 35m,1 stop,In-flight meal not included,10262
IndiGo,24/05/2019,Delhi,Cochin,DEL → BOM → COK,10:35,01:30 25 May,14h 55m,1 stop,No info,7081
Jet Airways,3/06/2019,Banglore,Delhi,BLR → DEL,15:15,18:10,2h 55m,non-stop,In-flight meal not included,5769
Multiple carriers,21/05/2019,Delhi,Cochin,DEL → BOM → COK,11:30,19:15,7h 45m,1 stop,No info,14848
Multiple carriers,27/05/2019,Delhi,Cochin,DEL → BOM → COK,14:00,01:30 28 May,11h 30m,1 stop,No info,13377
Multiple carriers,9/06/2019,Delhi,Cochin,DEL → BOM → COK,09:15,19:00,9h 45m,1 stop,No info,11622
Jet Airways,12/06/2019,Banglore,Delhi,BLR → DEL,17:45,20:45,3h,non-stop,No info,8016
Jet Airways,18/05/2019,Delhi,Cochin,DEL → BOM → COK,10:00,04:25 19 May,18h 25m,1 stop,In-flight meal not included,12373
Multiple carriers,12/06/2019,Delhi,Cochin,DEL → HYD → COK,13:05,22:30,9h 25m,1 stop,No info,9646
SpiceJet,9/05/2019,Delhi,Cochin,DEL → PNQ → COK,08:45,13:15,4h 30m,1 stop,No info,4812
SpiceJet,15/03/2019,Kolkata,Banglore,CCU → BLR,09:00,11:30,2h 30m,non-stop,No info,3847
Jet Airways,9/05/2019,Delhi,Cochin,DEL → BOM → COK,19:15,19:00 10 May,23h 45m,1 stop,In-flight meal not included,12373
Jet Airways,24/05/2019,Kolkata,Banglore,CCU → DEL → BLR,20:25,10:55 25 May,14h 30m,1 stop,No info,13067
IndiGo,27/06/2019,Banglore,Delhi,BLR → DEL,08:30,11:20,2h 50m,non-stop,No info,4823
Jet Airways,06/03/2019,Banglore,New Delhi,BLR → BOM → DEL,11:40,08:15 07 Mar,20h 35m,1 stop,No info,16736
Jet Airways,27/05/2019,Delhi,Cochin,DEL → BOM → COK,18:15,19:00 28 May,24h 45m,1 stop,In-flight meal not included,12898
Air India,18/06/2019,Kolkata,Banglore,CCU → BLR,14:15,16:45,2h 30m,non-stop,No info,5510
Air India,24/03/2019,Banglore,New Delhi,BLR → DEL,10:00,12:45,2h 45m,non-stop,No info,7276
Multiple carriers,15/06/2019,Delhi,Cochin,DEL → HYD → COK,07:05,16:10,9h 5m,1 stop,No info,9646
IndiGo,15/06/2019,Kolkata,Banglore,CCU → BLR,17:15,19:50,2h 35m,non-stop,No info,4804
GoAir,21/04/2019,Banglore,Delhi,BLR → DEL,07:45,10:40,2h 55m,non-stop,No info,4632
Jet Airways,21/03/2019,Delhi,Cochin,DEL → BOM → COK,20:50,04:25 22 Mar,7h 35m,1 stop,In-flight meal not included,9212
Multiple carriers,24/06/2019,Delhi,Cochin,DEL → BOM → COK,09:00,21:00,12h,1 stop,No info,8143
SpiceJet,03/03/2019,Banglore,New Delhi,BLR → DEL,09:35,12:30,2h 55m,non-stop,No info,7648
SpiceJet,3/03/2019,Delhi,Cochin,DEL → BLR → COK,16:35,22:50,6h 15m,1 stop,No info,11726
Vistara,9/05/2019,Kolkata,Banglore,CCU → DEL → BLR,17:00,23:25,6h 25m,1 stop,No info,8085
IndiGo,3/03/2019,Mumbai,Hyderabad,BOM → HYD,19:05,20:30,1h 25m,non-stop,No info,5755
IndiGo,09/03/2019,Banglore,New Delhi,BLR → IDR → DEL,17:55,22:55,5h,1 stop,No info,6351
Jet Airways,18/05/2019,Kolkata,Banglore,CCU → BOM → BLR,08:25,19:50,11h 25m,1 stop,In-flight meal not included,10844
Jet Airways,1/05/2019,Kolkata,Banglore,CCU → BOM → BLR,14:05,04:40 02 May,14h 35m,1 stop,In-flight meal not included,8586
Jet Airways,24/05/2019,Kolkata,Banglore,CCU → BOM → BLR,20:00,04:40 25 May,8h 40m,1 stop,In-flight meal not included,8586
Air India,12/03/2019,Banglore,New Delhi,BLR → BOM → IDR → GWL → DEL,06:45,18:05 13 Mar,35h 20m,3 stops,No info,13387
Jet Airways,06/03/2019,Banglore,New Delhi,BLR → BOM → DEL,11:40,05:05 07 Mar,17h 25m,1 stop,No info,16736
Jet Airways,03/03/2019,Banglore,New Delhi,BLR → BOM → DEL,05:45,05:05 07 Mar,23h 20m,1 stop,In-flight meal not included,11087
IndiGo,15/03/2019,Banglore,New Delhi,BLR → DEL,20:00,22:55,2h 55m,non-stop,No info,8855
Jet Airways,12/06/2019,Delhi,Cochin,DEL → ATQ → BOM → COK,12:15,04:25 13 Jun,16h 10m,2 stops,No info,14300
IndiGo,1/05/2019,Delhi,Cochin,DEL → BOM → COK,07:30,21:00,13h 30m,1 stop,No info,8542
Multiple carriers,9/05/2019,Delhi,Cochin,DEL → HYD → COK,13:15,22:30,9h 15m,1 stop,No info,8888
Jet Airways,6/06/2019,Kolkata,Banglore,CCU → BOM → BLR,16:30,22:35,6h 5m,1 stop,In-flight meal not included,10844
IndiGo,9/05/2019,Chennai,Kolkata,MAA → CCU,13:15,15:35,2h 20m,non-stop,No info,3597
Air India,1/05/2019,Mumbai,Hyderabad,BOM → HYD,19:30,20:45,1h 15m,non-stop,No info,3100
Air Asia,9/05/2019,Kolkata,Banglore,CCU → BLR,10:20,12:55,2h 35m,non-stop,No info,4409
Jet Airways,18/05/2019,Kolkata,Banglore,CCU → BOM → BLR,20:00,16:20 19 May,20h 20m,1 stop,In-flight meal not included,10844
Multiple carriers,21/03/2019,Delhi,Cochin,DEL → BOM → COK,10:20,21:00,10h 40m,1 stop,No info,7215
Multiple carriers,21/05/2019,Delhi,Cochin,DEL → BOM → COK,13:00,01:30 22 May,12h 30m,1 stop,No info,7888
IndiGo,24/05/2019,Kolkata,Banglore,CCU → MAA → BLR,08:10,13:00,4h 50m,1 stop,No info,5069
Multiple carriers,1/06/2019,Delhi,Cochin,DEL → BOM → COK,07:05,19:15,12h 10m,1 stop,In-flight meal not included,12927
Air India,24/06/2019,Banglore,Delhi,BLR → DEL,13:20,16:10,2h 50m,non-stop,No info,6961
Air India,9/03/2019,Delhi,Cochin,DEL → BOM → COK,07:00,19:15,12h 15m,1 stop,No info,15704
SpiceJet,1/04/2019,Banglore,Delhi,BLR → DEL,09:30,12:20,2h 50m,non-stop,No check-in baggage included,3919
Jet Airways,6/06/2019,Kolkata,Banglore,CCU → BOM → BLR,20:00,16:20 07 Jun,20h 20m,1 stop,No info,14571
IndiGo,6/06/2019,Chennai,Kolkata,MAA → CCU,07:55,10:15,2h 20m,non-stop,No info,3850
Jet Airways,18/03/2019,Banglore,New Delhi,BLR → BOM → DEL,16:55,05:05 16 Mar,12h 10m,1 stop,In-flight meal not included,11087
Jet Airways,9/06/2019,Kolkata,Banglore,CCU → BOM → BLR,18:55,18:15 10 Jun,23h 20m,1 stop,In-flight meal not included,10844
Multiple carriers,27/06/2019,Delhi,Cochin,DEL → BOM → COK,09:15,19:15,10h,1 stop,No info,8099
IndiGo,27/05/2019,Banglore,Delhi,BLR → DEL,06:05,08:50,2h 45m,non-stop,No info,4423
Multiple carriers,27/06/2019,Delhi,Cochin,DEL → BOM → COK,14:00,01:30 28 Jun,11h 30m,1 stop,No info,13377
Air India,9/03/2019,Delhi,Cochin,DEL → BOM → COK,23:00,19:15 10 Mar,20h 15m,1 stop,No info,11260
Multiple carriers,3/03/2019,Delhi,Cochin,DEL → BOM → COK,18:00,01:35 04 Mar,7h 35m,1 stop,No info,17703
Vistara,1/05/2019,Kolkata,Banglore,CCU → DEL → BLR,07:10,20:20,13h 10m,1 stop,No info,8610
Jet Airways,12/06/2019,Kolkata,Banglore,CCU → BOM → BLR,14:05,22:35,8h 30m,1 stop,No info,13626
IndiGo,21/03/2019,Delhi,Cochin,DEL → BBI → COK,02:35,08:30,5h 55m,1 stop,No info,8470
IndiGo,6/05/2019,Kolkata,Banglore,CCU → MAA → BLR,17:35,22:15,4h 40m,1 stop,No info,5699
Air India,6/03/2019,Delhi,Cochin,DEL → BOM → COK,04:00,07:40 07 Mar,27h 40m,1 stop,No info,12940
GoAir,12/06/2019,Banglore,Delhi,BLR → DEL,20:55,23:40,2h 45m,non-stop,No info,3419
Air Asia,3/04/2019,Kolkata,Banglore,CCU → BLR,22:50,01:20 04 Apr,2h 30m,non-stop,No info,3807
Jet Airways,1/04/2019,Kolkata,Banglore,CCU → BOM → BLR,20:00,19:50 02 Apr,23h 50m,1 stop,No info,12681
SpiceJet,1/03/2019,Kolkata,Banglore,CCU → BLR,17:15,19:45,2h 30m,non-stop,No info,5515
Jet Airways,12/06/2019,Kolkata,Banglore,CCU → BOM → BLR,18:55,04:40 13 Jun,9h 45m,1 stop,In-flight meal not included,6959
Jet Airways,1/06/2019,Delhi,Cochin,DEL → JAI → BOM → COK,05:30,19:00,13h 30m,2 stops,No info,13014
Jet Airways,9/06/2019,Delhi,Cochin,DEL → BDQ → BOM → COK,18:25,04:25 10 Jun,10h,2 stops,No info,14237
Vistara,24/03/2019,Kolkata,Banglore,CCU → DEL → BLR,07:10,09:10 25 Mar,26h,1 stop,No info,11682
Multiple carriers,6/06/2019,Delhi,Cochin,DEL → BOM → COK,09:15,19:00,9h 45m,1 stop,No info,11622
Multiple carriers,21/03/2019,Delhi,Cochin,DEL → BOM → COK,10:20,18:50,8h 30m,1 stop,No info,11999
Jet Airways,3/04/2019,Mumbai,Hyderabad,BOM → HYD,10:20,11:50,1h 30m,non-stop,No info,8040
IndiGo,27/03/2019,Kolkata,Banglore,CCU → BLR,22:10,00:55 28 Mar,2h 45m,non-stop,No info,4148
Jet Airways,24/03/2019,Kolkata,Banglore,CCU → BOM → BLR,06:30,19:40,13h 10m,1 stop,No info,13339
Multiple carriers,27/03/2019,Delhi,Cochin,DEL → BOM → COK,08:00,15:30,7h 30m,1 stop,No info,6673
Air India,6/03/2019,Mumbai,Hyderabad,BOM → DEL → HYD,16:00,23:45,7h 45m,1 stop,No info,11678
Jet Airways,27/03/2019,Delhi,Cochin,DEL → IXC → BOM → COK,06:20,04:25 28 Mar,22h 5m,2 stops,In-flight meal not included,9296
Multiple carriers,21/05/2019,Delhi,Cochin,DEL → BOM → COK,09:00,19:00,10h,1 stop,No info,10197
Air India,12/06/2019,Delhi,Cochin,DEL → BOM → COK,13:00,19:15,6h 15m,1 stop,No info,8372
Jet Airways,27/05/2019,Delhi,Cochin,DEL → AMD → BOM → COK,19:10,19:00 28 May,23h 50m,2 stops,No info,15129
Multiple carriers,9/05/2019,Delhi,Cochin,DEL → BOM → COK,10:00,01:30 10 May,15h 30m,1 stop,No info,15078
IndiGo,24/05/2019,Kolkata,Banglore,CCU → BLR,17:15,19:50,2h 35m,non-stop,No info,4804
Multiple carriers,6/03/2019,Delhi,Cochin,DEL → BOM → COK,13:55,21:00,7h 5m,1 stop,In-flight meal not included,15136
Air India,24/03/2019,Kolkata,Banglore,CCU → BOM → GOI → BLR,09:25,05:35 25 Mar,20h 10m,2 stops,No info,11774
SpiceJet,24/05/2019,Chennai,Kolkata,MAA → CCU,08:20,10:35,2h 15m,non-stop,No info,3597
Multiple carriers,21/03/2019,Delhi,Cochin,DEL → BOM → COK,12:50,01:35 22 Mar,12h 45m,1 stop,No info,7695
Multiple carriers,1/05/2019,Delhi,Cochin,DEL → BOM → COK,07:30,19:00,11h 30m,1 stop,No info,9794
IndiGo,12/06/2019,Delhi,Cochin,DEL → BOM → COK,07:30,21:00,13h 30m,1 stop,No info,6093
Air India,12/03/2019,Mumbai,Hyderabad,BOM → BLR → CCU → BBI → HYD,16:50,12:25 13 Mar,19h 35m,3 stops,No info,14260
Jet Airways,6/03/2019,Delhi,Cochin,DEL → BOM → COK,09:00,04:25 07 Mar,19h 25m,1 stop,In-flight meal not included,13843
SpiceJet,3/03/2019,Kolkata,Banglore,CCU → BLR,17:15,19:45,2h 30m,non-stop,No info,6251
Multiple carriers,27/05/2019,Delhi,Cochin,DEL → BOM → COK,08:45,21:00,12h 15m,1 stop,No info,7740
Air Asia,6/06/2019,Delhi,Cochin,DEL → BLR → COK,16:45,07:10 07 Jun,14h 25m,1 stop,No info,11410
Jet Airways,12/06/2019,Delhi,Cochin,DEL → JAI → BOM → COK,05:30,19:00,13h 30m,2 stops,In-flight meal not included,10368
Jet Airways,27/05/2019,Delhi,Cochin,DEL → BOM → COK,02:15,04:25 28 May,26h 10m,1 stop,In-flight meal not included,12898
SpiceJet,24/06/2019,Mumbai,Hyderabad,BOM → HYD,13:15,14:45,1h 30m,non-stop,No info,2017
SpiceJet,09/03/2019,Banglore,New Delhi,BLR → PNQ → DEL,10:20,18:15,7h 55m,1 stop,No info,7294
IndiGo,6/06/2019,Kolkata,Banglore,CCU → BLR,17:15,19:50,2h 35m,non-stop,No info,4804
Multiple carriers,21/03/2019,Delhi,Cochin,DEL → BOM → COK,02:15,13:20,11h 5m,1 stop,No info,13961
IndiGo,9/04/2019,Banglore,Delhi,BLR → DEL,23:30,02:20 10 Apr,2h 50m,non-stop,No info,4591
Jet Airways,3/06/2019,Delhi,Cochin,DEL → JAI → BOM → COK,05:30,19:00,13h 30m,2 stops,No info,13014
Jet Airways,12/06/2019,Delhi,Cochin,DEL → LKO → BOM → COK,09:25,12:35 13 Jun,27h 10m,2 stops,No info,13882
Air India,9/04/2019,Kolkata,Banglore,CCU → MAA → BLR,14:35,14:35 10 Apr,24h,1 stop,No info,5006
Air India,3/06/2019,Delhi,Cochin,DEL → BOM → COK,21:00,07:40 04 Jun,10h 40m,1 stop,No info,8372
SpiceJet,27/05/2019,Kolkata,Banglore,CCU → BLR,09:00,11:25,2h 25m,non-stop,No check-in baggage included,3841
Jet Airways,21/05/2019,Kolkata,Banglore,CCU → BOM → BLR,14:05,08:15 22 May,18h 10m,1 stop,No info,14388
SpiceJet,6/06/2019,Chennai,Kolkata,MAA → CCU,17:45,20:05,2h 20m,non-stop,No check-in baggage included,3543
Jet Airways,6/06/2019,Banglore,Delhi,BLR → DEL,17:45,20:45,3h,non-stop,No info,8016
Jet Airways,6/05/2019,Kolkata,Banglore,CCU → BOM → BLR,08:25,18:15,9h 50m,1 stop,In-flight meal not included,10844
Vistara,15/05/2019,Banglore,Delhi,BLR → DEL,11:30,14:20,2h 50m,non-stop,No info,4668
IndiGo,9/05/2019,Kolkata,Banglore,CCU → BLR,17:15,19:50,2h 35m,non-stop,No info,4804
SpiceJet,1/03/2019,Kolkata,Banglore,CCU → BLR,09:00,11:30,2h 30m,non-stop,No info,5515
IndiGo,1/03/2019,Mumbai,Hyderabad,BOM → HYD,16:55,18:25,1h 30m,non-stop,No info,8853
IndiGo,1/06/2019,Delhi,Cochin,DEL → MAA → COK,07:15,12:30,5h 15m,1 stop,No info,6582
Jet Airways,6/05/2019,Kolkata,Banglore,CCU → DEL → BLR,20:25,23:35 07 May,27h 10m,1 stop,In-flight meal not included,8066
Jet Airways,3/03/2019,Delhi,Cochin,DEL → UDR → BOM → COK,18:20,18:50 04 Mar,24h 30m,2 stops,No info,20747
Jet Airways,3/03/2019,Delhi,Cochin,DEL → BOM → COK,02:15,18:50,16h 35m,1 stop,No info,17024
Multiple carriers,3/03/2019,Delhi,Cochin,DEL → HYD → COK,07:10,22:20,15h 10m,1 stop,In-flight meal not included,11125
IndiGo,27/05/2019,Banglore,Delhi,BLR → DEL,18:25,21:20,2h 55m,non-stop,No info,4823
SpiceJet,15/05/2019,Mumbai,Hyderabad,BOM → HYD,22:45,00:15 16 May,1h 30m,non-stop,No check-in baggage included,1965
Jet Airways,15/05/2019,Kolkata,Banglore,CCU → BOM → BLR,14:05,23:35,9h 30m,1 stop,No info,13941
Jet Airways,12/05/2019,Banglore,Delhi,BLR → DEL,07:10,10:10,3h,non-stop,In-flight meal not included,5198
Air India,18/05/2019,Mumbai,Hyderabad,BOM → HYD,06:20,07:40,1h 20m,non-stop,No info,3100
Multiple carriers,15/05/2019,Delhi,Cochin,DEL → BOM → COK,07:30,21:00,13h 30m,1 stop,No info,8405
Jet Airways,12/05/2019,Kolkata,Banglore,CCU → BOM → BLR,08:25,19:50,11h 25m,1 stop,No info,13941
Jet Airways,6/04/2019,Delhi,Cochin,DEL → COK,11:00,14:15,3h 15m,non-stop,In-flight meal not included,4886
IndiGo,3/06/2019,Banglore,Delhi,BLR → DEL,04:00,06:50,2h 50m,non-stop,No info,3943
SpiceJet,6/04/2019,Kolkata,Banglore,CCU → BLR,09:00,11:25,2h 25m,non-stop,No info,3873
Air India,18/06/2019,Mumbai,Hyderabad,BOM → HYD,13:55,15:25,1h 30m,non-stop,No info,3100
Multiple carriers,9/03/2019,Delhi,Cochin,DEL → BOM → COK,00:20,12:55,12h 35m,1 stop,In-flight meal not included,18260
Jet Airways,9/05/2019,Kolkata,Banglore,CCU → BOM → BLR,06:30,18:15,11h 45m,1 stop,In-flight meal not included,10844
IndiGo,3/03/2019,Mumbai,Hyderabad,BOM → HYD,12:00,13:25,1h 25m,non-stop,No info,5755
Air Asia,12/06/2019,Kolkata,Banglore,CCU → BLR,19:55,22:25,2h 30m,non-stop,No info,3807
Jet Airways,9/05/2019,Delhi,Cochin,DEL → BOM → COK,02:15,19:00,16h 45m,1 stop,No info,15554
IndiGo,6/06/2019,Delhi,Cochin,DEL → HYD → COK,16:10,22:30,6h 20m,1 stop,No info,6938
Air India,21/06/2019,Delhi,Cochin,DEL → COK,14:10,17:10,3h,non-stop,No info,5201
Jet Airways,12/03/2019,Banglore,New Delhi,BLR → BOM → DEL,18:55,10:45 13 Mar,15h 50m,1 stop,No info,13817
Jet Airways,9/05/2019,Kolkata,Banglore,CCU → BOM → BLR,21:10,04:40 10 May,7h 30m,1 stop,No info,14388
Jet Airways,6/06/2019,Delhi,Cochin,DEL → BOM → COK,21:50,04:25 07 Jun,6h 35m,1 stop,No info,14714
Jet Airways,27/03/2019,Delhi,Cochin,DEL → BOM → COK,09:55,04:25 28 Mar,18h 30m,1 stop,No info,12242
Air India,12/03/2019,Mumbai,Hyderabad,BOM → GOI → PNQ → HYD,21:10,16:55,4h 15m,2 stops,No info,16172
Jet Airways,21/05/2019,Delhi,Cochin,DEL → BHO → BOM → COK,05:30,12:35,7h 5m,2 stops,No info,16274
Jet Airways,18/03/2019,Banglore,New Delhi,BLR → BOM → DEL,22:50,09:00 16 Mar,10h 10m,1 stop,No info,13555
Air India,21/04/2019,Delhi,Cochin,DEL → COK,14:10,17:10,3h,non-stop,No info,6934
Jet Airways,21/05/2019,Delhi,Cochin,DEL → BOM → COK,19:15,04:25 22 May,9h 10m,1 stop,No info,16079
Multiple carriers,21/05/2019,Delhi,Cochin,DEL → HYD → COK,09:45,00:55 22 May,15h 10m,1 stop,No info,9486
Jet Airways,3/06/2019,Delhi,Cochin,DEL → BOM → COK,19:45,19:00 04 Jun,23h 15m,1 stop,No info,14714
Jet Airways,06/03/2019,Banglore,New Delhi,BLR → BOM → DEL,08:55,08:15 07 Mar,23h 20m,1 stop,No info,14815
Jet Airways,12/03/2019,Banglore,New Delhi,BLR → BOM → DEL,08:55,23:00,14h 5m,1 stop,No info,13817
SpiceJet,1/04/2019,Banglore,Delhi,BLR → DEL,21:10,00:05 02 Apr,2h 55m,non-stop,No check-in baggage included,3573
SpiceJet,3/05/2019,Kolkata,Banglore,CCU → BLR,09:00,11:25,2h 25m,non-stop,No check-in baggage included,3841
Jet Airways,15/06/2019,Delhi,Cochin,DEL → IDR → BOM → COK,21:25,19:00 16 Jun,21h 35m,2 stops,In-flight meal not included,10588
Vistara,24/03/2019,Banglore,New Delhi,BLR → DEL,19:40,22:20,2h 40m,non-stop,No info,4563
Air India,18/05/2019,Delhi,Cochin,DEL → MAA → COK,09:45,09:25 19 May,23h 40m,1 stop,No info,8372
Jet Airways,27/06/2019,Delhi,Cochin,DEL → AMD → BOM → COK,23:05,19:00 28 Jun,19h 55m,2 stops,No info,12819
IndiGo,3/04/2019,Banglore,Delhi,BLR → DEL,08:30,11:20,2h 50m,non-stop,No info,4823
Vistara,24/03/2019,Kolkata,Banglore,CCU → DEL → BLR,07:10,22:10,15h,1 stop,No info,12942
Air India,9/03/2019,Delhi,Cochin,DEL → GOI → BOM → COK,22:00,19:15 10 Mar,21h 15m,2 stops,No info,14851
Jet Airways,12/06/2019,Kolkata,Banglore,CCU → BOM → BLR,14:05,19:50,5h 45m,1 stop,In-flight meal not included,9899
SpiceJet,18/05/2019,Banglore,Delhi,BLR → DEL,05:55,08:35,2h 40m,non-stop,No check-in baggage included,3573
IndiGo,18/06/2019,Chennai,Kolkata,MAA → CCU,14:45,17:05,2h 20m,non-stop,No info,3597
IndiGo,9/06/2019,Banglore,Delhi,BLR → DEL,22:10,01:00 10 Jun,2h 50m,non-stop,No info,3749
Jet Airways,12/05/2019,Kolkata,Banglore,CCU → BOM → BLR,06:30,09:20 13 May,26h 50m,1 stop,In-flight meal not included,9663
Multiple carriers,12/06/2019,Delhi,Cochin,DEL → BOM → COK,10:00,19:00,9h,1 stop,No info,12192
Jet Airways,6/06/2019,Delhi,Cochin,DEL → LKO → BOM → COK,11:45,04:25 07 Jun,16h 40m,2 stops,No info,13882
Air India,12/06/2019,Kolkata,Banglore,CCU → DEL → BLR,07:00,16:15,9h 15m,1 stop,No info,11936
Multiple carriers,27/03/2019,Delhi,Cochin,DEL → BOM → COK,02:15,15:30,13h 15m,1 stop,No info,12327
Jet Airways,9/03/2019,Delhi,Cochin,DEL → BOM → COK,17:25,04:25 10 Mar,11h,1 stop,In-flight meal not included,11848
Jet Airways,1/05/2019,Kolkata,Banglore,CCU → BOM → BLR,08:25,20:45,12h 20m,1 stop,In-flight meal not included,10844
IndiGo,6/05/2019,Kolkata,Banglore,CCU → BLR,09:35,12:20,2h 45m,non-stop,No info,4804
Air India,27/03/2019,Delhi,Cochin,DEL → BLR → COK,20:30,08:15 28 Mar,11h 45m,1 stop,No info,5998
Vistara,09/03/2019,Banglore,New Delhi,BLR → DEL,21:10,00:05 13 Mar,2h 55m,non-stop,No info,7240
Air India,12/03/2019,Banglore,New Delhi,BLR → MAA → DEL,11:50,08:55 13 Mar,21h 5m,1 stop,No info,11707
Jet Airways,15/05/2019,Kolkata,Banglore,CCU → BOM → BLR,20:00,04:40 16 May,8h 40m,1 stop,No info,13941
SpiceJet,15/03/2019,Kolkata,Banglore,CCU → BLR,22:20,00:40 16 Mar,2h 20m,non-stop,No check-in baggage included,3815
Air India,21/05/2019,Kolkata,Banglore,CCU → VNS → DEL → BLR,14:30,12:30 22 May,22h,2 stops,No info,15107
Air India,21/03/2019,Delhi,Cochin,DEL → MAA → COK,20:40,09:25 22 Mar,12h 45m,1 stop,No info,5642
Air India,21/05/2019,Kolkata,Banglore,CCU → JAI → DEL → BLR,08:20,20:25,12h 5m,2 stops,No info,12324
Jet Airways,27/06/2019,Delhi,Cochin,DEL → BOM → COK,19:15,12:35 28 Jun,17h 20m,1 stop,In-flight meal not included,10262
Air India,01/03/2019,Banglore,New Delhi,BLR → MAA → DEL,11:50,23:55,12h 5m,1 stop,Change airports,26092
Air India,01/03/2019,Banglore,New Delhi,BLR → BOM → IDR → DEL,08:50,11:10 02 Mar,26h 20m,2 stops,No info,19372
SpiceJet,18/05/2019,Banglore,Delhi,BLR → DEL,09:30,12:20,2h 50m,non-stop,No check-in baggage included,4319
Jet Airways,27/06/2019,Delhi,Cochin,DEL → BOM → COK,07:05,12:35,5h 30m,1 stop,In-flight meal not included,10262
SpiceJet,9/05/2019,Kolkata,Banglore,CCU → BLR,06:55,09:30,2h 35m,non-stop,No info,3873
Air Asia,6/03/2019,Kolkata,Banglore,CCU → BLR,10:20,12:55,2h 35m,non-stop,No info,4384
SpiceJet,1/04/2019,Mumbai,Hyderabad,BOM → HYD,13:15,14:45,1h 30m,non-stop,No check-in baggage included,1965
Vistara,9/06/2019,Kolkata,Banglore,CCU → DEL → BLR,07:10,20:20,13h 10m,1 stop,No info,9555
Multiple carriers,15/05/2019,Delhi,Cochin,DEL → BOM → COK,17:00,01:30 16 May,8h 30m,1 stop,No info,8073
SpiceJet,12/04/2019,Banglore,Delhi,BLR → DEL,09:30,12:20,2h 50m,non-stop,No info,4991
Jet Airways,27/06/2019,Delhi,Cochin,DEL → BOM → COK,19:45,19:00 28 Jun,23h 15m,1 stop,In-flight meal not included,10262
Air Asia,15/03/2019,Kolkata,Banglore,CCU → BLR,10:20,12:55,2h 35m,non-stop,No info,4384
IndiGo,21/04/2019,Banglore,Delhi,BLR → DEL,18:55,21:50,2h 55m,non-stop,No info,4823
Jet Airways,18/06/2019,Banglore,Delhi,BLR → DEL,06:00,08:45,2h 45m,non-stop,In-flight meal not included,6478
Vistara,1/04/2019,Kolkata,Banglore,CCU → DEL → BLR,07:10,18:50,11h 40m,1 stop,No info,7927
IndiGo,21/03/2019,Delhi,Cochin,DEL → BOM → COK,09:10,21:00,11h 50m,1 stop,No info,8285
Jet Airways,21/05/2019,Kolkata,Banglore,CCU → BOM → BLR,21:10,08:15 22 May,11h 5m,1 stop,No info,14781
Air India,9/06/2019,Delhi,Cochin,DEL → BLR → COK,09:45,23:00,13h 15m,1 stop,No info,8907
Air India,21/03/2019,Delhi,Cochin,DEL → HYD → BOM → COK,17:15,19:15 22 Mar,26h,2 stops,No info,8770
IndiGo,9/05/2019,Banglore,Delhi,BLR → DEL,06:05,08:50,2h 45m,non-stop,No info,4077
Jet Airways,24/05/2019,Kolkata,Banglore,CCU → BOM → BLR,16:30,04:40 25 May,12h 10m,1 stop,No info,14571
Air India,01/03/2019,Banglore,New Delhi,BLR → BBI → DEL,09:30,23:45,14h 15m,1 stop,No info,12704
Multiple carriers,27/05/2019,Delhi,Cochin,DEL → BOM → COK,10:00,01:30 28 May,15h 30m,1 stop,In-flight meal not included,8925
Jet Airways,21/05/2019,Delhi,Cochin,DEL → BOM → COK,18:15,19:00 22 May,24h 45m,1 stop,No info,16079
Multiple carriers,6/03/2019,Delhi,Cochin,DEL → BOM → COK,10:00,18:50,8h 50m,1 stop,No info,16497
SpiceJet,12/04/2019,Kolkata,Banglore,CCU → BLR,17:10,19:40,2h 30m,non-stop,No info,3873
Jet Airways,12/06/2019,Delhi,Cochin,DEL → IDR → BOM → COK,05:30,04:25 13 Jun,22h 55m,2 stops,No info,13292
Jet Airways,1/04/2019,Kolkata,Banglore,CCU → BOM → BLR,20:00,08:15 02 Apr,12h 15m,1 stop,No info,12681
Jet Airways,21/03/2019,Delhi,Cochin,DEL → BHO → BOM → COK,05:40,04:25 22 Mar,22h 45m,2 stops,In-flight meal not included,9181
Multiple carriers,9/05/2019,Delhi,Cochin,DEL → BOM → COK,11:40,01:30 10 May,13h 50m,1 stop,No info,9021
Jet Airways,27/03/2019,Delhi,Cochin,DEL → MAA → BOM → COK,05:10,04:25 28 Mar,23h 15m,2 stops,In-flight meal not included,9412
SpiceJet,9/05/2019,Delhi,Cochin,DEL → PNQ → COK,08:45,13:15,4h 30m,1 stop,No check-in baggage included,4760
IndiGo,27/06/2019,Delhi,Cochin,DEL → HYD → COK,06:50,22:30,15h 40m,1 stop,No info,6442
IndiGo,24/06/2019,Banglore,Delhi,BLR → DEL,18:55,21:50,2h 55m,non-stop,No info,4823
Air India,18/04/2019,Banglore,Delhi,BLR → DEL,06:10,08:55,2h 45m,non-stop,No info,5228
Jet Airways,1/06/2019,Delhi,Cochin,DEL → BOM → COK,19:45,12:35 02 Jun,16h 50m,1 stop,In-flight meal not included,10262
Multiple carriers,3/03/2019,Delhi,Cochin,DEL → BOM → COK,10:20,21:00,10h 40m,1 stop,No info,15147
Air India,21/05/2019,Kolkata,Banglore,CCU → BOM → BLR,09:25,21:50,12h 25m,1 stop,No info,8366
Jet Airways,1/04/2019,Kolkata,Banglore,CCU → BOM → BLR,20:00,08:15 02 Apr,12h 15m,1 stop,In-flight meal not included,7064
Jet Airways,1/05/2019,Kolkata,Banglore,CCU → GAU → BLR,10:20,17:35,7h 15m,1 stop,No info,8355
IndiGo,1/04/2019,Mumbai,Hyderabad,BOM → HYD,02:35,04:05,1h 30m,non-stop,No info,2754
GoAir,1/05/2019,Kolkata,Banglore,CCU → AMD → BLR,16:40,00:15 02 May,7h 35m,1 stop,No info,6484
Jet Airways,9/06/2019,Delhi,Cochin,DEL → BOM → COK,13:00,04:25 10 Jun,15h 25m,1 stop,In-flight meal not included,10262
Air India,12/06/2019,Delhi,Cochin,DEL → GOI → BOM → COK,10:55,07:40 13 Jun,20h 45m,2 stops,No info,11753
IndiGo,21/04/2019,Kolkata,Banglore,CCU → BLR,22:15,00:50 22 Apr,2h 35m,non-stop,No info,4804
IndiGo,3/05/2019,Banglore,Delhi,BLR → DEL,01:30,04:15,2h 45m,non-stop,No info,3943
Jet Airways,24/05/2019,Kolkata,Banglore,CCU → BOM → BLR,14:05,16:20 25 May,26h 15m,1 stop,In-flight meal not included,10844
IndiGo,9/06/2019,Kolkata,Banglore,CCU → PAT → BLR,09:20,14:15,4h 55m,1 stop,No info,11465
Vistara,21/05/2019,Banglore,Delhi,BLR → DEL,09:45,12:35,2h 50m,non-stop,No info,4668
Air India,6/06/2019,Delhi,Cochin,DEL → MAA → COK,20:40,09:25 07 Jun,12h 45m,1 stop,No info,7952
SpiceJet,9/06/2019,Mumbai,Hyderabad,BOM → HYD,13:15,14:45,1h 30m,non-stop,No info,2227
Jet Airways,6/03/2019,Mumbai,Hyderabad,BOM → HYD,10:20,11:50,1h 30m,non-stop,No info,8040
Jet Airways,1/06/2019,Delhi,Cochin,DEL → BOM → COK,19:15,04:25 02 Jun,9h 10m,1 stop,No info,14714
Vistara,9/03/2019,Delhi,Cochin,DEL → COK,14:55,17:50,2h 55m,non-stop,No info,6741
IndiGo,15/03/2019,Kolkata,Banglore,CCU → BLR,14:20,16:55,2h 35m,non-stop,No info,4778
Vistara,21/05/2019,Kolkata,Banglore,CCU → DEL → BLR,07:10,20:20,13h 10m,1 stop,No info,9345
Air India,15/05/2019,Delhi,Cochin,DEL → HYD → BOM → COK,17:15,19:15 16 May,26h,2 stops,No info,13039
IndiGo,3/05/2019,Kolkata,Banglore,CCU → BLR,22:15,00:50 04 May,2h 35m,non-stop,No info,4804
IndiGo,6/05/2019,Chennai,Kolkata,MAA → CCU,14:45,17:05,2h 20m,non-stop,No info,3597
Jet Airways,24/06/2019,Mumbai,Hyderabad,BOM → HYD,19:35,21:05,1h 30m,non-stop,No info,5678
SpiceJet,18/06/2019,Mumbai,Hyderabad,BOM → HYD,13:15,14:45,1h 30m,non-stop,No info,2017
Jet Airways,15/05/2019,Kolkata,Banglore,CCU → DEL → BLR,20:25,10:55 16 May,14h 30m,1 stop,No info,14151
IndiGo,1/03/2019,Chennai,Kolkata,MAA → CCU,13:20,15:35,2h 15m,non-stop,No info,7295
Jet Airways,9/06/2019,Kolkata,Banglore,CCU → DEL → BLR,09:35,09:45 10 Jun,24h 10m,1 stop,No info,14151
IndiGo,21/03/2019,Delhi,Cochin,DEL → HYD → COK,08:35,22:20,13h 45m,1 stop,No info,6790
IndiGo,18/05/2019,Mumbai,Hyderabad,BOM → HYD,06:25,07:55,1h 30m,non-stop,No info,4392
SpiceJet,21/06/2019,Mumbai,Hyderabad,BOM → HYD,05:45,07:15,1h 30m,non-stop,No info,2753
Air India,27/06/2019,Delhi,Cochin,DEL → BHO → BOM → COK,05:55,19:15,13h 20m,2 stops,No info,11386
Jet Airways,18/05/2019,Delhi,Cochin,DEL → BOM → COK,14:00,19:00,5h,1 stop,In-flight meal not included,12373
IndiGo,27/05/2019,Delhi,Cochin,DEL → MAA → COK,02:00,07:25,5h 25m,1 stop,No info,7164
Vistara,18/05/2019,Delhi,Cochin,DEL → COK,14:40,17:50,3h 10m,non-stop,No info,6741
Jet Airways,9/06/2019,Delhi,Cochin,DEL → JAI → BOM → COK,09:40,12:35 10 Jun,26h 55m,2 stops,In-flight meal not included,10368
Jet Airways,6/06/2019,Kolkata,Banglore,CCU → DEL → BLR,17:00,18:00 07 Jun,25h,1 stop,No info,12692
Air India,21/05/2019,Kolkata,Banglore,CCU → GAU → IMF → DEL → BLR,09:50,23:15,13h 25m,3 stops,No info,14960
Multiple carriers,27/05/2019,Delhi,Cochin,DEL → BOM → COK,10:00,19:00,9h,1 stop,No info,12507
Vistara,21/05/2019,Kolkata,Banglore,CCU → DEL → BLR,07:10,10:45 22 May,27h 35m,1 stop,No info,9187
Jet Airways,9/05/2019,Delhi,Cochin,DEL → BOM → COK,18:15,04:25 10 May,10h 10m,1 stop,In-flight meal not included,12373
Jet Airways,3/06/2019,Delhi,Cochin,DEL → IDR → BOM → COK,09:35,12:35 04 Jun,27h,2 stops,No info,13292
Jet Airways,18/05/2019,Delhi,Cochin,DEL → BOM → COK,19:15,19:00 19 May,23h 45m,1 stop,In-flight meal not included,12373
Multiple carriers,27/05/2019,Delhi,Cochin,DEL → BOM → COK,11:40,19:15,7h 35m,1 stop,No info,9316
Jet Airways,6/06/2019,Kolkata,Banglore,CCU → BOM → BLR,21:10,04:40 07 Jun,7h 30m,1 stop,No info,13374
Jet Airways,15/03/2019,Banglore,New Delhi,BLR → BOM → DEL,22:50,07:40 16 Mar,8h 50m,1 stop,In-flight meal not included,9134
IndiGo,21/06/2019,Kolkata,Banglore,CCU → BLR,14:25,16:55,2h 30m,non-stop,No info,5224
Jet Airways,9/05/2019,Delhi,Cochin,DEL → BOM → COK,19:45,19:00 10 May,23h 15m,1 stop,No info,15554
Jet Airways,9/06/2019,Kolkata,Banglore,CCU → BOM → BLR,16:30,23:35,7h 5m,1 stop,No info,14571
Jet Airways,18/05/2019,Kolkata,Banglore,CCU → BOM → BLR,21:10,08:15 19 May,11h 5m,1 stop,In-flight meal not included,8586
Air India,27/05/2019,Mumbai,Hyderabad,BOM → HYD,13:55,15:25,1h 30m,non-stop,No info,3625
Air India,27/06/2019,Delhi,Cochin,DEL → COK,14:10,17:10,3h,non-stop,No info,5201
IndiGo,18/03/2019,Kolkata,Banglore,CCU → BLR,22:10,00:55 19 Mar,2h 45m,non-stop,No info,4148
IndiGo,12/05/2019,Banglore,Delhi,BLR → DEL,01:30,04:15,2h 45m,non-stop,No info,3943
Air India,3/04/2019,Delhi,Cochin,DEL → COK,14:10,17:10,3h,non-stop,No info,4729
Vistara,15/05/2019,Banglore,Delhi,BLR → DEL,07:00,09:40,2h 40m,non-stop,No info,4668
Jet Airways,6/03/2019,Delhi,Cochin,DEL → BOM → COK,21:50,04:25 07 Mar,6h 35m,1 stop,In-flight meal not included,13843
IndiGo,1/06/2019,Kolkata,Banglore,CCU → BLR,22:15,00:50 02 Jun,2h 35m,non-stop,No info,4804
IndiGo,6/06/2019,Kolkata,Banglore,CCU → HYD → BLR,15:15,20:30,5h 15m,1 stop,No info,5170
IndiGo,27/03/2019,Delhi,Cochin,DEL → HYD → COK,06:40,12:00,5h 20m,1 stop,No info,5298
IndiGo,21/03/2019,Banglore,New Delhi,BLR → HYD → DEL,07:30,12:20,4h 50m,1 stop,No info,5694
Multiple carriers,9/05/2019,Delhi,Cochin,DEL → BOM → COK,10:20,19:15,8h 55m,1 stop,No info,8266
Jet Airways,27/06/2019,Banglore,Delhi,BLR → DEL,07:10,10:10,3h,non-stop,In-flight meal not included,6478
SpiceJet,27/04/2019,Kolkata,Banglore,CCU → BLR,17:10,19:40,2h 30m,non-stop,No check-in baggage included,3841
Jet Airways,15/06/2019,Delhi,Cochin,DEL → BOM → COK,07:05,12:35,5h 30m,1 stop,In-flight meal not included,10262
Jet Airways,18/06/2019,Banglore,Delhi,BLR → DEL,08:20,11:20,3h,non-stop,In-flight meal not included,5769
Multiple carriers,12/06/2019,Delhi,Cochin,DEL → BOM → COK,03:50,12:35,8h 45m,1 stop,No info,12192
Jet Airways,24/06/2019,Banglore,Delhi,BLR → DEL,07:10,10:10,3h,non-stop,In-flight meal not included,5769
Multiple carriers,21/03/2019,Delhi,Cochin,DEL → BOM → COK,11:30,21:00,9h 30m,1 stop,No info,13062
Jet Airways,21/03/2019,Banglore,New Delhi,BLR → BOM → DEL,08:55,21:20,12h 25m,1 stop,In-flight meal not included,7832
Air India,9/06/2019,Delhi,Cochin,DEL → GOI → BOM → COK,22:00,19:15 10 Jun,21h 15m,2 stops,No info,10441
Jet Airways,18/05/2019,Delhi,Cochin,DEL → AMD → BOM → COK,13:25,12:35 19 May,23h 10m,2 stops,No info,15129
Multiple carriers,3/03/2019,Delhi,Cochin,DEL → BOM → COK,17:30,01:35 04 Mar,8h 5m,1 stop,No info,17057
Multiple carriers,21/05/2019,Delhi,Cochin,DEL → BOM → COK,10:00,01:30 22 May,15h 30m,1 stop,No info,7888
IndiGo,6/06/2019,Kolkata,Banglore,CCU → BLR,14:25,16:55,2h 30m,non-stop,No info,4804
IndiGo,6/06/2019,Kolkata,Banglore,CCU → MAA → BLR,08:10,13:00,4h 50m,1 stop,No info,5069
IndiGo,9/05/2019,Mumbai,Hyderabad,BOM → HYD,06:25,07:55,1h 30m,non-stop,No info,4049
SpiceJet,24/03/2019,Banglore,New Delhi,BLR → DEL,20:30,23:20,2h 50m,non-stop,No check-in baggage included,3873
IndiGo,6/06/2019,Delhi,Cochin,DEL → HYD → COK,05:05,16:10,11h 5m,1 stop,No info,6818
Air India,27/05/2019,Delhi,Cochin,DEL → LKO → BOM → COK,18:30,19:15 28 May,24h 45m,2 stops,No info,12488
IndiGo,18/05/2019,Mumbai,Hyderabad,BOM → HYD,12:00,13:30,1h 30m,non-stop,No info,2754
SpiceJet,24/03/2019,Banglore,New Delhi,BLR → DEL,20:30,23:20,2h 50m,non-stop,No info,3925
Jet Airways,1/05/2019,Mumbai,Hyderabad,BOM → HYD,02:55,04:20,1h 25m,non-stop,In-flight meal not included,3210
IndiGo,27/05/2019,Banglore,Delhi,BLR → DEL,20:00,22:50,2h 50m,non-stop,No info,4823
Vistara,1/04/2019,Kolkata,Banglore,CCU → DEL → BLR,07:10,10:45 02 Apr,27h 35m,1 stop,No info,8505
IndiGo,3/05/2019,Kolkata,Banglore,CCU → BLR,15:30,18:05,2h 35m,non-stop,No info,4804
IndiGo,12/06/2019,Delhi,Cochin,DEL → LKO → COK,21:50,03:35 13 Jun,5h 45m,1 stop,No info,5775
Jet Airways,18/05/2019,Banglore,Delhi,BLR → DEL,06:00,08:45,2h 45m,non-stop,No info,7229
Multiple carriers,3/03/2019,Delhi,Cochin,DEL → BOM → COK,13:55,21:00,7h 5m,1 stop,No info,17057
GoAir,18/03/2019,Banglore,New Delhi,BLR → DEL,11:40,14:35,2h 55m,non-stop,No info,4340
Multiple carriers,1/06/2019,Delhi,Cochin,DEL → BOM → COK,09:00,19:00,10h,1 stop,No info,12717
IndiGo,3/03/2019,Chennai,Kolkata,MAA → CCU,05:15,07:35,2h 20m,non-stop,No info,6482
Air India,27/06/2019,Delhi,Cochin,DEL → CCU → BOM → COK,14:25,19:15 28 Jun,28h 50m,2 stops,No info,13591
Air India,12/03/2019,Chennai,Kolkata,MAA → CCU,11:40,13:55,2h 15m,non-stop,No info,7082
Jet Airways,12/06/2019,Delhi,Cochin,DEL → NAG → BOM → COK,06:45,04:25 13 Jun,21h 40m,2 stops,In-flight meal not included,10919
Air India,6/06/2019,Delhi,Cochin,DEL → AMD → BOM → COK,05:00,19:15 07 Jun,38h 15m,2 stops,No info,9653
Air India,15/05/2019,Mumbai,Hyderabad,BOM → HYD,19:30,20:45,1h 15m,non-stop,No info,3100
Jet Airways,9/05/2019,Kolkata,Banglore,CCU → BOM → BLR,21:10,12:00 10 May,14h 50m,1 stop,In-flight meal not included,9663
Multiple carriers,18/05/2019,Delhi,Cochin,DEL → BOM → COK,08:30,19:00,10h 30m,1 stop,No info,9205
SpiceJet,15/04/2019,Kolkata,Banglore,CCU → BLR,17:10,19:40,2h 30m,non-stop,No check-in baggage included,3841
Air India,27/05/2019,Delhi,Cochin,DEL → GOI → BOM → COK,22:00,19:15 28 May,21h 15m,2 stops,No info,10231
IndiGo,18/06/2019,Mumbai,Hyderabad,BOM → HYD,02:35,04:05,1h 30m,non-stop,No info,2754
Air India,1/04/2019,Kolkata,Banglore,CCU → GAU → BLR,09:50,21:05,11h 15m,1 stop,No info,8030
Multiple carriers,24/06/2019,Delhi,Cochin,DEL → BOM → COK,07:30,19:00,11h 30m,1 stop,No info,10877
Jet Airways,12/05/2019,Kolkata,Banglore,CCU → BOM → BLR,14:05,20:45,6h 40m,1 stop,No info,14781
Jet Airways,21/03/2019,Banglore,New Delhi,BLR → BOM → DEL,08:55,19:10,10h 15m,1 stop,In-flight meal not included,7832
Jet Airways,21/03/2019,Banglore,New Delhi,BLR → BOM → DEL,20:35,11:25 19 Mar,14h 50m,1 stop,In-flight meal not included,7832
Air India,21/05/2019,Delhi,Cochin,DEL → HYD → BOM → COK,17:15,07:40 22 May,14h 25m,2 stops,No info,13039
Multiple carriers,15/06/2019,Delhi,Cochin,DEL → BOM → COK,15:00,01:30 16 Jun,10h 30m,1 stop,No info,13377
Air India,15/05/2019,Delhi,Cochin,DEL → BOM → COK,03:50,19:15,15h 25m,1 stop,No info,8669
Air India,24/03/2019,Kolkata,Banglore,CCU → DEL → BLR,20:30,23:15 25 Mar,26h 45m,1 stop,No info,10808
Vistara,12/05/2019,Kolkata,Banglore,CCU → DEL → BLR,07:10,23:25,16h 15m,1 stop,No info,9345
Jet Airways,6/06/2019,Kolkata,Banglore,CCU → DEL → BLR,20:25,18:00 07 Jun,21h 35m,1 stop,In-flight meal not included,10539
Multiple carriers,6/03/2019,Delhi,Cochin,DEL → BOM → COK,07:00,21:00,14h,1 stop,No info,15603
Jet Airways,6/05/2019,Kolkata,Banglore,CCU → BOM → BLR,06:30,10:05 07 May,27h 35m,1 stop,No info,13941
Air India,01/03/2019,Banglore,New Delhi,BLR → MAA → DEL,11:50,13:00 02 Mar,25h 10m,1 stop,1 Long layover,15434
IndiGo,1/05/2019,Delhi,Cochin,DEL → BOM → COK,18:35,01:30 02 May,6h 55m,1 stop,No info,8854
Jet Airways,1/05/2019,Kolkata,Banglore,CCU → BOM → BLR,20:00,09:20 02 May,13h 20m,1 stop,In-flight meal not included,9663
Jet Airways,24/06/2019,Delhi,Cochin,DEL → BOM → COK,10:00,12:35 25 Jun,26h 35m,1 stop,In-flight meal not included,10262
Jet Airways,27/06/2019,Delhi,Cochin,DEL → AMD → BOM → COK,23:05,04:25 29 Jun,29h 20m,2 stops,In-flight meal not included,11150
Air India,18/05/2019,Kolkata,Banglore,CCU → BOM → HBX → BLR,09:25,18:20,8h 55m,2 stops,No info,8366
Multiple carriers,1/06/2019,Delhi,Cochin,DEL → BOM → COK,15:00,01:30 02 Jun,10h 30m,1 stop,No info,13377
Jet Airways,3/06/2019,Banglore,Delhi,BLR → DEL,06:00,08:45,2h 45m,non-stop,In-flight meal not included,5769
Jet Airways,15/06/2019,Delhi,Cochin,DEL → BOM → COK,20:55,19:00 16 Jun,22h 5m,1 stop,In-flight meal not included,10262
Jet Airways,21/06/2019,Mumbai,Hyderabad,BOM → HYD,10:20,11:50,1h 30m,non-stop,In-flight meal not included,4995
Jet Airways,15/06/2019,Delhi,Cochin,DEL → LKO → BOM → COK,09:25,04:25 16 Jun,19h,2 stops,No info,13882
Jet Airways,21/03/2019,Delhi,Cochin,DEL → AMD → BOM → COK,19:10,04:25 23 Mar,33h 15m,2 stops,In-flight meal not included,8834
Air India,15/05/2019,Delhi,Cochin,DEL → UDR → BOM → COK,13:20,07:40 16 May,18h 20m,2 stops,No info,13538
Jet Airways,1/04/2019,Kolkata,Banglore,CCU → BOM → BLR,14:05,22:35,8h 30m,1 stop,No info,13364
Jet Airways,12/05/2019,Kolkata,Banglore,CCU → BOM → BLR,06:30,16:20,9h 50m,1 stop,In-flight meal not included,10844
Jet Airways,9/06/2019,Delhi,Cochin,DEL → BOM → COK,17:30,04:25 10 Jun,10h 55m,1 stop,In-flight meal not included,10262
Vistara,21/06/2019,Delhi,Cochin,DEL → COK,14:40,17:50,3h 10m,non-stop,No info,6216
SpiceJet,24/03/2019,Banglore,New Delhi,BLR → DEL,09:35,12:30,2h 55m,non-stop,No check-in baggage included,4273
Air India,27/06/2019,Delhi,Cochin,DEL → GOI → BOM → COK,10:55,19:15,8h 20m,2 stops,No info,11753
IndiGo,01/03/2019,Banglore,New Delhi,BLR → DEL,10:05,13:00,2h 55m,non-stop,No info,10067
Vistara,9/06/2019,Kolkata,Banglore,CCU → DEL → BLR,17:00,22:55,5h 55m,1 stop,No info,9187
Air India,9/03/2019,Delhi,Cochin,DEL → AMD → BOM → COK,16:40,19:15 10 Mar,26h 35m,2 stops,No info,11911
Jet Airways,24/03/2019,Kolkata,Banglore,CCU → BOM → BLR,21:10,20:40 25 Mar,23h 30m,1 stop,In-flight meal not included,10031
Vistara,6/06/2019,Kolkata,Banglore,CCU → DEL → BLR,20:20,09:05 07 Jun,12h 45m,1 stop,No info,8452
Multiple carriers,6/03/2019,Delhi,Cochin,DEL → BOM → COK,07:05,15:30,8h 25m,1 stop,No info,17267
Multiple carriers,27/05/2019,Delhi,Cochin,DEL → BOM → COK,06:40,19:15,12h 35m,1 stop,No info,8837
IndiGo,18/05/2019,Kolkata,Banglore,CCU → BLR,14:25,16:55,2h 30m,non-stop,No info,5224
IndiGo,9/06/2019,Delhi,Cochin,DEL → BOM → COK,16:00,21:00,5h,1 stop,No info,6069
SpiceJet,27/05/2019,Mumbai,Hyderabad,BOM → HYD,22:45,00:15 28 May,1h 30m,non-stop,No check-in baggage included,1965
Jet Airways,24/05/2019,Banglore,Delhi,BLR → DEL,06:00,08:45,2h 45m,non-stop,No info,7229
Jet Airways,12/03/2019,Banglore,New Delhi,BLR → BOM → DEL,20:35,12:25 13 Mar,15h 50m,1 stop,In-flight meal not included,11087
Air India,12/06/2019,Kolkata,Banglore,CCU → BBI → BOM → BLR,12:00,07:55 13 Jun,19h 55m,2 stops,No info,9416
Multiple carriers,3/06/2019,Delhi,Cochin,DEL → BOM → COK,12:50,21:00,8h 10m,1 stop,No info,7740
IndiGo,18/04/2019,Banglore,Delhi,BLR → DEL,01:30,04:15,2h 45m,non-stop,No info,4591
IndiGo,9/03/2019,Chennai,Kolkata,MAA → CCU,17:05,19:40,2h 35m,non-stop,No info,6297
Air Asia,9/04/2019,Delhi,Cochin,DEL → BLR → COK,20:45,07:10 10 Apr,10h 25m,1 stop,No info,6451
Jet Airways,18/03/2019,Banglore,New Delhi,BLR → BOM → DEL,08:55,16:10,7h 15m,1 stop,No info,12284
Jet Airways,15/05/2019,Kolkata,Banglore,CCU → DEL → BLR,17:00,19:10 16 May,26h 10m,1 stop,No info,14151
SpiceJet,6/03/2019,Delhi,Cochin,DEL → PNQ → COK,08:45,13:15,4h 30m,1 stop,No info,8488
Jet Airways,24/03/2019,Kolkata,Banglore,CCU → BOM → BLR,19:45,18:10 25 Mar,22h 25m,1 stop,No info,13759
Jet Airways,18/03/2019,Banglore,New Delhi,BLR → BOM → DEL,05:45,13:15,7h 30m,1 stop,No info,12284
Air India,15/06/2019,Delhi,Cochin,DEL → UDR → BOM → COK,13:20,07:40 16 Jun,18h 20m,2 stops,No info,12121
Multiple carriers,6/06/2019,Delhi,Cochin,DEL → BOM → COK,11:40,19:15,7h 35m,1 stop,No info,8266
Multiple carriers,12/06/2019,Delhi,Cochin,DEL → BOM → COK,14:00,01:30 13 Jun,11h 30m,1 stop,No info,13377
Jet Airways,1/04/2019,Kolkata,Banglore,CCU → BOM → BLR,16:30,19:50 02 Apr,27h 20m,1 stop,No info,12681
Jet Airways,27/06/2019,Delhi,Cochin,DEL → COK,11:00,14:15,3h 15m,non-stop,In-flight meal not included,7202
Multiple carriers,27/05/2019,Delhi,Cochin,DEL → HYD → COK,14:55,22:30,7h 35m,1 stop,No info,7038
Air India,1/05/2019,Kolkata,Banglore,CCU → GAU → DEL → BLR,09:50,08:55 02 May,23h 5m,2 stops,No info,13227
IndiGo,9/03/2019,Chennai,Kolkata,MAA → CCU,07:55,10:15,2h 20m,non-stop,No info,6297
Air India,1/06/2019,Delhi,Cochin,DEL → MAA → COK,12:30,09:25 02 Jun,20h 55m,1 stop,No info,7480
Vistara,24/05/2019,Banglore,Delhi,BLR → DEL,11:30,14:20,2h 50m,non-stop,No info,4668
Jet Airways,1/06/2019,Delhi,Cochin,DEL → BOM → COK,07:05,12:35,5h 30m,1 stop,No info,16079
Multiple carriers,27/05/2019,Delhi,Cochin,DEL → BOM → COK,11:30,21:00,9h 30m,1 stop,No info,13587
IndiGo,3/06/2019,Chennai,Kolkata,MAA → CCU,07:55,10:15,2h 20m,non-stop,No info,3850
IndiGo,27/04/2019,Banglore,Delhi,BLR → DEL,18:55,21:50,2h 55m,non-stop,No info,4823
Multiple carriers,18/05/2019,Delhi,Cochin,DEL → BOM → COK,13:00,19:15,6h 15m,1 stop,No info,14533
Multiple carriers,9/05/2019,Delhi,Cochin,DEL → BOM → COK,09:00,21:00,12h,1 stop,No info,8073
Multiple carriers,27/05/2019,Delhi,Cochin,DEL → BOM → COK,04:55,19:00,14h 5m,1 stop,No info,11573
Vistara,21/04/2019,Banglore,Delhi,BLR → DEL,11:30,14:20,2h 50m,non-stop,No info,5403
Jet Airways,9/04/2019,Banglore,Delhi,BLR → DEL,11:10,14:05,2h 55m,non-stop,In-flight meal not included,4544
Jet Airways,12/06/2019,Kolkata,Banglore,CCU → BOM → BLR,08:25,18:15,9h 50m,1 stop,No info,13626
IndiGo,12/05/2019,Mumbai,Hyderabad,BOM → HYD,16:55,18:25,1h 30m,non-stop,No info,3603
Multiple carriers,3/06/2019,Delhi,Cochin,DEL → BOM → COK,06:40,19:15,12h 35m,1 stop,No info,7354
IndiGo,1/04/2019,Banglore,Delhi,BLR → DEL,13:00,15:50,2h 50m,non-stop,No info,4591
Air India,6/06/2019,Kolkata,Banglore,CCU → GAU → BLR,09:50,21:05,11h 15m,1 stop,No info,7452
Vistara,6/05/2019,Banglore,Delhi,BLR → DEL,17:00,19:35,2h 35m,non-stop,No info,4878
IndiGo,24/06/2019,Delhi,Cochin,DEL → BLR → COK,17:05,22:15,5h 10m,1 stop,No info,6147
Jet Airways,24/05/2019,Kolkata,Banglore,CCU → BOM → BLR,06:30,09:20 25 May,26h 50m,1 stop,No info,14178
SpiceJet,9/05/2019,Banglore,Delhi,BLR → DEL,21:10,00:05 10 May,2h 55m,non-stop,No check-in baggage included,4319
Jet Airways,6/06/2019,Delhi,Cochin,DEL → BOM → COK,22:50,19:00 07 Jun,20h 10m,1 stop,In-flight meal not included,10262
Air India,15/05/2019,Kolkata,Banglore,CCU → DEL → COK → BLR,20:30,13:45 16 May,17h 15m,2 stops,No info,16057
Jet Airways,18/05/2019,Kolkata,Banglore,CCU → BOM → BLR,18:55,20:45 19 May,25h 50m,1 stop,In-flight meal not included,10844
Jet Airways,6/06/2019,Kolkata,Banglore,CCU → BOM → BLR,14:05,22:35,8h 30m,1 stop,No info,14571
Multiple carriers,27/05/2019,Delhi,Cochin,DEL → BOM → COK,11:30,21:00,9h 30m,1 stop,In-flight meal not included,6943
SpiceJet,6/06/2019,Mumbai,Hyderabad,BOM → HYD,22:45,00:15 07 Jun,1h 30m,non-stop,No info,2017
GoAir,3/06/2019,Delhi,Cochin,DEL → AMD → COK,07:25,13:35,6h 10m,1 stop,No info,6976
Air Asia,21/05/2019,Delhi,Cochin,DEL → BLR → COK,07:55,22:30,14h 35m,1 stop,No info,6152
Jet Airways,15/03/2019,Banglore,New Delhi,BLR → MAA → DEL,09:45,14:25,4h 40m,1 stop,No info,8578
Jet Airways,6/05/2019,Kolkata,Banglore,CCU → BOM → BLR,20:00,08:15 07 May,12h 15m,1 stop,In-flight meal not included,9663
Vistara,6/03/2019,Mumbai,Hyderabad,BOM → DEL → HYD,11:55,09:25 07 Mar,21h 30m,1 stop,No info,12395
IndiGo,27/04/2019,Banglore,Delhi,BLR → DEL,00:30,03:25,2h 55m,non-stop,No info,4591
Jet Airways,01/03/2019,Banglore,New Delhi,BLR → BOM → DEL,22:50,09:30 02 Mar,10h 40m,1 stop,1 Long layover,31825
Jet Airways,21/05/2019,Delhi,Cochin,DEL → AMD → BOM → COK,23:05,19:00 22 May,19h 55m,2 stops,No info,15129
IndiGo,15/05/2019,Banglore,Delhi,BLR → DEL,18:55,21:50,2h 55m,non-stop,No info,4823
Jet Airways,15/06/2019,Delhi,Cochin,DEL → JAI → BOM → COK,09:40,12:35 16 Jun,26h 55m,2 stops,In-flight meal not included,10368
Jet Airways,06/03/2019,Banglore,New Delhi,BLR → BOM → DEL,08:55,09:30 07 Mar,24h 35m,1 stop,No info,17261
Air Asia,15/06/2019,Kolkata,Banglore,CCU → BLR,19:55,22:25,2h 30m,non-stop,No info,4107
IndiGo,24/06/2019,Delhi,Cochin,DEL → BLR → COK,05:10,10:05,4h 55m,1 stop,No info,6496
SpiceJet,6/06/2019,Kolkata,Banglore,CCU → BLR,22:20,00:40 07 Jun,2h 20m,non-stop,No info,3873
IndiGo,6/03/2019,Delhi,Cochin,DEL → HYD → MAA → COK,08:35,21:20,12h 45m,2 stops,No info,7682
Air India,15/06/2019,Delhi,Cochin,DEL → CCU → BOM → COK,20:15,19:15 16 Jun,23h,2 stops,No info,13591
Jet Airways,21/03/2019,Delhi,Cochin,DEL → BDQ → BOM → COK,18:25,04:25 23 Mar,34h,2 stops,No info,12347
Air India,24/05/2019,Mumbai,Hyderabad,BOM → HYD,15:00,16:25,1h 25m,non-stop,No info,3100
SpiceJet,03/03/2019,Banglore,New Delhi,BLR → HYD → DEL,15:35,23:40,8h 5m,1 stop,No info,6315
IndiGo,15/05/2019,Kolkata,Banglore,CCU → BLR,20:20,22:55,2h 35m,non-stop,No info,4804
Air India,27/05/2019,Delhi,Cochin,DEL → BOM → COK,08:00,19:15,11h 15m,1 stop,No info,9929
Jet Airways,18/03/2019,Mumbai,Hyderabad,BOM → HYD,19:35,21:05,1h 30m,non-stop,No info,5678
Jet Airways,9/05/2019,Delhi,Cochin,DEL → BOM → COK,22:50,04:25 10 May,5h 35m,1 stop,No info,15554
Air India,15/06/2019,Kolkata,Banglore,CCU → BLR,14:15,16:45,2h 30m,non-stop,No info,5510
IndiGo,27/05/2019,Mumbai,Hyderabad,BOM → HYD,16:55,18:25,1h 30m,non-stop,No info,3175
Jet Airways,6/05/2019,Delhi,Cochin,DEL → JAI → BOM → COK,09:40,12:35 07 May,26h 55m,2 stops,No info,15129
Jet Airways,24/06/2019,Delhi,Cochin,DEL → JAI → BOM → COK,05:30,04:25 25 Jun,22h 55m,2 stops,No info,13014
Jet Airways,21/05/2019,Delhi,Cochin,DEL → BOM → COK,18:15,12:35 22 May,18h 20m,1 stop,In-flight meal not included,12898
Air India,24/06/2019,Delhi,Cochin,DEL → GOI → BOM → COK,22:00,19:15 25 Jun,21h 15m,2 stops,No info,9181
Air India,15/06/2019,Delhi,Cochin,DEL → BLR → COK,09:45,23:00,13h 15m,1 stop,No info,8907
Multiple carriers,3/06/2019,Delhi,Cochin,DEL → BOM → COK,04:55,12:35,7h 40m,1 stop,No info,11622
Multiple carriers,15/05/2019,Delhi,Cochin,DEL → GWL → IDR → BOM → COK,11:35,01:30 16 May,13h 55m,3 stops,No info,16294
Air India,1/05/2019,Kolkata,Banglore,CCU → BBI → BOM → BLR,12:00,18:30 02 May,30h 30m,2 stops,No info,10151
Jet Airways,15/06/2019,Delhi,Cochin,DEL → BOM → COK,09:00,12:35 16 Jun,27h 35m,1 stop,In-flight meal not included,10262
IndiGo,15/04/2019,Banglore,Delhi,BLR → DEL,16:55,19:55,3h,non-stop,No info,4823
Jet Airways,21/06/2019,Banglore,Delhi,BLR → DEL,18:55,22:00,3h 5m,non-stop,No info,8541
Jet Airways,24/03/2019,Kolkata,Banglore,CCU → BOM → BLR,13:55,10:05 25 Mar,20h 10m,1 stop,In-flight meal not included,11134
Jet Airways,1/06/2019,Delhi,Cochin,DEL → BOM → COK,21:50,04:25 02 Jun,6h 35m,1 stop,In-flight meal not included,10262
Air India,3/03/2019,Delhi,Cochin,DEL → MAA → COK,17:20,09:25 04 Mar,16h 5m,1 stop,No info,16352
Jet Airways,15/05/2019,Kolkata,Banglore,CCU → BOM → BLR,18:55,08:15 16 May,13h 20m,1 stop,In-flight meal not included,9663
SpiceJet,12/04/2019,Kolkata,Banglore,CCU → BLR,17:10,19:40,2h 30m,non-stop,No check-in baggage included,3841
Jet Airways,15/05/2019,Banglore,Delhi,BLR → DEL,11:10,14:05,2h 55m,non-stop,In-flight meal not included,4030
Jet Airways,6/06/2019,Delhi,Cochin,DEL → ATQ → BOM → COK,20:00,04:25 07 Jun,8h 25m,2 stops,In-flight meal not included,15318
SpiceJet,3/06/2019,Kolkata,Banglore,CCU → BLR,06:55,09:30,2h 35m,non-stop,No info,3873
Air India,21/03/2019,Delhi,Cochin,DEL → RPR → NAG → BOM → COK,05:15,19:15 22 Mar,38h,3 stops,No info,9128
Jet Airways,27/05/2019,Delhi,Cochin,DEL → BOM → COK,20:55,12:35 28 May,15h 40m,1 stop,In-flight meal not included,12898
IndiGo,21/03/2019,Delhi,Cochin,DEL → BLR → COK,02:00,07:45,5h 45m,1 stop,No info,6426
Air Asia,9/06/2019,Kolkata,Banglore,CCU → DEL → BLR,07:35,19:25,11h 50m,1 stop,No info,7870
Jet Airways,12/05/2019,Kolkata,Banglore,CCU → DEL → BLR,20:25,10:55 13 May,14h 30m,1 stop,No info,14151
Jet Airways,9/06/2019,Kolkata,Banglore,CCU → BOM → BLR,20:00,23:35 10 Jun,27h 35m,1 stop,In-flight meal not included,10844
Vistara,1/04/2019,Kolkata,Banglore,CCU → DEL → BLR,20:20,10:45 02 Apr,14h 25m,1 stop,No info,8505
Vistara,3/06/2019,Banglore,Delhi,BLR → DEL,11:30,14:20,2h 50m,non-stop,No info,4668
Jet Airways,24/03/2019,Kolkata,Banglore,CCU → BOM → BLR,06:30,12:00,5h 30m,1 stop,In-flight meal not included,7826
Vistara,1/06/2019,Banglore,Delhi,BLR → DEL,17:00,19:35,2h 35m,non-stop,No info,4878
Multiple carriers,9/03/2019,Delhi,Cochin,DEL → BOM → COK,06:40,19:45,13h 5m,1 stop,No info,12615
SpiceJet,27/05/2019,Banglore,Delhi,BLR → DEL,05:55,08:35,2h 40m,non-stop,No info,3311
Jet Airways,24/03/2019,Kolkata,Banglore,CCU → BOM → BLR,08:25,22:35,14h 10m,1 stop,No info,13759
Air India,18/05/2019,Kolkata,Banglore,CCU → HYD → BLR,19:00,11:05 19 May,16h 5m,1 stop,No info,6327
Air Asia,21/05/2019,Banglore,Delhi,BLR → DEL,11:10,13:55,2h 45m,non-stop,No info,3383
IndiGo,15/05/2019,Delhi,Cochin,DEL → BOM → COK,07:30,21:00,13h 30m,1 stop,No info,7191
Jet Airways,18/03/2019,Banglore,New Delhi,BLR → BOM → DEL,05:45,10:45,5h,1 stop,No info,12284
Jet Airways,27/03/2019,Delhi,Cochin,DEL → MAA → BOM → COK,05:10,04:25 28 Mar,23h 15m,2 stops,In-flight meal not included,9412
Jet Airways,9/04/2019,Banglore,Delhi,BLR → DEL,15:50,18:45,2h 55m,non-stop,No info,7229
SpiceJet,27/04/2019,Banglore,Delhi,BLR → DEL,05:55,08:35,2h 40m,non-stop,No check-in baggage included,4319
Jet Airways,21/03/2019,Banglore,New Delhi,BLR → BOM → DEL,08:00,23:00,15h,1 stop,In-flight meal not included,7832
GoAir,3/06/2019,Delhi,Cochin,DEL → BOM → COK,10:35,19:35,9h,1 stop,No info,4959
Vistara,1/05/2019,Kolkata,Banglore,CCU → DEL → BLR,17:00,10:45 02 May,17h 45m,1 stop,No info,9187
Jet Airways,21/03/2019,Delhi,Cochin,DEL → MAA → BOM → COK,19:15,18:50 22 Mar,23h 35m,2 stops,In-flight meal not included,8938
SpiceJet,9/05/2019,Chennai,Kolkata,MAA → CCU,08:20,10:35,2h 15m,non-stop,No check-in baggage included,3859
Air Asia,24/06/2019,Kolkata,Banglore,CCU → BLR,22:50,01:20 25 Jun,2h 30m,non-stop,No info,3807
Air India,24/04/2019,Kolkata,Banglore,CCU → BLR,20:45,23:20,2h 35m,non-stop,No info,4145
Air India,01/03/2019,Banglore,New Delhi,BLR → HYD → DEL,17:00,23:10,6h 10m,1 stop,No info,11628
Vistara,27/04/2019,Delhi,Cochin,DEL → COK,06:00,09:10,3h 10m,non-stop,No info,6216
Air India,18/05/2019,Delhi,Cochin,DEL → GOI → BOM → COK,22:00,19:15 19 May,21h 15m,2 stops,No info,11228
IndiGo,18/05/2019,Delhi,Cochin,DEL → BOM → COK,08:30,21:00,12h 30m,1 stop,No info,7081
Jet Airways,12/05/2019,Kolkata,Banglore,CCU → BOM → BLR,18:55,09:20 13 May,14h 25m,1 stop,In-flight meal not included,9663
Jet Airways,24/06/2019,Mumbai,Hyderabad,BOM → HYD,19:35,21:05,1h 30m,non-stop,In-flight meal not included,3210
Multiple carriers,1/06/2019,Delhi,Cochin,DEL → BOM → COK,13:00,01:30 02 Jun,12h 30m,1 stop,No info,13377
Jet Airways,9/05/2019,Delhi,Cochin,DEL → BOM → COK,11:30,12:35 10 May,25h 5m,1 stop,In-flight meal not included,12373
Air India,9/05/2019,Kolkata,Banglore,CCU → BOM → COK → BLR,09:25,13:45 10 May,28h 20m,2 stops,No info,12592
Multiple carriers,27/05/2019,Delhi,Cochin,DEL → BOM → COK,10:00,19:15,9h 15m,1 stop,In-flight meal not included,11446
IndiGo,09/03/2019,Banglore,New Delhi,BLR → GOI → DEL,19:30,00:40 13 Mar,5h 10m,1 stop,No info,7280
Jet Airways,27/06/2019,Delhi,Cochin,DEL → BOM → COK,22:50,04:25 28 Jun,5h 35m,1 stop,No info,16079
Vistara,27/05/2019,Banglore,Delhi,BLR → DEL,17:00,19:35,2h 35m,non-stop,No info,4878
SpiceJet,12/04/2019,Kolkata,Banglore,CCU → BLR,22:20,00:40 13 Apr,2h 20m,non-stop,No info,3873
Jet Airways,15/06/2019,Delhi,Cochin,DEL → LKO → BOM → COK,09:25,12:35 16 Jun,27h 10m,2 stops,No info,13882
Air India,01/03/2019,Banglore,New Delhi,BLR → CCU → GAU → DEL,05:50,22:10,16h 20m,2 stops,No info,13576
Multiple carriers,15/06/2019,Delhi,Cochin,DEL → BOM → COK,07:30,19:15,11h 45m,1 stop,No info,8614
Jet Airways,24/06/2019,Delhi,Cochin,DEL → IDR → BOM → COK,05:30,04:25 25 Jun,22h 55m,2 stops,No info,13292
IndiGo,12/05/2019,Banglore,Delhi,BLR → DEL,13:00,15:50,2h 50m,non-stop,No info,4591
IndiGo,24/06/2019,Mumbai,Hyderabad,BOM → HYD,06:25,07:55,1h 30m,non-stop,No info,4049
Jet Airways,24/05/2019,Kolkata,Banglore,CCU → DEL → BLR,20:25,09:45 25 May,13h 20m,1 stop,No info,13067
Jet Airways,15/04/2019,Delhi,Cochin,DEL → BOM → COK,11:30,19:00,7h 30m,1 stop,In-flight meal not included,6542
IndiGo,1/06/2019,Chennai,Kolkata,MAA → CCU,22:05,00:25 02 Jun,2h 20m,non-stop,No info,5277
Vistara,1/04/2019,Kolkata,Banglore,CCU → DEL → BLR,20:20,09:05 02 Apr,12h 45m,1 stop,No info,7980
Air Asia,27/05/2019,Delhi,Cochin,DEL → BLR → COK,16:45,22:25,5h 40m,1 stop,No info,6752
IndiGo,27/06/2019,Banglore,Delhi,BLR → DEL,06:05,08:50,2h 45m,non-stop,No info,3943
Air India,6/05/2019,Kolkata,Banglore,CCU → BOM → AMD → BLR,09:25,05:25 07 May,20h,2 stops,No info,17732
Air Asia,27/06/2019,Kolkata,Banglore,CCU → BLR,19:55,22:25,2h 30m,non-stop,No info,3807
Air Asia,6/06/2019,Banglore,Delhi,BLR → DEL,11:10,13:55,2h 45m,non-stop,No info,4483
IndiGo,21/05/2019,Delhi,Cochin,DEL → HYD → COK,06:50,12:10,5h 20m,1 stop,No info,5530
Vistara,18/03/2019,Banglore,New Delhi,BLR → DEL,19:40,22:20,2h 40m,non-stop,No info,12123
IndiGo,24/06/2019,Mumbai,Hyderabad,BOM → HYD,09:10,10:40,1h 30m,non-stop,No info,4049
Jet Airways,6/06/2019,Kolkata,Banglore,CCU → BOM → BLR,08:25,04:40 07 Jun,20h 15m,1 stop,No info,13731
SpiceJet,15/06/2019,Banglore,Delhi,BLR → DEL,21:10,00:05 16 Jun,2h 55m,non-stop,No check-in baggage included,3919
Jet Airways,12/05/2019,Banglore,Delhi,BLR → DEL,18:55,22:00,3h 5m,non-stop,No info,7229
SpiceJet,27/03/2019,Kolkata,Banglore,CCU → BLR,06:55,09:35,2h 40m,non-stop,No info,3847
IndiGo,27/06/2019,Mumbai,Hyderabad,BOM → HYD,21:20,22:50,1h 30m,non-stop,No info,2227
Multiple carriers,9/03/2019,Delhi,Cochin,DEL → BOM → COK,15:05,01:35 10 Mar,10h 30m,1 stop,In-flight meal not included,14086
Jet Airways,6/03/2019,Delhi,Cochin,DEL → IDR → BOM → COK,05:25,19:45 07 Mar,38h 20m,2 stops,No info,16914
Vistara,9/06/2019,Kolkata,Banglore,CCU → DEL → BLR,07:10,22:55,15h 45m,1 stop,No info,8662
Air India,24/06/2019,Delhi,Cochin,DEL → BOM → COK,10:00,19:15,9h 15m,1 stop,No info,9194
Jet Airways,9/05/2019,Kolkata,Banglore,CCU → BOM → BLR,14:05,09:20 10 May,19h 15m,1 stop,In-flight meal not included,9663
Multiple carriers,24/06/2019,Delhi,Cochin,DEL → BOM → COK,15:15,01:30 25 Jun,10h 15m,1 stop,In-flight meal not included,5797
Jet Airways,9/03/2019,Delhi,Cochin,DEL → ATQ → BOM → COK,20:10,04:25 10 Mar,8h 15m,2 stops,No info,20904
Multiple carriers,1/06/2019,Delhi,Cochin,DEL → BOM → COK,13:00,19:15,6h 15m,1 stop,No info,16108
Jet Airways,3/06/2019,Delhi,Cochin,DEL → BOM → COK,09:00,19:00,10h,1 stop,No info,14714
Air India,12/06/2019,Delhi,Cochin,DEL → JAI → BOM → COK,12:00,19:15,7h 15m,2 stops,No info,8603
Multiple carriers,3/03/2019,Delhi,Cochin,DEL → HYD → COK,13:05,22:20,9h 15m,1 stop,No info,14153
IndiGo,1/06/2019,Delhi,Cochin,DEL → BOM → COK,17:30,01:30 02 Jun,8h,1 stop,No info,6628
SpiceJet,21/06/2019,Mumbai,Hyderabad,BOM → HYD,22:45,00:15 22 Jun,1h 30m,non-stop,No info,2017
Jet Airways,24/06/2019,Banglore,Delhi,BLR → DEL,15:15,18:10,2h 55m,non-stop,No info,8016
SpiceJet,15/03/2019,Banglore,New Delhi,BLR → DEL,05:45,08:35,2h 50m,non-stop,No info,5575
Multiple carriers,9/05/2019,Delhi,Cochin,DEL → BOM → COK,13:00,01:30 10 May,12h 30m,1 stop,No info,15078
Air India,3/03/2019,Mumbai,Hyderabad,BOM → HYD,21:05,22:25,1h 20m,non-stop,No info,4937
IndiGo,21/06/2019,Mumbai,Hyderabad,BOM → HYD,16:55,18:25,1h 30m,non-stop,No info,4392
Jet Airways,12/06/2019,Delhi,Cochin,DEL → ATQ → BOM → COK,18:20,19:00 13 Jun,24h 40m,2 stops,No info,14300
Jet Airways,1/05/2019,Banglore,Delhi,BLR → DEL,06:00,08:45,2h 45m,non-stop,In-flight meal not included,4030
Jet Airways,12/06/2019,Kolkata,Banglore,CCU → BOM → BLR,20:00,04:40 13 Jun,8h 40m,1 stop,No info,12576
Multiple carriers,12/06/2019,Delhi,Cochin,DEL → BOM → COK,09:00,19:15,10h 15m,1 stop,No info,14848
Jet Airways,21/03/2019,Banglore,New Delhi,BLR → BOM → DEL,11:40,10:25 19 Mar,22h 45m,1 stop,In-flight meal not included,7832
Multiple carriers,21/03/2019,Delhi,Cochin,DEL → BOM → COK,09:00,15:30,6h 30m,1 stop,No info,14486
IndiGo,9/04/2019,Kolkata,Banglore,CCU → BLR,21:25,00:05 10 Apr,2h 40m,non-stop,No info,4174
Air Asia,27/04/2019,Banglore,Delhi,BLR → DEL,23:55,02:45 28 Apr,2h 50m,non-stop,No info,3383
Air India,27/06/2019,Mumbai,Hyderabad,BOM → HYD,21:05,22:25,1h 20m,non-stop,No info,3100
Vistara,15/04/2019,Banglore,Delhi,BLR → DEL,09:45,12:35,2h 50m,non-stop,No info,5403
Jet Airways,6/03/2019,Delhi,Cochin,DEL → BOM → COK,11:30,04:25 07 Mar,16h 55m,1 stop,In-flight meal not included,13843
SpiceJet,6/06/2019,Chennai,Kolkata,MAA → CCU,08:20,10:35,2h 15m,non-stop,No check-in baggage included,3543
Air India,15/05/2019,Kolkata,Banglore,CCU → BOM → COK → BLR,16:50,13:45 16 May,20h 55m,2 stops,No info,15532
IndiGo,15/05/2019,Kolkata,Banglore,CCU → BLR,15:30,18:05,2h 35m,non-stop,No info,4804
Air India,6/05/2019,Kolkata,Banglore,CCU → BLR,14:15,16:45,2h 30m,non-stop,No info,5510
SpiceJet,21/05/2019,Kolkata,Banglore,CCU → BLR,09:00,11:25,2h 25m,non-stop,No info,4174
Jet Airways,12/05/2019,Kolkata,Banglore,CCU → BOM → BLR,16:30,23:35,7h 5m,1 stop,No info,14781
Air India,3/05/2019,Banglore,Delhi,BLR → DEL,10:00,12:45,2h 45m,non-stop,No info,6121
Jet Airways,1/06/2019,Delhi,Cochin,DEL → JAI → BOM → COK,19:30,04:25 02 Jun,8h 55m,2 stops,In-flight meal not included,10368
Jet Airways,6/06/2019,Kolkata,Banglore,CCU → DEL → BLR,17:00,14:25 07 Jun,21h 25m,1 stop,In-flight meal not included,10539
Jet Airways,27/06/2019,Delhi,Cochin,DEL → BOM → COK,08:00,19:00,11h,1 stop,In-flight meal not included,10262
Air India,24/05/2019,Kolkata,Banglore,CCU → GAU → BLR,09:50,21:05,11h 15m,1 stop,No info,7662
Jet Airways,3/06/2019,Banglore,Delhi,BLR → DEL,17:45,20:45,3h,non-stop,In-flight meal not included,6478
IndiGo,3/05/2019,Kolkata,Banglore,CCU → BLR,11:30,14:05,2h 35m,non-stop,No info,5224
SpiceJet,3/03/2019,Kolkata,Banglore,CCU → BLR,06:55,09:35,2h 40m,non-stop,No info,4622
IndiGo,15/04/2019,Delhi,Cochin,DEL → HYD → COK,06:50,12:10,5h 20m,1 stop,No info,5761
Jet Airways,18/05/2019,Kolkata,Banglore,CCU → BOM → BLR,05:45,08:15 19 May,26h 30m,1 stop,In-flight meal not included,8586
Air India,3/06/2019,Banglore,Delhi,BLR → DEL,13:20,16:10,2h 50m,non-stop,No info,6961
Jet Airways,24/06/2019,Delhi,Cochin,DEL → BHO → BOM → COK,05:30,12:35,7h 5m,2 stops,In-flight meal not included,13344
Jet Airways,6/06/2019,Kolkata,Banglore,CCU → BOM → BLR,20:00,16:20 07 Jun,20h 20m,1 stop,In-flight meal not included,10844
Multiple carriers,9/05/2019,Delhi,Cochin,DEL → BOM → COK,07:05,21:00,13h 55m,1 stop,In-flight meal not included,10546
IndiGo,9/05/2019,Banglore,Delhi,BLR → DEL,10:10,13:00,2h 50m,non-stop,No info,3943
Jet Airways,21/03/2019,Banglore,New Delhi,BLR → BOM → DEL,08:00,07:40 19 Mar,23h 40m,1 stop,In-flight meal not included,7832
IndiGo,1/03/2019,Kolkata,Banglore,CCU → BLR,20:25,23:05,2h 40m,non-stop,No info,4778
Jet Airways,12/03/2019,Banglore,New Delhi,BLR → BOM → DEL,22:55,09:30 13 Mar,10h 35m,1 stop,No info,13817
Jet Airways,01/03/2019,Banglore,New Delhi,BLR → BOM → DEL,16:55,09:00 02 Mar,16h 5m,1 stop,1 Long layover,25735
SpiceJet,18/04/2019,Kolkata,Banglore,CCU → BLR,22:20,00:40 19 Apr,2h 20m,non-stop,No check-in baggage included,3841
Jet Airways,1/05/2019,Kolkata,Banglore,CCU → BOM → BLR,14:05,23:35,9h 30m,1 stop,No info,14781
Jet Airways,9/03/2019,Delhi,Cochin,DEL → BOM → COK,15:05,04:25 10 Mar,13h 20m,1 stop,In-flight meal not included,14053
Jet Airways,27/06/2019,Delhi,Cochin,DEL → AMD → BOM → COK,23:05,19:00 28 Jun,19h 55m,2 stops,In-flight meal not included,11150
Multiple carriers,15/05/2019,Delhi,Cochin,DEL → HYD → COK,07:10,22:30,15h 20m,1 stop,No info,6513
Air India,1/06/2019,Delhi,Cochin,DEL → GOI → BOM → COK,22:00,19:15 02 Jun,21h 15m,2 stops,No info,10861
IndiGo,6/03/2019,Delhi,Cochin,DEL → COK,05:35,08:50,3h 15m,non-stop,No info,7673
Multiple carriers Premium economy,21/03/2019,Delhi,Cochin,DEL → BOM → COK,08:55,19:15,10h 20m,1 stop,No info,10161
Air India,12/05/2019,Delhi,Cochin,DEL → COK,18:05,21:10,3h 5m,non-stop,No info,6304
Air India,3/03/2019,Delhi,Cochin,DEL → HYD → BOM → COK,21:30,19:15 04 Mar,21h 45m,2 stops,No info,12497
Air India,21/06/2019,Delhi,Cochin,DEL → COK,18:05,21:10,3h 5m,non-stop,No info,5411
Jet Airways,21/03/2019,Banglore,New Delhi,BLR → BOM → DEL,05:45,13:15,7h 30m,1 stop,In-flight meal not included,7832
Multiple carriers,27/05/2019,Delhi,Cochin,DEL → BOM → COK,06:00,19:15,13h 15m,1 stop,No info,10786
Jet Airways,9/06/2019,Kolkata,Banglore,CCU → BOM → BLR,08:25,19:50,11h 25m,1 stop,No info,14571
SpiceJet,24/05/2019,Kolkata,Banglore,CCU → BLR,17:10,19:40,2h 30m,non-stop,No info,4174
IndiGo,18/03/2019,Mumbai,Hyderabad,BOM → HYD,06:20,07:45,1h 25m,non-stop,No info,3342
Multiple carriers,18/05/2019,Delhi,Cochin,DEL → BOM → COK,10:00,01:30 19 May,15h 30m,1 stop,No info,8073
IndiGo,12/06/2019,Kolkata,Banglore,CCU → BLR,09:35,12:20,2h 45m,non-stop,No info,4804
Vistara,24/05/2019,Kolkata,Banglore,CCU → DEL → BLR,07:10,23:25,16h 15m,1 stop,No info,9345
Jet Airways,24/03/2019,Kolkata,Banglore,CCU → BOM → BLR,16:55,12:00 25 Mar,19h 5m,1 stop,In-flight meal not included,11134
Jet Airways,15/05/2019,Kolkata,Banglore,CCU → DEL → BLR,17:00,14:25 16 May,21h 25m,1 stop,In-flight meal not included,9314
Air India,21/03/2019,Mumbai,Hyderabad,BOM → HYD,19:30,20:45,1h 15m,non-stop,No info,2575
Jet Airways,9/05/2019,Delhi,Cochin,DEL → AMD → BOM → COK,23:05,19:00 10 May,19h 55m,2 stops,No info,15129
Multiple carriers,12/06/2019,Delhi,Cochin,DEL → BOM → COK,16:00,01:30 13 Jun,9h 30m,1 stop,No info,13377
Jet Airways,24/06/2019,Delhi,Cochin,DEL → BOM → COK,21:50,19:00 25 Jun,21h 10m,1 stop,In-flight meal not included,10262
Jet Airways,9/04/2019,Delhi,Cochin,DEL → BOM → COK,20:55,12:35 10 Apr,15h 40m,1 stop,No info,11822
Multiple carriers,27/05/2019,Delhi,Cochin,DEL → BOM → COK,07:30,19:00,11h 30m,1 stop,No info,11264
GoAir,27/05/2019,Banglore,Delhi,BLR → DEL,20:55,23:40,2h 45m,non-stop,No info,3419
IndiGo,6/06/2019,Delhi,Cochin,DEL → BOM → COK,16:00,01:30 07 Jun,9h 30m,1 stop,No info,6316
SpiceJet,9/06/2019,Kolkata,Banglore,CCU → BLR,09:00,11:25,2h 25m,non-stop,No check-in baggage included,3841
Jet Airways,18/05/2019,Delhi,Cochin,DEL → BOM → COK,02:15,19:00,16h 45m,1 stop,In-flight meal not included,12373
Air India,15/03/2019,Banglore,New Delhi,BLR → HYD → DEL,08:15,08:50 16 Mar,24h 35m,1 stop,No info,5521
Air India,9/06/2019,Delhi,Cochin,DEL → HYD → BOM → COK,17:15,19:15 10 Jun,26h,2 stops,No info,12392
Jet Airways,06/03/2019,Banglore,New Delhi,BLR → BOM → DEL,05:45,16:10,10h 25m,1 stop,No info,16736
IndiGo,9/03/2019,Chennai,Kolkata,MAA → CCU,11:35,14:00,2h 25m,non-stop,No info,6297
Multiple carriers,18/05/2019,Delhi,Cochin,DEL → BOM → COK,11:30,01:30 19 May,14h,1 stop,No info,13727
Multiple carriers,21/03/2019,Delhi,Cochin,DEL → BOM → COK,18:00,01:35 22 Mar,7h 35m,1 stop,No info,7363
GoAir,18/05/2019,Banglore,Delhi,BLR → DEL,11:40,14:30,2h 50m,non-stop,No info,4340
Multiple carriers,27/06/2019,Delhi,Cochin,DEL → HYD → COK,13:15,22:30,9h 15m,1 stop,No info,8018
IndiGo,18/06/2019,Kolkata,Banglore,CCU → BLR,21:25,00:05 19 Jun,2h 40m,non-stop,No info,4804
Air India,21/03/2019,Delhi,Cochin,DEL → BOM → COK,08:00,19:15,11h 15m,1 stop,No info,7199
Jet Airways,24/06/2019,Delhi,Cochin,DEL → JAI → BOM → COK,05:30,04:25 25 Jun,22h 55m,2 stops,In-flight meal not included,10368
Air India,6/03/2019,Delhi,Cochin,DEL → BOM → COK,07:00,19:15,12h 15m,1 stop,No info,15809
Jet Airways,21/04/2019,Banglore,Delhi,BLR → DEL,18:55,22:00,3h 5m,non-stop,In-flight meal not included,4544
IndiGo,1/06/2019,Delhi,Cochin,DEL → BLR → COK,17:05,22:25,5h 20m,1 stop,No info,7060
Multiple carriers,6/05/2019,Delhi,Cochin,DEL → BOM → COK,13:00,21:00,8h,1 stop,No info,13727
Vistara,18/05/2019,Kolkata,Banglore,CCU → DEL → BLR,20:20,10:45 19 May,14h 25m,1 stop,No info,9187
IndiGo,24/06/2019,Delhi,Cochin,DEL → BOM → COK,17:30,01:30 25 Jun,8h,1 stop,No info,6104
Jet Airways,6/05/2019,Kolkata,Banglore,CCU → BOM → BLR,20:00,19:50 07 May,23h 50m,1 stop,No info,14388
IndiGo,15/06/2019,Banglore,Delhi,BLR → DEL,01:30,04:15,2h 45m,non-stop,No info,3419
Air India,12/06/2019,Delhi,Cochin,DEL → COK,14:10,17:10,3h,non-stop,No info,5201
Jet Airways,9/05/2019,Delhi,Cochin,DEL → BOM → COK,10:00,19:00,9h,1 stop,In-flight meal not included,12373
Jet Airways,21/05/2019,Kolkata,Banglore,CCU → DEL → BLR,17:00,23:35,6h 35m,1 stop,No info,14151
Air Asia,12/04/2019,Banglore,Delhi,BLR → DEL,04:55,07:45,2h 50m,non-stop,No info,4282
IndiGo,3/04/2019,Banglore,Delhi,BLR → DEL,23:30,02:20 04 Apr,2h 50m,non-stop,No info,4591
Jet Airways,18/03/2019,Mumbai,Hyderabad,BOM → HYD,02:55,04:25,1h 30m,non-stop,In-flight meal not included,2228
Vistara,9/03/2019,Delhi,Cochin,DEL → COK,06:00,09:10,3h 10m,non-stop,No info,7266
Multiple carriers,21/05/2019,Delhi,Cochin,DEL → BOM → COK,19:00,01:30 22 May,6h 30m,1 stop,No info,7485
Jet Airways,12/05/2019,Kolkata,Banglore,CCU → BOM → BLR,18:55,19:50 13 May,24h 55m,1 stop,In-flight meal not included,10844
Jet Airways,18/04/2019,Banglore,Delhi,BLR → DEL,17:45,20:45,3h,non-stop,No info,7229
Multiple carriers,9/05/2019,Delhi,Cochin,DEL → HYD → COK,09:45,22:30,12h 45m,1 stop,No info,8888
IndiGo,6/06/2019,Chennai,Kolkata,MAA → CCU,13:15,15:35,2h 20m,non-stop,No info,3597
Jet Airways,3/04/2019,Banglore,Delhi,BLR → DEL,11:10,14:05,2h 55m,non-stop,In-flight meal not included,4544
Jet Airways,3/06/2019,Delhi,Cochin,DEL → BOM → COK,16:00,04:25 04 Jun,12h 25m,1 stop,No info,14714
IndiGo,27/05/2019,Delhi,Cochin,DEL → COK,21:05,00:20 28 May,3h 15m,non-stop,No info,5601
Jet Airways,1/06/2019,Delhi,Cochin,DEL → BOM → COK,08:00,19:00,11h,1 stop,In-flight meal not included,10262
Jet Airways,15/06/2019,Delhi,Cochin,DEL → BOM → COK,13:00,04:25 16 Jun,15h 25m,1 stop,In-flight meal not included,10262
Air India,1/04/2019,Kolkata,Banglore,CCU → BOM → TRV → BLR,09:25,10:30 02 Apr,25h 5m,2 stops,No info,12009
Multiple carriers,6/06/2019,Delhi,Cochin,DEL → BOM → COK,04:55,19:00,14h 5m,1 stop,No info,10678
Air India,24/03/2019,Banglore,New Delhi,BLR → DEL,13:20,16:10,2h 50m,non-stop,No info,4441
Jet Airways,24/06/2019,Delhi,Cochin,DEL → BOM → COK,21:50,12:35 25 Jun,14h 45m,1 stop,In-flight meal not included,10262
Multiple carriers,27/03/2019,Delhi,Cochin,DEL → BOM → COK,17:00,01:35 28 Mar,8h 35m,1 stop,No info,6673
Jet Airways,12/05/2019,Kolkata,Banglore,CCU → BOM → BLR,20:00,10:05 13 May,14h 5m,1 stop,No info,13941
IndiGo,21/03/2019,Mumbai,Hyderabad,BOM → HYD,02:30,04:00,1h 30m,non-stop,No info,3603
Air India,01/03/2019,Banglore,New Delhi,BLR → VGA → DEL,10:30,11:20 02 Mar,24h 50m,1 stop,No info,11528
Jet Airways,12/06/2019,Mumbai,Hyderabad,BOM → HYD,07:05,08:30,1h 25m,non-stop,No info,8040
IndiGo,6/06/2019,Kolkata,Banglore,CCU → PAT → BLR,09:20,14:15,4h 55m,1 stop,No info,11160
IndiGo,9/05/2019,Delhi,Cochin,DEL → COK,05:35,08:50,3h 15m,non-stop,No info,5000
Jet Airways,3/06/2019,Delhi,Cochin,DEL → BOM → COK,10:00,12:35 04 Jun,26h 35m,1 stop,In-flight meal not included,10262
Jet Airways,27/06/2019,Delhi,Cochin,DEL → ATQ → BOM → COK,08:10,12:35 28 Jun,28h 25m,2 stops,No info,14300
SpiceJet,15/03/2019,Banglore,New Delhi,BLR → DEL,05:45,08:35,2h 50m,non-stop,No check-in baggage included,5469
IndiGo,6/03/2019,Delhi,Cochin,DEL → HYD → COK,04:55,16:10,11h 15m,1 stop,No info,6171
Jet Airways,9/05/2019,Delhi,Cochin,DEL → BOM → COK,15:00,04:25 10 May,13h 25m,1 stop,In-flight meal not included,12373
IndiGo,09/03/2019,Banglore,New Delhi,BLR → DEL,08:30,11:30,3h,non-stop,No info,7648
IndiGo,12/04/2019,Banglore,Delhi,BLR → DEL,21:15,00:15 13 Apr,3h,non-stop,No info,4990
SpiceJet,21/05/2019,Banglore,Delhi,BLR → DEL,21:10,00:05 22 May,2h 55m,non-stop,No check-in baggage included,3573
Jet Airways,18/05/2019,Kolkata,Banglore,CCU → DEL → BLR,20:25,18:00 19 May,21h 35m,1 stop,No info,14151
Multiple carriers,3/03/2019,Delhi,Cochin,DEL → BOM → COK,08:00,21:00,13h,1 stop,No info,17057
Jet Airways,3/04/2019,Delhi,Cochin,DEL → COK,11:00,14:15,3h 15m,non-stop,In-flight meal not included,4886
IndiGo,24/04/2019,Kolkata,Banglore,CCU → BLR,21:25,00:05 25 Apr,2h 40m,non-stop,No info,4804
SpiceJet,27/06/2019,Delhi,Cochin,DEL → BLR → COK,17:55,22:50,4h 55m,1 stop,No info,4957
SpiceJet,15/04/2019,Kolkata,Banglore,CCU → BLR,22:20,00:40 16 Apr,2h 20m,non-stop,No info,3873
IndiGo,12/05/2019,Banglore,Delhi,BLR → DEL,18:55,21:50,2h 55m,non-stop,No info,4823
IndiGo,21/03/2019,Banglore,New Delhi,BLR → DEL,07:10,10:05,2h 55m,non-stop,No info,6860
IndiGo,24/05/2019,Kolkata,Banglore,CCU → PAT → BLR,09:20,14:15,4h 55m,1 stop,No info,9376
Air India,27/05/2019,Delhi,Cochin,DEL → JAI → BOM → COK,12:00,19:15,7h 15m,2 stops,No info,9653
Jet Airways,27/05/2019,Banglore,Delhi,BLR → DEL,19:50,22:50,3h,non-stop,No info,7229
Air India,21/05/2019,Kolkata,Banglore,CCU → BBI → BOM → BLR,12:00,18:30 22 May,30h 30m,2 stops,No info,10151
IndiGo,27/05/2019,Chennai,Kolkata,MAA → CCU,13:15,15:35,2h 20m,non-stop,No info,3597
Jet Airways,1/05/2019,Kolkata,Banglore,CCU → DEL → BLR,20:25,09:45 02 May,13h 20m,1 stop,No info,11467
Air India,18/03/2019,Delhi,Cochin,DEL → COK,14:10,17:10,3h,non-stop,No info,5674
Air India,9/05/2019,Delhi,Cochin,DEL → CCU → BOM → COK,14:25,19:15 10 May,28h 50m,2 stops,No info,13591
SpiceJet,21/03/2019,Kolkata,Banglore,CCU → BLR,17:15,19:45,2h 30m,non-stop,No check-in baggage included,3815
Jet Airways,12/06/2019,Banglore,Delhi,BLR → DEL,07:10,10:10,3h,non-stop,No info,8016
IndiGo,1/04/2019,Mumbai,Hyderabad,BOM → HYD,21:20,22:50,1h 30m,non-stop,No info,2227
Jet Airways,3/06/2019,Delhi,Cochin,DEL → JAI → BOM → COK,19:30,04:25 04 Jun,8h 55m,2 stops,No info,13014
Jet Airways,6/06/2019,Kolkata,Banglore,CCU → BOM → BLR,20:00,19:50 07 Jun,23h 50m,1 stop,In-flight meal not included,10844
Jet Airways,1/06/2019,Delhi,Cochin,DEL → BOM → COK,19:45,04:25 02 Jun,8h 40m,1 stop,No info,14714
IndiGo,15/04/2019,Banglore,Delhi,BLR → DEL,00:30,03:25,2h 55m,non-stop,No info,4284
Jet Airways,15/06/2019,Delhi,Cochin,DEL → IDR → BOM → COK,05:30,04:25 16 Jun,22h 55m,2 stops,No info,13292
SpiceJet,1/04/2019,Banglore,Delhi,BLR → DEL,05:55,08:35,2h 40m,non-stop,No info,3971
Air India,27/06/2019,Delhi,Cochin,DEL → MAA → COK,09:45,09:25 28 Jun,23h 40m,1 stop,No info,7480
Jet Airways,24/03/2019,Kolkata,Banglore,CCU → BOM → BLR,06:30,18:10,11h 40m,1 stop,No info,13759
SpiceJet,24/05/2019,Banglore,Delhi,BLR → DEL,05:55,08:35,2h 40m,non-stop,No check-in baggage included,3257
Jet Airways,15/06/2019,Delhi,Cochin,DEL → BOM → COK,02:15,12:35,10h 20m,1 stop,In-flight meal not included,10262
IndiGo,21/05/2019,Chennai,Kolkata,MAA → CCU,22:05,00:25 22 May,2h 20m,non-stop,No info,5277
SpiceJet,15/05/2019,Chennai,Kolkata,MAA → CCU,17:45,20:05,2h 20m,non-stop,No check-in baggage included,3543
Vistara,24/03/2019,Chennai,Kolkata,MAA → CCU,07:05,09:20,2h 15m,non-stop,No info,4842
IndiGo,27/06/2019,Delhi,Cochin,DEL → HYD → COK,08:35,16:10,7h 35m,1 stop,No info,6442
Jet Airways,6/05/2019,Kolkata,Banglore,CCU → BOM → BLR,16:30,20:45 07 May,28h 15m,1 stop,In-flight meal not included,9663
Jet Airways,24/03/2019,Kolkata,Banglore,CCU → BOM → BLR,06:30,16:20,9h 50m,1 stop,In-flight meal not included,8824
Jet Airways,21/03/2019,Delhi,Cochin,DEL → BOM → COK,17:30,18:50 22 Mar,25h 20m,1 stop,In-flight meal not included,5963
Multiple carriers,15/05/2019,Delhi,Cochin,DEL → BOM → COK,06:40,19:00,12h 20m,1 stop,No info,9315
Multiple carriers,21/05/2019,Delhi,Cochin,DEL → BOM → COK,06:00,19:15,13h 15m,1 stop,No info,8266
SpiceJet,6/05/2019,Kolkata,Banglore,CCU → IXB → BLR,11:15,18:30,7h 15m,1 stop,No info,9736
Air Asia,6/06/2019,Kolkata,Banglore,CCU → DEL → BLR,07:35,23:30,15h 55m,1 stop,No info,6810
Air India,21/03/2019,Delhi,Cochin,DEL → MAA → COK,17:20,09:25 22 Mar,16h 5m,1 stop,No info,6482
IndiGo,3/03/2019,Delhi,Cochin,DEL → COK,14:30,17:35,3h 5m,non-stop,No info,7673
IndiGo,1/04/2019,Banglore,Delhi,BLR → DEL,07:10,10:05,2h 55m,non-stop,No info,4823
IndiGo,01/03/2019,Banglore,New Delhi,BLR → DEL,07:10,10:05,2h 55m,non-stop,No info,11934
Jet Airways,1/04/2019,Kolkata,Banglore,CCU → BOM → BLR,18:55,08:15 02 Apr,13h 20m,1 stop,No info,12681
Multiple carriers,9/05/2019,Delhi,Cochin,DEL → HYD → COK,07:05,22:30,15h 25m,1 stop,No info,8310
Multiple carriers Premium economy,21/03/2019,Delhi,Cochin,DEL → BOM → COK,06:00,21:00,15h,1 stop,No info,9845
Multiple carriers,6/03/2019,Delhi,Cochin,DEL → BOM → COK,08:25,18:50,10h 25m,1 stop,No info,15135
IndiGo,18/06/2019,Chennai,Kolkata,MAA → CCU,22:05,00:25 19 Jun,2h 20m,non-stop,No info,5277
Jet Airways,6/05/2019,Kolkata,Banglore,CCU → BOM → BLR,18:55,10:05 07 May,15h 10m,1 stop,In-flight meal not included,7757
Air India,6/06/2019,Kolkata,Banglore,CCU → DEL → AMD → BLR,10:00,05:25 07 Jun,19h 25m,2 stops,No info,13007
IndiGo,18/03/2019,Banglore,New Delhi,BLR → HYD → DEL,16:55,21:50,4h 55m,1 stop,No info,4049
Jet Airways,18/05/2019,Kolkata,Banglore,CCU → BOM → BLR,05:45,09:20 19 May,27h 35m,1 stop,In-flight meal not included,9663
Jet Airways,01/03/2019,Banglore,New Delhi,BLR → BOM → DEL,05:45,20:20,14h 35m,1 stop,No info,27992
IndiGo,27/03/2019,Delhi,Cochin,DEL → MAA → COK,02:05,07:25,5h 20m,1 stop,No info,4744
Air India,1/04/2019,Kolkata,Banglore,CCU → GAU → DEL → BLR,09:50,23:15,13h 25m,2 stops,No info,12125
SpiceJet,1/05/2019,Kolkata,Banglore,CCU → IXB → BLR,11:15,18:30,7h 15m,1 stop,No info,8844
SpiceJet,1/03/2019,Mumbai,Hyderabad,BOM → HYD,22:45,00:10 02 Mar,1h 25m,non-stop,No info,11005
Jet Airways,24/03/2019,Banglore,New Delhi,BLR → BOM → DEL,08:55,09:00 19 Mar,24h 5m,1 stop,In-flight meal not included,8147
Jet Airways,24/03/2019,Banglore,New Delhi,BLR → BOM → DEL,22:50,12:15 19 Mar,13h 25m,1 stop,In-flight meal not included,7832
Jet Airways,18/03/2019,Banglore,New Delhi,BLR → BOM → DEL,16:55,07:40 16 Mar,14h 45m,1 stop,No info,13555
IndiGo,6/03/2019,Chennai,Kolkata,MAA → CCU,22:05,00:25 07 Mar,2h 20m,non-stop,No info,5277
Air Asia,21/06/2019,Kolkata,Banglore,CCU → BLR,10:20,12:55,2h 35m,non-stop,No info,3807
Jet Airways,21/05/2019,Kolkata,Banglore,CCU → BOM → BLR,06:30,04:40 22 May,22h 10m,1 stop,In-flight meal not included,8586
IndiGo,6/06/2019,Delhi,Cochin,DEL → BOM → COK,08:30,21:00,12h 30m,1 stop,No info,6416
Jet Airways,6/05/2019,Kolkata,Banglore,CCU → GAU → BLR,10:20,17:35,7h 15m,1 stop,No info,9358
Jet Airways,6/05/2019,Kolkata,Banglore,CCU → BOM → BLR,21:10,16:20 07 May,19h 10m,1 stop,No info,13584
IndiGo,15/04/2019,Delhi,Cochin,DEL → HYD → COK,06:50,16:10,9h 20m,1 stop,No info,6442
Jet Airways,24/06/2019,Delhi,Cochin,DEL → BOM → COK,11:30,19:00,7h 30m,1 stop,No info,14714
SpiceJet,21/06/2019,Kolkata,Banglore,CCU → BLR,09:00,11:25,2h 25m,non-stop,No info,3873
Multiple carriers,1/06/2019,Delhi,Cochin,DEL → BOM → COK,08:45,19:00,10h 15m,1 stop,No info,12524
IndiGo,27/06/2019,Delhi,Cochin,DEL → HYD → COK,16:10,22:30,6h 20m,1 stop,No info,6412
SpiceJet,01/03/2019,Banglore,New Delhi,BLR → DEL,09:35,12:30,2h 55m,non-stop,No info,11690
Air India,15/06/2019,Banglore,Delhi,BLR → DEL,21:05,23:55,2h 50m,non-stop,No info,5228
Multiple carriers,21/03/2019,Delhi,Cochin,DEL → BOM → COK,04:45,12:35,7h 50m,1 stop,No info,9838
IndiGo,21/05/2019,Delhi,Cochin,DEL → BOM → COK,15:00,01:30 22 May,10h 30m,1 stop,No info,6896
Air India,9/05/2019,Kolkata,Banglore,CCU → GAU → DEL → BLR,16:45,08:55 10 May,16h 10m,2 stops,No info,13227
Jet Airways,12/05/2019,Kolkata,Banglore,CCU → BOM → BLR,08:25,04:40 13 May,20h 15m,1 stop,No info,13941
SpiceJet,27/03/2019,Mumbai,Hyderabad,BOM → HYD,22:45,00:10 28 Mar,1h 25m,non-stop,No info,1759
Jet Airways,1/05/2019,Kolkata,Banglore,CCU → BOM → BLR,08:25,09:20 02 May,24h 55m,1 stop,In-flight meal not included,9663
Vistara,18/06/2019,Banglore,Delhi,BLR → DEL,17:00,19:35,2h 35m,non-stop,No info,4878
Multiple carriers,18/05/2019,Delhi,Cochin,DEL → BOM → COK,08:30,19:15,10h 45m,1 stop,No info,7887
Jet Airways,18/05/2019,Kolkata,Banglore,CCU → BOM → BLR,08:25,20:45,12h 20m,1 stop,In-flight meal not included,10844
Air India,3/05/2019,Banglore,Delhi,BLR → DEL,21:05,23:55,2h 50m,non-stop,No info,6121
GoAir,1/06/2019,Banglore,Delhi,BLR → DEL,11:40,14:30,2h 50m,non-stop,No info,3898
Jet Airways,6/03/2019,Delhi,Cochin,DEL → AMD → BOM → COK,19:10,04:25 08 Mar,33h 15m,2 stops,No info,16809
GoAir,24/06/2019,Banglore,Delhi,BLR → DEL,07:45,10:40,2h 55m,non-stop,No info,3898
IndiGo,1/06/2019,Mumbai,Hyderabad,BOM → HYD,20:05,21:40,1h 35m,non-stop,No info,2227
IndiGo,18/06/2019,Banglore,Delhi,BLR → DEL,08:30,11:20,2h 50m,non-stop,No info,4823
Air India,9/05/2019,Delhi,Cochin,DEL → TRV → COK,05:15,06:50 10 May,25h 35m,1 stop,No info,6587
Jet Airways,9/05/2019,Delhi,Cochin,DEL → JAI → BOM → COK,09:40,12:35 10 May,26h 55m,2 stops,In-flight meal not included,13029
Jet Airways,6/05/2019,Kolkata,Banglore,CCU → BOM → BLR,06:30,04:40 07 May,22h 10m,1 stop,In-flight meal not included,8586
Air India,15/04/2019,Banglore,Delhi,BLR → DEL,06:10,08:55,2h 45m,non-stop,No info,5228
Air India,24/06/2019,Delhi,Cochin,DEL → BOM → COK,09:00,19:15,10h 15m,1 stop,No info,9404
Jet Airways,12/06/2019,Kolkata,Banglore,CCU → BOM → BLR,18:55,18:15 13 Jun,23h 20m,1 stop,In-flight meal not included,8529
Jet Airways,18/05/2019,Kolkata,Banglore,CCU → BOM → BLR,20:00,09:20 19 May,13h 20m,1 stop,In-flight meal not included,10844
IndiGo,15/03/2019,Banglore,New Delhi,BLR → IDR → DEL,13:40,18:35,4h 55m,1 stop,No info,7166
Jet Airways,12/06/2019,Delhi,Cochin,DEL → BOM → COK,11:30,12:35 13 Jun,25h 5m,1 stop,In-flight meal not included,10262
SpiceJet,3/06/2019,Mumbai,Hyderabad,BOM → HYD,13:15,14:45,1h 30m,non-stop,No check-in baggage included,1965
Vistara,24/03/2019,Kolkata,Banglore,CCU → DEL → BLR,07:10,18:45,11h 35m,1 stop,No info,16932
Jet Airways,12/06/2019,Delhi,Cochin,DEL → JDH → BOM → COK,11:40,19:00,7h 20m,2 stops,In-flight meal not included,15812
GoAir,21/05/2019,Banglore,Delhi,BLR → DEL,07:45,10:40,2h 55m,non-stop,No info,5048
Jet Airways,9/06/2019,Kolkata,Banglore,CCU → BOM → BLR,14:05,22:35,8h 30m,1 stop,In-flight meal not included,10844
Air India,15/05/2019,Banglore,Delhi,BLR → DEL,21:05,23:55,2h 50m,non-stop,No info,5228
Jet Airways,21/03/2019,Delhi,Cochin,DEL → BOM → COK,11:30,18:50,7h 20m,1 stop,No info,13244
IndiGo,6/06/2019,Banglore,Delhi,BLR → DEL,20:00,22:50,2h 50m,non-stop,No info,4823
IndiGo,21/03/2019,Delhi,Cochin,DEL → HYD → COK,06:40,16:10,9h 30m,1 stop,No info,6558
Jet Airways,21/03/2019,Banglore,New Delhi,BLR → BOM → DEL,14:05,07:40 19 Mar,17h 35m,1 stop,In-flight meal not included,7832
Jet Airways,9/06/2019,Kolkata,Banglore,CCU → BOM → BLR,06:30,16:20,9h 50m,1 stop,In-flight meal not included,10844
Jet Airways,12/06/2019,Kolkata,Banglore,CCU → BOM → BLR,14:05,19:50,5h 45m,1 stop,No info,13626
IndiGo,24/03/2019,Banglore,New Delhi,BLR → DEL,10:10,13:00,2h 50m,non-stop,No info,4777
SpiceJet,03/03/2019,Banglore,New Delhi,BLR → DEL,05:45,08:35,2h 50m,non-stop,No info,6860
Air India,15/03/2019,Banglore,New Delhi,BLR → DEL,21:10,23:55,2h 45m,non-stop,No info,8851
Multiple carriers,15/06/2019,Delhi,Cochin,DEL → BOM → COK,16:00,01:30 16 Jun,9h 30m,1 stop,In-flight meal not included,10196
Jet Airways,24/06/2019,Delhi,Cochin,DEL → BOM → COK,21:50,04:25 25 Jun,6h 35m,1 stop,No info,14714
Vistara,09/03/2019,Banglore,New Delhi,BLR → DEL,19:40,22:20,2h 40m,non-stop,No info,8290
Jet Airways,27/06/2019,Delhi,Cochin,DEL → AMD → BOM → COK,19:10,19:00 28 Jun,23h 50m,2 stops,No info,12819
IndiGo,27/05/2019,Delhi,Cochin,DEL → HYD → COK,05:05,16:10,11h 5m,1 stop,No info,6600
IndiGo,21/03/2019,Kolkata,Banglore,CCU → BLR,10:10,12:55,2h 45m,non-stop,No info,5198
SpiceJet,15/06/2019,Kolkata,Banglore,CCU → BLR,22:20,00:40 16 Jun,2h 20m,non-stop,No info,3873
IndiGo,18/04/2019,Banglore,Delhi,BLR → DEL,18:25,21:20,2h 55m,non-stop,No info,4990
IndiGo,9/04/2019,Delhi,Cochin,DEL → BOM → COK,18:35,01:30 10 Apr,6h 55m,1 stop,No info,6573
Jet Airways,6/06/2019,Banglore,Delhi,BLR → DEL,06:00,08:45,2h 45m,non-stop,No info,8016
Jet Airways,18/05/2019,Delhi,Cochin,DEL → AMD → BOM → COK,13:25,04:25 19 May,15h,2 stops,No info,16704
IndiGo,21/03/2019,Delhi,Cochin,DEL → MAA → COK,02:05,07:25,5h 20m,1 stop,No info,4862
SpiceJet,3/04/2019,Banglore,Delhi,BLR → DEL,09:30,12:20,2h 50m,non-stop,No info,3971
Jet Airways,9/06/2019,Delhi,Cochin,DEL → BOM → COK,19:15,12:35 10 Jun,17h 20m,1 stop,In-flight meal not included,10577
Air Asia,12/05/2019,Kolkata,Banglore,CCU → DEL → BLR,07:35,19:25,11h 50m,1 stop,No info,5320
SpiceJet,21/03/2019,Mumbai,Hyderabad,BOM → HYD,22:45,00:10 22 Mar,1h 25m,non-stop,No info,1759
Air India,09/03/2019,Banglore,New Delhi,BLR → CCU → DEL,11:05,09:15 13 Mar,22h 10m,1 stop,No info,11077
Air India,27/06/2019,Mumbai,Hyderabad,BOM → HYD,13:55,15:25,1h 30m,non-stop,No info,3100
Jet Airways,12/05/2019,Banglore,Delhi,BLR → DEL,19:50,22:50,3h,non-stop,No info,7229
IndiGo,15/04/2019,Delhi,Cochin,DEL → HYD → COK,08:35,16:10,7h 35m,1 stop,No info,6442
Multiple carriers,12/06/2019,Delhi,Cochin,DEL → BOM → COK,04:55,19:15,14h 20m,1 stop,No info,7155
IndiGo,15/04/2019,Banglore,Delhi,BLR → DEL,21:15,00:15 16 Apr,3h,non-stop,No info,3943
Jet Airways,21/03/2019,Delhi,Cochin,DEL → AMD → BOM → COK,19:10,18:50 22 Mar,23h 40m,2 stops,In-flight meal not included,8834
Air India,15/05/2019,Kolkata,Banglore,CCU → IXR → DEL → BLR,05:50,12:30 16 May,30h 40m,2 stops,No info,12723
Multiple carriers,6/06/2019,Delhi,Cochin,DEL → HYD → COK,14:55,22:30,7h 35m,1 stop,No info,7038
IndiGo,6/06/2019,Mumbai,Hyderabad,BOM → HYD,09:15,10:45,1h 30m,non-stop,No info,4049
IndiGo,9/05/2019,Delhi,Cochin,DEL → BLR → COK,17:05,22:25,5h 20m,1 stop,No info,6027
Air India,15/05/2019,Kolkata,Banglore,CCU → BOM → BLR,09:25,18:30,9h 5m,1 stop,No info,8891
Multiple carriers,15/05/2019,Delhi,Cochin,DEL → BOM → COK,10:00,19:00,9h,1 stop,No info,10197
IndiGo,6/04/2019,Banglore,Delhi,BLR → DEL,18:55,21:50,2h 55m,non-stop,No info,4823
Jet Airways,6/06/2019,Delhi,Cochin,DEL → BOM → COK,11:30,19:00,7h 30m,1 stop,No info,14714
Jet Airways,27/06/2019,Delhi,Cochin,DEL → BOM → COK,17:30,19:00 28 Jun,25h 30m,1 stop,In-flight meal not included,10262
Air India,6/06/2019,Kolkata,Banglore,CCU → DEL → AMD → BLR,07:00,05:25 07 Jun,22h 25m,2 stops,No info,12009
Multiple carriers,9/05/2019,Delhi,Cochin,DEL → BOM → COK,17:45,01:30 10 May,7h 45m,1 stop,No info,9021
Air India,12/06/2019,Delhi,Cochin,DEL → CCU → BOM → COK,06:50,07:40 13 Jun,24h 50m,2 stops,No info,13381
IndiGo,3/05/2019,Kolkata,Banglore,CCU → BLR,21:25,00:05 04 May,2h 40m,non-stop,No info,4804
Jet Airways,24/03/2019,Mumbai,Hyderabad,BOM → HYD,10:20,11:50,1h 30m,non-stop,No info,5678
Air India,1/06/2019,Delhi,Cochin,DEL → RPR → NAG → BOM → COK,05:15,19:15 02 Jun,38h,3 stops,No info,10703
Jet Airways,18/05/2019,Delhi,Cochin,DEL → BHO → BOM → COK,05:30,12:35,7h 5m,2 stops,In-flight meal not included,15544
IndiGo,3/04/2019,Banglore,Delhi,BLR → DEL,01:30,04:15,2h 45m,non-stop,No info,3419
Air India,24/06/2019,Banglore,Delhi,BLR → DEL,21:05,23:55,2h 50m,non-stop,No info,6961
IndiGo,1/03/2019,Kolkata,Banglore,CCU → BLR,14:20,16:55,2h 35m,non-stop,No info,6565
Multiple carriers,3/06/2019,Delhi,Cochin,DEL → BOM → COK,08:30,19:00,10h 30m,1 stop,No info,11200
Air India,15/06/2019,Delhi,Cochin,DEL → CCU → BOM → COK,06:50,07:40 16 Jun,24h 50m,2 stops,No info,13591
Vistara,6/06/2019,Banglore,Delhi,BLR → DEL,17:00,19:35,2h 35m,non-stop,No info,4878
IndiGo,24/04/2019,Kolkata,Banglore,CCU → BLR,15:30,18:05,2h 35m,non-stop,No info,4804
Jet Airways,6/03/2019,Delhi,Cochin,DEL → BOM → COK,09:00,04:25 07 Mar,19h 25m,1 stop,No info,15764
Air India,18/03/2019,Banglore,New Delhi,BLR → BOM → UDR → DEL,06:45,16:30 16 Mar,33h 45m,2 stops,No info,10835
Air India,6/06/2019,Delhi,Cochin,DEL → GOI → BOM → COK,22:00,19:15 07 Jun,21h 15m,2 stops,No info,10441
Air India,12/06/2019,Kolkata,Banglore,CCU → IXR → BBI → BLR,05:50,13:15,7h 25m,2 stops,No info,7662
SpiceJet,24/05/2019,Banglore,Delhi,BLR → DEL,09:30,12:20,2h 50m,non-stop,No check-in baggage included,3573
Jet Airways,6/03/2019,Delhi,Cochin,DEL → BOM → COK,07:05,04:25 07 Mar,21h 20m,1 stop,No info,17234
Jet Airways,9/05/2019,Kolkata,Banglore,CCU → DEL → BLR,09:35,14:25 10 May,28h 50m,1 stop,In-flight meal not included,9314
Jet Airways,1/06/2019,Delhi,Cochin,DEL → BOM → COK,02:15,12:35,10h 20m,1 stop,No info,14714
Multiple carriers,21/05/2019,Delhi,Cochin,DEL → BOM → COK,10:00,21:00,11h,1 stop,No info,7888
IndiGo,15/05/2019,Delhi,Cochin,DEL → BOM → COK,09:15,01:30 16 May,16h 15m,1 stop,No info,7503
Jet Airways,3/03/2019,Delhi,Cochin,DEL → BOM → COK,09:00,18:50,9h 50m,1 stop,No info,17024
Jet Airways,6/03/2019,Delhi,Cochin,DEL → BOM → COK,07:05,18:50,11h 45m,1 stop,No info,17234
Multiple carriers,12/06/2019,Delhi,Cochin,DEL → GWL → IDR → BOM → COK,11:35,21:00,9h 25m,3 stops,No info,15629
Air Asia,21/05/2019,Kolkata,Banglore,CCU → BBI → BLR,06:50,10:30,3h 40m,1 stop,No info,5162
Jet Airways,27/06/2019,Delhi,Cochin,DEL → NAG → BOM → COK,06:45,12:35 28 Jun,29h 50m,2 stops,No info,13376
IndiGo,21/03/2019,Delhi,Cochin,DEL → BOM → COK,07:30,15:30,8h,1 stop,No info,10208
Air Asia,24/05/2019,Kolkata,Banglore,CCU → BLR,22:50,01:20 25 May,2h 30m,non-stop,No info,4107
Air India,24/03/2019,Kolkata,Banglore,CCU → BOM → BLR,09:25,18:30,9h 5m,1 stop,No info,10493
Multiple carriers,21/03/2019,Delhi,Cochin,DEL → BOM → COK,07:05,13:20,6h 15m,1 stop,No info,14486
SpiceJet,9/03/2019,Kolkata,Banglore,CCU → BLR,06:55,09:35,2h 40m,non-stop,No info,4622
IndiGo,09/03/2019,Banglore,New Delhi,BLR → HYD → DEL,16:55,21:50,4h 55m,1 stop,No info,4259
SpiceJet,6/06/2019,Delhi,Cochin,DEL → MAA → COK,15:45,22:05,6h 20m,1 stop,No info,5583
Jet Airways,6/05/2019,Banglore,Delhi,BLR → DEL,06:00,08:45,2h 45m,non-stop,No info,7229
Jet Airways,6/06/2019,Kolkata,Banglore,CCU → BOM → BLR,18:55,16:20 07 Jun,21h 25m,1 stop,In-flight meal not included,10844
Jet Airways,21/05/2019,Delhi,Cochin,DEL → JAI → BOM → COK,09:40,04:25 22 May,18h 45m,2 stops,No info,15129
Air Asia,12/06/2019,Kolkata,Banglore,CCU → DEL → BLR,07:35,23:30,15h 55m,1 stop,No info,5192
Jet Airways,27/03/2019,Mumbai,Hyderabad,BOM → HYD,07:10,08:35,1h 25m,non-stop,No info,8040
Jet Airways,21/05/2019,Delhi,Cochin,DEL → BOM → COK,09:00,19:00,10h,1 stop,No info,16079
Air India,27/06/2019,Delhi,Cochin,DEL → HYD → BOM → COK,17:15,07:40 28 Jun,14h 25m,2 stops,No info,13039
Jet Airways,9/06/2019,Kolkata,Banglore,CCU → BOM → BLR,08:25,16:20,7h 55m,1 stop,No info,14571
Jet Airways,12/05/2019,Kolkata,Banglore,CCU → DEL → BLR,09:35,14:25 13 May,28h 50m,1 stop,No info,13067
Jet Airways,9/05/2019,Kolkata,Banglore,CCU → DEL → BLR,20:25,18:00 10 May,21h 35m,1 stop,No info,11467
SpiceJet,21/06/2019,Chennai,Kolkata,MAA → CCU,08:20,10:35,2h 15m,non-stop,No info,3597
IndiGo,6/05/2019,Banglore,Delhi,BLR → DEL,21:15,00:15 07 May,3h,non-stop,No info,3943
IndiGo,1/03/2019,Delhi,Cochin,DEL → HYD → MAA → COK,04:55,21:20,16h 25m,2 stops,No info,10278
Air India,6/06/2019,Kolkata,Banglore,CCU → GAU → DEL → BLR,16:45,08:55 07 Jun,16h 10m,2 stops,No info,14960
Jet Airways,6/03/2019,Delhi,Cochin,DEL → AMD → BOM → COK,19:10,04:25 08 Mar,33h 15m,2 stops,No info,20694
Jet Airways,6/05/2019,Kolkata,Banglore,CCU → BOM → BLR,06:30,12:00,5h 30m,1 stop,No info,14388
Vistara,1/05/2019,Kolkata,Banglore,CCU → DEL → BLR,17:00,09:05 02 May,16h 5m,1 stop,No info,8452
Jet Airways,6/06/2019,Delhi,Cochin,DEL → BOM → COK,14:00,04:25 07 Jun,14h 25m,1 stop,In-flight meal not included,10262
Jet Airways,12/05/2019,Kolkata,Banglore,CCU → DEL → BLR,20:25,09:45 13 May,13h 20m,1 stop,No info,14151
GoAir,27/03/2019,Delhi,Cochin,DEL → BOM → COK,07:00,12:50,5h 50m,1 stop,No info,5281
Multiple carriers,9/06/2019,Delhi,Cochin,DEL → HYD → COK,07:05,16:10,9h 5m,1 stop,No info,9646
SpiceJet,3/04/2019,Banglore,Delhi,BLR → DEL,21:10,00:05 04 Apr,2h 55m,non-stop,No info,3971
IndiGo,15/06/2019,Delhi,Cochin,DEL → BOM → COK,10:35,01:30 16 Jun,14h 55m,1 stop,No info,5883
IndiGo,21/05/2019,Delhi,Cochin,DEL → BOM → COK,10:35,01:30 22 May,14h 55m,1 stop,No info,6794
Jet Airways,27/03/2019,Delhi,Cochin,DEL → IDR → BOM → COK,05:25,04:25 28 Mar,23h,2 stops,No info,11664
Air India,9/06/2019,Kolkata,Banglore,CCU → IXR → DEL → BLR,05:50,08:55 10 Jun,27h 5m,2 stops,No info,12723
IndiGo,3/06/2019,Delhi,Cochin,DEL → HYD → COK,08:35,16:10,7h 35m,1 stop,No info,6442
Jet Airways,18/03/2019,Mumbai,Hyderabad,BOM → HYD,10:20,11:50,1h 30m,non-stop,In-flight meal not included,4160
Multiple carriers,15/06/2019,Delhi,Cochin,DEL → BOM → COK,06:40,19:15,12h 35m,1 stop,No info,8614
Jet Airways,27/03/2019,Delhi,Cochin,DEL → BOM → COK,16:00,19:45 28 Mar,27h 45m,1 stop,No info,12032
Jet Airways,18/03/2019,Banglore,New Delhi,BLR → BOM → DEL,07:00,13:15,6h 15m,1 stop,No info,12284
Vistara,24/03/2019,Banglore,New Delhi,BLR → DEL,07:00,09:40,2h 40m,non-stop,No info,5403
Air Asia,18/03/2019,Kolkata,Banglore,CCU → BLR,22:50,01:20 19 Mar,2h 30m,non-stop,No info,4082
IndiGo,9/05/2019,Banglore,Delhi,BLR → DEL,04:00,06:50,2h 50m,non-stop,No info,3943
IndiGo,21/03/2019,Delhi,Cochin,DEL → HYD → COK,06:40,12:00,5h 20m,1 stop,No info,5761
Jet Airways,24/06/2019,Delhi,Cochin,DEL → AMD → BOM → COK,23:05,19:00 25 Jun,19h 55m,2 stops,No info,12819
Jet Airways,1/04/2019,Kolkata,Banglore,CCU → BOM → BLR,06:30,18:15,11h 45m,1 stop,In-flight meal not included,7064
GoAir,18/04/2019,Banglore,Delhi,BLR → DEL,20:55,23:40,2h 45m,non-stop,No info,5048
Jet Airways,12/05/2019,Kolkata,Banglore,CCU → BOM → BLR,16:30,19:50 13 May,27h 20m,1 stop,In-flight meal not included,10844
Vistara,6/03/2019,Mumbai,Hyderabad,BOM → DEL → HYD,20:55,16:45 07 Mar,19h 50m,1 stop,No info,12395
Air India,1/06/2019,Delhi,Cochin,DEL → HYD → BOM → COK,17:15,19:15 02 Jun,26h,2 stops,No info,12970
Jet Airways,15/04/2019,Banglore,Delhi,BLR → DEL,11:10,14:05,2h 55m,non-stop,In-flight meal not included,4544
IndiGo,6/06/2019,Delhi,Cochin,DEL → HYD → COK,07:35,16:10,8h 35m,1 stop,No info,6674
Air India,6/06/2019,Delhi,Cochin,DEL → COK,14:10,17:10,3h,non-stop,No info,6094
SpiceJet,24/05/2019,Kolkata,Banglore,CCU → MAA → BLR,15:05,20:20,5h 15m,1 stop,No info,4649
IndiGo,24/03/2019,Banglore,New Delhi,BLR → DEL,21:20,00:15 25 Mar,2h 55m,non-stop,No info,6144
SpiceJet,15/06/2019,Banglore,Delhi,BLR → DEL,09:30,12:20,2h 50m,non-stop,No check-in baggage included,4885
Jet Airways,24/06/2019,Delhi,Cochin,DEL → BOM → COK,19:15,19:00 25 Jun,23h 45m,1 stop,In-flight meal not included,10262
IndiGo,9/03/2019,Delhi,Cochin,DEL → HYD → COK,07:35,16:10,8h 35m,1 stop,No info,6674
Jet Airways,1/06/2019,Delhi,Cochin,DEL → BOM → COK,17:30,04:25 02 Jun,10h 55m,1 stop,No info,14714
IndiGo,9/05/2019,Mumbai,Hyderabad,BOM → HYD,19:05,20:35,1h 30m,non-stop,No info,4392
Jet Airways,12/06/2019,Kolkata,Banglore,CCU → BOM → BLR,14:05,12:00 13 Jun,21h 55m,1 stop,In-flight meal not included,8529
Jet Airways,15/06/2019,Delhi,Cochin,DEL → BOM → COK,20:55,12:35 16 Jun,15h 40m,1 stop,In-flight meal not included,10262
Jet Airways,9/05/2019,Delhi,Cochin,DEL → BOM → COK,17:30,12:35 10 May,19h 5m,1 stop,In-flight meal not included,12373
IndiGo,3/05/2019,Banglore,Delhi,BLR → DEL,20:00,22:50,2h 50m,non-stop,No info,4823
Air India,9/03/2019,Delhi,Cochin,DEL → BHO → BOM → COK,20:00,19:15 10 Mar,23h 15m,2 stops,No info,16111
Jet Airways,12/06/2019,Delhi,Cochin,DEL → NAG → BOM → COK,14:35,12:35 13 Jun,22h,2 stops,In-flight meal not included,10919
GoAir,21/04/2019,Delhi,Cochin,DEL → BOM → COK,07:00,12:55,5h 55m,1 stop,No info,6591
Air India,6/05/2019,Kolkata,Banglore,CCU → BOM → BLR,09:25,18:30,9h 5m,1 stop,No info,8891
Multiple carriers,1/06/2019,Delhi,Cochin,DEL → BOM → COK,13:00,21:00,8h,1 stop,No info,13587
IndiGo,27/03/2019,Delhi,Cochin,DEL → BOM → COK,07:30,13:20,5h 50m,1 stop,No info,8227
IndiGo,15/04/2019,Banglore,Delhi,BLR → DEL,22:10,01:00 16 Apr,2h 50m,non-stop,No info,3943
Vistara,12/05/2019,Kolkata,Banglore,CCU → DEL → BLR,20:20,20:20 13 May,24h,1 stop,No info,8610
IndiGo,1/05/2019,Kolkata,Banglore,CCU → HYD → BLR,15:15,20:05,4h 50m,1 stop,No info,4775
IndiGo,21/06/2019,Kolkata,Banglore,CCU → BLR,11:30,14:05,2h 35m,non-stop,No info,4804
Jet Airways,6/06/2019,Delhi,Cochin,DEL → BOM → COK,11:30,19:00,7h 30m,1 stop,In-flight meal not included,10262
IndiGo,3/04/2019,Banglore,Delhi,BLR → DEL,16:55,19:55,3h,non-stop,No info,4823
Jet Airways,1/04/2019,Kolkata,Banglore,CCU → BOM → BLR,14:05,19:50,5h 45m,1 stop,No info,13364
Jet Airways,1/05/2019,Kolkata,Banglore,CCU → BOM → BLR,16:30,08:15 02 May,15h 45m,1 stop,In-flight meal not included,8586
Multiple carriers,27/05/2019,Delhi,Cochin,DEL → BOM → COK,13:00,01:30 28 May,12h 30m,1 stop,No info,7198
Vistara,1/05/2019,Kolkata,Banglore,CCU → DEL → BLR,17:00,18:50 02 May,25h 50m,1 stop,No info,8610
SpiceJet,3/06/2019,Kolkata,Banglore,CCU → BLR,22:20,00:40 04 Jun,2h 20m,non-stop,No check-in baggage included,3841
Jet Airways,12/05/2019,Kolkata,Banglore,CCU → BOM → BLR,20:00,18:15 13 May,22h 15m,1 stop,In-flight meal not included,10844
Jet Airways,12/06/2019,Delhi,Cochin,DEL → JAI → BOM → COK,09:40,12:35 13 Jun,26h 55m,2 stops,In-flight meal not included,10368
Air India,18/05/2019,Delhi,Cochin,DEL → BLR → COK,20:30,23:00 19 May,26h 30m,1 stop,No info,8907
Multiple carriers,27/03/2019,Delhi,Cochin,DEL → BOM → COK,18:00,01:35 28 Mar,7h 35m,1 stop,No info,6673
Air India,15/06/2019,Delhi,Cochin,DEL → RPR → NAG → BOM → COK,05:15,19:15 16 Jun,38h,3 stops,No info,10703
Multiple carriers,27/03/2019,Delhi,Cochin,DEL → BOM → COK,09:00,15:30,6h 30m,1 stop,No info,6673
Air India,1/04/2019,Delhi,Cochin,DEL → MAA → COK,20:40,09:25 02 Apr,12h 45m,1 stop,No info,5117
Air India,1/06/2019,Mumbai,Hyderabad,BOM → HYD,19:30,20:45,1h 15m,non-stop,No info,3100
Jet Airways,27/05/2019,Delhi,Cochin,DEL → BOM → COK,07:05,04:25 28 May,21h 20m,1 stop,In-flight meal not included,12898
Jet Airways,21/04/2019,Banglore,Delhi,BLR → DEL,08:20,11:20,3h,non-stop,No info,7229
Air India,6/06/2019,Delhi,Cochin,DEL → BHO → BOM → COK,20:00,19:15 07 Jun,23h 15m,2 stops,No info,11596
Jet Airways,15/03/2019,Mumbai,Hyderabad,BOM → HYD,10:20,11:50,1h 30m,non-stop,No info,8040
Jet Airways,12/06/2019,Kolkata,Banglore,CCU → BOM → BLR,14:05,09:20 13 Jun,19h 15m,1 stop,In-flight meal not included,8529
Air India,9/06/2019,Kolkata,Banglore,CCU → BBI → BOM → BLR,12:00,18:30 10 Jun,30h 30m,2 stops,No info,10151
Air India,21/06/2019,Delhi,Cochin,DEL → COK,05:10,08:00,2h 50m,non-stop,No info,5201
Jet Airways,21/05/2019,Kolkata,Banglore,CCU → BOM → BLR,18:55,19:50 22 May,24h 55m,1 stop,In-flight meal not included,10844
Jet Airways,3/06/2019,Delhi,Cochin,DEL → BOM → COK,11:30,12:35 04 Jun,25h 5m,1 stop,In-flight meal not included,10262
Air India,6/03/2019,Mumbai,Hyderabad,BOM → AMD → ISK → HYD,05:30,14:50,9h 20m,2 stops,No info,13757
SpiceJet,12/05/2019,Kolkata,Banglore,CCU → IXB → BLR,15:55,21:25,5h 30m,1 stop,No info,8844
Jet Airways,1/06/2019,Delhi,Cochin,DEL → BOM → COK,22:50,12:35 02 Jun,13h 45m,1 stop,In-flight meal not included,10262
IndiGo,12/06/2019,Delhi,Cochin,DEL → BLR → COK,05:10,10:05,4h 55m,1 stop,No info,6496
Jet Airways,18/03/2019,Banglore,New Delhi,BLR → BOM → DEL,11:40,19:10,7h 30m,1 stop,No info,14815
Jet Airways,6/03/2019,Delhi,Cochin,DEL → BOM → COK,13:55,04:25 07 Mar,14h 30m,1 stop,In-flight meal not included,13843
Jet Airways,1/04/2019,Mumbai,Hyderabad,BOM → HYD,10:20,11:50,1h 30m,non-stop,No info,8040
Jet Airways,1/04/2019,Delhi,Cochin,DEL → BOM → COK,09:00,12:35 02 Apr,27h 35m,1 stop,In-flight meal not included,5406
IndiGo,21/06/2019,Mumbai,Hyderabad,BOM → HYD,19:05,20:35,1h 30m,non-stop,No info,4049
Jet Airways,18/03/2019,Banglore,New Delhi,BLR → BOM → DEL,11:40,05:05 16 Mar,17h 25m,1 stop,No info,13555
IndiGo,21/05/2019,Banglore,Delhi,BLR → DEL,18:25,21:20,2h 55m,non-stop,No info,4823
Air India,12/05/2019,Banglore,Delhi,BLR → DEL,17:00,19:45,2h 45m,non-stop,No info,5438
IndiGo,6/03/2019,Delhi,Cochin,DEL → BOM → COK,18:35,01:35 07 Mar,7h,1 stop,No info,14871
Multiple carriers,24/06/2019,Delhi,Cochin,DEL → BOM → COK,10:35,19:00,8h 25m,1 stop,No info,10678
Jet Airways,9/06/2019,Delhi,Cochin,DEL → NAG → BOM → COK,14:35,12:35 10 Jun,22h,2 stops,No info,13376
Jet Airways,18/05/2019,Kolkata,Banglore,CCU → BOM → BLR,18:55,16:20 19 May,21h 25m,1 stop,In-flight meal not included,10844
Multiple carriers,27/05/2019,Delhi,Cochin,DEL → BOM → COK,06:00,12:35,6h 35m,1 stop,No info,11264
Air India,6/06/2019,Delhi,Cochin,DEL → AMD → BOM → COK,16:40,19:15 07 Jun,26h 35m,2 stops,No info,9653
Jet Airways,21/05/2019,Kolkata,Banglore,CCU → BOM → BLR,21:10,09:20 22 May,12h 10m,1 stop,In-flight meal not included,10844
Jet Airways,9/06/2019,Delhi,Cochin,DEL → BOM → COK,14:00,12:35 10 Jun,22h 35m,1 stop,In-flight meal not included,10262
Air India,15/05/2019,Kolkata,Banglore,CCU → HYD → BLR,19:00,04:40 16 May,9h 40m,1 stop,No info,6117
Air Asia,24/03/2019,Banglore,New Delhi,BLR → DEL,05:50,08:40,2h 50m,non-stop,No info,4284
IndiGo,15/04/2019,Delhi,Cochin,DEL → BOM → COK,16:00,21:00,5h,1 stop,No info,5947
SpiceJet,3/04/2019,Mumbai,Hyderabad,BOM → HYD,22:45,00:15 02 Apr,1h 30m,non-stop,No info,1759
Jet Airways,15/03/2019,Banglore,New Delhi,BLR → BOM → DEL,08:00,16:10,8h 10m,1 stop,In-flight meal not included,9134
Jet Airways,21/05/2019,Delhi,Cochin,DEL → BOM → COK,16:00,12:35 22 May,20h 35m,1 stop,In-flight meal not included,12898
Multiple carriers,18/05/2019,Delhi,Cochin,DEL → BOM → COK,11:40,01:30 19 May,13h 50m,1 stop,No info,8405
IndiGo,27/06/2019,Banglore,Delhi,BLR → DEL,23:30,02:20 28 Jun,2h 50m,non-stop,No info,3943
IndiGo,24/03/2019,Banglore,New Delhi,BLR → DEL,07:10,10:05,2h 55m,non-stop,No info,6860
Jet Airways,6/06/2019,Kolkata,Banglore,CCU → BOM → BLR,20:00,09:20 07 Jun,13h 20m,1 stop,In-flight meal not included,10844
IndiGo,15/06/2019,Banglore,Delhi,BLR → DEL,23:30,02:20 16 Jun,2h 50m,non-stop,No info,4077
Jet Airways,18/05/2019,Kolkata,Banglore,CCU → DEL → BLR,17:00,21:05 19 May,28h 5m,1 stop,No info,14151
Jet Airways,21/05/2019,Delhi,Cochin,DEL → BOM → COK,11:30,12:35 22 May,25h 5m,1 stop,In-flight meal not included,12898
IndiGo,3/06/2019,Delhi,Cochin,DEL → HYD → COK,05:05,16:10,11h 5m,1 stop,No info,6818
SpiceJet,27/03/2019,Chennai,Kolkata,MAA → CCU,09:30,12:05,2h 35m,non-stop,No info,3384
SpiceJet,3/05/2019,Banglore,Delhi,BLR → DEL,09:30,12:20,2h 50m,non-stop,No info,4423
Air India,21/05/2019,Kolkata,Banglore,CCU → BBI → BLR,12:00,13:15 22 May,25h 15m,1 stop,No info,7662
Jet Airways,3/06/2019,Delhi,Cochin,DEL → IDR → BOM → COK,21:25,19:00 04 Jun,21h 35m,2 stops,No info,13292
Air India,1/04/2019,Kolkata,Banglore,CCU → IXR → BBI → BLR,05:50,13:15,7h 25m,2 stops,No info,5562
IndiGo,6/03/2019,Delhi,Cochin,DEL → BBI → COK,02:35,08:30,5h 55m,1 stop,No info,13790
Air India,01/03/2019,Banglore,New Delhi,BLR → DEL,17:00,19:45,2h 45m,non-stop,No info,25913
Jet Airways,12/06/2019,Kolkata,Banglore,CCU → BOM → BLR,18:55,12:00 13 Jun,17h 5m,1 stop,In-flight meal not included,8529
Air India,15/05/2019,Delhi,Cochin,DEL → AMD → BOM → COK,05:00,19:15 16 May,38h 15m,2 stops,No info,10493
IndiGo,6/06/2019,Delhi,Cochin,DEL → HYD → COK,06:50,22:30,15h 40m,1 stop,No info,6674
GoAir,3/06/2019,Banglore,Delhi,BLR → DEL,20:55,23:40,2h 45m,non-stop,No info,3419
Jet Airways,1/04/2019,Kolkata,Banglore,CCU → BOM → BLR,08:25,16:20,7h 55m,1 stop,In-flight meal not included,7851
Vistara,9/06/2019,Kolkata,Banglore,CCU → DEL → BLR,20:20,18:50 10 Jun,22h 30m,1 stop,No info,8610
Air India,24/03/2019,Kolkata,Banglore,CCU → BBI → BOM → BLR,09:10,11:10 25 Mar,26h,2 stops,No info,15187
Air India,6/03/2019,Mumbai,Hyderabad,BOM → MAA → HYD,05:55,22:00,16h 5m,1 stop,No info,10366
Air India,15/05/2019,Delhi,Cochin,DEL → GOI → BOM → COK,22:00,19:15 16 May,21h 15m,2 stops,No info,11281
Jet Airways,15/06/2019,Mumbai,Hyderabad,BOM → HYD,10:20,11:50,1h 30m,non-stop,No info,5678
Jet Airways,1/04/2019,Kolkata,Banglore,CCU → DEL → BLR,20:25,22:05 02 Apr,25h 40m,1 stop,No info,12121
Air India,18/05/2019,Delhi,Cochin,DEL → MAA → COK,12:30,09:25 19 May,20h 55m,1 stop,No info,7480
Multiple carriers,3/03/2019,Delhi,Cochin,DEL → BOM → COK,11:30,18:50,7h 20m,1 stop,No info,15135
Jet Airways,24/03/2019,Kolkata,Banglore,CCU → BOM → BLR,08:25,04:45 25 Mar,20h 20m,1 stop,No info,13759
Jet Airways,9/06/2019,Delhi,Cochin,DEL → NAG → BOM → COK,14:35,04:25 10 Jun,13h 50m,2 stops,No info,13376
Multiple carriers,9/06/2019,Delhi,Cochin,DEL → BOM → COK,12:50,01:30 10 Jun,12h 40m,1 stop,No info,6795
IndiGo,6/06/2019,Chennai,Kolkata,MAA → CCU,05:15,07:40,2h 25m,non-stop,No info,3540
IndiGo,27/05/2019,Kolkata,Banglore,CCU → BLR,14:25,16:55,2h 30m,non-stop,No info,5224
Vistara,24/05/2019,Kolkata,Banglore,CCU → DEL → BLR,07:10,22:40,15h 30m,1 stop,No info,9397
SpiceJet,6/06/2019,Kolkata,Banglore,CCU → KNU → BLR,11:35,18:50,7h 15m,1 stop,No info,8479
Jet Airways,9/05/2019,Delhi,Cochin,DEL → ATQ → BOM → COK,20:00,04:25 10 May,8h 25m,2 stops,In-flight meal not included,15318
Air India,24/05/2019,Banglore,Delhi,BLR → DEL,17:00,19:45,2h 45m,non-stop,No info,7171
Vistara,24/03/2019,Banglore,New Delhi,BLR → DEL,16:00,18:35,2h 35m,non-stop,No info,5088
IndiGo,27/06/2019,Banglore,Delhi,BLR → DEL,07:10,10:05,2h 55m,non-stop,No info,4823
Jet Airways,27/03/2019,Delhi,Cochin,DEL → BOM → COK,07:05,18:50,11h 45m,1 stop,No info,12032
Multiple carriers,3/03/2019,Delhi,Cochin,DEL → BOM → COK,19:00,01:35 04 Mar,6h 35m,1 stop,No info,15288
Jet Airways,21/03/2019,Delhi,Cochin,DEL → AMD → BOM → COK,19:10,18:50 22 Mar,23h 40m,2 stops,In-flight meal not included,6643
Air India,9/05/2019,Mumbai,Hyderabad,BOM → HYD,21:05,22:25,1h 20m,non-stop,No info,3100
Multiple carriers,27/06/2019,Delhi,Cochin,DEL → BOM → COK,14:00,21:00,7h,1 stop,No info,13587
IndiGo,21/06/2019,Kolkata,Banglore,CCU → BLR,21:25,00:05 22 Jun,2h 40m,non-stop,No info,4804
IndiGo,1/06/2019,Chennai,Kolkata,MAA → CCU,05:15,07:40,2h 25m,non-stop,No info,3540
IndiGo,3/05/2019,Kolkata,Banglore,CCU → BLR,14:25,16:55,2h 30m,non-stop,No info,5224
Multiple carriers,27/05/2019,Delhi,Cochin,DEL → BOM → COK,06:00,19:00,13h,1 stop,No info,11264
IndiGo,6/05/2019,Kolkata,Banglore,CCU → BLR,04:40,07:15,2h 35m,non-stop,No info,4804
Air India,3/04/2019,Mumbai,Hyderabad,BOM → HYD,06:20,07:40,1h 20m,non-stop,No info,3100
Jet Airways,6/06/2019,Delhi,Cochin,DEL → BOM → COK,14:00,19:00,5h,1 stop,In-flight meal not included,10262
SpiceJet,3/05/2019,Kolkata,Banglore,CCU → BLR,06:55,09:30,2h 35m,non-stop,No info,3873
IndiGo,15/05/2019,Chennai,Kolkata,MAA → CCU,19:35,21:55,2h 20m,non-stop,No info,3597
Jet Airways,6/03/2019,Mumbai,Hyderabad,BOM → UDR → DEL → HYD,17:15,16:50 07 Mar,23h 35m,2 stops,No info,22950
Jet Airways,21/05/2019,Delhi,Cochin,DEL → JAI → BOM → COK,05:30,04:25 22 May,22h 55m,2 stops,No info,15129
Multiple carriers,3/06/2019,Delhi,Cochin,DEL → BOM → COK,10:35,19:00,8h 25m,1 stop,No info,10877
Jet Airways,9/05/2019,Delhi,Cochin,DEL → JAI → BOM → COK,05:30,19:00,13h 30m,2 stops,No info,15129
Air India,18/05/2019,Banglore,Delhi,BLR → DEL,17:00,19:45,2h 45m,non-stop,No info,7171
Air India,27/06/2019,Delhi,Cochin,DEL → JAI → BOM → COK,18:45,19:15 28 Jun,24h 30m,2 stops,No info,11942
Vistara,18/03/2019,Delhi,Cochin,DEL → COK,14:55,17:50,2h 55m,non-stop,No info,5586
Jet Airways,12/06/2019,Kolkata,Banglore,CCU → DEL → BLR,17:00,18:00 13 Jun,25h,1 stop,No info,12692
Air India,21/04/2019,Banglore,Delhi,BLR → DEL,17:00,19:45,2h 45m,non-stop,No info,5438
Jet Airways,6/06/2019,Kolkata,Banglore,CCU → DEL → BLR,09:35,23:35,14h,1 stop,No info,14151
Multiple carriers,15/05/2019,Delhi,Cochin,DEL → BOM → COK,06:00,21:00,15h,1 stop,No info,7670
Jet Airways,12/06/2019,Delhi,Cochin,DEL → BOM → COK,07:05,19:00,11h 55m,1 stop,In-flight meal not included,15190
Jet Airways,1/04/2019,Mumbai,Hyderabad,BOM → HYD,07:05,08:30,1h 25m,non-stop,No info,8040
Air India,3/03/2019,Delhi,Cochin,DEL → COK,05:10,08:00,2h 50m,non-stop,No info,7931
Multiple carriers,15/06/2019,Delhi,Cochin,DEL → BOM → COK,18:15,01:30 16 Jun,7h 15m,1 stop,No info,13377
Jet Airways,24/05/2019,Kolkata,Banglore,CCU → DEL → BLR,20:25,09:45 25 May,13h 20m,1 stop,In-flight meal not included,12384
Air India,12/05/2019,Kolkata,Banglore,CCU → DEL → COK → BLR,07:00,01:20 13 May,18h 20m,2 stops,No info,13243
IndiGo,3/04/2019,Kolkata,Banglore,CCU → HYD → BLR,19:20,23:45,4h 25m,1 stop,No info,3480
SpiceJet,24/06/2019,Delhi,Cochin,DEL → PNQ → COK,08:45,13:15,4h 30m,1 stop,No check-in baggage included,4760
Jet Airways,3/03/2019,Delhi,Cochin,DEL → BOM → COK,11:30,04:25 04 Mar,16h 55m,1 stop,No info,19828
Vistara,24/03/2019,Banglore,New Delhi,BLR → DEL,09:50,12:35,2h 45m,non-stop,No info,6138
Air India,6/04/2019,Banglore,Delhi,BLR → DEL,13:20,16:10,2h 50m,non-stop,No info,5176
Air India,15/06/2019,Delhi,Cochin,DEL → MAA → COK,20:40,09:25 16 Jun,12h 45m,1 stop,No info,7480
Jet Airways,9/06/2019,Delhi,Cochin,DEL → BOM → COK,10:00,04:25 10 Jun,18h 25m,1 stop,In-flight meal not included,10262
IndiGo,15/06/2019,Delhi,Cochin,DEL → BLR → COK,02:00,07:45,5h 45m,1 stop,No info,6386
Jet Airways,27/05/2019,Delhi,Cochin,DEL → JAI → BOM → COK,09:40,04:25 28 May,18h 45m,2 stops,In-flight meal not included,13029
Air Asia,21/06/2019,Banglore,Delhi,BLR → DEL,04:55,07:45,2h 50m,non-stop,No info,4282
IndiGo,6/03/2019,Mumbai,Hyderabad,BOM → HYD,02:30,04:00,1h 30m,non-stop,No info,3175
SpiceJet,24/06/2019,Chennai,Kolkata,MAA → CCU,08:20,10:35,2h 15m,non-stop,No info,3597
Air India,21/05/2019,Kolkata,Banglore,CCU → BBI → BOM → BLR,12:00,21:50,9h 50m,2 stops,No info,10151
Jet Airways,12/05/2019,Kolkata,Banglore,CCU → BOM → BLR,18:55,18:15 13 May,23h 20m,1 stop,In-flight meal not included,10844
Jet Airways,9/03/2019,Delhi,Cochin,DEL → BOM → COK,08:00,19:45,11h 45m,1 stop,No info,17549
Jet Airways,1/04/2019,Kolkata,Banglore,CCU → BOM → BLR,20:00,22:35 02 Apr,26h 35m,1 stop,No info,12681
Air India,15/05/2019,Kolkata,Banglore,CCU → BOM → BLR,09:25,21:50,12h 25m,1 stop,No info,8366
IndiGo,12/06/2019,Kolkata,Banglore,CCU → BLR,11:30,14:05,2h 35m,non-stop,No info,4804
IndiGo,27/06/2019,Delhi,Cochin,DEL → BOM → COK,07:30,21:00,13h 30m,1 stop,No info,6093
Multiple carriers,15/05/2019,Delhi,Cochin,DEL → BOM → COK,12:50,19:15,6h 25m,1 stop,No info,8266
Air India,6/05/2019,Kolkata,Banglore,CCU → IXR → DEL → BLR,05:50,20:25,14h 35m,2 stops,No info,10991
Jet Airways,24/06/2019,Delhi,Cochin,DEL → BOM → COK,14:00,19:00,5h,1 stop,In-flight meal not included,10262
Multiple carriers,21/03/2019,Delhi,Cochin,DEL → BOM → COK,10:00,21:00,11h,1 stop,In-flight meal not included,8085
Jet Airways,06/03/2019,Banglore,New Delhi,BLR → BOM → DEL,16:55,09:00 07 Mar,16h 5m,1 stop,No info,17261
Jet Airways,27/05/2019,Delhi,Cochin,DEL → BOM → COK,11:30,19:00,7h 30m,1 stop,In-flight meal not included,9732
Jet Airways,24/05/2019,Banglore,Delhi,BLR → DEL,17:45,20:45,3h,non-stop,In-flight meal not included,6144
SpiceJet,6/05/2019,Banglore,Delhi,BLR → DEL,05:55,08:35,2h 40m,non-stop,No info,3311
SpiceJet,27/03/2019,Chennai,Kolkata,MAA → CCU,08:20,10:35,2h 15m,non-stop,No info,3384
Air India,27/06/2019,Delhi,Cochin,DEL → JDH → BOM → COK,12:55,19:15 28 Jun,30h 20m,2 stops,No info,12646
Air India,27/06/2019,Delhi,Cochin,DEL → COK,18:05,21:10,3h 5m,non-stop,No info,5201
Jet Airways,18/05/2019,Delhi,Cochin,DEL → BOM → COK,19:15,19:00 19 May,23h 45m,1 stop,No info,15554
Multiple carriers,21/03/2019,Delhi,Cochin,DEL → BOM → COK,09:10,19:15,10h 5m,1 stop,No info,8601
Jet Airways,21/05/2019,Kolkata,Banglore,CCU → BOM → BLR,06:30,18:15,11h 45m,1 stop,In-flight meal not included,10844
Jet Airways,15/05/2019,Kolkata,Banglore,CCU → BOM → BLR,20:00,09:20 16 May,13h 20m,1 stop,In-flight meal not included,9663
SpiceJet,15/06/2019,Kolkata,Banglore,CCU → BLR,06:55,09:30,2h 35m,non-stop,No check-in baggage included,3841
Jet Airways,24/05/2019,Kolkata,Banglore,CCU → BOM → BLR,21:10,09:20 25 May,12h 10m,1 stop,In-flight meal not included,9663
Jet Airways,3/04/2019,Mumbai,Hyderabad,BOM → HYD,07:05,08:30,1h 25m,non-stop,No info,8040
Multiple carriers,12/06/2019,Delhi,Cochin,DEL → BOM → COK,08:30,19:15,10h 45m,1 stop,No info,7354
Multiple carriers,6/03/2019,Delhi,Cochin,DEL → HYD → COK,14:35,22:20,7h 45m,1 stop,In-flight meal not included,7563
IndiGo,3/03/2019,Delhi,Cochin,DEL → BOM → COK,10:45,15:30,4h 45m,1 stop,No info,7725
Jet Airways,6/05/2019,Kolkata,Banglore,CCU → DEL → BLR,17:00,09:45 07 May,16h 45m,1 stop,No info,10953
Jet Airways,18/03/2019,Banglore,New Delhi,BLR → BOM → DEL,14:05,21:20,7h 15m,1 stop,No info,16946
Air India,6/03/2019,Delhi,Cochin,DEL → JAI → BOM → COK,12:00,19:15,7h 15m,2 stops,No info,11858
Jet Airways,27/05/2019,Delhi,Cochin,DEL → JAI → BOM → COK,09:40,04:25 28 May,18h 45m,2 stops,In-flight meal not included,13029
IndiGo,12/04/2019,Banglore,Delhi,BLR → DEL,01:30,04:15,2h 45m,non-stop,No info,4591
Air Asia,24/03/2019,Kolkata,Banglore,CCU → DEL → BLR,07:35,19:25,11h 50m,1 stop,No info,6785
Air India,12/05/2019,Mumbai,Hyderabad,BOM → HYD,13:55,15:25,1h 30m,non-stop,No info,3100
IndiGo,12/06/2019,Chennai,Kolkata,MAA → CCU,05:15,07:40,2h 25m,non-stop,No info,3540
Vistara,18/05/2019,Kolkata,Banglore,CCU → DEL → BLR,07:10,20:20,13h 10m,1 stop,No info,9345
IndiGo,9/05/2019,Delhi,Cochin,DEL → BOM → COK,17:30,01:30 10 May,8h,1 stop,No info,8330
Jet Airways,18/05/2019,Kolkata,Banglore,CCU → BOM → BLR,20:00,19:50 19 May,23h 50m,1 stop,In-flight meal not included,10844
Air Asia,18/06/2019,Kolkata,Banglore,CCU → BLR,19:55,22:25,2h 30m,non-stop,No info,3807
SpiceJet,6/05/2019,Kolkata,Banglore,CCU → BLR,17:10,19:40,2h 30m,non-stop,No info,4491
Air India,3/03/2019,Delhi,Cochin,DEL → BOM → COK,19:00,07:40 04 Mar,12h 40m,1 stop,No info,14777
Jet Airways,1/04/2019,Kolkata,Banglore,CCU → BOM → BLR,06:30,18:15,11h 45m,1 stop,No info,12681
Jet Airways,12/05/2019,Kolkata,Banglore,CCU → BOM → BLR,16:30,12:00 13 May,19h 30m,1 stop,In-flight meal not included,10844
IndiGo,27/04/2019,Banglore,Delhi,BLR → DEL,10:30,13:20,2h 50m,non-stop,No info,4423
IndiGo,15/03/2019,Kolkata,Banglore,CCU → BLR,20:25,23:05,2h 40m,non-stop,No info,4462
Jet Airways,18/06/2019,Banglore,Delhi,BLR → DEL,07:10,10:10,3h,non-stop,In-flight meal not included,5769
Air India,12/03/2019,Banglore,New Delhi,BLR → BOM → JDH → DEL,08:50,16:20 13 Mar,31h 30m,2 stops,No info,12778
Jet Airways,1/06/2019,Delhi,Cochin,DEL → BOM → COK,15:00,12:35 02 Jun,21h 35m,1 stop,In-flight meal not included,10262
Jet Airways,12/06/2019,Delhi,Cochin,DEL → JAI → BOM → COK,19:30,12:35 13 Jun,17h 5m,2 stops,In-flight meal not included,10368
Jet Airways,9/06/2019,Kolkata,Banglore,CCU → BOM → BLR,16:30,22:35,6h 5m,1 stop,No info,14571
Air India,03/03/2019,Banglore,New Delhi,BLR → TRV → COK → DEL,07:30,10:50 07 Mar,27h 20m,2 stops,No info,12074
IndiGo,18/05/2019,Chennai,Kolkata,MAA → CCU,15:40,18:25,2h 45m,non-stop,No info,3850
SpiceJet,27/05/2019,Kolkata,Banglore,CCU → BLR,06:55,09:30,2h 35m,non-stop,No check-in baggage included,3841
Jet Airways,12/05/2019,Kolkata,Banglore,CCU → BOM → BLR,18:55,04:40 13 May,9h 45m,1 stop,In-flight meal not included,9663
Jet Airways,9/05/2019,Kolkata,Banglore,CCU → BOM → BLR,14:05,23:35,9h 30m,1 stop,In-flight meal not included,10844
Jet Airways,9/04/2019,Delhi,Cochin,DEL → BOM → COK,22:50,04:25 10 Apr,5h 35m,1 stop,No info,12242
Jet Airways,18/05/2019,Delhi,Cochin,DEL → BHO → BOM → COK,05:30,12:35,7h 5m,2 stops,No info,16274
GoAir,9/06/2019,Kolkata,Banglore,CCU → BOM → BLR,23:30,07:45 10 Jun,8h 15m,1 stop,No info,6354
IndiGo,18/04/2019,Banglore,Delhi,BLR → DEL,08:30,11:20,2h 50m,non-stop,No info,5740
Jet Airways,1/04/2019,Delhi,Cochin,DEL → BOM → COK,18:15,12:35 02 Apr,18h 20m,1 stop,In-flight meal not included,5406
Multiple carriers,15/06/2019,Delhi,Cochin,DEL → BOM → COK,11:25,19:15,7h 50m,1 stop,No info,8614
Air India,12/03/2019,Banglore,New Delhi,BLR → MAA → DEL,11:50,19:50,8h,1 stop,No info,11707
IndiGo,21/05/2019,Delhi,Cochin,DEL → BOM → COK,04:55,11:50,6h 55m,1 stop,No info,6794
Air India,15/06/2019,Delhi,Cochin,DEL → HYD → MAA → COK,13:15,09:25 16 Jun,20h 10m,2 stops,No info,8839
Jet Airways,1/06/2019,Delhi,Cochin,DEL → BOM → COK,07:05,12:35,5h 30m,1 stop,In-flight meal not included,12898
Multiple carriers,27/03/2019,Delhi,Cochin,DEL → BOM → COK,16:00,01:35 28 Mar,9h 35m,1 stop,No info,12327
Air India,27/05/2019,Delhi,Cochin,DEL → BOM → COK,20:00,19:15 28 May,23h 15m,1 stop,No info,8372
Jet Airways,9/03/2019,Delhi,Cochin,DEL → IXC → BOM → COK,13:45,04:25 10 Mar,14h 40m,2 stops,No info,17019
Air India,6/03/2019,Delhi,Cochin,DEL → BOM → COK,23:00,07:40 07 Mar,8h 40m,1 stop,No info,14777
IndiGo,9/05/2019,Kolkata,Banglore,CCU → BLR,09:35,12:20,2h 45m,non-stop,No info,4804
IndiGo,3/05/2019,Banglore,Delhi,BLR → DEL,18:55,21:50,2h 55m,non-stop,No info,4823
Vistara,24/05/2019,Kolkata,Banglore,CCU → DEL → BLR,17:00,20:20 25 May,27h 20m,1 stop,No info,9870
Jet Airways,3/06/2019,Delhi,Cochin,DEL → BOM → COK,13:00,12:35 04 Jun,23h 35m,1 stop,In-flight meal not included,10262
Jet Airways,24/05/2019,Kolkata,Banglore,CCU → BOM → BLR,08:25,18:15,9h 50m,1 stop,No info,14571
IndiGo,21/03/2019,Banglore,New Delhi,BLR → DEL,18:25,21:20,2h 55m,non-stop,No info,6144
Multiple carriers,27/05/2019,Delhi,Cochin,DEL → BOM → COK,07:00,21:00,14h,1 stop,No info,7618
IndiGo,12/05/2019,Banglore,Delhi,BLR → DEL,06:05,08:50,2h 45m,non-stop,No info,4423
Jet Airways,21/05/2019,Delhi,Cochin,DEL → BOM → COK,13:00,12:35 22 May,23h 35m,1 stop,In-flight meal not included,12898
IndiGo,15/05/2019,Delhi,Cochin,DEL → HYD → COK,05:05,12:10,7h 5m,1 stop,No info,6818
Jet Airways,12/03/2019,Banglore,New Delhi,BLR → BDQ → DEL,05:50,12:20,6h 30m,1 stop,No info,11297
Jet Airways,27/06/2019,Delhi,Cochin,DEL → BOM → COK,10:00,19:00,9h,1 stop,No info,14714
Air India,1/04/2019,Kolkata,Banglore,CCU → DEL → BLR,20:30,12:00 02 Apr,15h 30m,1 stop,No info,7893
IndiGo,15/05/2019,Banglore,Delhi,BLR → DEL,13:00,15:50,2h 50m,non-stop,No info,3943
IndiGo,3/03/2019,Delhi,Cochin,DEL → HYD → MAA → COK,08:35,21:20,12h 45m,2 stops,No info,8049
Multiple carriers,12/06/2019,Delhi,Cochin,DEL → BOM → COK,07:05,19:15,12h 10m,1 stop,In-flight meal not included,11667
Jet Airways,24/03/2019,Mumbai,Hyderabad,BOM → HYD,19:35,21:05,1h 30m,non-stop,No info,5678
SpiceJet,24/04/2019,Kolkata,Banglore,CCU → BLR,22:20,00:40 25 Apr,2h 20m,non-stop,No info,3873
Jet Airways,1/04/2019,Kolkata,Banglore,CCU → BOM → BLR,20:00,22:35 02 Apr,26h 35m,1 stop,In-flight meal not included,7064
GoAir,3/06/2019,Banglore,Delhi,BLR → DEL,11:40,14:30,2h 50m,non-stop,No info,3898
Air India,6/05/2019,Kolkata,Banglore,CCU → IXR → DEL → BLR,05:50,12:00 07 May,30h 10m,2 stops,No info,11883
Multiple carriers,27/05/2019,Delhi,Cochin,DEL → BOM → COK,10:20,19:15,8h 55m,1 stop,No info,9316
Jet Airways,27/06/2019,Delhi,Cochin,DEL → JAI → BOM → COK,09:40,19:00,9h 20m,2 stops,No info,13014
Air India,27/06/2019,Delhi,Cochin,DEL → RPR → NAG → BOM → COK,05:15,19:15 28 Jun,38h,3 stops,No info,10703
Air India,6/03/2019,Mumbai,Hyderabad,BOM → BHO → DEL → HYD,06:00,11:55 07 Mar,29h 55m,2 stops,No info,14219
Multiple carriers,27/05/2019,Delhi,Cochin,DEL → BOM → COK,13:00,21:00,8h,1 stop,No info,13587
Air India,15/05/2019,Delhi,Cochin,DEL → CCU → BOM → COK,06:50,07:40 16 May,24h 50m,2 stops,No info,14431
Multiple carriers,24/06/2019,Delhi,Cochin,DEL → HYD → COK,14:55,22:30,7h 35m,1 stop,In-flight meal not included,6093
SpiceJet,3/06/2019,Mumbai,Hyderabad,BOM → HYD,22:45,00:15 04 Jun,1h 30m,non-stop,No info,2017
Air India,21/03/2019,Delhi,Cochin,DEL → BOM → COK,21:00,19:15 22 Mar,22h 15m,1 stop,No info,6587
Jet Airways,9/03/2019,Delhi,Cochin,DEL → BOM → COK,21:50,18:50 10 Mar,21h,1 stop,In-flight meal not included,13843
Vistara,15/04/2019,Delhi,Cochin,DEL → COK,14:40,17:50,3h 10m,non-stop,No info,6216
Jet Airways,24/03/2019,Kolkata,Banglore,CCU → BOM → BLR,16:55,18:10 25 Mar,25h 15m,1 stop,In-flight meal not included,11134
Jet Airways,06/03/2019,Banglore,New Delhi,BLR → BOM → DEL,22:50,20:20 07 Mar,21h 30m,1 stop,No info,17471
Jet Airways,21/03/2019,Banglore,New Delhi,BLR → BOM → DEL,14:05,10:25 19 Mar,20h 20m,1 stop,In-flight meal not included,7832
Multiple carriers,21/03/2019,Delhi,Cochin,DEL → BOM → COK,10:20,19:15,8h 55m,1 stop,No info,7531
Air India,1/05/2019,Kolkata,Banglore,CCU → BLR,14:15,16:45,2h 30m,non-stop,No info,6245
Air India,3/04/2019,Mumbai,Hyderabad,BOM → HYD,19:30,20:45,1h 15m,non-stop,No info,2050
Jet Airways,12/03/2019,Banglore,New Delhi,BLR → BOM → DEL,18:55,19:10 13 Mar,24h 15m,1 stop,In-flight meal not included,11087
Jet Airways,3/06/2019,Delhi,Cochin,DEL → BOM → COK,17:30,19:00 04 Jun,25h 30m,1 stop,No info,14714
IndiGo,9/06/2019,Delhi,Cochin,DEL → BLR → COK,02:00,07:45,5h 45m,1 stop,No info,6386
SpiceJet,24/03/2019,Banglore,New Delhi,BLR → DEL,09:35,12:30,2h 55m,non-stop,No check-in baggage included,6205
IndiGo,21/03/2019,Delhi,Cochin,DEL → BOM → COK,15:00,01:35 22 Mar,10h 35m,1 stop,No info,7006
Air India,15/05/2019,Delhi,Cochin,DEL → NAG → BOM → COK,05:55,07:40 16 May,25h 45m,2 stops,No info,11543
Jet Airways,12/06/2019,Banglore,Delhi,BLR → DEL,18:55,22:00,3h 5m,non-stop,No info,8016
Multiple carriers,9/05/2019,Delhi,Cochin,DEL → BOM → COK,06:00,19:00,13h,1 stop,No info,9794
Air India,6/06/2019,Kolkata,Banglore,CCU → JAI → BOM → BLR,08:20,18:30,10h 10m,2 stops,No info,10697
Jet Airways,1/04/2019,Kolkata,Banglore,CCU → DEL → BLR,20:25,09:45 02 Apr,13h 20m,1 stop,No info,14151
Jet Airways,9/05/2019,Kolkata,Banglore,CCU → BOM → BLR,08:25,04:40 10 May,20h 15m,1 stop,In-flight meal not included,8586
Air India,1/04/2019,Kolkata,Banglore,CCU → BBI → BLR,09:10,13:15,4h 5m,1 stop,No info,5793
Jet Airways,9/05/2019,Kolkata,Banglore,CCU → BOM → BLR,14:05,04:40 10 May,14h 35m,1 stop,No info,13941
SpiceJet,18/04/2019,Banglore,Delhi,BLR → DEL,05:55,08:35,2h 40m,non-stop,No check-in baggage included,4319
IndiGo,21/03/2019,Delhi,Cochin,DEL → TRV → COK,21:05,01:45 22 Mar,4h 40m,1 stop,No info,5947
IndiGo,6/06/2019,Mumbai,Hyderabad,BOM → HYD,06:25,07:55,1h 30m,non-stop,No info,4049
Air India,03/03/2019,Banglore,New Delhi,BLR → DEL,10:00,12:45,2h 45m,non-stop,No info,8588
IndiGo,18/06/2019,Banglore,Delhi,BLR → DEL,22:10,01:00 19 Jun,2h 50m,non-stop,No info,3419
Jet Airways,21/03/2019,Delhi,Cochin,DEL → BDQ → BOM → COK,10:45,18:50 22 Mar,32h 5m,2 stops,No info,11093
Multiple carriers,27/06/2019,Delhi,Cochin,DEL → BOM → COK,11:30,19:15,7h 45m,1 stop,No info,14848
Air India,09/03/2019,Banglore,New Delhi,BLR → HYD → DEL,06:50,23:10,16h 20m,1 stop,No info,5626
Multiple carriers,6/03/2019,Delhi,Cochin,DEL → HYD → COK,07:05,22:20,15h 15m,1 stop,No info,6916
Jet Airways,12/06/2019,Kolkata,Banglore,CCU → DEL → BLR,09:35,14:25 13 Jun,28h 50m,1 stop,No info,12692
IndiGo,3/03/2019,Kolkata,Banglore,CCU → BLR,09:35,12:20,2h 45m,non-stop,No info,6565
Multiple carriers,6/06/2019,Delhi,Cochin,DEL → BOM → COK,14:00,21:00,7h,1 stop,No info,13587
Air India,6/03/2019,Delhi,Cochin,DEL → BHO → BOM → COK,05:55,07:40 07 Mar,25h 45m,2 stops,No info,15428
IndiGo,12/05/2019,Mumbai,Hyderabad,BOM → HYD,19:05,20:35,1h 30m,non-stop,No info,2754
Jet Airways,12/06/2019,Delhi,Cochin,DEL → ATQ → BOM → COK,08:10,04:25 13 Jun,20h 15m,2 stops,No info,14300
Air India,1/04/2019,Delhi,Cochin,DEL → MAA → COK,09:45,09:25 02 Apr,23h 40m,1 stop,No info,5117
Air India,9/05/2019,Delhi,Cochin,DEL → JAI → BOM → COK,18:45,19:15 10 May,24h 30m,2 stops,No info,11942
Jet Airways,21/03/2019,Delhi,Cochin,DEL → JAI → BOM → COK,05:30,18:50,13h 20m,2 stops,No info,11702
IndiGo,24/06/2019,Kolkata,Banglore,CCU → BLR,09:35,12:20,2h 45m,non-stop,No info,4804
Air India,3/04/2019,Delhi,Cochin,DEL → MAA → COK,17:20,09:25 04 Apr,16h 5m,1 stop,No info,5117
Jet Airways,6/06/2019,Delhi,Cochin,DEL → BHO → BOM → COK,05:30,12:35,7h 5m,2 stops,No info,14441
IndiGo,21/03/2019,Banglore,New Delhi,BLR → DEL,00:40,03:25,2h 45m,non-stop,No info,4944
IndiGo,3/06/2019,Delhi,Cochin,DEL → HYD → COK,07:35,16:10,8h 35m,1 stop,No info,7514
GoAir,27/05/2019,Banglore,Delhi,BLR → DEL,07:45,10:40,2h 55m,non-stop,No info,3419
Jet Airways,21/05/2019,Kolkata,Banglore,CCU → BOM → BLR,18:55,04:40 22 May,9h 45m,1 stop,In-flight meal not included,9663
Air India,12/06/2019,Kolkata,Banglore,CCU → GAU → DEL → BLR,09:50,08:55 13 Jun,23h 5m,2 stops,No info,14960
Air India,12/05/2019,Kolkata,Banglore,CCU → GAU → BLR,09:50,21:05,11h 15m,1 stop,No info,8450
IndiGo,1/04/2019,Mumbai,Hyderabad,BOM → HYD,16:55,18:25,1h 30m,non-stop,No info,3175
Multiple carriers,15/05/2019,Delhi,Cochin,DEL → BOM → COK,14:00,21:00,7h,1 stop,No info,13727
Multiple carriers,9/04/2019,Delhi,Cochin,DEL → BOM → COK,06:00,13:20,7h 20m,1 stop,No info,8323
Air Asia,3/05/2019,Banglore,Delhi,BLR → DEL,11:10,13:55,2h 45m,non-stop,No info,4483
Jet Airways,9/05/2019,Delhi,Cochin,DEL → BOM → COK,18:15,12:35 10 May,18h 20m,1 stop,In-flight meal not included,12373
SpiceJet,21/04/2019,Banglore,Delhi,BLR → DEL,09:30,12:20,2h 50m,non-stop,No check-in baggage included,4885
Jet Airways,21/03/2019,Delhi,Cochin,DEL → BDQ → BOM → COK,10:45,18:50,8h 5m,2 stops,In-flight meal not included,8367
Multiple carriers,27/03/2019,Delhi,Cochin,DEL → BOM → COK,02:15,13:20,11h 5m,1 stop,No info,12327
Air India,18/05/2019,Kolkata,Banglore,CCU → IXR → DEL → BLR,05:50,20:25,14h 35m,2 stops,No info,12093
Multiple carriers,21/05/2019,Delhi,Cochin,DEL → BOM → COK,09:00,21:00,12h,1 stop,No info,14067
IndiGo,18/04/2019,Kolkata,Banglore,CCU → BLR,21:25,00:05 19 Apr,2h 40m,non-stop,No info,4174
Jet Airways,1/04/2019,Kolkata,Banglore,CCU → BOM → BLR,06:30,20:45,14h 15m,1 stop,In-flight meal not included,7064
Jet Airways,1/06/2019,Delhi,Cochin,DEL → IDR → BOM → COK,09:35,12:35 02 Jun,27h,2 stops,No info,13292
Multiple carriers,1/06/2019,Delhi,Cochin,DEL → BOM → COK,06:40,19:00,12h 20m,1 stop,No info,11200
Jet Airways,01/03/2019,Banglore,New Delhi,BLR → BOM → DEL,08:00,16:10,8h 10m,1 stop,No info,22270
Jet Airways,18/05/2019,Kolkata,Banglore,CCU → BOM → BLR,21:10,09:20 19 May,12h 10m,1 stop,In-flight meal not included,9663
IndiGo,1/06/2019,Kolkata,Banglore,CCU → BLR,21:25,00:05 02 Jun,2h 40m,non-stop,No info,4804
SpiceJet,9/04/2019,Kolkata,Banglore,CCU → BLR,06:55,09:30,2h 35m,non-stop,No info,3873
Air India,03/03/2019,Banglore,New Delhi,BLR → CCU → GAU → DEL,11:05,22:10 07 Mar,35h 5m,2 stops,No info,11948
SpiceJet,15/03/2019,Banglore,New Delhi,BLR → PNQ → DEL,10:20,18:15,7h 55m,1 stop,No info,10341
Jet Airways,24/05/2019,Kolkata,Banglore,CCU → DEL → BLR,09:35,09:45 25 May,24h 10m,1 stop,No info,13067
Air India,24/05/2019,Kolkata,Banglore,CCU → DEL → COK → BLR,07:00,01:20 25 May,18h 20m,2 stops,No info,14083
IndiGo,24/03/2019,Kolkata,Banglore,CCU → HYD → BLR,15:10,19:50,4h 40m,1 stop,No info,7476
SpiceJet,12/03/2019,Chennai,Kolkata,MAA → CCU,08:20,10:35,2h 15m,non-stop,No info,6300
Multiple carriers,27/03/2019,Delhi,Cochin,DEL → BOM → COK,04:00,13:20,9h 20m,1 stop,No info,6305
Jet Airways,24/03/2019,Kolkata,Banglore,CCU → BOM → BLR,13:55,10:05 25 Mar,20h 10m,1 stop,No info,14231
Multiple carriers,24/06/2019,Delhi,Cochin,DEL → BOM → COK,08:30,19:00,10h 30m,1 stop,No info,10877
IndiGo,3/06/2019,Delhi,Cochin,DEL → HYD → COK,07:35,12:10,4h 35m,1 stop,No info,6069
Air India,18/05/2019,Delhi,Cochin,DEL → JAI → BOM → COK,18:45,19:15 19 May,24h 30m,2 stops,No info,12940
Air India,6/05/2019,Banglore,Delhi,BLR → DEL,17:00,19:45,2h 45m,non-stop,No info,5228
Multiple carriers,1/06/2019,Delhi,Cochin,DEL → BOM → COK,17:30,01:30 02 Jun,8h,1 stop,No info,13377
IndiGo,27/03/2019,Chennai,Kolkata,MAA → CCU,07:55,10:15,2h 20m,non-stop,No info,3384
IndiGo,9/05/2019,Kolkata,Banglore,CCU → BLR,11:30,14:05,2h 35m,non-stop,No info,5224
Jet Airways,3/03/2019,Delhi,Cochin,DEL → BOM → COK,09:55,18:50,8h 55m,1 stop,No info,18550
Multiple carriers,3/03/2019,Delhi,Cochin,DEL → BOM → COK,04:00,11:30,7h 30m,1 stop,No info,14973
Air India,27/05/2019,Delhi,Cochin,DEL → BOM → COK,03:50,19:15,15h 25m,1 stop,No info,9719
SpiceJet,9/05/2019,Kolkata,Banglore,CCU → BLR,09:00,11:25,2h 25m,non-stop,No check-in baggage included,3841
Jet Airways,27/05/2019,Banglore,Delhi,BLR → DEL,15:15,18:10,2h 55m,non-stop,In-flight meal not included,3502
Jet Airways,3/06/2019,Delhi,Cochin,DEL → BHO → BOM → COK,05:30,12:35,7h 5m,2 stops,In-flight meal not included,13344
IndiGo,3/05/2019,Banglore,Delhi,BLR → DEL,22:10,01:00 04 May,2h 50m,non-stop,No info,4284
IndiGo,6/03/2019,Delhi,Cochin,DEL → BOM → COK,04:45,15:30,10h 45m,1 stop,No info,13611
IndiGo,3/03/2019,Delhi,Cochin,DEL → HYD → COK,06:40,12:00,5h 20m,1 stop,No info,9304
Air Asia,6/06/2019,Delhi,Cochin,DEL → BLR → COK,07:55,22:25,14h 30m,1 stop,No info,8759
Jet Airways,6/06/2019,Kolkata,Banglore,CCU → BOM → BLR,21:10,04:40 07 Jun,7h 30m,1 stop,In-flight meal not included,7757
Jet Airways,9/04/2019,Banglore,Delhi,BLR → DEL,07:10,10:10,3h,non-stop,In-flight meal not included,4544
Air India,12/06/2019,Delhi,Cochin,DEL → BLR → COK,20:30,23:00 13 Jun,26h 30m,1 stop,No info,8907
IndiGo,9/03/2019,Chennai,Kolkata,MAA → CCU,05:15,07:35,2h 20m,non-stop,No info,6482
Multiple carriers,3/03/2019,Delhi,Cochin,DEL → BOM → COK,10:00,01:35 04 Mar,15h 35m,1 stop,No info,16863
Jet Airways,9/05/2019,Delhi,Cochin,DEL → AMD → BOM → COK,13:25,12:35 10 May,23h 10m,2 stops,No info,16704
Jet Airways,6/05/2019,Kolkata,Banglore,CCU → BOM → BLR,06:30,18:15,11h 45m,1 stop,No info,14781
IndiGo,12/06/2019,Banglore,Delhi,BLR → DEL,13:00,15:50,2h 50m,non-stop,No info,3943
Multiple carriers,12/06/2019,Delhi,Cochin,DEL → BOM → COK,19:00,01:30 13 Jun,6h 30m,1 stop,No info,7198
IndiGo,15/03/2019,Delhi,Cochin,DEL → COK,14:30,17:35,3h 5m,non-stop,No info,5895
IndiGo,27/05/2019,Mumbai,Hyderabad,BOM → HYD,09:10,10:40,1h 30m,non-stop,No info,4049
Air India,12/06/2019,Delhi,Cochin,DEL → JAI → BOM → COK,18:45,19:15 13 Jun,24h 30m,2 stops,No info,11732
Air India,21/03/2019,Banglore,New Delhi,BLR → HYD → DEL,08:15,08:50 19 Mar,24h 35m,1 stop,No info,4943
Jet Airways,6/06/2019,Delhi,Cochin,DEL → BOM → COK,18:15,19:00 07 Jun,24h 45m,1 stop,In-flight meal not included,10262
SpiceJet,24/05/2019,Kolkata,Banglore,CCU → BLR,06:55,09:30,2h 35m,non-stop,No check-in baggage included,3841
IndiGo,15/05/2019,Kolkata,Banglore,CCU → BLR,21:25,00:05 16 May,2h 40m,non-stop,No info,4804
Jet Airways,12/06/2019,Kolkata,Banglore,CCU → BOM → BLR,16:30,23:35,7h 5m,1 stop,No info,13626
Jet Airways,9/05/2019,Kolkata,Banglore,CCU → BOM → BLR,20:00,04:40 10 May,8h 40m,1 stop,In-flight meal not included,8586
IndiGo,27/06/2019,Delhi,Cochin,DEL → HYD → COK,08:35,22:30,13h 55m,1 stop,No info,6442
Jet Airways,15/06/2019,Delhi,Cochin,DEL → BOM → COK,08:00,19:00,11h,1 stop,In-flight meal not included,10262
Jet Airways,9/05/2019,Mumbai,Hyderabad,BOM → HYD,07:05,08:30,1h 25m,non-stop,No info,8040
IndiGo,6/03/2019,Chennai,Kolkata,MAA → CCU,14:40,17:05,2h 25m,non-stop,No info,7295
Air India,03/03/2019,Banglore,New Delhi,BLR → COK → DEL,06:55,13:20,6h 25m,1 stop,No info,10924
Air India,15/05/2019,Delhi,Cochin,DEL → BOM → COK,08:00,19:15,11h 15m,1 stop,No info,8372
SpiceJet,1/03/2019,Chennai,Kolkata,MAA → CCU,08:20,10:35,2h 15m,non-stop,No info,7298
Air Asia,21/06/2019,Banglore,Delhi,BLR → DEL,11:10,13:55,2h 45m,non-stop,No info,3383
Vistara,12/06/2019,Kolkata,Banglore,CCU → DEL → BLR,20:20,23:25 13 Jun,27h 5m,1 stop,No info,8610
Jet Airways,12/06/2019,Delhi,Cochin,DEL → BOM → COK,02:15,12:35,10h 20m,1 stop,In-flight meal not included,10262
SpiceJet,3/06/2019,Banglore,Delhi,BLR → DEL,21:10,00:05 04 Jun,2h 55m,non-stop,No info,3311
Vistara,24/06/2019,Banglore,Delhi,BLR → DEL,07:00,09:40,2h 40m,non-stop,No info,4668
Multiple carriers,6/03/2019,Delhi,Cochin,DEL → BOM → COK,11:30,18:50,7h 20m,1 stop,No info,15135
Jet Airways,24/03/2019,Kolkata,Banglore,CCU → BOM → BLR,08:25,12:00 25 Mar,27h 35m,1 stop,No info,13759
Vistara,12/03/2019,Mumbai,Hyderabad,BOM → DEL → HYD,07:30,09:25 13 Mar,25h 55m,1 stop,No info,12080
Jet Airways,27/03/2019,Delhi,Cochin,DEL → MAA → BOM → COK,05:10,18:50,13h 40m,2 stops,In-flight meal not included,8728
Jet Airways,3/06/2019,Delhi,Cochin,DEL → BOM → COK,19:15,19:00 04 Jun,23h 45m,1 stop,No info,14714
Jet Airways,1/05/2019,Kolkata,Banglore,CCU → DEL → BLR,17:00,09:45 02 May,16h 45m,1 stop,No info,11467
Jet Airways,27/05/2019,Delhi,Cochin,DEL → BOM → COK,07:05,12:35,5h 30m,1 stop,No info,16289
Multiple carriers,3/06/2019,Delhi,Cochin,DEL → BOM → COK,11:25,19:15,7h 50m,1 stop,No info,7354
Jet Airways,24/03/2019,Kolkata,Banglore,CCU → BOM → BLR,19:45,12:00 25 Mar,16h 15m,1 stop,In-flight meal not included,11134
Air India,6/04/2019,Banglore,Delhi,BLR → DEL,06:10,08:55,2h 45m,non-stop,No info,5176
Air India,24/03/2019,Kolkata,Banglore,CCU → BBI → BLR,12:00,13:40 25 Mar,25h 40m,1 stop,No info,7742
Multiple carriers,9/05/2019,Delhi,Cochin,DEL → BOM → COK,15:00,01:30 10 May,10h 30m,1 stop,No info,15078
Jet Airways,21/05/2019,Delhi,Cochin,DEL → JAI → BOM → COK,05:30,04:25 22 May,22h 55m,2 stops,No info,15129
IndiGo,24/03/2019,Kolkata,Banglore,CCU → BLR,22:10,00:55 25 Mar,2h 45m,non-stop,No info,6985
Jet Airways,21/04/2019,Banglore,Delhi,BLR → DEL,15:15,18:10,2h 55m,non-stop,No info,7229
Air India,24/05/2019,Banglore,Delhi,BLR → DEL,21:05,23:55,2h 50m,non-stop,No info,5228
Jet Airways,9/06/2019,Kolkata,Banglore,CCU → BOM → BLR,06:30,04:40 10 Jun,22h 10m,1 stop,No info,14178
Jet Airways,1/04/2019,Kolkata,Banglore,CCU → BOM → BLR,20:00,16:20 02 Apr,20h 20m,1 stop,No info,12681
Multiple carriers,24/06/2019,Delhi,Cochin,DEL → BOM → COK,11:40,19:15,7h 35m,1 stop,In-flight meal not included,7268
Jet Airways,24/03/2019,Kolkata,Banglore,CCU → BOM → BLR,13:55,12:00 25 Mar,22h 5m,1 stop,No info,14231
Multiple carriers,24/06/2019,Delhi,Cochin,DEL → BOM → COK,09:15,19:00,9h 45m,1 stop,No info,11622
Jet Airways,3/04/2019,Banglore,Delhi,BLR → DEL,18:55,22:00,3h 5m,non-stop,No info,7229
IndiGo,3/06/2019,Delhi,Cochin,DEL → BLR → COK,05:10,10:05,4h 55m,1 stop,No info,6842
Air India,1/05/2019,Kolkata,Banglore,CCU → BBI → BOM → BLR,09:10,21:50,12h 40m,2 stops,No info,12009
Multiple carriers,3/03/2019,Delhi,Cochin,DEL → BOM → COK,16:00,01:35 04 Mar,9h 35m,1 stop,No info,21226
Jet Airways,27/03/2019,Delhi,Cochin,DEL → BOM → COK,11:30,04:25 28 Mar,16h 55m,1 stop,No info,12242
Jet Airways,9/06/2019,Kolkata,Banglore,CCU → GAU → BLR,10:20,17:35,7h 15m,1 stop,In-flight meal not included,5608
GoAir,15/06/2019,Banglore,Delhi,BLR → DEL,11:40,14:30,2h 50m,non-stop,No info,3898
Air India,9/05/2019,Delhi,Cochin,DEL → BLR → COK,09:45,23:00,13h 15m,1 stop,No info,7174
Jet Airways,6/05/2019,Kolkata,Banglore,CCU → BOM → BLR,20:00,08:15 07 May,12h 15m,1 stop,No info,14388
Jet Airways,27/05/2019,Delhi,Cochin,DEL → BOM → COK,11:30,12:35 28 May,25h 5m,1 stop,In-flight meal not included,12898
Air India,01/03/2019,Banglore,New Delhi,BLR → COK → DEL,22:00,13:20 02 Mar,15h 20m,1 stop,No info,21130
Jet Airways,6/06/2019,Kolkata,Banglore,CCU → DEL → BLR,17:00,19:10 07 Jun,26h 10m,1 stop,No info,14151
Jet Airways,27/03/2019,Delhi,Cochin,DEL → BOM → COK,09:55,04:25 28 Mar,18h 30m,1 stop,In-flight meal not included,6540
IndiGo,18/05/2019,Kolkata,Banglore,CCU → HYD → BLR,15:15,20:05,4h 50m,1 stop,No info,4775
Jet Airways,6/06/2019,Delhi,Cochin,DEL → JDH → BOM → COK,11:40,19:00,7h 20m,2 stops,In-flight meal not included,15812
Multiple carriers,15/05/2019,Delhi,Cochin,DEL → BOM → COK,10:00,01:30 16 May,15h 30m,1 stop,No info,8073
Vistara,6/06/2019,Kolkata,Banglore,CCU → DEL → BLR,20:20,18:50 07 Jun,22h 30m,1 stop,No info,8820
Multiple carriers,21/05/2019,Delhi,Cochin,DEL → BOM → COK,09:00,21:00,12h,1 stop,No info,7888
Multiple carriers,18/05/2019,Delhi,Cochin,DEL → BOM → COK,11:25,19:15,7h 50m,1 stop,No info,7997
Jet Airways,27/06/2019,Banglore,Delhi,BLR → DEL,18:55,22:00,3h 5m,non-stop,In-flight meal not included,7229
Multiple carriers,24/04/2019,Delhi,Cochin,DEL → HYD → COK,07:10,16:10,9h,1 stop,In-flight meal not included,6093
IndiGo,27/06/2019,Mumbai,Hyderabad,BOM → HYD,19:05,20:35,1h 30m,non-stop,No info,2754
GoAir,1/05/2019,Banglore,Delhi,BLR → DEL,07:45,10:40,2h 55m,non-stop,No info,3898
Vistara,3/05/2019,Banglore,Delhi,BLR → DEL,17:00,19:35,2h 35m,non-stop,No info,5613
Jet Airways,12/06/2019,Kolkata,Banglore,CCU → BOM → BLR,20:00,08:15 13 Jun,12h 15m,1 stop,No info,13044
Jet Airways,21/05/2019,Delhi,Cochin,DEL → JAI → BOM → COK,09:40,19:00,9h 20m,2 stops,In-flight meal not included,13029
Jet Airways,1/04/2019,Kolkata,Banglore,CCU → BOM → BLR,16:30,22:35,6h 5m,1 stop,In-flight meal not included,7064
Jet Airways,3/05/2019,Banglore,Delhi,BLR → DEL,07:10,10:10,3h,non-stop,No info,7229
Jet Airways,9/05/2019,Delhi,Cochin,DEL → BOM → COK,21:50,12:35 10 May,14h 45m,1 stop,In-flight meal not included,12373
IndiGo,3/03/2019,Delhi,Cochin,DEL → BLR → COK,05:05,10:05,5h,1 stop,No info,9581
Jet Airways,21/05/2019,Kolkata,Banglore,CCU → DEL → BLR,09:35,21:05,11h 30m,1 stop,No info,14151
IndiGo,6/04/2019,Kolkata,Banglore,CCU → BLR,22:15,00:50 07 Apr,2h 35m,non-stop,No info,4174
Air Asia,27/04/2019,Delhi,Cochin,DEL → BLR → COK,07:55,22:25,14h 30m,1 stop,No info,6451
Jet Airways,27/05/2019,Banglore,Delhi,BLR → DEL,15:15,18:10,2h 55m,non-stop,No info,7229
Jet Airways,6/06/2019,Delhi,Cochin,DEL → BOM → COK,17:30,19:00 07 Jun,25h 30m,1 stop,In-flight meal not included,10262
Multiple carriers,1/06/2019,Delhi,Cochin,DEL → BOM → COK,08:45,21:00,12h 15m,1 stop,No info,7740
IndiGo,3/03/2019,Delhi,Cochin,DEL → MAA → COK,07:20,12:30,5h 10m,1 stop,No info,12214
Jet Airways,12/06/2019,Kolkata,Banglore,CCU → DEL → BLR,09:35,22:05,12h 30m,1 stop,In-flight meal not included,10539
IndiGo,6/04/2019,Banglore,Delhi,BLR → DEL,16:55,19:55,3h,non-stop,No info,4823
Air India,1/05/2019,Kolkata,Banglore,CCU → DEL → COK → BLR,10:00,13:45 02 May,27h 45m,2 stops,No info,15164
Jet Airways,27/04/2019,Banglore,Delhi,BLR → DEL,07:10,10:10,3h,non-stop,In-flight meal not included,4544
Jet Airways,1/06/2019,Delhi,Cochin,DEL → BOM → COK,18:15,19:00 02 Jun,24h 45m,1 stop,No info,14714
Jet Airways,21/05/2019,Delhi,Cochin,DEL → BOM → COK,02:15,04:25 22 May,26h 10m,1 stop,In-flight meal not included,12898
IndiGo,9/03/2019,Delhi,Cochin,DEL → BOM → COK,16:00,01:35 10 Mar,9h 35m,1 stop,No info,13611
Air India,24/06/2019,Mumbai,Hyderabad,BOM → HYD,06:20,07:40,1h 20m,non-stop,No info,3100
Multiple carriers,12/06/2019,Delhi,Cochin,DEL → BOM → COK,18:00,01:30 13 Jun,7h 30m,1 stop,No info,7198
SpiceJet,27/04/2019,Delhi,Cochin,DEL → MAA → COK,06:05,11:20,5h 15m,1 stop,No info,5899
IndiGo,9/06/2019,Delhi,Cochin,DEL → HYD → COK,05:05,16:10,11h 5m,1 stop,No info,6600
Jet Airways,27/03/2019,Delhi,Cochin,DEL → AMD → BOM → COK,19:10,19:45 28 Mar,24h 35m,2 stops,No info,9483
IndiGo,9/06/2019,Kolkata,Banglore,CCU → BLR,20:20,22:55,2h 35m,non-stop,No info,4804
Vistara,1/04/2019,Banglore,Delhi,BLR → DEL,11:30,14:20,2h 50m,non-stop,No info,5403
Jet Airways,06/03/2019,Banglore,New Delhi,BLR → BOM → DEL,22:50,00:45 08 Mar,25h 55m,1 stop,No info,14815
Multiple carriers,21/05/2019,Delhi,Cochin,DEL → BOM → COK,09:15,19:00,9h 45m,1 stop,No info,9627
Air India,24/05/2019,Kolkata,Banglore,CCU → DEL → BLR,10:00,20:25,10h 25m,1 stop,No info,10413
Multiple carriers,3/03/2019,Delhi,Cochin,DEL → BOM → COK,08:55,21:00,12h 5m,1 stop,No info,15147
Multiple carriers,1/06/2019,Delhi,Cochin,DEL → BOM → COK,11:40,19:15,7h 35m,1 stop,No info,10261
IndiGo,27/03/2019,Delhi,Cochin,DEL → BLR → COK,02:00,07:45,5h 45m,1 stop,No info,5733
Air India,9/06/2019,Delhi,Cochin,DEL → GOI → BOM → COK,22:00,19:15 10 Jun,21h 15m,2 stops,No info,10651
IndiGo,27/03/2019,Mumbai,Hyderabad,BOM → HYD,19:05,20:30,1h 25m,non-stop,No info,2754
Jet Airways,9/05/2019,Delhi,Cochin,DEL → BOM → COK,11:30,19:00,7h 30m,1 stop,No info,15554
Multiple carriers,12/06/2019,Delhi,Cochin,DEL → BOM → COK,10:00,19:15,9h 15m,1 stop,No info,14848
IndiGo,18/05/2019,Kolkata,Banglore,CCU → BLR,04:40,07:15,2h 35m,non-stop,No info,4804
IndiGo,9/03/2019,Delhi,Cochin,DEL → BOM → COK,16:00,21:00,5h,1 stop,No info,7725
Jet Airways,1/06/2019,Delhi,Cochin,DEL → NAG → BOM → COK,14:35,12:35 02 Jun,22h,2 stops,No info,13376
IndiGo,6/05/2019,Kolkata,Banglore,CCU → BLR,14:25,16:55,2h 30m,non-stop,No info,5224
Air India,6/06/2019,Kolkata,Banglore,CCU → IXR → DEL → BLR,05:50,12:30 07 Jun,30h 40m,2 stops,No info,12723
Air Asia,3/05/2019,Banglore,Delhi,BLR → DEL,23:55,02:45 04 May,2h 50m,non-stop,No info,4483
Jet Airways,18/03/2019,Banglore,New Delhi,BLR → BOM → DEL,22:50,09:30 16 Mar,10h 40m,1 stop,In-flight meal not included,11087
Air India,06/03/2019,Banglore,New Delhi,BLR → BOM → UDR → DEL,08:50,16:30 07 Mar,31h 40m,2 stops,No info,14143
GoAir,03/03/2019,Banglore,New Delhi,BLR → DEL,11:40,14:35,2h 55m,non-stop,No info,7646
Air India,6/05/2019,Kolkata,Banglore,CCU → BLR,20:45,23:20,2h 35m,non-stop,No info,4145
IndiGo,15/03/2019,Banglore,New Delhi,BLR → HYD → DEL,07:30,12:20,4h 50m,1 stop,No info,6114
Jet Airways,9/06/2019,Kolkata,Banglore,CCU → BOM → BLR,08:25,18:15,9h 50m,1 stop,No info,14571
Jet Airways,27/05/2019,Delhi,Cochin,DEL → BOM → COK,09:00,19:00,10h,1 stop,In-flight meal not included,10675
Vistara,09/03/2019,Banglore,New Delhi,BLR → DEL,11:30,14:10,2h 40m,non-stop,No info,7240
Jet Airways,3/06/2019,Banglore,Delhi,BLR → DEL,11:10,14:05,2h 55m,non-stop,No info,8016
Jet Airways,6/05/2019,Kolkata,Banglore,CCU → BOM → BLR,06:30,08:15 07 May,25h 45m,1 stop,No info,13941
IndiGo,1/03/2019,Mumbai,Hyderabad,BOM → HYD,06:20,07:45,1h 25m,non-stop,No info,17501
IndiGo,1/04/2019,Banglore,Delhi,BLR → DEL,08:30,11:20,2h 50m,non-stop,No info,4823
IndiGo,24/03/2019,Mumbai,Hyderabad,BOM → HYD,02:30,04:00,1h 30m,non-stop,No info,2754
Air India,21/05/2019,Delhi,Cochin,DEL → GOI → BOM → COK,22:00,19:15 22 May,21h 15m,2 stops,No info,10231
Multiple carriers,27/06/2019,Delhi,Cochin,DEL → BOM → COK,08:45,19:00,10h 15m,1 stop,No info,11789
Air India,18/05/2019,Kolkata,Banglore,CCU → BOM → BLR,09:25,21:50,12h 25m,1 stop,No info,8366
Jet Airways,9/04/2019,Delhi,Cochin,DEL → AMD → BOM → COK,23:05,12:35 10 Apr,13h 30m,2 stops,No info,9483
Vistara,12/06/2019,Kolkata,Banglore,CCU → DEL → BLR,07:10,10:45 13 Jun,27h 35m,1 stop,No info,8452
IndiGo,1/04/2019,Kolkata,Banglore,CCU → PNQ → BLR,21:00,02:15 02 Apr,5h 15m,1 stop,No info,5930
Jet Airways,6/05/2019,Kolkata,Banglore,CCU → DEL → BLR,17:00,23:35,6h 35m,1 stop,In-flight meal not included,10703
Air India,6/05/2019,Delhi,Cochin,DEL → COK,14:10,17:10,3h,non-stop,No info,6934
IndiGo,3/06/2019,Delhi,Cochin,DEL → BLR → COK,17:05,22:25,5h 20m,1 stop,No info,6493
SpiceJet,18/05/2019,Delhi,Cochin,DEL → MAA → COK,06:05,11:20,5h 15m,1 stop,No info,6297
Multiple carriers,6/06/2019,Delhi,Cochin,DEL → BOM → COK,08:45,19:00,10h 15m,1 stop,No info,12524
Multiple carriers,15/05/2019,Delhi,Cochin,DEL → BOM → COK,11:40,19:15,7h 35m,1 stop,No info,9001
Vistara,6/05/2019,Chennai,Kolkata,MAA → CCU,17:45,20:05,2h 20m,non-stop,No info,11982
SpiceJet,12/06/2019,Kolkata,Banglore,CCU → BLR,17:10,19:40,2h 30m,non-stop,No info,4174
Multiple carriers,1/06/2019,Delhi,Cochin,DEL → IDR → BOM → COK,15:05,01:30 02 Jun,10h 25m,2 stops,No info,18275
IndiGo,9/06/2019,Kolkata,Banglore,CCU → BLR,14:25,16:55,2h 30m,non-stop,No info,5644
GoAir,27/03/2019,Delhi,Cochin,DEL → BOM → COK,14:10,19:20,5h 10m,1 stop,No info,10188
Air Asia,15/06/2019,Delhi,Cochin,DEL → BLR → COK,16:45,22:25,5h 40m,1 stop,No info,6853
SpiceJet,18/06/2019,Kolkata,Banglore,CCU → BLR,22:20,00:40 19 Jun,2h 20m,non-stop,No check-in baggage included,3841
Air India,27/05/2019,Delhi,Cochin,DEL → COK,14:10,17:10,3h,non-stop,No info,6934
Jet Airways,24/03/2019,Kolkata,Banglore,CCU → BOM → BLR,21:10,08:10 25 Mar,11h,1 stop,No info,14231
Multiple carriers,27/03/2019,Delhi,Cochin,DEL → BOM → COK,09:00,21:00,12h,1 stop,No info,12537
SpiceJet,3/05/2019,Chennai,Kolkata,MAA → CCU,08:20,10:35,2h 15m,non-stop,No info,3597
Vistara,1/05/2019,Chennai,Kolkata,MAA → CCU,07:05,09:20,2h 15m,non-stop,No info,3687
IndiGo,1/05/2019,Kolkata,Banglore,CCU → MAA → BLR,08:10,13:00,4h 50m,1 stop,No info,5069
Multiple carriers,6/06/2019,Delhi,Cochin,DEL → BOM → COK,11:40,19:00,7h 20m,1 stop,No info,11789
Vistara,6/03/2019,Mumbai,Hyderabad,BOM → DEL → HYD,08:45,22:55,14h 10m,1 stop,No info,12395
Air India,6/03/2019,Delhi,Cochin,DEL → CCU → BOM → COK,06:50,07:40 07 Mar,24h 50m,2 stops,No info,20416
IndiGo,12/05/2019,Delhi,Cochin,DEL → COK,21:05,00:20 13 May,3h 15m,non-stop,No info,8626
Jet Airways,12/06/2019,Kolkata,Banglore,CCU → DEL → BLR,09:35,10:55 13 Jun,25h 20m,1 stop,No info,12692
IndiGo,1/06/2019,Mumbai,Hyderabad,BOM → HYD,09:15,10:45,1h 30m,non-stop,No info,4049
Jet Airways,27/06/2019,Delhi,Cochin,DEL → NAG → BOM → COK,14:35,12:35 28 Jun,22h,2 stops,No info,13376
Vistara,6/05/2019,Kolkata,Banglore,CCU → DEL → BLR,07:10,20:20,13h 10m,1 stop,No info,8610
Jet Airways,9/03/2019,Delhi,Cochin,DEL → BOM → COK,16:00,04:25 10 Mar,12h 25m,1 stop,No info,16289
Jet Airways,12/05/2019,Mumbai,Hyderabad,BOM → HYD,02:55,04:20,1h 25m,non-stop,No info,5678
Jet Airways,21/04/2019,Banglore,Delhi,BLR → DEL,08:20,11:20,3h,non-stop,In-flight meal not included,5198
Jet Airways,6/06/2019,Kolkata,Banglore,CCU → BOM → BLR,14:05,23:35,9h 30m,1 stop,In-flight meal not included,10844
Multiple carriers,3/03/2019,Delhi,Cochin,DEL → HYD → MAA → COK,07:10,21:20,14h 10m,2 stops,In-flight meal not included,8938
Jet Airways,9/03/2019,Delhi,Cochin,DEL → BOM → COK,00:20,04:25 10 Mar,28h 5m,1 stop,No info,15029
Air Asia,03/03/2019,Banglore,New Delhi,BLR → DEL,23:25,02:10 04 Mar,2h 45m,non-stop,No info,6135
IndiGo,9/05/2019,Delhi,Cochin,DEL → BOM → COK,20:25,01:30 10 May,5h 5m,1 stop,No info,7255
Jet Airways,6/06/2019,Banglore,Delhi,BLR → DEL,18:55,22:00,3h 5m,non-stop,In-flight meal not included,7229
Multiple carriers,21/03/2019,Delhi,Cochin,DEL → HYD → COK,07:05,22:20,15h 15m,1 stop,No info,6717
IndiGo,6/05/2019,Kolkata,Banglore,CCU → PNQ → BLR,21:00,02:15 07 May,5h 15m,1 stop,No info,7252
Vistara,9/06/2019,Banglore,Delhi,BLR → DEL,21:00,23:50,2h 50m,non-stop,No info,4668
Multiple carriers,18/05/2019,Delhi,Cochin,DEL → BOM → COK,19:00,01:30 19 May,6h 30m,1 stop,No info,8283
Jet Airways,1/06/2019,Delhi,Cochin,DEL → BHO → BOM → COK,05:30,12:35,7h 5m,2 stops,In-flight meal not included,13344
Jet Airways,12/06/2019,Delhi,Cochin,DEL → ATQ → BOM → COK,12:15,12:35 13 Jun,24h 20m,2 stops,No info,14300
Jet Airways,21/05/2019,Delhi,Cochin,DEL → BOM → COK,20:55,04:25 22 May,7h 30m,1 stop,No info,16079
Multiple carriers,24/06/2019,Delhi,Cochin,DEL → BOM → COK,08:30,19:15,10h 45m,1 stop,No info,7354
Jet Airways,12/05/2019,Kolkata,Banglore,CCU → BOM → BLR,18:55,08:15 13 May,13h 20m,1 stop,No info,14388
Jet Airways,18/05/2019,Kolkata,Banglore,CCU → BOM → BLR,05:45,16:20,10h 35m,1 stop,No info,14781
Jet Airways,27/05/2019,Delhi,Cochin,DEL → BOM → COK,08:00,19:00,11h,1 stop,No info,16289
Jet Airways,18/03/2019,Banglore,New Delhi,BLR → BOM → DEL,05:45,15:15,9h 30m,1 stop,No info,12284
Jet Airways,27/06/2019,Delhi,Cochin,DEL → AMD → BOM → COK,23:05,04:25 29 Jun,29h 20m,2 stops,No info,15339
Jet Airways,21/03/2019,Mumbai,Hyderabad,BOM → HYD,07:10,08:35,1h 25m,non-stop,No info,8040
Air India,18/05/2019,Delhi,Cochin,DEL → GOI → BOM → COK,10:55,07:40 19 May,20h 45m,2 stops,No info,13486
Jet Airways,24/06/2019,Delhi,Cochin,DEL → AMD → BOM → COK,23:05,04:25 26 Jun,29h 20m,2 stops,No info,12819
IndiGo,9/03/2019,Kolkata,Banglore,CCU → BLR,17:15,19:55,2h 40m,non-stop,No info,4778
Jet Airways,1/06/2019,Delhi,Cochin,DEL → JDH → BOM → COK,11:40,19:00,7h 20m,2 stops,No info,18804
Jet Airways,3/06/2019,Delhi,Cochin,DEL → BOM → COK,19:15,19:00 04 Jun,23h 45m,1 stop,In-flight meal not included,10262
Jet Airways,6/06/2019,Delhi,Cochin,DEL → BOM → COK,22:50,19:00 07 Jun,20h 10m,1 stop,No info,14714
Multiple carriers,6/06/2019,Delhi,Cochin,DEL → BOM → COK,08:45,21:00,12h 15m,1 stop,No info,7740
Multiple carriers,3/06/2019,Delhi,Cochin,DEL → BOM → COK,08:00,19:00,11h,1 stop,No info,12402
Multiple carriers,12/06/2019,Delhi,Cochin,DEL → BOM → COK,08:50,19:00,10h 10m,1 stop,No info,10877
Jet Airways,15/05/2019,Kolkata,Banglore,CCU → DEL → BLR,09:35,18:00,8h 25m,1 stop,No info,13067
Jet Airways,1/06/2019,Delhi,Cochin,DEL → BOM → COK,18:15,04:25 02 Jun,10h 10m,1 stop,In-flight meal not included,10262
Air India,24/03/2019,Mumbai,Hyderabad,BOM → HYD,13:55,15:25,1h 30m,non-stop,No info,2575
IndiGo,09/03/2019,Banglore,New Delhi,BLR → MAA → DEL,06:25,11:30,5h 5m,1 stop,No info,8434
IndiGo,3/03/2019,Delhi,Cochin,DEL → BOM → COK,04:45,15:30,10h 45m,1 stop,No info,14871
SpiceJet,6/05/2019,Chennai,Kolkata,MAA → CCU,08:20,10:35,2h 15m,non-stop,No check-in baggage included,3859
Jet Airways,18/03/2019,Banglore,New Delhi,BLR → BOM → DEL,07:00,12:25,5h 25m,1 stop,No info,12284
Multiple carriers,6/03/2019,Delhi,Cochin,DEL → BOM → COK,12:50,01:35 07 Mar,12h 45m,1 stop,No info,15147
IndiGo,6/05/2019,Delhi,Cochin,DEL → HYD → COK,14:20,22:30,8h 10m,1 stop,No info,7054
Vistara,18/04/2019,Delhi,Cochin,DEL → COK,06:00,09:10,3h 10m,non-stop,No info,6741
Air India,18/03/2019,Mumbai,Hyderabad,BOM → HYD,21:05,22:25,1h 20m,non-stop,No info,2050
Jet Airways,24/05/2019,Delhi,Cochin,DEL → AMD → BOM → COK,23:05,04:25 26 May,29h 20m,2 stops,No info,15129
Air India,9/05/2019,Delhi,Cochin,DEL → COK,05:10,08:00,2h 50m,non-stop,No info,5201
Air India,27/06/2019,Kolkata,Banglore,CCU → BLR,20:45,23:20,2h 35m,non-stop,No info,4145
Air India,9/06/2019,Delhi,Cochin,DEL → BLR → COK,17:40,08:15 10 Jun,14h 35m,1 stop,No info,7468
Air India,6/06/2019,Delhi,Cochin,DEL → BOM → COK,09:00,19:15,10h 15m,1 stop,No info,8372
Air India,12/06/2019,Kolkata,Banglore,CCU → DEL → AMD → BLR,10:00,05:25 13 Jun,19h 25m,2 stops,No info,13532
IndiGo,21/06/2019,Banglore,Delhi,BLR → DEL,04:00,06:50,2h 50m,non-stop,No info,3943
Jet Airways,27/05/2019,Delhi,Cochin,DEL → BOM → COK,02:15,19:00,16h 45m,1 stop,No info,16079
SpiceJet,12/04/2019,Kolkata,Banglore,CCU → BLR,06:55,09:30,2h 35m,non-stop,No info,3873
IndiGo,1/05/2019,Kolkata,Banglore,CCU → BLR,15:30,18:05,2h 35m,non-stop,No info,4804
IndiGo,6/06/2019,Banglore,Delhi,BLR → DEL,08:30,11:20,2h 50m,non-stop,No info,4823
SpiceJet,1/05/2019,Kolkata,Banglore,CCU → BLR,17:10,19:40,2h 30m,non-stop,No check-in baggage included,3841
Air India,9/06/2019,Kolkata,Banglore,CCU → BOM → COK → BLR,09:25,01:20 10 Jun,15h 55m,2 stops,No info,11668
Jet Airways,27/06/2019,Delhi,Cochin,DEL → ATQ → BOM → COK,20:00,04:25 28 Jun,8h 25m,2 stops,No info,16263
IndiGo,27/03/2019,Delhi,Cochin,DEL → BOM → COK,04:45,13:20,8h 35m,1 stop,No info,7048
Jet Airways,27/03/2019,Delhi,Cochin,DEL → BOM → COK,08:00,18:50,10h 50m,1 stop,No info,12242
Multiple carriers,27/03/2019,Delhi,Cochin,DEL → HYD → MAA → COK,07:05,21:20,14h 15m,2 stops,No info,6128
Jet Airways,15/03/2019,Banglore,New Delhi,BLR → BDQ → DEL,05:50,12:20,6h 30m,1 stop,No info,9623
Jet Airways,06/03/2019,Banglore,New Delhi,BLR → BOM → DEL,21:25,19:10 07 Mar,21h 45m,1 stop,No info,17471
Air India,9/05/2019,Chennai,Kolkata,MAA → CCU,11:40,13:55,2h 15m,non-stop,No info,4667
Jet Airways,12/06/2019,Kolkata,Banglore,CCU → BOM → BLR,14:05,09:20 13 Jun,19h 15m,1 stop,No info,13044
Air India,9/06/2019,Kolkata,Banglore,CCU → DEL → BLR,07:00,20:25,13h 25m,1 stop,No info,10413
Jet Airways,21/05/2019,Banglore,Delhi,BLR → DEL,19:50,22:50,3h,non-stop,No info,7229
IndiGo,9/05/2019,Delhi,Cochin,DEL → BOM → COK,04:55,21:00,16h 5m,1 stop,No info,6979
SpiceJet,21/03/2019,Chennai,Kolkata,MAA → CCU,09:30,12:05,2h 35m,non-stop,No info,3384
Jet Airways,12/05/2019,Kolkata,Banglore,CCU → DEL → BLR,20:25,23:35 13 May,27h 10m,1 stop,No info,10953
Multiple carriers,27/03/2019,Delhi,Cochin,DEL → BOM → COK,11:40,21:00,9h 20m,1 stop,No info,6637
Air India,9/03/2019,Delhi,Cochin,DEL → HYD → BOM → COK,21:30,19:15 10 Mar,21h 45m,2 stops,No info,11762
IndiGo,3/04/2019,Kolkata,Banglore,CCU → BLR,17:15,19:50,2h 35m,non-stop,No info,4174
Jet Airways,27/05/2019,Delhi,Cochin,DEL → BOM → COK,17:30,04:25 28 May,10h 55m,1 stop,In-flight meal not included,12898
Jet Airways,15/05/2019,Kolkata,Banglore,CCU → BOM → BLR,14:05,16:20 16 May,26h 15m,1 stop,In-flight meal not included,10844
SpiceJet,24/03/2019,Mumbai,Hyderabad,BOM → HYD,22:45,00:10 25 Mar,1h 25m,non-stop,No check-in baggage included,2175
Jet Airways,9/06/2019,Kolkata,Banglore,CCU → BOM → BLR,06:30,12:00,5h 30m,1 stop,No info,14571
Jet Airways,3/03/2019,Delhi,Cochin,DEL → BHO → BOM → COK,05:40,04:25 04 Mar,22h 45m,2 stops,No info,19266
Vistara,18/05/2019,Kolkata,Banglore,CCU → DEL → BLR,07:10,18:50,11h 40m,1 stop,No info,9345
Air India,6/03/2019,Delhi,Cochin,DEL → BLR → COK,17:40,08:15 07 Mar,14h 35m,1 stop,No info,11038
SpiceJet,21/03/2019,Chennai,Kolkata,MAA → CCU,17:45,20:05,2h 20m,non-stop,No info,3384
Jet Airways,24/06/2019,Delhi,Cochin,DEL → AMD → BOM → COK,23:05,19:00 25 Jun,19h 55m,2 stops,No info,12819
Jet Airways,9/06/2019,Kolkata,Banglore,CCU → DEL → BLR,17:00,22:05 10 Jun,29h 5m,1 stop,No info,12692
Air India,24/05/2019,Kolkata,Banglore,CCU → BOM → BLR,09:25,11:10 25 May,25h 45m,1 stop,No info,8891
Jet Airways,1/05/2019,Kolkata,Banglore,CCU → BOM → BLR,06:30,18:15,11h 45m,1 stop,No info,14781
Jet Airways,1/05/2019,Banglore,Delhi,BLR → DEL,07:10,10:10,3h,non-stop,No info,7229
Air India,6/06/2019,Kolkata,Banglore,CCU → DEL → AMD → BLR,10:00,05:25 07 Jun,19h 25m,2 stops,No info,12009
IndiGo,3/06/2019,Banglore,Delhi,BLR → DEL,07:10,10:05,2h 55m,non-stop,No info,4823
Jet Airways,1/05/2019,Kolkata,Banglore,CCU → DEL → BLR,20:25,14:25 02 May,18h,1 stop,In-flight meal not included,9314
IndiGo,27/05/2019,Mumbai,Hyderabad,BOM → HYD,12:00,13:30,1h 30m,non-stop,No info,2754
SpiceJet,21/05/2019,Banglore,Delhi,BLR → DEL,09:30,12:20,2h 50m,non-stop,No info,3625
IndiGo,3/03/2019,Delhi,Cochin,DEL → HYD → COK,08:35,16:10,7h 35m,1 stop,No info,7663
SpiceJet,12/05/2019,Mumbai,Hyderabad,BOM → HYD,22:45,00:15 13 May,1h 30m,non-stop,No info,2017
IndiGo,9/05/2019,Mumbai,Hyderabad,BOM → HYD,16:55,18:25,1h 30m,non-stop,No info,4784
Jet Airways,6/03/2019,Delhi,Cochin,DEL → BOM → COK,13:00,18:50,5h 50m,1 stop,No info,17024
SpiceJet,6/06/2019,Kolkata,Banglore,CCU → BLR,09:00,11:25,2h 25m,non-stop,No info,3873
GoAir,3/04/2019,Delhi,Cochin,DEL → BOM → COK,10:35,19:35,9h,1 stop,No info,5135
Multiple carriers,9/03/2019,Delhi,Cochin,DEL → BOM → COK,08:40,21:00,12h 20m,1 stop,No info,18228
Air India,27/06/2019,Delhi,Cochin,DEL → AMD → BOM → COK,19:45,19:15 28 Jun,23h 30m,2 stops,No info,9653
Jet Airways,1/06/2019,Delhi,Cochin,DEL → BOM → COK,14:00,12:35 02 Jun,22h 35m,1 stop,In-flight meal not included,10262
Multiple carriers,9/06/2019,Delhi,Cochin,DEL → HYD → COK,07:10,16:10,9h,1 stop,No info,6513
Jet Airways,6/03/2019,Mumbai,Hyderabad,BOM → HYD,07:10,08:35,1h 25m,non-stop,No info,9536
Jet Airways,06/03/2019,Banglore,New Delhi,BLR → BOM → DEL,22:50,05:05 07 Mar,6h 15m,1 stop,No info,19225
Jet Airways,21/05/2019,Banglore,Delhi,BLR → DEL,06:00,08:45,2h 45m,non-stop,In-flight meal not included,4030
Jet Airways,12/05/2019,Kolkata,Banglore,CCU → BOM → BLR,18:55,12:00 13 May,17h 5m,1 stop,In-flight meal not included,9663
Jet Airways,6/06/2019,Delhi,Cochin,DEL → BOM → COK,13:00,04:25 07 Jun,15h 25m,1 stop,In-flight meal not included,10262
Vistara,21/03/2019,Banglore,New Delhi,BLR → DEL,09:50,12:35,2h 45m,non-stop,No info,4878
IndiGo,21/03/2019,Delhi,Cochin,DEL → HYD → COK,16:10,22:20,6h 10m,1 stop,No info,6528
Jet Airways,27/06/2019,Delhi,Cochin,DEL → AMD → BOM → COK,13:25,12:35 28 Jun,23h 10m,2 stops,No info,15339
Air India,27/05/2019,Mumbai,Hyderabad,BOM → HYD,06:20,07:40,1h 20m,non-stop,No info,3100
Air India,12/05/2019,Kolkata,Banglore,CCU → BOM → COK → BLR,09:25,13:45 13 May,28h 20m,2 stops,No info,12592
SpiceJet,15/05/2019,Delhi,Cochin,DEL → MAA → COK,15:45,22:05,6h 20m,1 stop,No info,7947
Jet Airways,12/03/2019,Banglore,New Delhi,BLR → BOM → DEL,16:55,09:30 13 Mar,16h 35m,1 stop,No info,13817
Jet Airways,15/05/2019,Kolkata,Banglore,CCU → DEL → BLR,17:00,22:05 16 May,29h 5m,1 stop,No info,14151
Jet Airways,6/03/2019,Mumbai,Hyderabad,BOM → DEL → HYD,17:00,16:50 07 Mar,23h 50m,1 stop,No info,19595
IndiGo,15/06/2019,Delhi,Cochin,DEL → BLR → COK,15:10,20:00,4h 50m,1 stop,No info,6147
Jet Airways,06/03/2019,Banglore,New Delhi,BLR → BOM → DEL,14:05,05:05 07 Mar,15h,1 stop,No info,14815
SpiceJet,3/05/2019,Mumbai,Hyderabad,BOM → HYD,05:45,07:15,1h 30m,non-stop,No check-in baggage included,1965
SpiceJet,21/03/2019,Delhi,Cochin,DEL → PNQ → COK,08:45,13:15,4h 30m,1 stop,No check-in baggage included,6356
Air India,6/05/2019,Kolkata,Banglore,CCU → DEL → COK → BLR,07:00,01:20 07 May,18h 20m,2 stops,No info,14083
IndiGo,18/04/2019,Banglore,Delhi,BLR → DEL,18:55,21:50,2h 55m,non-stop,No info,5780
Air India,18/06/2019,Mumbai,Hyderabad,BOM → HYD,15:00,16:25,1h 25m,non-stop,No info,3100
Jet Airways,15/06/2019,Delhi,Cochin,DEL → LKO → BOM → COK,11:45,04:25 16 Jun,16h 40m,2 stops,No info,13882
Jet Airways,9/05/2019,Delhi,Cochin,DEL → BHO → BOM → COK,05:30,12:35,7h 5m,2 stops,No info,16274
Air India,6/05/2019,Kolkata,Banglore,CCU → HYD → BLR,19:00,09:50 07 May,14h 50m,1 stop,No info,6117
Air Asia,18/05/2019,Delhi,Cochin,DEL → BLR → COK,20:45,07:10 19 May,10h 25m,1 stop,No info,7452
Vistara,1/05/2019,Kolkata,Banglore,CCU → DEL → BLR,20:20,10:45 02 May,14h 25m,1 stop,No info,9187
SpiceJet,6/03/2019,Delhi,Cochin,DEL → BLR → COK,16:35,22:50,6h 15m,1 stop,No info,7185
IndiGo,27/06/2019,Delhi,Cochin,DEL → BOM → COK,18:35,01:30 28 Jun,6h 55m,1 stop,No info,5883
Multiple carriers,24/06/2019,Delhi,Cochin,DEL → BOM → COK,17:45,01:30 25 Jun,7h 45m,1 stop,In-flight meal not included,5797
Vistara,9/06/2019,Kolkata,Banglore,CCU → DEL → BLR,07:10,23:25,16h 15m,1 stop,No info,9345
Jet Airways,6/06/2019,Delhi,Cochin,DEL → BOM → COK,10:00,04:25 07 Jun,18h 25m,1 stop,No info,14714
Multiple carriers,6/06/2019,Delhi,Cochin,DEL → BOM → COK,08:00,19:00,11h,1 stop,No info,12192
Jet Airways,15/05/2019,Kolkata,Banglore,CCU → BOM → BLR,18:55,10:05 16 May,15h 10m,1 stop,No info,14388
Jet Airways,9/05/2019,Delhi,Cochin,DEL → IDR → BOM → COK,09:35,12:35 10 May,27h,2 stops,No info,14657
Jet Airways,6/06/2019,Kolkata,Banglore,CCU → BOM → BLR,08:25,20:45,12h 20m,1 stop,No info,14571
Multiple carriers,27/05/2019,Delhi,Cochin,DEL → BOM → COK,08:00,21:00,13h,1 stop,No info,7618
IndiGo,09/03/2019,Banglore,New Delhi,BLR → HYD → DEL,07:30,12:20,4h 50m,1 stop,No info,5694
Multiple carriers,24/05/2019,Delhi,Cochin,DEL → BOM → COK,09:00,19:00,10h,1 stop,No info,10197
Air India,9/04/2019,Delhi,Cochin,DEL → COK,05:10,08:00,2h 50m,non-stop,No info,4729
IndiGo,12/05/2019,Banglore,Delhi,BLR → DEL,18:25,21:20,2h 55m,non-stop,No info,4823
Jet Airways,9/03/2019,Delhi,Cochin,DEL → BOM → COK,06:50,04:25 10 Mar,21h 35m,1 stop,No info,16289
IndiGo,9/05/2019,Delhi,Cochin,DEL → HYD → COK,06:50,22:30,15h 40m,1 stop,No info,6734
Vistara,12/06/2019,Kolkata,Banglore,CCU → DEL → BLR,17:00,23:25,6h 25m,1 stop,No info,8610
Jet Airways,21/05/2019,Banglore,Delhi,BLR → DEL,17:45,20:45,3h,non-stop,In-flight meal not included,4030
IndiGo,12/06/2019,Chennai,Kolkata,MAA → CCU,11:35,14:00,2h 25m,non-stop,No info,3858
Air India,1/04/2019,Kolkata,Banglore,CCU → GAU → IMF → DEL → BLR,16:45,23:15 02 Apr,30h 30m,3 stops,No info,8607
Multiple carriers,15/05/2019,Delhi,Cochin,DEL → BOM → COK,17:30,01:30 16 May,8h,1 stop,No info,13727
IndiGo,18/05/2019,Delhi,Cochin,DEL → HYD → COK,11:55,22:30,10h 35m,1 stop,No info,8216
Multiple carriers,9/05/2019,Delhi,Cochin,DEL → BOM → COK,04:55,19:15,14h 20m,1 stop,No info,7575
GoAir,18/04/2019,Banglore,Delhi,BLR → DEL,07:45,10:40,2h 55m,non-stop,No info,5048
Multiple carriers,9/04/2019,Delhi,Cochin,DEL → BOM → COK,19:00,01:30 10 Apr,6h 30m,1 stop,No info,7363
Jet Airways,6/05/2019,Kolkata,Banglore,CCU → BOM → BLR,14:05,23:35,9h 30m,1 stop,In-flight meal not included,11841
Vistara,21/05/2019,Banglore,Delhi,BLR → DEL,19:30,22:15,2h 45m,non-stop,No info,4878
Jet Airways,18/05/2019,Mumbai,Hyderabad,BOM → HYD,02:55,04:20,1h 25m,non-stop,No info,5678
Air India,3/06/2019,Delhi,Cochin,DEL → BLR → COK,17:40,09:35 04 Jun,15h 55m,1 stop,No info,7258
Air India,1/05/2019,Kolkata,Banglore,CCU → DEL → AMD → BLR,10:00,05:25 02 May,19h 25m,2 stops,No info,13899
Jet Airways,21/06/2019,Mumbai,Hyderabad,BOM → HYD,02:55,04:20,1h 25m,non-stop,In-flight meal not included,4995
IndiGo,27/06/2019,Mumbai,Hyderabad,BOM → HYD,12:00,13:30,1h 30m,non-stop,No info,2754
SpiceJet,3/05/2019,Chennai,Kolkata,MAA → CCU,17:45,20:05,2h 20m,non-stop,No info,3597
IndiGo,1/05/2019,Kolkata,Banglore,CCU → BLR,22:15,00:50 02 May,2h 35m,non-stop,No info,4804
Jet Airways,12/06/2019,Kolkata,Banglore,CCU → BOM → BLR,16:30,20:45 13 Jun,28h 15m,1 stop,In-flight meal not included,8529
IndiGo,3/06/2019,Delhi,Cochin,DEL → BOM → COK,17:10,01:30 04 Jun,8h 20m,1 stop,No info,6104
IndiGo,24/03/2019,Kolkata,Banglore,CCU → BLR,14:20,16:55,2h 35m,non-stop,No info,5618
Jet Airways,15/05/2019,Kolkata,Banglore,CCU → BOM → BLR,18:55,12:00 16 May,17h 5m,1 stop,In-flight meal not included,10844
SpiceJet,18/05/2019,Mumbai,Hyderabad,BOM → HYD,05:45,07:15,1h 30m,non-stop,No info,2017
SpiceJet,27/04/2019,Banglore,Delhi,BLR → DEL,21:10,00:05 28 Apr,2h 55m,non-stop,No info,3971
Jet Airways,1/05/2019,Kolkata,Banglore,CCU → BOM → BLR,20:00,04:40 02 May,8h 40m,1 stop,In-flight meal not included,8586
Vistara,6/03/2019,Mumbai,Hyderabad,BOM → DEL → HYD,21:55,22:55 07 Mar,25h,1 stop,No info,12395
SpiceJet,21/06/2019,Chennai,Kolkata,MAA → CCU,09:45,12:00,2h 15m,non-stop,No check-in baggage included,3543
Jet Airways,24/05/2019,Kolkata,Banglore,CCU → BOM → BLR,08:25,18:15,9h 50m,1 stop,In-flight meal not included,10844
Multiple carriers,18/05/2019,Delhi,Cochin,DEL → HYD → COK,07:05,16:10,9h 5m,1 stop,No info,9646
Multiple carriers,27/05/2019,Delhi,Cochin,DEL → BOM → COK,17:00,01:30 28 May,8h 30m,1 stop,No info,7198
Jet Airways,12/05/2019,Banglore,Delhi,BLR → DEL,06:00,08:45,2h 45m,non-stop,In-flight meal not included,5198
Air Asia,18/05/2019,Banglore,Delhi,BLR → DEL,11:10,13:55,2h 45m,non-stop,No info,4483
Jet Airways,21/03/2019,Delhi,Cochin,DEL → BHO → BOM → COK,05:40,04:25 22 Mar,22h 45m,2 stops,No info,11543
IndiGo,15/05/2019,Delhi,Cochin,DEL → BOM → COK,17:10,01:30 16 May,8h 20m,1 stop,No info,6979
Multiple carriers,6/06/2019,Delhi,Cochin,DEL → BOM → COK,13:00,01:30 07 Jun,12h 30m,1 stop,No info,7198
SpiceJet,18/05/2019,Kolkata,Banglore,CCU → BLR,22:20,00:40 19 May,2h 20m,non-stop,No info,3873
Jet Airways,1/05/2019,Kolkata,Banglore,CCU → BOM → BLR,20:00,04:40 02 May,8h 40m,1 stop,No info,13941
Jet Airways,6/05/2019,Kolkata,Banglore,CCU → BOM → BLR,08:25,19:50,11h 25m,1 stop,No info,14781
Air India,27/05/2019,Banglore,Delhi,BLR → DEL,17:00,19:45,2h 45m,non-stop,No info,6961
Multiple carriers Premium economy,21/03/2019,Delhi,Cochin,DEL → BOM → COK,06:00,13:20,7h 20m,1 stop,No info,11269
Jet Airways,15/06/2019,Delhi,Cochin,DEL → BOM → COK,17:30,19:00 16 Jun,25h 30m,1 stop,In-flight meal not included,10262
Jet Airways,27/05/2019,Delhi,Cochin,DEL → BOM → COK,14:00,04:25 28 May,14h 25m,1 stop,In-flight meal not included,12898
Air India,24/05/2019,Kolkata,Banglore,CCU → BBI → BOM → BLR,12:00,21:50,9h 50m,2 stops,No info,9941
IndiGo,24/05/2019,Mumbai,Hyderabad,BOM → HYD,06:25,07:55,1h 30m,non-stop,No info,4049
Jet Airways,1/05/2019,Kolkata,Banglore,CCU → DEL → BLR,09:35,23:35,14h,1 stop,No info,13067
Air India,21/05/2019,Delhi,Cochin,DEL → TRV → COK,05:15,06:50 22 May,25h 35m,1 stop,No info,7480
IndiGo,9/06/2019,Kolkata,Banglore,CCU → PNQ → BLR,21:00,02:15 10 Jun,5h 15m,1 stop,No info,6911
Multiple carriers,6/03/2019,Delhi,Cochin,DEL → BOM → COK,15:15,01:35 07 Mar,10h 20m,1 stop,No info,15147
Air India,21/05/2019,Kolkata,Banglore,CCU → VNS → DEL → BLR,14:30,23:15,8h 45m,2 stops,No info,15107
Vistara,15/06/2019,Banglore,Delhi,BLR → DEL,07:00,09:40,2h 40m,non-stop,No info,4878
IndiGo,24/05/2019,Chennai,Kolkata,MAA → CCU,05:15,07:40,2h 25m,non-stop,No info,3850
SpiceJet,6/03/2019,Delhi,Cochin,DEL → MAA → COK,15:55,21:55,6h,1 stop,No info,9748
IndiGo,21/06/2019,Banglore,Delhi,BLR → DEL,21:15,00:15 22 Jun,3h,non-stop,No info,3943
Jet Airways,24/05/2019,Kolkata,Banglore,CCU → BOM → BLR,20:00,20:45 25 May,24h 45m,1 stop,In-flight meal not included,10844
Jet Airways,9/05/2019,Delhi,Cochin,DEL → BOM → COK,18:15,19:00 10 May,24h 45m,1 stop,No info,15554
Jet Airways,9/06/2019,Delhi,Cochin,DEL → BOM → COK,16:00,19:00 10 Jun,27h,1 stop,In-flight meal not included,10577
Jet Airways,9/06/2019,Delhi,Cochin,DEL → LKO → BOM → COK,09:25,12:35 10 Jun,27h 10m,2 stops,No info,13882
IndiGo,1/03/2019,Mumbai,Hyderabad,BOM → HYD,02:30,04:00,1h 30m,non-stop,No info,16000
IndiGo,21/03/2019,Chennai,Kolkata,MAA → CCU,11:35,14:00,2h 25m,non-stop,No info,3858
Air India,21/04/2019,Kolkata,Banglore,CCU → BLR,14:15,16:45,2h 30m,non-stop,No info,6245
Jet Airways,9/05/2019,Kolkata,Banglore,CCU → BOM → BLR,16:30,18:15 10 May,25h 45m,1 stop,No info,13941
Jet Airways,12/06/2019,Delhi,Cochin,DEL → BOM → COK,02:15,19:00,16h 45m,1 stop,No info,14714
Jet Airways,3/04/2019,Banglore,Delhi,BLR → DEL,06:00,08:45,2h 45m,non-stop,No info,7229
Air Asia,6/04/2019,Kolkata,Banglore,CCU → BLR,22:50,01:20 07 Apr,2h 30m,non-stop,No info,3807
Air India,21/03/2019,Banglore,New Delhi,BLR → COK → DEL,22:00,23:20 19 Mar,25h 20m,1 stop,No info,6010
SpiceJet,15/03/2019,Banglore,New Delhi,BLR → DEL,09:35,12:30,2h 55m,non-stop,No info,6309
Jet Airways,12/06/2019,Kolkata,Banglore,CCU → BOM → BLR,18:55,19:50 13 Jun,24h 55m,1 stop,No info,13044
Jet Airways,24/05/2019,Kolkata,Banglore,CCU → DEL → BLR,17:00,23:35,6h 35m,1 stop,No info,14151
Air Asia,15/06/2019,Delhi,Cochin,DEL → BLR → COK,20:45,07:10 16 Jun,10h 25m,1 stop,No info,6253
Air Asia,15/04/2019,Kolkata,Banglore,CCU → DEL → BLR,07:35,23:30,15h 55m,1 stop,No info,5192
Air India,03/03/2019,Banglore,New Delhi,BLR → HYD → DEL,08:15,23:10,14h 55m,1 stop,No info,6781
Jet Airways,01/03/2019,Banglore,New Delhi,BLR → BOM → DEL,14:05,11:25 02 Mar,21h 20m,1 stop,No info,20800
Jet Airways,6/06/2019,Delhi,Cochin,DEL → IDR → BOM → COK,21:25,12:35 07 Jun,15h 10m,2 stops,In-flight meal not included,11270
Air Asia,24/06/2019,Delhi,Cochin,DEL → BLR → COK,20:45,06:35 25 Jun,9h 50m,1 stop,No info,6152
Jet Airways,15/05/2019,Kolkata,Banglore,CCU → BOM → BLR,16:30,16:20 16 May,23h 50m,1 stop,In-flight meal not included,10844
SpiceJet,21/03/2019,Kolkata,Banglore,CCU → BLR,22:20,00:40 22 Mar,2h 20m,non-stop,No info,3847
Vistara,1/04/2019,Kolkata,Banglore,CCU → DEL → BLR,07:10,09:05 02 Apr,25h 55m,1 stop,No info,7980
Vistara,24/06/2019,Banglore,Delhi,BLR → DEL,21:00,23:50,2h 50m,non-stop,No info,4668
Jet Airways,21/05/2019,Kolkata,Banglore,CCU → DEL → BLR,17:00,14:25 22 May,21h 25m,1 stop,No info,11467
Jet Airways,3/04/2019,Banglore,Delhi,BLR → DEL,17:45,20:45,3h,non-stop,No info,7229
IndiGo,09/03/2019,Banglore,New Delhi,BLR → DEL,13:10,16:10,3h,non-stop,No info,8033
Jet Airways,27/06/2019,Delhi,Cochin,DEL → ATQ → BOM → COK,20:00,19:00 28 Jun,23h,2 stops,No info,14300
IndiGo,12/04/2019,Banglore,Delhi,BLR → DEL,08:30,11:20,2h 50m,non-stop,No info,4823
IndiGo,18/03/2019,Mumbai,Hyderabad,BOM → HYD,21:20,22:45,1h 25m,non-stop,No info,2227
IndiGo,18/03/2019,Mumbai,Hyderabad,BOM → HYD,02:30,04:00,1h 30m,non-stop,No info,2754
Jet Airways,3/04/2019,Delhi,Cochin,DEL → BOM → COK,02:15,04:25 04 Apr,26h 10m,1 stop,In-flight meal not included,5177
SpiceJet,18/03/2019,Mumbai,Hyderabad,BOM → HYD,05:45,07:05,1h 20m,non-stop,No check-in baggage included,2385
Air India,1/04/2019,Kolkata,Banglore,CCU → HYD → BLR,19:00,09:50 02 Apr,14h 50m,1 stop,No info,4227
IndiGo,1/04/2019,Delhi,Cochin,DEL → HYD → COK,06:50,12:10,5h 20m,1 stop,No info,5298
Jet Airways,24/06/2019,Delhi,Cochin,DEL → BOM → COK,14:00,04:25 25 Jun,14h 25m,1 stop,In-flight meal not included,10262
Multiple carriers,9/05/2019,Delhi,Cochin,DEL → BOM → COK,07:30,19:15,11h 45m,1 stop,No info,7787
Jet Airways,1/04/2019,Kolkata,Banglore,CCU → BOM → BLR,18:55,18:15 02 Apr,23h 20m,1 stop,In-flight meal not included,7064
Air India,6/03/2019,Mumbai,Hyderabad,BOM → GOI → PNQ → HYD,21:10,16:55,4h 15m,2 stops,No info,17327
Air India,9/06/2019,Delhi,Cochin,DEL → MAA → COK,20:40,09:25 10 Jun,12h 45m,1 stop,No info,7690
IndiGo,27/04/2019,Banglore,Delhi,BLR → DEL,13:00,15:50,2h 50m,non-stop,No info,4423
SpiceJet,3/03/2019,Mumbai,Hyderabad,BOM → HYD,13:10,14:30,1h 20m,non-stop,No info,5755
Jet Airways,21/05/2019,Delhi,Cochin,DEL → AMD → BOM → COK,23:05,12:35 22 May,13h 30m,2 stops,No info,15129
Air India,27/05/2019,Banglore,Delhi,BLR → DEL,10:00,12:45,2h 45m,non-stop,No info,6961
Jet Airways Business,01/03/2019,Banglore,New Delhi,BLR → BOM → DEL,05:45,12:25,6h 40m,1 stop,Business class,62427
Multiple carriers,21/05/2019,Delhi,Cochin,DEL → BOM → COK,14:00,21:00,7h,1 stop,No info,14067
Jet Airways,12/06/2019,Delhi,Cochin,DEL → BOM → COK,17:30,19:00 13 Jun,25h 30m,1 stop,In-flight meal not included,10262
Air India,18/03/2019,Banglore,New Delhi,BLR → VGA → VTZ → DEL,10:30,17:45,7h 15m,2 stops,No info,13261
Jet Airways,9/05/2019,Delhi,Cochin,DEL → JAI → BOM → COK,05:30,04:25 10 May,22h 55m,2 stops,No info,15129
SpiceJet,6/06/2019,Delhi,Cochin,DEL → PNQ → COK,08:45,13:15,4h 30m,1 stop,No check-in baggage included,5158
Air India,06/03/2019,Banglore,New Delhi,BLR → HYD → VGA → DEL,08:15,11:20 07 Mar,27h 5m,2 stops,No info,13942
Jet Airways,12/05/2019,Kolkata,Banglore,CCU → BOM → BLR,06:30,18:15,11h 45m,1 stop,No info,14781
Jet Airways,9/03/2019,Delhi,Cochin,DEL → BOM → COK,06:50,19:45,12h 55m,1 stop,No info,16289
SpiceJet,24/06/2019,Banglore,Delhi,BLR → DEL,21:10,00:05 25 Jun,2h 55m,non-stop,No info,3971
Jet Airways,1/05/2019,Kolkata,Banglore,CCU → DEL → BLR,20:25,18:00 02 May,21h 35m,1 stop,In-flight meal not included,9314
Air India,27/04/2019,Delhi,Cochin,DEL → COK,18:05,21:10,3h 5m,non-stop,No info,5411
IndiGo,09/03/2019,Banglore,New Delhi,BLR → DEL,10:05,13:00,2h 55m,non-stop,No info,6860
Jet Airways,18/05/2019,Delhi,Cochin,DEL → BOM → COK,20:55,04:25 19 May,7h 30m,1 stop,No info,15554
Jet Airways,6/03/2019,Delhi,Cochin,DEL → UDR → BOM → COK,17:55,04:25 08 Mar,34h 30m,2 stops,In-flight meal not included,15812
Air India,24/04/2019,Delhi,Cochin,DEL → COK,18:05,21:10,3h 5m,non-stop,No info,5201
Jet Airways,27/03/2019,Delhi,Cochin,DEL → BOM → COK,08:00,04:25 28 Mar,20h 25m,1 stop,No info,12452
Jet Airways,6/03/2019,Delhi,Cochin,DEL → BOM → COK,15:05,04:25 07 Mar,13h 20m,1 stop,No info,15764
Jet Airways,3/06/2019,Delhi,Cochin,DEL → BOM → COK,02:15,19:00,16h 45m,1 stop,In-flight meal not included,10262
Multiple carriers,27/06/2019,Delhi,Cochin,DEL → BOM → COK,08:45,21:00,12h 15m,1 stop,No info,7005
Multiple carriers,18/05/2019,Delhi,Cochin,DEL → BOM → COK,04:55,12:35,7h 40m,1 stop,No info,8882
IndiGo,12/05/2019,Kolkata,Banglore,CCU → BLR,20:20,22:55,2h 35m,non-stop,No info,4804
Jet Airways,18/05/2019,Banglore,Delhi,BLR → DEL,11:10,14:05,2h 55m,non-stop,No info,7229
IndiGo,15/05/2019,Delhi,Cochin,DEL → HYD → COK,05:05,16:10,11h 5m,1 stop,No info,6818
Air India,27/05/2019,Delhi,Cochin,DEL → CCU → BOM → COK,20:15,19:15 28 May,23h,2 stops,No info,13381
SpiceJet,15/04/2019,Kolkata,Banglore,CCU → BLR,22:20,00:40 16 Apr,2h 20m,non-stop,No check-in baggage included,3841
Multiple carriers,18/05/2019,Delhi,Cochin,DEL → BOM → COK,07:05,19:15,12h 10m,1 stop,No info,14533
SpiceJet,9/05/2019,Kolkata,Banglore,CCU → PNQ → BLR,08:35,17:15,8h 40m,1 stop,No info,6171
Air India,27/03/2019,Delhi,Cochin,DEL → HYD → BOM → COK,17:15,07:40 28 Mar,14h 25m,2 stops,No info,8367
IndiGo,24/06/2019,Kolkata,Banglore,CCU → BLR,14:25,16:55,2h 30m,non-stop,No info,4804
Air India,21/03/2019,Delhi,Cochin,DEL → JAI → BOM → COK,12:00,07:40 22 Mar,19h 40m,2 stops,No info,9706
IndiGo,12/06/2019,Delhi,Cochin,DEL → HYD → COK,08:35,22:30,13h 55m,1 stop,No info,6442
IndiGo,15/06/2019,Delhi,Cochin,DEL → BOM → COK,11:25,01:30 16 Jun,14h 5m,1 stop,No info,5883
Jet Airways,21/05/2019,Kolkata,Banglore,CCU → BOM → BLR,14:05,10:05 22 May,20h,1 stop,No info,14388
Air Asia,1/05/2019,Kolkata,Banglore,CCU → BBI → BLR,06:50,10:30,3h 40m,1 stop,No info,6857
Air India,1/05/2019,Banglore,Delhi,BLR → DEL,10:00,12:45,2h 45m,non-stop,No info,6121
Air India,09/03/2019,Banglore,New Delhi,BLR → VGA → HYD → DEL,10:30,21:25,10h 55m,2 stops,No info,9586
Jet Airways,6/05/2019,Delhi,Cochin,DEL → BOM → COK,22:50,12:35 07 May,13h 45m,1 stop,No info,15554
Multiple carriers,27/06/2019,Delhi,Cochin,DEL → BOM → COK,12:50,21:00,8h 10m,1 stop,In-flight meal not included,6007
IndiGo,27/06/2019,Delhi,Cochin,DEL → HYD → COK,14:20,22:30,8h 10m,1 stop,No info,6412
Jet Airways,15/06/2019,Delhi,Cochin,DEL → IDR → BOM → COK,05:30,19:00,13h 30m,2 stops,In-flight meal not included,11507
SpiceJet,6/06/2019,Banglore,Delhi,BLR → DEL,21:10,00:05 07 Jun,2h 55m,non-stop,No check-in baggage included,3257
IndiGo,3/05/2019,Banglore,Delhi,BLR → DEL,06:05,08:50,2h 45m,non-stop,No info,3943
Air India,1/06/2019,Delhi,Cochin,DEL → JAI → BOM → COK,12:00,07:40 02 Jun,19h 40m,2 stops,No info,10966
Air India,6/05/2019,Banglore,Delhi,BLR → DEL,13:20,16:10,2h 50m,non-stop,No info,5228
Jet Airways,3/05/2019,Banglore,Delhi,BLR → DEL,11:10,14:05,2h 55m,non-stop,In-flight meal not included,4030
Jet Airways,21/03/2019,Delhi,Cochin,DEL → BOM → COK,08:00,18:50,10h 50m,1 stop,In-flight meal not included,6540
Air Asia,15/05/2019,Delhi,Cochin,DEL → BLR → COK,16:45,22:25,5h 40m,1 stop,No info,6752
Multiple carriers,12/06/2019,Delhi,Cochin,DEL → BOM → COK,14:00,21:00,7h,1 stop,No info,13587
Multiple carriers,24/06/2019,Delhi,Cochin,DEL → BOM → COK,10:00,21:00,11h,1 stop,No info,13587
Jet Airways,15/05/2019,Kolkata,Banglore,CCU → BOM → BLR,14:05,23:35,9h 30m,1 stop,In-flight meal not included,8586
IndiGo,1/06/2019,Delhi,Cochin,DEL → BOM → COK,17:10,01:30 02 Jun,8h 20m,1 stop,No info,6628
IndiGo,15/06/2019,Delhi,Cochin,DEL → BLR → COK,05:10,10:05,4h 55m,1 stop,No info,7010
IndiGo,12/04/2019,Kolkata,Banglore,CCU → BLR,11:30,14:05,2h 35m,non-stop,No info,4174
Jet Airways,15/05/2019,Banglore,Delhi,BLR → DEL,11:10,14:05,2h 55m,non-stop,No info,7229
GoAir,9/06/2019,Delhi,Cochin,DEL → BOM → COK,10:35,19:35,9h,1 stop,No info,5281
SpiceJet,24/05/2019,Mumbai,Hyderabad,BOM → HYD,22:45,00:15 25 May,1h 30m,non-stop,No info,2017
Jet Airways,24/05/2019,Banglore,Delhi,BLR → DEL,07:10,10:10,3h,non-stop,No info,7229
SpiceJet,3/05/2019,Banglore,Delhi,BLR → DEL,05:55,08:35,2h 40m,non-stop,No info,3625
IndiGo,27/05/2019,Chennai,Kolkata,MAA → CCU,19:35,21:55,2h 20m,non-stop,No info,3597
Jet Airways,12/06/2019,Kolkata,Banglore,CCU → BOM → BLR,08:25,19:50,11h 25m,1 stop,In-flight meal not included,9899
SpiceJet,3/06/2019,Chennai,Kolkata,MAA → CCU,17:45,20:05,2h 20m,non-stop,No info,3597
SpiceJet,3/04/2019,Mumbai,Hyderabad,BOM → HYD,05:45,07:15,1h 30m,non-stop,No check-in baggage included,1965
Air India,15/05/2019,Delhi,Cochin,DEL → JAI → BOM → COK,12:00,07:40 16 May,19h 40m,2 stops,No info,10651
Jet Airways,12/06/2019,Kolkata,Banglore,CCU → BOM → BLR,14:05,04:40 13 Jun,14h 35m,1 stop,In-flight meal not included,7594
SpiceJet,21/05/2019,Delhi,Cochin,DEL → PNQ → COK,08:45,13:15,4h 30m,1 stop,No check-in baggage included,5158
Jet Airways,27/06/2019,Delhi,Cochin,DEL → IDR → BOM → COK,05:30,19:00,13h 30m,2 stops,No info,13292
Jet Airways,27/06/2019,Delhi,Cochin,DEL → IDR → BOM → COK,21:25,19:00 28 Jun,21h 35m,2 stops,In-flight meal not included,11507
Air India,12/03/2019,Banglore,New Delhi,BLR → BOM → DEL,06:45,23:15,16h 30m,1 stop,No info,11602
SpiceJet,18/06/2019,Mumbai,Hyderabad,BOM → HYD,05:45,07:15,1h 30m,non-stop,No info,2753
Multiple carriers,9/05/2019,Delhi,Cochin,DEL → BOM → COK,19:00,01:30 10 May,6h 30m,1 stop,No info,9424
Jet Airways,12/06/2019,Delhi,Cochin,DEL → JAI → BOM → COK,05:30,19:00,13h 30m,2 stops,No info,13014
IndiGo,12/04/2019,Banglore,Delhi,BLR → DEL,07:10,10:05,2h 55m,non-stop,No info,4823
Jet Airways,6/06/2019,Delhi,Cochin,DEL → BOM → COK,02:15,04:25 07 Jun,26h 10m,1 stop,In-flight meal not included,10262
Vistara,6/03/2019,Delhi,Cochin,DEL → COK,14:55,17:50,2h 55m,non-stop,No info,8001
Air Asia,6/06/2019,Kolkata,Banglore,CCU → BBI → BLR,06:50,10:30,3h 40m,1 stop,No info,6857
Air India,18/05/2019,Delhi,Cochin,DEL → BOM → COK,10:00,07:40 19 May,21h 40m,1 stop,No info,8372
Air India,3/06/2019,Delhi,Cochin,DEL → UDR → BOM → COK,13:20,07:40 04 Jun,18h 20m,2 stops,No info,11911
Air India,15/05/2019,Delhi,Cochin,DEL → JAI → BOM → COK,18:45,19:15 16 May,24h 30m,2 stops,No info,13307
SpiceJet,01/03/2019,Banglore,New Delhi,BLR → PNQ → DEL,10:20,18:15,7h 55m,1 stop,No info,23267
Jet Airways,12/05/2019,Kolkata,Banglore,CCU → BOM → BLR,20:00,10:05 13 May,14h 5m,1 stop,In-flight meal not included,8586
Multiple carriers,1/06/2019,Delhi,Cochin,DEL → BOM → COK,11:30,19:15,7h 45m,1 stop,No info,16108
Jet Airways,06/03/2019,Banglore,New Delhi,BLR → BOM → DEL,20:35,09:30 07 Mar,12h 55m,1 stop,No info,17261
Vistara,21/05/2019,Banglore,Delhi,BLR → DEL,17:00,19:35,2h 35m,non-stop,No info,4878
Air India,9/06/2019,Delhi,Cochin,DEL → AMD → BOM → COK,19:45,19:15 10 Jun,23h 30m,2 stops,No info,9968
IndiGo,6/05/2019,Banglore,Delhi,BLR → DEL,08:30,11:20,2h 50m,non-stop,No info,4823
Air India,15/05/2019,Delhi,Cochin,DEL → COK,05:10,08:00,2h 50m,non-stop,No info,6094
Air India,06/03/2019,Banglore,New Delhi,BLR → HBX → BOM → BHO → DEL,12:00,23:25,11h 25m,3 stops,No info,14195
IndiGo,6/03/2019,Chennai,Kolkata,MAA → CCU,11:35,14:00,2h 25m,non-stop,No info,7295
Multiple carriers,24/06/2019,Delhi,Cochin,DEL → BOM → COK,13:00,21:00,8h,1 stop,No info,7408
SpiceJet,15/03/2019,Mumbai,Hyderabad,BOM → HYD,05:45,07:05,1h 20m,non-stop,No check-in baggage included,2385
Jet Airways,3/06/2019,Delhi,Cochin,DEL → NAG → BOM → COK,14:35,12:35 04 Jun,22h,2 stops,In-flight meal not included,10919
IndiGo,21/03/2019,Delhi,Cochin,DEL → HYD → MAA → COK,06:40,21:20,14h 40m,2 stops,No info,6494
Jet Airways,12/03/2019,Banglore,New Delhi,BLR → BOM → DEL,18:55,09:30 13 Mar,14h 35m,1 stop,In-flight meal not included,11087
Vistara,6/05/2019,Chennai,Kolkata,MAA → CCU,07:05,09:20,2h 15m,non-stop,No info,3687
IndiGo,9/04/2019,Kolkata,Banglore,CCU → BLR,17:15,19:50,2h 35m,non-stop,No info,4174
Air India,9/06/2019,Kolkata,Banglore,CCU → DEL → COK → BLR,07:00,01:20 10 Jun,18h 20m,2 stops,No info,13033
IndiGo,3/04/2019,Banglore,Delhi,BLR → DEL,18:55,21:50,2h 55m,non-stop,No info,4823
SpiceJet,18/04/2019,Kolkata,Banglore,CCU → BLR,17:10,19:40,2h 30m,non-stop,No info,4174
IndiGo,27/04/2019,Kolkata,Banglore,CCU → BLR,22:15,00:50 28 Apr,2h 35m,non-stop,No info,4804
SpiceJet,27/05/2019,Mumbai,Hyderabad,BOM → HYD,13:15,14:45,1h 30m,non-stop,No check-in baggage included,2385
Air India,21/03/2019,Delhi,Cochin,DEL → AMD → BOM → COK,16:40,19:15 22 Mar,26h 35m,2 stops,No info,8236
SpiceJet,9/05/2019,Mumbai,Hyderabad,BOM → HYD,13:15,14:45,1h 30m,non-stop,No check-in baggage included,2175
Air India,24/05/2019,Kolkata,Banglore,CCU → BOM → COK → BLR,16:50,13:45 25 May,20h 55m,2 stops,No info,12802
Air India,6/05/2019,Kolkata,Banglore,CCU → MAA → BLR,14:35,15:20 07 May,24h 45m,1 stop,No info,6528
Jet Airways,9/05/2019,Mumbai,Hyderabad,BOM → HYD,02:55,04:20,1h 25m,non-stop,In-flight meal not included,3210
Jet Airways,6/05/2019,Mumbai,Hyderabad,BOM → HYD,19:35,21:05,1h 30m,non-stop,In-flight meal not included,2228
Air Asia,6/06/2019,Delhi,Cochin,DEL → BLR → COK,07:55,13:25,5h 30m,1 stop,No info,8759
Jet Airways,6/06/2019,Delhi,Cochin,DEL → BOM → COK,19:15,04:25 07 Jun,9h 10m,1 stop,In-flight meal not included,10262
Air India,24/06/2019,Delhi,Cochin,DEL → AMD → BOM → COK,16:40,19:15 25 Jun,26h 35m,2 stops,No info,9443
Air Asia,21/04/2019,Banglore,Delhi,BLR → DEL,11:10,13:55,2h 45m,non-stop,No info,4483
SpiceJet,27/03/2019,Mumbai,Hyderabad,BOM → HYD,13:10,14:30,1h 20m,non-stop,No info,2017
Jet Airways,9/03/2019,Delhi,Cochin,DEL → BOM → COK,19:15,18:50 10 Mar,23h 35m,1 stop,No info,16289
Air India,1/05/2019,Kolkata,Banglore,CCU → BOM → COK → BLR,09:25,13:45 02 May,28h 20m,2 stops,No info,16372
Air India,1/05/2019,Kolkata,Banglore,CCU → DEL → COK → BLR,10:00,13:45 02 May,27h 45m,2 stops,No info,15164
Air India,12/05/2019,Kolkata,Banglore,CCU → DEL → COK → BLR,07:00,01:20 13 May,18h 20m,2 stops,No info,12140
Vistara,3/04/2019,Banglore,Delhi,BLR → DEL,07:00,09:40,2h 40m,non-stop,No info,5403
Air India,6/05/2019,Kolkata,Banglore,CCU → IXR → DEL → BLR,05:50,23:15,17h 25m,2 stops,No info,11883
Air India,12/06/2019,Delhi,Cochin,DEL → BLR → COK,17:40,08:15 13 Jun,14h 35m,1 stop,No info,8991
SpiceJet,09/03/2019,Banglore,New Delhi,BLR → DEL,05:45,08:35,2h 50m,non-stop,No info,7110
IndiGo,21/06/2019,Chennai,Kolkata,MAA → CCU,22:05,00:25 22 Jun,2h 20m,non-stop,No info,5277
Air India,15/06/2019,Delhi,Cochin,DEL → BOM → COK,03:50,19:15,15h 25m,1 stop,No info,9929
Jet Airways,3/04/2019,Banglore,Delhi,BLR → DEL,11:10,14:05,2h 55m,non-stop,No info,7229
Air India,12/06/2019,Kolkata,Banglore,CCU → DEL → BLR,10:00,16:15,6h 15m,1 stop,No info,11936
SpiceJet,09/03/2019,Banglore,New Delhi,BLR → DEL,09:35,12:30,2h 55m,non-stop,No info,6205
Jet Airways,12/05/2019,Kolkata,Banglore,CCU → DEL → BLR,09:35,09:45 13 May,24h 10m,1 stop,No info,14151
Jet Airways,27/06/2019,Delhi,Cochin,DEL → BHO → BOM → COK,05:30,12:35,7h 5m,2 stops,No info,14441
Jet Airways,24/05/2019,Kolkata,Banglore,CCU → DEL → BLR,20:25,21:05 25 May,24h 40m,1 stop,No info,14151
IndiGo,18/05/2019,Kolkata,Banglore,CCU → BBI → BLR,19:35,23:15,3h 40m,1 stop,No info,4226
SpiceJet,1/06/2019,Kolkata,Banglore,CCU → BLR,14:55,17:25,2h 30m,non-stop,No check-in baggage included,3841
IndiGo,03/03/2019,Banglore,New Delhi,BLR → DEL,01:30,04:15,2h 45m,non-stop,No info,6860
SpiceJet,27/05/2019,Delhi,Cochin,DEL → MAA → COK,06:05,11:20,5h 15m,1 stop,No info,6749
Multiple carriers,18/05/2019,Delhi,Cochin,DEL → BOM → COK,10:35,19:15,8h 40m,1 stop,No info,8309
Jet Airways,9/05/2019,Kolkata,Banglore,CCU → DEL → BLR,20:25,18:00 10 May,21h 35m,1 stop,In-flight meal not included,9314
Jet Airways,27/05/2019,Delhi,Cochin,DEL → JAI → BOM → COK,05:30,19:00,13h 30m,2 stops,In-flight meal not included,13029
Jet Airways,01/03/2019,Banglore,New Delhi,BLR → BOM → DEL,08:00,15:15,7h 15m,1 stop,No info,22270
Jet Airways,12/06/2019,Delhi,Cochin,DEL → NAG → BOM → COK,14:35,12:35 13 Jun,22h,2 stops,In-flight meal not included,10919
SpiceJet,1/06/2019,Chennai,Kolkata,MAA → CCU,08:20,10:35,2h 15m,non-stop,No check-in baggage included,3543
SpiceJet,27/05/2019,Chennai,Kolkata,MAA → CCU,08:20,10:35,2h 15m,non-stop,No info,3597
Jet Airways,6/05/2019,Kolkata,Banglore,CCU → DEL → BLR,17:00,21:05 07 May,28h 5m,1 stop,No info,13067
Jet Airways,01/03/2019,Banglore,New Delhi,BLR → BOM → DEL,16:55,23:00,6h 5m,1 stop,No info,54826
IndiGo,12/06/2019,Chennai,Kolkata,MAA → CCU,14:45,17:05,2h 20m,non-stop,No info,3597
Jet Airways,24/06/2019,Delhi,Cochin,DEL → BOM → COK,11:30,04:25 25 Jun,16h 55m,1 stop,In-flight meal not included,10262
Vistara,24/03/2019,Banglore,New Delhi,BLR → DEL,11:30,14:10,2h 40m,non-stop,No info,5403
Jet Airways,27/05/2019,Delhi,Cochin,DEL → BOM → COK,21:50,19:00 28 May,21h 10m,1 stop,In-flight meal not included,12898
SpiceJet,24/03/2019,Banglore,New Delhi,BLR → DEL,05:45,08:35,2h 50m,non-stop,No info,3579
Air India,27/05/2019,Delhi,Cochin,DEL → GOI → BOM → COK,22:00,19:15 28 May,21h 15m,2 stops,No info,10231
IndiGo,27/05/2019,Delhi,Cochin,DEL → HYD → COK,06:50,12:10,5h 20m,1 stop,No info,5530
IndiGo,15/03/2019,Banglore,New Delhi,BLR → DEL,04:00,06:50,2h 50m,non-stop,No info,5694
IndiGo,6/04/2019,Kolkata,Banglore,CCU → BLR,15:30,18:05,2h 35m,non-stop,No info,4174
IndiGo,24/05/2019,Chennai,Kolkata,MAA → CCU,14:45,17:05,2h 20m,non-stop,No info,3858
IndiGo,21/06/2019,Banglore,Delhi,BLR → DEL,16:55,19:55,3h,non-stop,No info,4990
Vistara,6/05/2019,Kolkata,Banglore,CCU → DEL → BLR,17:00,23:25,6h 25m,1 stop,No info,8085
IndiGo,15/06/2019,Delhi,Cochin,DEL → HYD → COK,08:35,22:30,13h 55m,1 stop,No info,6442
Multiple carriers,24/06/2019,Delhi,Cochin,DEL → BOM → COK,17:00,01:30 25 Jun,8h 30m,1 stop,No info,7198
Multiple carriers,9/05/2019,Delhi,Cochin,DEL → BOM → COK,09:00,19:00,10h,1 stop,No info,10197
Jet Airways,27/03/2019,Delhi,Cochin,DEL → BOM → COK,07:05,04:25 28 Mar,21h 20m,1 stop,In-flight meal not included,6645
Vistara,27/06/2019,Banglore,Delhi,BLR → DEL,09:45,12:35,2h 50m,non-stop,No info,4668
IndiGo,9/06/2019,Banglore,Delhi,BLR → DEL,16:55,19:45,2h 50m,non-stop,No info,4823
Multiple carriers,3/03/2019,Delhi,Cochin,DEL → BOM → COK,12:50,01:35 04 Mar,12h 45m,1 stop,No info,18192
Multiple carriers,15/06/2019,Delhi,Cochin,DEL → BOM → COK,04:55,19:00,14h 5m,1 stop,No info,10678
Jet Airways,9/05/2019,Kolkata,Banglore,CCU → BOM → BLR,20:00,12:00 10 May,16h,1 stop,In-flight meal not included,9663
Air India,12/05/2019,Kolkata,Banglore,CCU → BBI → BOM → BLR,12:00,07:55 13 May,19h 55m,2 stops,No info,10676
Air India,9/06/2019,Delhi,Cochin,DEL → BOM → COK,21:00,07:40 10 Jun,10h 40m,1 stop,No info,8372
IndiGo,27/03/2019,Delhi,Cochin,DEL → BOM → COK,11:30,21:00,9h 30m,1 stop,No info,6416
IndiGo,12/05/2019,Chennai,Kolkata,MAA → CCU,07:55,10:15,2h 20m,non-stop,No info,3850
Jet Airways,9/06/2019,Kolkata,Banglore,CCU → BOM → BLR,08:25,20:45,12h 20m,1 stop,In-flight meal not included,10844
IndiGo,1/04/2019,Banglore,Delhi,BLR → DEL,00:30,03:25,2h 55m,non-stop,No info,4423
Vistara,1/05/2019,Chennai,Kolkata,MAA → CCU,17:45,20:05,2h 20m,non-stop,No info,11982
Vistara,18/06/2019,Banglore,Delhi,BLR → DEL,11:30,14:20,2h 50m,non-stop,No info,4668
Jet Airways,12/06/2019,Delhi,Cochin,DEL → BHO → BOM → COK,05:30,12:35,7h 5m,2 stops,In-flight meal not included,13344
Multiple carriers,3/03/2019,Delhi,Cochin,DEL → BOM → COK,06:40,18:50,12h 10m,1 stop,No info,15135
IndiGo,27/03/2019,Delhi,Cochin,DEL → HYD → COK,06:40,22:20,15h 40m,1 stop,No info,6442
Vistara,15/05/2019,Banglore,Delhi,BLR → DEL,17:00,19:35,2h 35m,non-stop,No info,4878
Multiple carriers,9/03/2019,Delhi,Cochin,DEL → BOM → COK,02:15,12:55,10h 40m,1 stop,In-flight meal not included,18260
SpiceJet,9/04/2019,Kolkata,Banglore,CCU → BLR,17:10,19:40,2h 30m,non-stop,No info,3873
Jet Airways,24/05/2019,Kolkata,Banglore,CCU → BOM → BLR,16:30,04:40 25 May,12h 10m,1 stop,In-flight meal not included,10844
IndiGo,15/05/2019,Banglore,Delhi,BLR → DEL,21:15,00:15 16 May,3h,non-stop,No info,3943
Vistara,15/04/2019,Banglore,Delhi,BLR → DEL,17:00,19:35,2h 35m,non-stop,No info,5613
IndiGo,12/06/2019,Delhi,Cochin,DEL → COK,21:05,00:20 13 Jun,3h 15m,non-stop,No info,6015
Air India,15/05/2019,Kolkata,Banglore,CCU → DEL → COK → BLR,10:00,13:45 16 May,27h 45m,2 stops,No info,16057
IndiGo,15/05/2019,Mumbai,Hyderabad,BOM → HYD,16:55,18:25,1h 30m,non-stop,No info,3175
IndiGo,12/06/2019,Delhi,Cochin,DEL → BOM → COK,20:25,01:30 13 Jun,5h 5m,1 stop,No info,5058
Jet Airways,12/06/2019,Delhi,Cochin,DEL → BOM → COK,10:00,04:25 13 Jun,18h 25m,1 stop,In-flight meal not included,10262
IndiGo,9/05/2019,Kolkata,Banglore,CCU → BLR,20:20,22:55,2h 35m,non-stop,No info,4804
IndiGo,15/06/2019,Banglore,Delhi,BLR → DEL,07:10,10:05,2h 55m,non-stop,No info,4823
Jet Airways,3/06/2019,Delhi,Cochin,DEL → BOM → COK,15:00,19:00 04 Jun,28h,1 stop,In-flight meal not included,10262
Multiple carriers,9/05/2019,Delhi,Cochin,DEL → BOM → COK,08:00,19:00,11h,1 stop,No info,10197
Jet Airways,9/03/2019,Delhi,Cochin,DEL → BOM → COK,08:00,04:25 10 Mar,20h 25m,1 stop,No info,17549
Jet Airways,9/05/2019,Kolkata,Banglore,CCU → BOM → BLR,14:05,20:45,6h 40m,1 stop,In-flight meal not included,10844
Air Asia,21/05/2019,Kolkata,Banglore,CCU → IXR → DEL → BLR,15:10,23:30,8h 20m,2 stops,No info,5192
Jet Airways,27/03/2019,Delhi,Cochin,DEL → BOM → COK,11:30,18:50,7h 20m,1 stop,No info,12242
Jet Airways,21/03/2019,Banglore,New Delhi,BLR → BOM → DEL,14:05,11:25 19 Mar,21h 20m,1 stop,In-flight meal not included,7832
Jet Airways,24/06/2019,Delhi,Cochin,DEL → JAI → BOM → COK,19:30,12:35 25 Jun,17h 5m,2 stops,No info,13014
GoAir,24/06/2019,Banglore,Delhi,BLR → DEL,11:40,14:30,2h 50m,non-stop,No info,3898
SpiceJet,1/04/2019,Kolkata,Banglore,CCU → IXB → BLR,15:55,21:25,5h 30m,1 stop,No info,7646
SpiceJet,9/06/2019,Kolkata,Banglore,CCU → BLR,09:00,11:25,2h 25m,non-stop,No info,4174
Multiple carriers,27/05/2019,Delhi,Cochin,DEL → BOM → COK,10:20,19:00,8h 40m,1 stop,No info,9794
Air India,27/06/2019,Delhi,Cochin,DEL → CCU → BOM → COK,20:15,19:15 28 Jun,23h,2 stops,No info,13591
Air India,12/05/2019,Kolkata,Banglore,CCU → DEL → BLR,20:30,08:55 13 May,12h 25m,1 stop,No info,10203
Jet Airways,6/05/2019,Kolkata,Banglore,CCU → BOM → BLR,14:05,23:35,9h 30m,1 stop,No info,15149
Jet Airways,9/05/2019,Delhi,Cochin,DEL → BOM → COK,19:15,12:35 10 May,17h 20m,1 stop,In-flight meal not included,12373
Air India,21/03/2019,Delhi,Cochin,DEL → AMD → BOM → COK,19:45,19:15 22 Mar,23h 30m,2 stops,No info,8236
Air Asia,3/06/2019,Delhi,Cochin,DEL → BLR → COK,16:45,06:35 04 Jun,13h 50m,1 stop,No info,11410
IndiGo,9/04/2019,Banglore,Delhi,BLR → DEL,21:15,00:15 10 Apr,3h,non-stop,No info,3943
Air Asia,12/06/2019,Kolkata,Banglore,CCU → IXR → DEL → BLR,15:10,23:30,8h 20m,2 stops,No info,5192
IndiGo,9/05/2019,Delhi,Cochin,DEL → BOM → COK,10:35,01:30 10 May,14h 55m,1 stop,No info,8330
Jet Airways,9/05/2019,Delhi,Cochin,DEL → BOM → COK,07:05,12:35,5h 30m,1 stop,No info,15554
Jet Airways,18/03/2019,Banglore,New Delhi,BLR → BOM → DEL,11:40,05:05 16 Mar,17h 25m,1 stop,In-flight meal not included,11087
Jet Airways,27/05/2019,Delhi,Cochin,DEL → BOM → COK,13:00,12:35 28 May,23h 35m,1 stop,In-flight meal not included,12898
IndiGo,21/03/2019,Chennai,Kolkata,MAA → CCU,05:15,07:35,2h 20m,non-stop,No info,4326
Jet Airways,06/03/2019,Banglore,New Delhi,BLR → BOM → DEL,07:00,21:20,14h 20m,1 stop,No info,16736
Multiple carriers,15/05/2019,Delhi,Cochin,DEL → BOM → COK,08:00,19:00,11h,1 stop,No info,10197
Jet Airways,24/03/2019,Kolkata,Banglore,CCU → BOM → BLR,13:55,23:25,9h 30m,1 stop,In-flight meal not included,11134
Jet Airways,12/06/2019,Delhi,Cochin,DEL → NAG → BOM → COK,14:35,12:35 13 Jun,22h,2 stops,No info,13376
Multiple carriers,6/03/2019,Delhi,Cochin,DEL → BOM → COK,09:55,19:15,9h 20m,1 stop,In-flight meal not included,15342
IndiGo,27/06/2019,Kolkata,Banglore,CCU → BLR,09:35,12:10,2h 35m,non-stop,No info,4804
Vistara,9/04/2019,Banglore,Delhi,BLR → DEL,21:00,23:50,2h 50m,non-stop,No info,5403
Jet Airways,18/03/2019,Banglore,New Delhi,BLR → BOM → JDH → DEL,08:55,15:55,7h,2 stops,No info,16338
IndiGo,27/06/2019,Banglore,Delhi,BLR → DEL,00:25,03:15,2h 50m,non-stop,No info,3419
IndiGo,24/03/2019,Kolkata,Banglore,CCU → BLR,17:15,20:00,2h 45m,non-stop,No info,6565
IndiGo,24/05/2019,Mumbai,Hyderabad,BOM → HYD,12:00,13:30,1h 30m,non-stop,No info,4392
Jet Airways,12/06/2019,Kolkata,Banglore,CCU → BOM → BLR,06:30,19:50,13h 20m,1 stop,No info,13626
Multiple carriers,6/03/2019,Delhi,Cochin,DEL → HYD → MAA → COK,07:05,21:20,14h 15m,2 stops,No info,7084
Vistara,12/05/2019,Kolkata,Banglore,CCU → DEL → BLR,07:10,22:40,15h 30m,1 stop,No info,8662
SpiceJet,15/05/2019,Delhi,Cochin,DEL → BLR → COK,17:55,22:50,4h 55m,1 stop,No info,5409
Air India,9/05/2019,Delhi,Cochin,DEL → AMD → BOM → COK,19:45,19:15 10 May,23h 30m,2 stops,No info,10178
Jet Airways,1/06/2019,Delhi,Cochin,DEL → BOM → COK,10:00,19:00,9h,1 stop,No info,14714
SpiceJet,18/03/2019,Chennai,Kolkata,MAA → CCU,08:20,10:35,2h 15m,non-stop,No info,3859
Jet Airways,1/06/2019,Delhi,Cochin,DEL → BOM → COK,20:55,04:25 02 Jun,7h 30m,1 stop,In-flight meal not included,10262
Multiple carriers,27/05/2019,Delhi,Cochin,DEL → HYD → COK,09:45,16:10,6h 25m,1 stop,No info,10486
Jet Airways,24/06/2019,Mumbai,Hyderabad,BOM → HYD,02:55,04:20,1h 25m,non-stop,In-flight meal not included,4050
Air India,1/06/2019,Delhi,Cochin,DEL → MAA → COK,20:40,09:25 02 Jun,12h 45m,1 stop,No info,7480
Air Asia,12/04/2019,Banglore,Delhi,BLR → DEL,23:55,02:45 13 Apr,2h 50m,non-stop,No info,7080
IndiGo,6/06/2019,Delhi,Cochin,DEL → BOM → COK,09:15,21:00,11h 45m,1 stop,No info,6838
IndiGo,21/05/2019,Banglore,Delhi,BLR → DEL,00:30,03:25,2h 55m,non-stop,No info,3419
Vistara,21/05/2019,Kolkata,Banglore,CCU → DEL → BLR,17:00,23:25,6h 25m,1 stop,No info,9345
Vistara,15/05/2019,Kolkata,Banglore,CCU → DEL → BLR,07:10,23:25,16h 15m,1 stop,No info,9345
Multiple carriers,6/03/2019,Delhi,Cochin,DEL → BOM → COK,11:30,19:15,7h 45m,1 stop,No info,15077
Jet Airways,12/03/2019,Banglore,New Delhi,BLR → BOM → DEL,22:55,18:25 13 Mar,19h 30m,1 stop,In-flight meal not included,11087
Jet Airways,15/05/2019,Kolkata,Banglore,CCU → DEL → BLR,20:25,19:10 16 May,22h 45m,1 stop,No info,14151
IndiGo,15/05/2019,Banglore,Delhi,BLR → DEL,04:00,06:50,2h 50m,non-stop,No info,3943
IndiGo,12/05/2019,Chennai,Kolkata,MAA → CCU,22:05,00:25 13 May,2h 20m,non-stop,No info,5277
SpiceJet,24/05/2019,Kolkata,Banglore,CCU → BLR,09:00,11:25,2h 25m,non-stop,No info,3873
Multiple carriers,3/06/2019,Delhi,Cochin,DEL → BOM → COK,07:05,19:15,12h 10m,1 stop,No info,15058
IndiGo,3/04/2019,Delhi,Cochin,DEL → BOM → COK,10:35,15:35,5h,1 stop,No info,5073
Vistara,24/05/2019,Banglore,Delhi,BLR → DEL,19:30,22:15,2h 45m,non-stop,No info,5823
IndiGo,3/06/2019,Kolkata,Banglore,CCU → BLR,04:40,07:15,2h 35m,non-stop,No info,5224
Multiple carriers,21/03/2019,Delhi,Cochin,DEL → HYD → COK,14:35,22:20,7h 45m,1 stop,In-flight meal not included,5999
Jet Airways,3/06/2019,Mumbai,Hyderabad,BOM → HYD,19:35,21:05,1h 30m,non-stop,In-flight meal not included,3210
Jet Airways,6/06/2019,Kolkata,Banglore,CCU → BOM → BLR,08:25,04:40 07 Jun,20h 15m,1 stop,In-flight meal not included,8586
Multiple carriers,27/03/2019,Delhi,Cochin,DEL → BOM → COK,11:30,18:50,7h 20m,1 stop,No info,11200
SpiceJet,6/06/2019,Kolkata,Banglore,CCU → BLR,09:00,11:25,2h 25m,non-stop,No check-in baggage included,3841
Jet Airways,21/05/2019,Kolkata,Banglore,CCU → BOM → BLR,21:10,19:50 22 May,22h 40m,1 stop,In-flight meal not included,10844
Jet Airways,21/03/2019,Banglore,New Delhi,BLR → BOM → DEL,18:40,11:25 19 Mar,16h 45m,1 stop,In-flight meal not included,7832
SpiceJet,12/05/2019,Banglore,Delhi,BLR → DEL,21:10,00:05 13 May,2h 55m,non-stop,No info,4423
IndiGo,6/05/2019,Mumbai,Hyderabad,BOM → HYD,09:10,10:40,1h 30m,non-stop,No info,4049
Air India,27/05/2019,Delhi,Cochin,DEL → HYD → BOM → COK,17:15,07:40 28 May,14h 25m,2 stops,No info,13879
Jet Airways,21/05/2019,Kolkata,Banglore,CCU → BOM → BLR,20:00,22:35 22 May,26h 35m,1 stop,In-flight meal not included,10844
IndiGo,3/03/2019,Delhi,Cochin,DEL → BOM → COK,07:30,13:20,5h 50m,1 stop,No info,13628
Vistara,27/05/2019,Delhi,Cochin,DEL → COK,14:40,17:50,3h 10m,non-stop,No info,6216
Air India,1/05/2019,Kolkata,Banglore,CCU → BBI → BOM → BLR,12:00,07:55 02 May,19h 55m,2 stops,No info,10151
Air India,09/03/2019,Banglore,New Delhi,BLR → COK → DEL,22:00,13:20 13 Mar,15h 20m,1 stop,No info,8425
GoAir,15/06/2019,Banglore,Delhi,BLR → DEL,07:45,10:40,2h 55m,non-stop,No info,3898
Jet Airways,27/06/2019,Delhi,Cochin,DEL → IDR → BOM → COK,21:25,19:00 28 Jun,21h 35m,2 stops,No info,13292
Multiple carriers,21/05/2019,Delhi,Cochin,DEL → BOM → COK,08:00,19:15,11h 15m,1 stop,No info,15058
Jet Airways,15/06/2019,Banglore,Delhi,BLR → DEL,18:55,22:00,3h 5m,non-stop,No info,8016
Jet Airways,1/04/2019,Kolkata,Banglore,CCU → BOM → BLR,21:10,08:15 02 Apr,11h 5m,1 stop,In-flight meal not included,8849
IndiGo,24/06/2019,Delhi,Cochin,DEL → HYD → COK,11:55,22:30,10h 35m,1 stop,No info,6442
Jet Airways,27/05/2019,Delhi,Cochin,DEL → BOM → COK,09:00,04:25 28 May,19h 25m,1 stop,In-flight meal not included,12898
IndiGo,3/06/2019,Delhi,Cochin,DEL → HYD → COK,06:50,16:10,9h 20m,1 stop,No info,7514
Jet Airways,06/03/2019,Banglore,New Delhi,BLR → DEL,19:55,22:35,2h 40m,non-stop,No info,18308
Multiple carriers,27/05/2019,Delhi,Cochin,DEL → BOM → COK,10:00,01:30 28 May,15h 30m,1 stop,No info,9508
SpiceJet,18/06/2019,Chennai,Kolkata,MAA → CCU,09:45,12:00,2h 15m,non-stop,No check-in baggage included,3543
Multiple carriers,3/03/2019,Delhi,Cochin,DEL → BOM → COK,07:00,13:20,6h 20m,1 stop,No info,15603
Vistara,03/03/2019,Banglore,New Delhi,BLR → DEL,21:10,00:05 04 Mar,2h 55m,non-stop,No info,7608
GoAir,27/04/2019,Delhi,Cochin,DEL → AMD → COK,07:25,13:35,6h 10m,1 stop,No info,5140
Jet Airways,12/05/2019,Kolkata,Banglore,CCU → BOM → BLR,06:30,18:15,11h 45m,1 stop,In-flight meal not included,10844
IndiGo,15/06/2019,Banglore,Delhi,BLR → DEL,13:00,15:50,2h 50m,non-stop,No info,3943
SpiceJet,27/06/2019,Chennai,Kolkata,MAA → CCU,17:45,20:05,2h 20m,non-stop,No check-in baggage included,3543
Jet Airways,27/06/2019,Banglore,Delhi,BLR → DEL,17:45,20:45,3h,non-stop,In-flight meal not included,7229
Air India,6/06/2019,Delhi,Cochin,DEL → BOM → COK,08:00,19:15,11h 15m,1 stop,No info,8372
Jet Airways,9/04/2019,Banglore,Delhi,BLR → DEL,08:20,11:20,3h,non-stop,In-flight meal not included,4544
Air India,6/05/2019,Kolkata,Banglore,CCU → DEL → BLR,20:30,08:55 07 May,12h 25m,1 stop,No info,10203
Jet Airways,27/06/2019,Delhi,Cochin,DEL → BOM → COK,22:50,19:00 28 Jun,20h 10m,1 stop,In-flight meal not included,10262
Air India,18/05/2019,Delhi,Cochin,DEL → BLR → COK,09:45,23:00,13h 15m,1 stop,No info,8907
IndiGo,3/03/2019,Delhi,Cochin,DEL → HYD → MAA → COK,07:35,21:20,13h 45m,2 stops,No info,9413
Air India,6/06/2019,Delhi,Cochin,DEL → CCU → BOM → COK,20:15,19:15 07 Jun,23h,2 stops,No info,13591
Jet Airways,18/06/2019,Mumbai,Hyderabad,BOM → HYD,08:45,10:15,1h 30m,non-stop,No info,8040
Jet Airways,18/03/2019,Banglore,New Delhi,BLR → BOM → DEL,18:40,07:40 16 Mar,13h,1 stop,No info,12284
IndiGo,12/04/2019,Banglore,Delhi,BLR → DEL,20:00,22:50,2h 50m,non-stop,No info,4990
Jet Airways,15/06/2019,Delhi,Cochin,DEL → BOM → COK,02:15,12:35,10h 20m,1 stop,No info,18371
Air India,21/04/2019,Delhi,Cochin,DEL → COK,05:10,08:00,2h 50m,non-stop,No info,6094
Jet Airways,06/03/2019,Banglore,New Delhi,BLR → BOM → DEL,11:40,23:00,11h 20m,1 stop,No info,16736
Jet Airways,15/05/2019,Kolkata,Banglore,CCU → BOM → BLR,16:30,12:00 16 May,19h 30m,1 stop,No info,14781
Multiple carriers,24/06/2019,Delhi,Cochin,DEL → BOM → COK,07:30,19:15,11h 45m,1 stop,No info,9001
GoAir,12/05/2019,Kolkata,Banglore,CCU → AMD → BLR,16:40,00:15 13 May,7h 35m,1 stop,No info,8855
Jet Airways,15/06/2019,Delhi,Cochin,DEL → JAI → BOM → COK,09:40,04:25 16 Jun,18h 45m,2 stops,In-flight meal not included,10368
Jet Airways,9/06/2019,Delhi,Cochin,DEL → BOM → COK,11:30,19:00,7h 30m,1 stop,In-flight meal not included,10262
IndiGo,12/05/2019,Kolkata,Banglore,CCU → HYD → BLR,04:50,09:50,5h,1 stop,No info,4176
GoAir,1/04/2019,Delhi,Cochin,DEL → BOM → COK,10:35,19:35,9h,1 stop,No info,5281
Jet Airways,1/04/2019,Kolkata,Banglore,CCU → BOM → BLR,18:55,16:20 02 Apr,21h 25m,1 stop,In-flight meal not included,7064
IndiGo,21/05/2019,Banglore,Delhi,BLR → DEL,22:10,01:00 22 May,2h 50m,non-stop,No info,3625
SpiceJet,27/06/2019,Delhi,Cochin,DEL → MAA → COK,06:05,11:20,5h 15m,1 stop,No info,5583
GoAir,24/06/2019,Kolkata,Banglore,CCU → BLR,15:20,17:55,2h 35m,non-stop,No info,3514
Multiple carriers,1/06/2019,Delhi,Cochin,DEL → BOM → COK,09:15,19:00,9h 45m,1 stop,No info,12042
SpiceJet,6/05/2019,Banglore,Delhi,BLR → DEL,21:10,00:05 07 May,2h 55m,non-stop,No check-in baggage included,3573
SpiceJet,9/05/2019,Chennai,Kolkata,MAA → CCU,08:20,10:35,2h 15m,non-stop,No info,3911
Jet Airways,12/05/2019,Kolkata,Banglore,CCU → BOM → BLR,14:05,19:50,5h 45m,1 stop,In-flight meal not included,10844
Jet Airways,12/03/2019,Banglore,New Delhi,BLR → BOM → DEL,20:35,10:45 13 Mar,14h 10m,1 stop,In-flight meal not included,11087
SpiceJet,18/06/2019,Kolkata,Banglore,CCU → BLR,06:55,09:30,2h 35m,non-stop,No info,3873
Jet Airways,01/03/2019,Banglore,New Delhi,BLR → BOM → DEL,22:50,10:25 02 Mar,11h 35m,1 stop,1 Long layover,31825
Jet Airways,1/05/2019,Kolkata,Banglore,CCU → DEL → BLR,09:35,09:45 02 May,24h 10m,1 stop,In-flight meal not included,9314
Jet Airways,9/06/2019,Kolkata,Banglore,CCU → DEL → BLR,20:25,22:05 10 Jun,25h 40m,1 stop,In-flight meal not included,10539
Jet Airways,9/03/2019,Delhi,Cochin,DEL → BOM → COK,16:00,18:50 10 Mar,26h 50m,1 stop,In-flight meal not included,14053
Jet Airways,6/06/2019,Kolkata,Banglore,CCU → DEL → BLR,09:35,19:10,9h 35m,1 stop,In-flight meal not included,13469
IndiGo,27/04/2019,Delhi,Cochin,DEL → HYD → COK,08:35,16:10,7h 35m,1 stop,No info,6442
IndiGo,24/05/2019,Banglore,Delhi,BLR → DEL,13:00,15:50,2h 50m,non-stop,No info,4990
Multiple carriers,15/06/2019,Delhi,Cochin,DEL → BOM → COK,09:00,21:00,12h,1 stop,No info,7933
Multiple carriers,21/03/2019,Delhi,Cochin,DEL → BOM → COK,13:00,01:35 22 Mar,12h 35m,1 stop,No info,8098
Vistara,01/03/2019,Banglore,New Delhi,BLR → DEL,21:10,00:05 02 Mar,2h 55m,non-stop,No info,21730
IndiGo,24/05/2019,Banglore,Delhi,BLR → DEL,04:00,06:50,2h 50m,non-stop,No info,3943
SpiceJet,12/05/2019,Banglore,Delhi,BLR → DEL,05:55,08:35,2h 40m,non-stop,No info,3311
Air India,6/06/2019,Kolkata,Banglore,CCU → DEL → COK → BLR,10:00,01:20 07 Jun,15h 20m,2 stops,No info,13033
Jet Airways,12/05/2019,Banglore,Delhi,BLR → DEL,11:10,14:05,2h 55m,non-stop,No info,7229
Jet Airways,21/03/2019,Banglore,New Delhi,BLR → BOM → DEL,07:00,21:20,14h 20m,1 stop,In-flight meal not included,7832
Vistara,27/05/2019,Chennai,Kolkata,MAA → CCU,17:45,20:05,2h 20m,non-stop,No info,11982
Multiple carriers,6/06/2019,Delhi,Cochin,DEL → BOM → COK,10:00,19:00,9h,1 stop,No info,12717
Multiple carriers,3/06/2019,Delhi,Cochin,DEL → BOM → COK,18:15,01:30 04 Jun,7h 15m,1 stop,No info,13377
Air India,1/04/2019,Banglore,Delhi,BLR → DEL,21:05,23:55,2h 50m,non-stop,No info,4441
Air India,27/03/2019,Delhi,Cochin,DEL → HYD → BOM → COK,13:05,07:40 28 Mar,18h 35m,2 stops,No info,8892
Jet Airways,24/06/2019,Delhi,Cochin,DEL → NAG → BOM → COK,06:45,04:25 25 Jun,21h 40m,2 stops,No info,13376
Jet Airways,24/06/2019,Delhi,Cochin,DEL → BOM → COK,09:00,19:00,10h,1 stop,No info,18371
Air India,9/04/2019,Delhi,Cochin,DEL → MAA → COK,20:40,09:25 10 Apr,12h 45m,1 stop,No info,4487
Air India,1/06/2019,Mumbai,Hyderabad,BOM → HYD,06:20,07:40,1h 20m,non-stop,No info,3100
SpiceJet,6/06/2019,Mumbai,Hyderabad,BOM → HYD,13:15,14:45,1h 30m,non-stop,No info,2017
IndiGo,3/04/2019,Mumbai,Hyderabad,BOM → HYD,12:00,13:30,1h 30m,non-stop,No info,2754
Jet Airways,3/03/2019,Mumbai,Hyderabad,BOM → HYD,19:35,21:05,1h 30m,non-stop,No info,5678
Jet Airways,24/06/2019,Delhi,Cochin,DEL → AMD → BOM → COK,23:05,19:00 25 Jun,19h 55m,2 stops,No info,12819
Jet Airways,15/06/2019,Delhi,Cochin,DEL → IDR → BOM → COK,09:35,04:25 16 Jun,18h 50m,2 stops,No info,13292
IndiGo,1/06/2019,Delhi,Cochin,DEL → BOM → COK,20:25,01:30 02 Jun,5h 5m,1 stop,No info,6593
Vistara,24/04/2019,Banglore,Delhi,BLR → DEL,11:30,14:20,2h 50m,non-stop,No info,5403
Jet Airways,27/03/2019,Delhi,Cochin,DEL → IDR → BOM → COK,05:25,18:50,13h 25m,2 stops,In-flight meal not included,9254
Air India,15/05/2019,Delhi,Cochin,DEL → JDH → BOM → COK,12:55,19:15 16 May,30h 20m,2 stops,No info,13486
Air India,6/06/2019,Mumbai,Hyderabad,BOM → HYD,19:30,20:45,1h 15m,non-stop,No info,3100
Jet Airways,9/05/2019,Kolkata,Banglore,CCU → DEL → BLR,20:25,09:45 10 May,13h 20m,1 stop,In-flight meal not included,10703
Jet Airways,6/06/2019,Banglore,Delhi,BLR → DEL,07:10,10:10,3h,non-stop,In-flight meal not included,6478
Multiple carriers,18/05/2019,Delhi,Cochin,DEL → BOM → COK,13:00,21:00,8h,1 stop,No info,9385
Air India,9/03/2019,Delhi,Cochin,DEL → HYD → BOM → COK,21:30,19:15 10 Mar,21h 45m,2 stops,No info,11762
Jet Airways,12/05/2019,Kolkata,Banglore,CCU → DEL → BLR,09:35,19:10,9h 35m,1 stop,No info,14151
Air India,24/03/2019,Mumbai,Hyderabad,BOM → HYD,15:00,16:25,1h 25m,non-stop,No info,2050
Jet Airways,12/06/2019,Delhi,Cochin,DEL → LKO → BOM → COK,11:45,04:25 13 Jun,16h 40m,2 stops,No info,13882
Jet Airways,21/05/2019,Delhi,Cochin,DEL → BOM → COK,02:15,12:35,10h 20m,1 stop,In-flight meal not included,12898
IndiGo,6/03/2019,Delhi,Cochin,DEL → BOM → COK,11:30,21:00,9h 30m,1 stop,No info,14871
Multiple carriers,3/06/2019,Delhi,Cochin,DEL → BOM → COK,08:00,21:00,13h,1 stop,No info,13797
IndiGo,18/04/2019,Kolkata,Banglore,CCU → BLR,11:30,14:05,2h 35m,non-stop,No info,5224
Jet Airways,12/06/2019,Banglore,Delhi,BLR → DEL,18:55,22:00,3h 5m,non-stop,In-flight meal not included,5769
Multiple carriers,21/03/2019,Delhi,Cochin,DEL → BOM → COK,10:45,18:50,8h 5m,1 stop,No info,11622
Air India,12/03/2019,Banglore,New Delhi,BLR → BOM → NAG → DEL,08:50,10:15 13 Mar,25h 25m,2 stops,No info,12778
Multiple carriers,15/05/2019,Delhi,Cochin,DEL → BOM → COK,08:45,19:00,10h 15m,1 stop,No info,9794
SpiceJet,6/05/2019,Mumbai,Hyderabad,BOM → HYD,13:15,14:45,1h 30m,non-stop,No info,2017
Jet Airways,27/03/2019,Delhi,Cochin,DEL → AMD → BOM → COK,19:10,04:25 29 Mar,33h 15m,2 stops,In-flight meal not included,6643
Jet Airways,6/06/2019,Kolkata,Banglore,CCU → DEL → BLR,09:35,21:05,11h 30m,1 stop,In-flight meal not included,13469
GoAir,01/03/2019,Banglore,New Delhi,BLR → DEL,20:55,23:50,2h 55m,non-stop,No info,18558
Air India,21/05/2019,Delhi,Cochin,DEL → HYD → MAA → COK,07:05,09:25 22 May,26h 20m,2 stops,No info,10975
IndiGo,03/03/2019,Banglore,New Delhi,BLR → DEL,18:25,21:20,2h 55m,non-stop,No info,8855
GoAir,12/04/2019,Banglore,Delhi,BLR → DEL,11:40,14:30,2h 50m,non-stop,No info,4937
Jet Airways,1/04/2019,Kolkata,Banglore,CCU → BOM → BLR,20:00,12:00 02 Apr,16h,1 stop,No info,12681
IndiGo,27/03/2019,Delhi,Cochin,DEL → BOM → COK,20:30,01:35 28 Mar,5h 5m,1 stop,No info,5073
Jet Airways,3/06/2019,Mumbai,Hyderabad,BOM → HYD,10:20,11:50,1h 30m,non-stop,No info,8040
IndiGo,3/04/2019,Kolkata,Banglore,CCU → BLR,11:30,14:05,2h 35m,non-stop,No info,4174
Multiple carriers Premium economy,21/03/2019,Delhi,Cochin,DEL → BOM → COK,06:00,15:30,9h 30m,1 stop,No info,11269
Air India,15/06/2019,Delhi,Cochin,DEL → HYD → BOM → COK,13:15,19:15 16 Jun,30h,2 stops,No info,12182
Jet Airways,1/06/2019,Mumbai,Hyderabad,BOM → HYD,02:55,04:20,1h 25m,non-stop,No info,5678
Air India,03/03/2019,Banglore,New Delhi,BLR → HYD → DEL,08:15,08:50 07 Mar,24h 35m,1 stop,No info,6781
Jet Airways,12/06/2019,Mumbai,Hyderabad,BOM → HYD,19:35,21:05,1h 30m,non-stop,No info,5678
Multiple carriers,27/06/2019,Delhi,Cochin,DEL → BOM → COK,06:00,19:00,13h,1 stop,In-flight meal not included,10791
Air India,27/04/2019,Delhi,Cochin,DEL → TRV → COK,05:15,06:50 28 Apr,25h 35m,1 stop,No info,6587
Air India,18/03/2019,Banglore,New Delhi,BLR → BOM → NAG → DEL,17:25,10:35 16 Mar,17h 10m,2 stops,No info,12568
IndiGo,9/03/2019,Delhi,Cochin,DEL → TRV → COK,21:05,01:45 10 Mar,4h 40m,1 stop,No info,6937
Jet Airways,6/03/2019,Delhi,Cochin,DEL → BOM → COK,16:00,19:45 07 Mar,27h 45m,1 stop,No info,17024
Jet Airways,9/06/2019,Delhi,Cochin,DEL → BOM → COK,22:50,19:00 10 Jun,20h 10m,1 stop,No info,14714
Jet Airways,9/06/2019,Delhi,Cochin,DEL → BHO → BOM → COK,05:30,12:35,7h 5m,2 stops,In-flight meal not included,13344
Vistara,15/05/2019,Kolkata,Banglore,CCU → DEL → BLR,20:20,18:50 16 May,22h 30m,1 stop,No info,9345
SpiceJet,21/03/2019,Mumbai,Hyderabad,BOM → HYD,05:45,07:05,1h 20m,non-stop,No info,3173
Multiple carriers,9/03/2019,Delhi,Cochin,DEL → HYD → COK,13:15,22:20,9h 5m,1 stop,No info,9856
Air India,21/05/2019,Delhi,Cochin,DEL → BOM → COK,08:00,19:15,11h 15m,1 stop,No info,8372
IndiGo,24/05/2019,Delhi,Cochin,DEL → HYD → COK,14:20,22:30,8h 10m,1 stop,No info,7640
IndiGo,3/06/2019,Mumbai,Hyderabad,BOM → HYD,06:25,07:55,1h 30m,non-stop,No info,4049
Jet Airways,18/04/2019,Banglore,Delhi,BLR → DEL,18:55,22:00,3h 5m,non-stop,No info,7229
Jet Airways,21/05/2019,Kolkata,Banglore,CCU → DEL → BLR,09:35,09:45 22 May,24h 10m,1 stop,No info,13067
Jet Airways,9/03/2019,Delhi,Cochin,DEL → BOM → COK,16:00,18:50 10 Mar,26h 50m,1 stop,No info,16289
Jet Airways,24/05/2019,Kolkata,Banglore,CCU → GAU → BLR,10:20,17:35,7h 15m,1 stop,No info,8781
Jet Airways,21/05/2019,Kolkata,Banglore,CCU → BOM → BLR,18:55,16:20 22 May,21h 25m,1 stop,In-flight meal not included,10844
Multiple carriers,15/05/2019,Delhi,Cochin,DEL → BOM → COK,12:50,01:30 16 May,12h 40m,1 stop,No info,7670
Jet Airways,12/03/2019,Banglore,New Delhi,BLR → BOM → DEL,16:55,10:45 13 Mar,17h 50m,1 stop,No info,13817
SpiceJet,1/06/2019,Kolkata,Banglore,CCU → BLR,06:55,09:30,2h 35m,non-stop,No info,3873
Air India,12/05/2019,Kolkata,Banglore,CCU → GAU → DEL → BLR,16:45,16:15 13 May,23h 30m,2 stops,No info,13437
Jet Airways,27/03/2019,Delhi,Cochin,DEL → BOM → COK,11:30,04:25 28 Mar,16h 55m,1 stop,In-flight meal not included,6017
Jet Airways,21/03/2019,Delhi,Cochin,DEL → BOM → COK,07:05,12:35,5h 30m,1 stop,In-flight meal not included,14053
Air India,6/05/2019,Delhi,Cochin,DEL → GOI → BOM → COK,22:00,19:15 07 May,21h 15m,2 stops,No info,11701
Multiple carriers,18/05/2019,Delhi,Cochin,DEL → BOM → COK,13:00,01:30 19 May,12h 30m,1 stop,No info,9385
Air India,12/03/2019,Mumbai,Hyderabad,BOM → MAA → HYD,05:55,20:35,14h 40m,1 stop,No info,6901
Multiple carriers,3/03/2019,Delhi,Cochin,DEL → HYD → COK,07:05,22:20,15h 15m,1 stop,No info,10478
Jet Airways,18/05/2019,Delhi,Cochin,DEL → BOM → COK,09:00,19:00,10h,1 stop,No info,15554
IndiGo,24/03/2019,Kolkata,Banglore,CCU → IXA → BLR,14:30,20:10,5h 40m,1 stop,No info,9413
Multiple carriers,24/06/2019,Delhi,Cochin,DEL → BOM → COK,10:20,21:00,10h 40m,1 stop,In-flight meal not included,6007
SpiceJet,1/03/2019,Kolkata,Banglore,CCU → BLR,06:55,09:35,2h 40m,non-stop,No info,4622
IndiGo,24/06/2019,Delhi,Cochin,DEL → HYD → COK,06:50,16:10,9h 20m,1 stop,No info,6442
Jet Airways,6/03/2019,Delhi,Cochin,DEL → BOM → COK,09:00,18:50,9h 50m,1 stop,In-flight meal not included,15400
IndiGo,15/06/2019,Delhi,Cochin,DEL → BOM → COK,08:30,21:00,12h 30m,1 stop,No info,6416
IndiGo,1/06/2019,Kolkata,Banglore,CCU → BLR,20:20,22:55,2h 35m,non-stop,No info,4804
SpiceJet,9/05/2019,Kolkata,Banglore,CCU → BLR,09:00,11:25,2h 25m,non-stop,No info,3873
IndiGo,24/05/2019,Kolkata,Banglore,CCU → BBI → BLR,19:35,23:15,3h 40m,1 stop,No info,4226
Multiple carriers,24/06/2019,Delhi,Cochin,DEL → BOM → COK,08:45,19:15,10h 30m,1 stop,No info,9001
Jet Airways,6/06/2019,Kolkata,Banglore,CCU → DEL → BLR,17:00,23:35,6h 35m,1 stop,In-flight meal not included,13469
Jet Airways,9/06/2019,Delhi,Cochin,DEL → BOM → COK,08:00,19:00,11h,1 stop,In-flight meal not included,10262
IndiGo,1/05/2019,Banglore,Delhi,BLR → DEL,23:30,02:20 02 May,2h 50m,non-stop,No info,4591
Air India,27/06/2019,Delhi,Cochin,DEL → BOM → COK,13:00,19:15,6h 15m,1 stop,No info,8372
Air India,12/04/2019,Banglore,Delhi,BLR → DEL,21:05,23:55,2h 50m,non-stop,No info,5911
Air India,21/03/2019,Delhi,Cochin,DEL → CCU → BOM → COK,06:50,07:40 22 Mar,24h 50m,2 stops,No info,11071
SpiceJet,27/05/2019,Banglore,Delhi,BLR → DEL,05:55,08:35,2h 40m,non-stop,No check-in baggage included,3257
SpiceJet,6/05/2019,Chennai,Kolkata,MAA → CCU,17:45,20:05,2h 20m,non-stop,No check-in baggage included,3543
Air India,27/06/2019,Delhi,Cochin,DEL → MAA → COK,12:30,09:25 28 Jun,20h 55m,1 stop,No info,7480
Jet Airways,12/06/2019,Delhi,Cochin,DEL → COK,11:00,14:15,3h 15m,non-stop,No info,9564
IndiGo,1/03/2019,Kolkata,Banglore,CCU → BLR,17:15,19:55,2h 40m,non-stop,No info,6565
Jet Airways,9/05/2019,Delhi,Cochin,DEL → IDR → BOM → COK,21:25,12:35 10 May,15h 10m,2 stops,In-flight meal not included,11507
Jet Airways,24/06/2019,Banglore,Delhi,BLR → DEL,18:55,22:00,3h 5m,non-stop,No info,8016
Air India,27/05/2019,Banglore,Delhi,BLR → DEL,13:20,16:10,2h 50m,non-stop,No info,5228
Air India,27/06/2019,Delhi,Cochin,DEL → BLR → COK,17:40,23:00,5h 20m,1 stop,No info,7174
Air India,03/03/2019,Banglore,New Delhi,BLR → HBX → BOM → AMD → DEL,12:00,23:55,11h 55m,3 stops,No info,10573
SpiceJet,3/06/2019,Kolkata,Banglore,CCU → BLR,06:55,09:30,2h 35m,non-stop,No check-in baggage included,3841
Jet Airways,21/05/2019,Kolkata,Banglore,CCU → DEL → BLR,09:35,22:05,12h 30m,1 stop,No info,13067
IndiGo,27/03/2019,Delhi,Cochin,DEL → COK,14:30,17:35,3h 5m,non-stop,No info,4729
Multiple carriers,3/06/2019,Delhi,Cochin,DEL → BOM → COK,08:45,21:00,12h 15m,1 stop,No info,7740
IndiGo,27/04/2019,Banglore,Delhi,BLR → DEL,10:10,13:00,2h 50m,non-stop,No info,4423
Jet Airways,24/05/2019,Kolkata,Banglore,CCU → BOM → BLR,18:55,19:50 25 May,24h 55m,1 stop,In-flight meal not included,10844
Air India,3/04/2019,Banglore,Delhi,BLR → DEL,13:20,16:10,2h 50m,non-stop,No info,5176
SpiceJet,12/06/2019,Kolkata,Banglore,CCU → KNU → BLR,11:35,18:50,7h 15m,1 stop,No info,8479
Jet Airways,21/03/2019,Delhi,Cochin,DEL → IXC → BOM → COK,06:20,04:25 22 Mar,22h 5m,2 stops,In-flight meal not included,8273
Jet Airways,9/03/2019,Delhi,Cochin,DEL → BOM → COK,02:15,19:45,17h 30m,1 stop,No info,15764
IndiGo,15/05/2019,Mumbai,Hyderabad,BOM → HYD,21:20,22:50,1h 30m,non-stop,No info,2227
Multiple carriers,6/03/2019,Delhi,Cochin,DEL → BOM → COK,09:10,19:15,10h 5m,1 stop,No info,15077
Jet Airways,9/05/2019,Delhi,Cochin,DEL → AMD → BOM → COK,13:25,12:35 10 May,23h 10m,2 stops,No info,15129
IndiGo,6/03/2019,Mumbai,Hyderabad,BOM → HYD,21:20,22:45,1h 25m,non-stop,No info,4784
Air India,21/04/2019,Delhi,Cochin,DEL → BLR → COK,06:10,23:00,16h 50m,1 stop,No info,7174
Jet Airways,12/06/2019,Kolkata,Banglore,CCU → BOM → BLR,20:00,09:20 13 Jun,13h 20m,1 stop,No info,13044
Air India,3/03/2019,Delhi,Cochin,DEL → BOM → COK,04:00,07:40 04 Mar,27h 40m,1 stop,No info,14462
IndiGo,1/03/2019,Chennai,Kolkata,MAA → CCU,14:40,17:05,2h 25m,non-stop,No info,7295
IndiGo,3/06/2019,Banglore,Delhi,BLR → DEL,08:30,11:20,2h 50m,non-stop,No info,4823
Multiple carriers,15/05/2019,Delhi,Cochin,DEL → BOM → COK,10:20,19:00,8h 40m,1 stop,No info,9794
Jet Airways,6/06/2019,Kolkata,Banglore,CCU → BOM → BLR,20:00,04:40 07 Jun,8h 40m,1 stop,In-flight meal not included,8586
Jet Airways,1/05/2019,Kolkata,Banglore,CCU → DEL → BLR,09:35,22:05,12h 30m,1 stop,No info,12121
IndiGo,21/06/2019,Banglore,Delhi,BLR → DEL,18:15,21:20,3h 5m,non-stop,No info,4990
Air India,1/05/2019,Kolkata,Banglore,CCU → DEL → COK → BLR,17:30,13:45 02 May,20h 15m,2 stops,No info,15164
Multiple carriers,27/05/2019,Delhi,Cochin,DEL → BOM → COK,08:45,19:15,10h 30m,1 stop,No info,10051
Air India,21/05/2019,Kolkata,Banglore,CCU → BOM → COK → BLR,09:25,13:45 22 May,28h 20m,2 stops,No info,11542
Jet Airways,15/06/2019,Delhi,Cochin,DEL → BDQ → BOM → COK,18:25,04:25 16 Jun,10h,2 stops,No info,14237
IndiGo,27/05/2019,Delhi,Cochin,DEL → BOM → COK,09:15,01:30 28 May,16h 15m,1 stop,No info,6628
Jet Airways,15/06/2019,Delhi,Cochin,DEL → NAG → BOM → COK,14:35,04:25 16 Jun,13h 50m,2 stops,In-flight meal not included,10919
Jet Airways,9/05/2019,Delhi,Cochin,DEL → AMD → BOM → COK,13:25,04:25 10 May,15h,2 stops,No info,16704
Jet Airways,21/05/2019,Kolkata,Banglore,CCU → DEL → BLR,09:35,19:10,9h 35m,1 stop,No info,13067
Jet Airways,6/03/2019,Delhi,Cochin,DEL → AMD → BOM → COK,19:10,19:45 07 Mar,24h 35m,2 stops,No info,19329
Air Asia,12/05/2019,Banglore,Delhi,BLR → DEL,04:55,07:45,2h 50m,non-stop,No info,4282
IndiGo,12/06/2019,Kolkata,Banglore,CCU → MAA → BLR,08:10,13:00,4h 50m,1 stop,No info,5069
Multiple carriers,6/06/2019,Delhi,Cochin,DEL → BOM → COK,14:00,01:30 07 Jun,11h 30m,1 stop,No info,13377
GoAir,9/05/2019,Delhi,Cochin,DEL → AMD → COK,07:25,13:35,6h 10m,1 stop,No info,5842
IndiGo,12/05/2019,Kolkata,Banglore,CCU → BLR,21:25,00:05 13 May,2h 40m,non-stop,No info,4804
Vistara,12/03/2019,Mumbai,Hyderabad,BOM → DEL → HYD,08:45,22:55,14h 10m,1 stop,No info,12080
Jet Airways,27/03/2019,Delhi,Cochin,DEL → IXC → BOM → COK,06:20,04:25 28 Mar,22h 5m,2 stops,No info,12273
Air India,03/03/2019,Banglore,New Delhi,BLR → BOM → NAG → DEL,06:45,10:35 07 Mar,27h 50m,2 stops,No info,12358
GoAir,27/03/2019,Delhi,Cochin,DEL → AMD → COK,06:00,13:20,7h 20m,1 stop,No info,4563
SpiceJet,27/06/2019,Banglore,Delhi,BLR → DEL,21:10,00:05 28 Jun,2h 55m,non-stop,No check-in baggage included,4319
Jet Airways,21/05/2019,Kolkata,Banglore,CCU → BOM → BLR,06:30,10:05 22 May,27h 35m,1 stop,In-flight meal not included,8586
Air India,1/05/2019,Kolkata,Banglore,CCU → DEL → BLR,10:00,20:25,10h 25m,1 stop,No info,10203
Jet Airways,18/05/2019,Delhi,Cochin,DEL → BOM → COK,21:50,12:35 19 May,14h 45m,1 stop,In-flight meal not included,12373
IndiGo,3/03/2019,Delhi,Cochin,DEL → BOM → COK,08:25,21:00,12h 35m,1 stop,No info,14871
IndiGo,24/04/2019,Kolkata,Banglore,CCU → BLR,22:15,00:50 25 Apr,2h 35m,non-stop,No info,4804
GoAir,1/05/2019,Delhi,Cochin,DEL → AMD → COK,07:25,13:35,6h 10m,1 stop,No info,5842
Multiple carriers,27/06/2019,Delhi,Cochin,DEL → BOM → COK,13:00,01:30 28 Jun,12h 30m,1 stop,No info,13377
Vistara,12/03/2019,Mumbai,Hyderabad,BOM → DEL → HYD,08:45,16:45,8h,1 stop,No info,12080
IndiGo,18/05/2019,Kolkata,Banglore,CCU → BLR,11:30,14:05,2h 35m,non-stop,No info,4804
Jet Airways,12/05/2019,Kolkata,Banglore,CCU → BOM → BLR,21:10,12:00 13 May,14h 50m,1 stop,No info,14388
SpiceJet,9/05/2019,Mumbai,Hyderabad,BOM → HYD,22:45,00:15 10 May,1h 30m,non-stop,No check-in baggage included,1965
Air Asia,27/05/2019,Delhi,Cochin,DEL → BLR → COK,07:55,15:45,7h 50m,1 stop,No info,6451
IndiGo,24/03/2019,Banglore,New Delhi,BLR → DEL,23:30,02:20 22 Mar,2h 50m,non-stop,No info,4944
Vistara,03/03/2019,Banglore,New Delhi,BLR → DEL,09:50,12:35,2h 45m,non-stop,No info,8028
Air India,18/05/2019,Delhi,Cochin,DEL → BOM → COK,21:00,07:40 19 May,10h 40m,1 stop,No info,8372
Air India,15/03/2019,Banglore,New Delhi,BLR → HYD → VGA → DEL,08:15,11:20 16 Mar,27h 5m,2 stops,No info,8534
Vistara,03/03/2019,Banglore,New Delhi,BLR → DEL,07:00,09:40,2h 40m,non-stop,No info,8028
Vistara,01/03/2019,Banglore,New Delhi,BLR → AMD → DEL,06:40,21:55,15h 15m,1 stop,No info,18387
Jet Airways,15/06/2019,Delhi,Cochin,DEL → BOM → COK,09:00,19:00,10h,1 stop,In-flight meal not included,10262
Jet Airways,21/04/2019,Banglore,Delhi,BLR → DEL,07:10,10:10,3h,non-stop,No info,7229
SpiceJet,6/03/2019,Kolkata,Banglore,CCU → BLR,22:20,00:40 07 Mar,2h 20m,non-stop,No info,3849
Multiple carriers,6/03/2019,Delhi,Cochin,DEL → BOM → COK,08:00,15:30,7h 30m,1 stop,No info,15078
IndiGo,12/05/2019,Kolkata,Banglore,CCU → HYD → BLR,19:20,23:45,4h 25m,1 stop,No info,4205
Air India,18/03/2019,Kolkata,Banglore,CCU → BLR,20:45,23:20,2h 35m,non-stop,No info,4435
Jet Airways,9/06/2019,Delhi,Cochin,DEL → BOM → COK,11:30,12:35 10 Jun,25h 5m,1 stop,In-flight meal not included,10262
SpiceJet,6/06/2019,Mumbai,Hyderabad,BOM → HYD,13:15,14:45,1h 30m,non-stop,No check-in baggage included,1965
IndiGo,18/03/2019,Delhi,Cochin,DEL → COK,21:05,00:20 19 Mar,3h 15m,non-stop,No info,5021
Air Asia,01/03/2019,Banglore,New Delhi,BLR → DEL,05:50,08:40,2h 50m,non-stop,No info,10715
Jet Airways,9/05/2019,Delhi,Cochin,DEL → AMD → BOM → COK,13:25,19:00 10 May,29h 35m,2 stops,No info,15129
Jet Airways,21/05/2019,Kolkata,Banglore,CCU → BOM → BLR,06:30,08:15 22 May,25h 45m,1 stop,No info,13941
Jet Airways,3/06/2019,Delhi,Cochin,DEL → IDR → BOM → COK,21:25,19:00 04 Jun,21h 35m,2 stops,In-flight meal not included,11507
Vistara,15/06/2019,Chennai,Kolkata,MAA → CCU,17:45,20:05,2h 20m,non-stop,No info,11982
Jet Airways,1/04/2019,Banglore,Delhi,BLR → DEL,11:10,14:05,2h 55m,non-stop,No info,7229
IndiGo,15/03/2019,Banglore,New Delhi,BLR → DEL,22:20,01:10 16 Mar,2h 50m,non-stop,No info,8855
Multiple carriers,27/03/2019,Delhi,Cochin,DEL → HYD → COK,13:05,22:20,9h 15m,1 stop,No info,6076
Multiple carriers,3/03/2019,Delhi,Cochin,DEL → BOM → COK,07:00,15:30,8h 30m,1 stop,No info,15603
IndiGo,3/03/2019,Kolkata,Banglore,CCU → BLR,22:10,00:55 04 Mar,2h 45m,non-stop,No info,5618
Jet Airways,27/06/2019,Delhi,Cochin,DEL → JAI → BOM → COK,09:40,19:00,9h 20m,2 stops,In-flight meal not included,10368
Jet Airways,9/06/2019,Delhi,Cochin,DEL → BOM → COK,19:45,12:35 10 Jun,16h 50m,1 stop,In-flight meal not included,10577
Jet Airways,1/06/2019,Delhi,Cochin,DEL → BOM → COK,21:50,12:35 02 Jun,14h 45m,1 stop,No info,14714
Jet Airways,9/05/2019,Kolkata,Banglore,CCU → BOM → BLR,20:00,10:05 10 May,14h 5m,1 stop,No info,13584
Jet Airways,3/06/2019,Delhi,Cochin,DEL → BOM → COK,08:00,19:00,11h,1 stop,No info,14924
Multiple carriers,21/05/2019,Delhi,Cochin,DEL → BOM → COK,06:00,21:00,15h,1 stop,No info,7485
Jet Airways,21/03/2019,Delhi,Cochin,DEL → BOM → COK,17:30,18:50 22 Mar,25h 20m,1 stop,No info,12557
Jet Airways,18/03/2019,Banglore,New Delhi,BLR → BOM → DEL,14:05,19:10,5h 5m,1 stop,In-flight meal not included,13502
Jet Airways,1/06/2019,Delhi,Cochin,DEL → ATQ → BOM → COK,20:00,04:25 02 Jun,8h 25m,2 stops,In-flight meal not included,15318
Multiple carriers,3/03/2019,Delhi,Cochin,DEL → BOM → COK,18:15,01:35 04 Mar,7h 20m,1 stop,No info,18916
Jet Airways,18/05/2019,Kolkata,Banglore,CCU → DEL → BLR,09:35,18:00,8h 25m,1 stop,No info,14151
IndiGo,21/05/2019,Kolkata,Banglore,CCU → PNQ → BLR,21:00,02:15 22 May,5h 15m,1 stop,No info,7228
Air India,21/05/2019,Kolkata,Banglore,CCU → BOM → AMD → BLR,09:25,05:25 22 May,20h,2 stops,No info,14687
IndiGo,1/06/2019,Delhi,Cochin,DEL → HYD → COK,06:50,12:10,5h 20m,1 stop,No info,5298
Air India,3/03/2019,Delhi,Cochin,DEL → HYD → BOM → COK,07:05,19:15 04 Mar,36h 10m,2 stops,No info,11762
IndiGo,12/03/2019,Kolkata,Banglore,CCU → BLR,14:20,16:55,2h 35m,non-stop,No info,4148
Vistara,6/05/2019,Kolkata,Banglore,CCU → DEL → BLR,17:00,20:20 07 May,27h 20m,1 stop,No info,8610
Jet Airways,3/06/2019,Delhi,Cochin,DEL → BOM → COK,15:00,04:25 04 Jun,13h 25m,1 stop,No info,14714
Jet Airways,24/06/2019,Delhi,Cochin,DEL → IDR → BOM → COK,09:35,04:25 25 Jun,18h 50m,2 stops,No info,13292
Multiple carriers,24/06/2019,Delhi,Cochin,DEL → BOM → COK,07:00,21:00,14h,1 stop,No info,7618
IndiGo,27/06/2019,Delhi,Cochin,DEL → BLR → COK,15:10,20:00,4h 50m,1 stop,No info,6147
Jet Airways,1/05/2019,Banglore,Delhi,BLR → DEL,17:45,20:45,3h,non-stop,In-flight meal not included,4030
Jet Airways,18/05/2019,Kolkata,Banglore,CCU → BOM → BLR,14:05,10:05 19 May,20h,1 stop,In-flight meal not included,9663
Jet Airways,1/05/2019,Banglore,Delhi,BLR → DEL,15:15,18:10,2h 55m,non-stop,In-flight meal not included,4544
Jet Airways,21/03/2019,Delhi,Cochin,DEL → AMD → BOM → COK,19:10,18:50 22 Mar,23h 40m,2 stops,No info,9483
Jet Airways,12/03/2019,Banglore,New Delhi,BLR → BOM → DEL,22:55,11:25 13 Mar,12h 30m,1 stop,No info,13817
Multiple carriers,21/05/2019,Delhi,Cochin,DEL → BOM → COK,18:00,01:30 22 May,7h 30m,1 stop,No info,7888
Jet Airways,12/03/2019,Banglore,New Delhi,BLR → BOM → DEL,18:55,16:10 13 Mar,21h 15m,1 stop,In-flight meal not included,11087
Jet Airways,27/03/2019,Delhi,Cochin,DEL → BOM → COK,09:55,18:50,8h 55m,1 stop,No info,12032
Jet Airways,21/03/2019,Banglore,New Delhi,BLR → BOM → DEL,11:40,20:20,8h 40m,1 stop,In-flight meal not included,7832
IndiGo,9/03/2019,Delhi,Cochin,DEL → MAA → COK,02:05,07:10,5h 5m,1 stop,No info,10482
IndiGo,24/06/2019,Delhi,Cochin,DEL → HYD → COK,05:05,16:10,11h 5m,1 stop,No info,6442
Jet Airways,21/03/2019,Banglore,New Delhi,BLR → BOM → DEL,11:40,11:25 19 Mar,23h 45m,1 stop,In-flight meal not included,7832
Jet Airways,3/06/2019,Delhi,Cochin,DEL → COK,11:00,14:15,3h 15m,non-stop,In-flight meal not included,7202
Multiple carriers,18/05/2019,Delhi,Cochin,DEL → BOM → COK,15:00,01:30 19 May,10h 30m,1 stop,No info,13727
Jet Airways,12/06/2019,Banglore,Delhi,BLR → DEL,19:50,22:50,3h,non-stop,In-flight meal not included,5769
SpiceJet,6/05/2019,Kolkata,Banglore,CCU → KNU → BLR,11:35,18:50,7h 15m,1 stop,No info,8479
Multiple carriers,27/03/2019,Delhi,Cochin,DEL → BOM → COK,07:30,19:15,11h 45m,1 stop,No info,8371
IndiGo,15/05/2019,Delhi,Cochin,DEL → BOM → COK,04:55,21:00,16h 5m,1 stop,No info,6979
Multiple carriers,9/06/2019,Delhi,Cochin,DEL → BOM → COK,09:00,21:00,12h,1 stop,No info,7408
Air India,6/03/2019,Mumbai,Hyderabad,BOM → BHO → DEL → HYD,06:00,19:25 07 Mar,37h 25m,2 stops,No info,13904
Jet Airways,01/03/2019,Banglore,New Delhi,BLR → BOM → DEL,14:05,21:20,7h 15m,1 stop,No info,36235
Multiple carriers,27/06/2019,Delhi,Cochin,DEL → BOM → COK,13:00,21:00,8h,1 stop,No info,7408
SpiceJet,6/05/2019,Mumbai,Hyderabad,BOM → HYD,05:45,07:15,1h 30m,non-stop,No check-in baggage included,1965
IndiGo,9/05/2019,Delhi,Cochin,DEL → HYD → COK,06:50,12:10,5h 20m,1 stop,No info,5298
Jet Airways,18/03/2019,Mumbai,Hyderabad,BOM → HYD,15:50,17:20,1h 30m,non-stop,In-flight meal not included,2228
Multiple carriers,3/06/2019,Delhi,Cochin,DEL → IXU → BOM → COK,17:50,01:30 04 Jun,7h 40m,2 stops,No info,18275
Air India,24/06/2019,Delhi,Cochin,DEL → CCU → BOM → COK,20:15,19:15 25 Jun,23h,2 stops,No info,13381
Air India,24/06/2019,Delhi,Cochin,DEL → AMD → BOM → COK,19:45,19:15 25 Jun,23h 30m,2 stops,No info,9443
Jet Airways,18/03/2019,Banglore,New Delhi,BLR → BOM → DEL,07:00,15:15,8h 15m,1 stop,No info,12284
Jet Airways,15/06/2019,Delhi,Cochin,DEL → JAI → BOM → COK,05:30,19:00,13h 30m,2 stops,In-flight meal not included,10368
Jet Airways,15/05/2019,Banglore,Delhi,BLR → DEL,17:45,20:45,3h,non-stop,In-flight meal not included,4030
Jet Airways,24/03/2019,Kolkata,Banglore,CCU → BOM → BLR,21:10,04:45 25 Mar,7h 35m,1 stop,No info,13759
Air India,12/03/2019,Banglore,New Delhi,BLR → CCU → GAU → DEL,11:05,22:10,11h 5m,2 stops,No info,11948
Air India,18/05/2019,Kolkata,Banglore,CCU → IXR → DEL → BLR,05:50,08:55 19 May,27h 5m,2 stops,No info,12723
Jet Airways,21/05/2019,Kolkata,Banglore,CCU → BOM → BLR,14:05,22:35,8h 30m,1 stop,In-flight meal not included,10844
IndiGo,12/03/2019,Chennai,Kolkata,MAA → CCU,22:05,00:30 13 Mar,2h 25m,non-stop,No info,6297
Jet Airways,21/05/2019,Delhi,Cochin,DEL → BOM → COK,10:00,19:00,9h,1 stop,No info,16079
IndiGo,3/06/2019,Banglore,Delhi,BLR → DEL,18:55,21:50,2h 55m,non-stop,No info,4823
Multiple carriers,21/03/2019,Delhi,Cochin,DEL → BOM → COK,14:00,01:35 22 Mar,11h 35m,1 stop,No info,13542
IndiGo,6/06/2019,Mumbai,Hyderabad,BOM → HYD,19:05,20:35,1h 30m,non-stop,No info,2754
Air India,3/06/2019,Delhi,Cochin,DEL → MAA → COK,17:20,09:25 04 Jun,16h 5m,1 stop,No info,7480
Air India,3/03/2019,Delhi,Cochin,DEL → JDH → BOM → COK,12:55,19:15 04 Mar,30h 20m,2 stops,No info,21571
Air India,9/05/2019,Delhi,Cochin,DEL → CCU → BOM → COK,16:55,19:15 10 May,26h 20m,2 stops,No info,13591
IndiGo,1/03/2019,Chennai,Kolkata,MAA → CCU,11:35,14:00,2h 25m,non-stop,No info,7900
Multiple carriers,15/06/2019,Delhi,Cochin,DEL → BOM → COK,08:00,19:00,11h,1 stop,No info,12192
Multiple carriers,27/06/2019,Delhi,Cochin,DEL → BOM → COK,10:20,19:15,8h 55m,1 stop,No info,7741
Air India,6/03/2019,Mumbai,Hyderabad,BOM → HYD,21:05,22:25,1h 20m,non-stop,No info,5462
Jet Airways,18/05/2019,Delhi,Cochin,DEL → BOM → COK,11:30,04:25 19 May,16h 55m,1 stop,In-flight meal not included,12373
Vistara,12/05/2019,Kolkata,Banglore,CCU → DEL → BLR,07:10,09:05 13 May,25h 55m,1 stop,No info,9397
Jet Airways,1/06/2019,Delhi,Cochin,DEL → BOM → COK,17:30,19:00 02 Jun,25h 30m,1 stop,No info,14714
Jet Airways,27/04/2019,Banglore,Delhi,BLR → DEL,15:15,18:10,2h 55m,non-stop,No info,7229
IndiGo,15/05/2019,Chennai,Kolkata,MAA → CCU,07:55,10:15,2h 20m,non-stop,No info,3850
Jet Airways,24/06/2019,Banglore,Delhi,BLR → DEL,17:45,20:45,3h,non-stop,No info,8016
Jet Airways,1/05/2019,Kolkata,Banglore,CCU → DEL → BLR,20:25,19:10 02 May,22h 45m,1 stop,In-flight meal not included,9314
Jet Airways,12/06/2019,Kolkata,Banglore,CCU → BOM → BLR,21:10,04:40 13 Jun,7h 30m,1 stop,No info,12739
Jet Airways,3/06/2019,Delhi,Cochin,DEL → BOM → COK,18:15,19:00 04 Jun,24h 45m,1 stop,In-flight meal not included,10262
SpiceJet,1/05/2019,Mumbai,Hyderabad,BOM → HYD,13:15,14:45,1h 30m,non-stop,No info,2437
Air India,6/03/2019,Delhi,Cochin,DEL → BLR → COK,20:30,23:00 07 Mar,26h 30m,1 stop,No info,8854
Air India,24/05/2019,Mumbai,Hyderabad,BOM → HYD,13:55,15:25,1h 30m,non-stop,No info,3100
Air Asia,6/06/2019,Kolkata,Banglore,CCU → DEL → BLR,07:35,19:25,11h 50m,1 stop,No info,6810
SpiceJet,24/03/2019,Kolkata,Banglore,CCU → BLR,09:00,11:30,2h 30m,non-stop,No check-in baggage included,5201
Jet Airways,9/06/2019,Banglore,Delhi,BLR → DEL,11:10,14:05,2h 55m,non-stop,In-flight meal not included,7229
IndiGo,21/04/2019,Kolkata,Banglore,CCU → BLR,04:40,07:15,2h 35m,non-stop,No info,4804
Vistara,9/06/2019,Kolkata,Banglore,CCU → DEL → BLR,07:10,10:45 10 Jun,27h 35m,1 stop,No info,9397
SpiceJet,3/04/2019,Kolkata,Banglore,CCU → BLR,06:55,09:30,2h 35m,non-stop,No check-in baggage included,3841
Jet Airways,06/03/2019,Banglore,New Delhi,BLR → BOM → DEL,20:35,08:15 07 Mar,11h 40m,1 stop,No info,16736
IndiGo,18/06/2019,Kolkata,Banglore,CCU → BLR,04:40,07:15,2h 35m,non-stop,No info,4804
Air India,9/06/2019,Kolkata,Banglore,CCU → GAU → DEL → BLR,09:50,12:30 10 Jun,26h 40m,2 stops,No info,14960
Jet Airways,27/05/2019,Delhi,Cochin,DEL → BOM → COK,10:00,12:35 28 May,26h 35m,1 stop,In-flight meal not included,12898
Jet Airways,12/06/2019,Delhi,Cochin,DEL → LKO → BOM → COK,11:45,12:35 13 Jun,24h 50m,2 stops,No info,13882
IndiGo,21/03/2019,Delhi,Cochin,DEL → BOM → COK,16:00,01:35 22 Mar,9h 35m,1 stop,No info,9264
Jet Airways,6/06/2019,Kolkata,Banglore,CCU → BOM → BLR,21:10,09:20 07 Jun,12h 10m,1 stop,No info,14571
Air India,24/05/2019,Kolkata,Banglore,CCU → DEL → COK → BLR,10:00,01:20 25 May,15h 20m,2 stops,No info,14083
Jet Airways,24/05/2019,Kolkata,Banglore,CCU → BOM → BLR,18:55,18:15 25 May,23h 20m,1 stop,In-flight meal not included,10844
Vistara,15/05/2019,Kolkata,Banglore,CCU → DEL → BLR,07:10,22:40,15h 30m,1 stop,No info,8452
IndiGo,9/06/2019,Kolkata,Banglore,CCU → BLR,22:15,00:50 10 Jun,2h 35m,non-stop,No info,5224
Air India,12/03/2019,Mumbai,Hyderabad,BOM → RPR → VTZ → HYD,10:05,19:10,9h 5m,2 stops,No info,9736
Air Asia,15/06/2019,Delhi,Cochin,DEL → BLR → COK,07:55,22:25,14h 30m,1 stop,No info,6253
Multiple carriers Premium economy,21/03/2019,Delhi,Cochin,DEL → BOM → COK,06:00,18:50,12h 50m,1 stop,No info,14629
Air India,9/06/2019,Delhi,Cochin,DEL → TRV → COK,05:15,06:50 10 Jun,25h 35m,1 stop,No info,6587
Jet Airways,01/03/2019,Banglore,New Delhi,BLR → BOM → DEL,08:55,00:45 02 Mar,15h 50m,1 stop,No info,26890
Multiple carriers,12/06/2019,Delhi,Cochin,DEL → BOM → COK,10:20,19:15,8h 55m,1 stop,No info,8266
Multiple carriers,21/05/2019,Delhi,Cochin,DEL → BOM → COK,12:50,19:15,6h 25m,1 stop,No info,8266
Jet Airways,18/05/2019,Delhi,Cochin,DEL → BOM → COK,02:15,04:25 19 May,26h 10m,1 stop,In-flight meal not included,12373
Jet Airways,1/06/2019,Delhi,Cochin,DEL → BOM → COK,08:00,19:00,11h,1 stop,No info,14714
SpiceJet,3/06/2019,Kolkata,Banglore,CCU → BLR,17:10,19:40,2h 30m,non-stop,No check-in baggage included,3841
Jet Airways,15/05/2019,Kolkata,Banglore,CCU → BOM → BLR,06:30,16:20,9h 50m,1 stop,No info,14781
Air India,1/06/2019,Delhi,Cochin,DEL → COK,05:10,08:00,2h 50m,non-stop,No info,6094
Multiple carriers,27/06/2019,Delhi,Cochin,DEL → BOM → COK,10:00,21:00,11h,1 stop,No info,7408
IndiGo,15/03/2019,Delhi,Cochin,DEL → COK,05:35,08:50,3h 15m,non-stop,No info,5406
Multiple carriers,15/06/2019,Delhi,Cochin,DEL → BOM → COK,10:00,01:30 16 Jun,15h 30m,1 stop,No info,13377
IndiGo,27/05/2019,Banglore,Delhi,BLR → DEL,10:10,13:00,2h 50m,non-stop,No info,3943
IndiGo,21/03/2019,Delhi,Cochin,DEL → AMD → COK,07:45,13:40,5h 55m,1 stop,No info,6101
Air Asia,27/06/2019,Kolkata,Banglore,CCU → BLR,22:50,01:20 28 Jun,2h 30m,non-stop,No info,3807
Air Asia,15/04/2019,Kolkata,Banglore,CCU → BLR,19:55,22:25,2h 30m,non-stop,No info,4409
Multiple carriers,21/03/2019,Delhi,Cochin,DEL → BOM → COK,10:20,01:35 22 Mar,15h 15m,1 stop,No info,7695
IndiGo,24/03/2019,Banglore,New Delhi,BLR → DEL,00:40,03:25,2h 45m,non-stop,No info,4238
Air India,21/03/2019,Delhi,Cochin,DEL → HYD → MAA → COK,07:05,09:25 22 Mar,26h 20m,2 stops,No info,7615
SpiceJet,18/06/2019,Kolkata,Banglore,CCU → BLR,17:10,19:40,2h 30m,non-stop,No check-in baggage included,3841
Vistara,1/04/2019,Kolkata,Banglore,CCU → DEL → BLR,20:20,23:25 02 Apr,27h 5m,1 stop,No info,7927
Air India,24/03/2019,Kolkata,Banglore,CCU → GAU → IMF → DEL → BLR,05:55,23:15,17h 20m,3 stops,No info,15145
Jet Airways,6/05/2019,Mumbai,Hyderabad,BOM → HYD,07:05,08:30,1h 25m,non-stop,In-flight meal not included,4995
Jet Airways,6/03/2019,Delhi,Cochin,DEL → BOM → COK,19:45,19:45 07 Mar,24h,1 stop,No info,17024
IndiGo,24/05/2019,Banglore,Delhi,BLR → DEL,21:15,00:15 25 May,3h,non-stop,No info,3943
Jet Airways,6/04/2019,Banglore,Delhi,BLR → DEL,08:20,11:20,3h,non-stop,No info,7229
Jet Airways,3/06/2019,Delhi,Cochin,DEL → BOM → COK,13:00,19:00,6h,1 stop,No info,14714
Air India,9/05/2019,Delhi,Cochin,DEL → HYD → MAA → COK,13:15,09:25 10 May,20h 10m,2 stops,No info,9417
IndiGo,15/06/2019,Mumbai,Hyderabad,BOM → HYD,21:20,22:50,1h 30m,non-stop,No info,2227
IndiGo,15/05/2019,Delhi,Cochin,DEL → MAA → COK,07:15,12:30,5h 15m,1 stop,No info,5636
Jet Airways,27/05/2019,Delhi,Cochin,DEL → AMD → BOM → COK,13:25,19:00 28 May,29h 35m,2 stops,No info,15129
IndiGo,1/05/2019,Kolkata,Banglore,CCU → HYD → BLR,19:20,23:45,4h 25m,1 stop,No info,3809
Air India,9/06/2019,Banglore,Delhi,BLR → DEL,10:00,12:45,2h 45m,non-stop,No info,6961
Air Asia,6/04/2019,Banglore,Delhi,BLR → DEL,23:55,02:45 07 Apr,2h 50m,non-stop,No info,3383
Air India,1/04/2019,Mumbai,Hyderabad,BOM → HYD,21:05,22:25,1h 20m,non-stop,No info,2050
IndiGo,3/06/2019,Mumbai,Hyderabad,BOM → HYD,20:05,21:40,1h 35m,non-stop,No info,2227
Jet Airways,9/06/2019,Mumbai,Hyderabad,BOM → HYD,19:35,21:05,1h 30m,non-stop,No info,5678
Multiple carriers,1/06/2019,Delhi,Cochin,DEL → BOM → COK,11:30,21:00,9h 30m,1 stop,No info,13587
Multiple carriers,18/05/2019,Delhi,Cochin,DEL → HYD → COK,14:55,22:30,7h 35m,1 stop,No info,7740
Jet Airways,01/03/2019,Banglore,New Delhi,BLR → BOM → DEL,08:00,18:25,10h 25m,1 stop,No info,26890
SpiceJet,9/06/2019,Delhi,Cochin,DEL → BLR → COK,17:55,22:50,4h 55m,1 stop,No info,5409
Air India,3/06/2019,Delhi,Cochin,DEL → BOM → COK,13:00,19:15,6h 15m,1 stop,No info,8372
Jet Airways,21/06/2019,Mumbai,Hyderabad,BOM → HYD,07:05,08:30,1h 25m,non-stop,In-flight meal not included,4995
Jet Airways,24/06/2019,Delhi,Cochin,DEL → JAI → BOM → COK,05:30,04:25 25 Jun,22h 55m,2 stops,No info,13014
Jet Airways,06/03/2019,Banglore,New Delhi,BLR → BOM → DEL,22:50,23:00 07 Mar,24h 10m,1 stop,No info,17471
Multiple carriers,21/03/2019,Delhi,Cochin,DEL → BOM → COK,15:15,01:35 22 Mar,10h 20m,1 stop,No info,7695
Jet Airways,12/06/2019,Delhi,Cochin,DEL → NAG → BOM → COK,14:35,04:25 13 Jun,13h 50m,2 stops,No info,13376
Air India,1/03/2019,Mumbai,Hyderabad,BOM → HYD,13:55,15:25,1h 30m,non-stop,No info,10082
IndiGo,9/03/2019,Mumbai,Hyderabad,BOM → HYD,09:10,10:35,1h 25m,non-stop,No info,7417
IndiGo,21/03/2019,Delhi,Cochin,DEL → HYD → COK,07:35,12:00,4h 25m,1 stop,No info,5073
IndiGo,15/04/2019,Kolkata,Banglore,CCU → HYD → BLR,19:20,23:45,4h 25m,1 stop,No info,3809
Air India,15/04/2019,Banglore,Delhi,BLR → DEL,17:00,19:45,2h 45m,non-stop,No info,6121
Multiple carriers,27/05/2019,Delhi,Cochin,DEL → BOM → COK,18:00,01:30 28 May,7h 30m,1 stop,No info,7198
IndiGo,21/06/2019,Delhi,Cochin,DEL → COK,14:25,17:40,3h 15m,non-stop,No info,5000
Jet Airways,9/05/2019,Delhi,Cochin,DEL → JAI → BOM → COK,05:30,04:25 10 May,22h 55m,2 stops,In-flight meal not included,13029
SpiceJet,24/04/2019,Kolkata,Banglore,CCU → BLR,09:00,11:25,2h 25m,non-stop,No info,4174
Air India,27/03/2019,Chennai,Kolkata,MAA → CCU,11:40,13:55,2h 15m,non-stop,No info,3145
IndiGo,21/06/2019,Kolkata,Banglore,CCU → BLR,15:15,17:45,2h 30m,non-stop,No info,4804
Air India,21/03/2019,Delhi,Cochin,DEL → MAA → COK,12:30,09:25 22 Mar,20h 55m,1 stop,No info,6482
Air India,24/06/2019,Delhi,Cochin,DEL → MAA → COK,20:40,09:25 25 Jun,12h 45m,1 stop,No info,7480
Multiple carriers,21/03/2019,Delhi,Cochin,DEL → HYD → MAA → COK,07:05,21:20,14h 15m,2 stops,No info,6653
Jet Airways,27/06/2019,Mumbai,Hyderabad,BOM → HYD,07:05,08:30,1h 25m,non-stop,In-flight meal not included,4995
Jet Airways,1/04/2019,Kolkata,Banglore,CCU → DEL → BLR,20:25,18:00 02 Apr,21h 35m,1 stop,No info,11467
IndiGo,9/04/2019,Delhi,Cochin,DEL → BOM → COK,10:35,01:30 10 Apr,14h 55m,1 stop,No info,6270
IndiGo,3/04/2019,Delhi,Cochin,DEL → COK,05:35,08:50,3h 15m,non-stop,No info,4729
Jet Airways,15/04/2019,Banglore,Delhi,BLR → DEL,07:10,10:10,3h,non-stop,No info,7229
Jet Airways,18/05/2019,Delhi,Cochin,DEL → BOM → COK,20:55,04:25 19 May,7h 30m,1 stop,In-flight meal not included,12373
Air India,01/03/2019,Banglore,New Delhi,BLR → BOM → BHO → DEL,08:50,23:25 02 Mar,38h 35m,2 stops,No info,25430
Jet Airways,09/03/2019,Banglore,New Delhi,BLR → BOM → DEL,08:55,09:30 13 Mar,24h 35m,1 stop,In-flight meal not included,11087
Jet Airways,15/06/2019,Delhi,Cochin,DEL → BOM → COK,13:00,19:00,6h,1 stop,No info,14714
Jet Airways,6/06/2019,Kolkata,Banglore,CCU → BOM → BLR,06:30,23:35,17h 5m,1 stop,No info,14571
Jet Airways,12/04/2019,Banglore,Delhi,BLR → DEL,15:15,18:10,2h 55m,non-stop,No info,7229
Jet Airways,06/03/2019,Banglore,New Delhi,BLR → BOM → DEL,14:05,21:20,7h 15m,1 stop,No info,19225
GoAir,9/05/2019,Kolkata,Banglore,CCU → BOM → BLR,23:30,07:45 10 May,8h 15m,1 stop,No info,6095
Air India,9/05/2019,Delhi,Cochin,DEL → AMD → BOM → COK,05:00,19:15 10 May,38h 15m,2 stops,No info,10441
Air India,24/05/2019,Delhi,Cochin,DEL → MAA → COK,20:40,09:25 25 May,12h 45m,1 stop,No info,7480
Jet Airways,12/05/2019,Kolkata,Banglore,CCU → BOM → BLR,06:30,19:50,13h 20m,1 stop,No info,13941
Multiple carriers,15/05/2019,Delhi,Cochin,DEL → BOM → COK,11:25,19:15,7h 50m,1 stop,No info,7575
Air India,06/03/2019,Banglore,New Delhi,BLR → MAA → DEL,11:50,19:50,8h,1 stop,No info,14594
SpiceJet,27/06/2019,Kolkata,Banglore,CCU → BLR,09:00,11:25,2h 25m,non-stop,No check-in baggage included,3841
Air India,9/06/2019,Kolkata,Banglore,CCU → GAU → BLR,16:45,21:05 10 Jun,28h 20m,1 stop,No info,7662
Jet Airways,9/05/2019,Kolkata,Banglore,CCU → BOM → BLR,21:10,04:40 10 May,7h 30m,1 stop,In-flight meal not included,9663
Jet Airways,27/03/2019,Mumbai,Hyderabad,BOM → HYD,10:20,11:50,1h 30m,non-stop,No info,8040
Jet Airways,12/05/2019,Banglore,Delhi,BLR → DEL,17:45,20:45,3h,non-stop,No info,7229
Multiple carriers,6/06/2019,Delhi,Cochin,DEL → BOM → COK,09:00,21:00,12h,1 stop,No info,13587
GoAir,27/04/2019,Banglore,Delhi,BLR → DEL,20:55,23:40,2h 45m,non-stop,No info,3898
Jet Airways,24/06/2019,Delhi,Cochin,DEL → BOM → COK,17:30,19:00 25 Jun,25h 30m,1 stop,In-flight meal not included,10262
Jet Airways,18/05/2019,Kolkata,Banglore,CCU → BOM → BLR,05:45,12:00,6h 15m,1 stop,In-flight meal not included,8586
Vistara,18/04/2019,Delhi,Cochin,DEL → COK,14:40,17:50,3h 10m,non-stop,No info,6216
IndiGo,3/06/2019,Delhi,Cochin,DEL → BLR → COK,02:00,07:45,5h 45m,1 stop,No info,6386
Jet Airways,9/06/2019,Kolkata,Banglore,CCU → DEL → BLR,17:00,14:25 10 Jun,21h 25m,1 stop,No info,14151
Multiple carriers,18/05/2019,Delhi,Cochin,DEL → HYD → COK,13:15,22:30,9h 15m,1 stop,No info,11188
IndiGo,1/05/2019,Banglore,Delhi,BLR → DEL,22:10,01:00 02 May,2h 50m,non-stop,No info,3943
Air India,18/06/2019,Mumbai,Hyderabad,BOM → HYD,19:30,20:45,1h 15m,non-stop,No info,3100
IndiGo,3/03/2019,Kolkata,Banglore,CCU → BLR,17:15,20:00,2h 45m,non-stop,No info,6985
Multiple carriers,9/05/2019,Delhi,Cochin,DEL → BOM → COK,08:45,19:00,10h 15m,1 stop,No info,9794
Jet Airways,1/04/2019,Kolkata,Banglore,CCU → BOM → BLR,06:30,22:35,16h 5m,1 stop,In-flight meal not included,7064
IndiGo,9/05/2019,Delhi,Cochin,DEL → BOM → COK,06:40,21:00,14h 20m,1 stop,No info,7191
Jet Airways,1/06/2019,Delhi,Cochin,DEL → COK,11:00,14:15,3h 15m,non-stop,In-flight meal not included,7202
Jet Airways,18/03/2019,Banglore,New Delhi,BLR → BOM → DEL,21:25,09:00 16 Mar,11h 35m,1 stop,No info,13555
IndiGo,01/03/2019,Banglore,New Delhi,BLR → BOM → DEL,19:35,00:35 02 Mar,5h,1 stop,No info,22153
Jet Airways,9/06/2019,Kolkata,Banglore,CCU → BOM → BLR,16:30,23:35,7h 5m,1 stop,In-flight meal not included,10844
Jet Airways,3/03/2019,Delhi,Cochin,DEL → BOM → COK,18:15,18:50 04 Mar,24h 35m,1 stop,No info,17234
SpiceJet,15/05/2019,Mumbai,Hyderabad,BOM → HYD,13:15,14:45,1h 30m,non-stop,No check-in baggage included,2175
IndiGo,24/04/2019,Kolkata,Banglore,CCU → HYD → BLR,15:15,20:05,4h 50m,1 stop,No info,4565
SpiceJet,15/03/2019,Chennai,Kolkata,MAA → CCU,17:45,20:05,2h 20m,non-stop,No info,6300
Jet Airways,01/03/2019,Banglore,New Delhi,BLR → BOM → DEL,08:00,13:15,5h 15m,1 stop,No info,22270
Vistara,24/03/2019,Kolkata,Banglore,CCU → DEL → BLR,17:00,22:55,5h 55m,1 stop,No info,14360
Air India,12/05/2019,Kolkata,Banglore,CCU → GAU → DEL → BLR,16:45,12:30 13 May,19h 45m,2 stops,No info,14330
IndiGo,3/06/2019,Kolkata,Banglore,CCU → BLR,15:15,17:45,2h 30m,non-stop,No info,4804
SpiceJet,21/05/2019,Kolkata,Banglore,CCU → BLR,17:10,19:40,2h 30m,non-stop,No info,3873
Air Asia,27/04/2019,Banglore,Delhi,BLR → DEL,04:55,07:45,2h 50m,non-stop,No info,4282
Air India,3/06/2019,Delhi,Cochin,DEL → AMD → BOM → COK,19:45,19:15 04 Jun,23h 30m,2 stops,No info,10441
Jet Airways,12/03/2019,Banglore,New Delhi,BLR → BOM → DEL,22:55,12:25 13 Mar,13h 30m,1 stop,In-flight meal not included,11087
Air India,21/04/2019,Banglore,Delhi,BLR → DEL,06:10,08:55,2h 45m,non-stop,No info,6121
Jet Airways,01/03/2019,Banglore,New Delhi,BLR → BOM → DEL,20:35,11:25 02 Mar,14h 50m,1 stop,No info,31825
IndiGo,15/05/2019,Kolkata,Banglore,CCU → BLR,17:15,19:50,2h 35m,non-stop,No info,4804
IndiGo,1/06/2019,Banglore,Delhi,BLR → DEL,20:00,22:50,2h 50m,non-stop,No info,4823
Vistara,3/05/2019,Chennai,Kolkata,MAA → CCU,07:05,09:20,2h 15m,non-stop,No info,3687
Multiple carriers,27/03/2019,Delhi,Cochin,DEL → BOM → COK,06:40,19:15,12h 35m,1 stop,No info,9100
IndiGo,27/05/2019,Delhi,Cochin,DEL → BOM → COK,04:55,21:00,16h 5m,1 stop,No info,8784
IndiGo,6/06/2019,Delhi,Cochin,DEL → BLR → COK,17:05,22:25,5h 20m,1 stop,No info,6493
IndiGo,9/04/2019,Delhi,Cochin,DEL → BOM → COK,07:30,21:00,13h 30m,1 stop,No info,6093
Air India,9/03/2019,Delhi,Cochin,DEL → BOM → COK,08:00,19:15,11h 15m,1 stop,No info,16754
Jet Airways,27/05/2019,Delhi,Cochin,DEL → BOM → COK,22:50,19:00 28 May,20h 10m,1 stop,No info,16079
Jet Airways,01/03/2019,Banglore,New Delhi,BLR → BOM → DEL,11:40,10:25 02 Mar,22h 45m,1 stop,No info,25735
Jet Airways,12/05/2019,Banglore,Delhi,BLR → DEL,17:45,20:45,3h,non-stop,In-flight meal not included,5198
Air India,27/05/2019,Delhi,Cochin,DEL → BOM → COK,10:00,19:15,9h 15m,1 stop,No info,12029
IndiGo,27/06/2019,Banglore,Delhi,BLR → DEL,01:30,04:15,2h 45m,non-stop,No info,3419
Multiple carriers,21/05/2019,Delhi,Cochin,DEL → BOM → COK,07:30,19:00,11h 30m,1 stop,No info,9794
Jet Airways,1/05/2019,Kolkata,Banglore,CCU → DEL → BLR,17:00,19:10 02 May,26h 10m,1 stop,In-flight meal not included,9314
IndiGo,15/04/2019,Kolkata,Banglore,CCU → BLR,17:15,19:50,2h 35m,non-stop,No info,4174
Jet Airways,18/05/2019,Delhi,Cochin,DEL → JAI → BOM → COK,09:40,04:25 19 May,18h 45m,2 stops,In-flight meal not included,13029
Multiple carriers,21/05/2019,Delhi,Cochin,DEL → BOM → COK,19:00,01:30 22 May,6h 30m,1 stop,No info,7888
Jet Airways,9/06/2019,Banglore,Delhi,BLR → DEL,06:00,08:45,2h 45m,non-stop,In-flight meal not included,7229
IndiGo,6/05/2019,Delhi,Cochin,DEL → BOM → COK,11:25,01:30 07 May,14h 5m,1 stop,No info,6979
IndiGo,9/03/2019,Delhi,Cochin,DEL → HYD → COK,06:40,16:10,9h 30m,1 stop,No info,6442
Air India,15/03/2019,Banglore,New Delhi,BLR → MAA → DEL,11:50,08:55 16 Mar,21h 5m,1 stop,No info,5932
IndiGo,1/05/2019,Banglore,Delhi,BLR → DEL,07:10,10:05,2h 55m,non-stop,No info,4823
Jet Airways,24/06/2019,Delhi,Cochin,DEL → BOM → COK,08:00,19:00,11h,1 stop,1 Long layover,18581
Jet Airways,3/06/2019,Delhi,Cochin,DEL → BOM → COK,09:00,12:35 04 Jun,27h 35m,1 stop,In-flight meal not included,10262
IndiGo,18/05/2019,Delhi,Cochin,DEL → BOM → COK,06:40,21:00,14h 20m,1 stop,No info,6758
Vistara,15/05/2019,Kolkata,Banglore,CCU → DEL → BLR,20:20,22:40 16 May,26h 20m,1 stop,No info,8452
IndiGo,15/04/2019,Delhi,Cochin,DEL → HYD → COK,05:05,12:10,7h 5m,1 stop,No info,6287
Jet Airways,18/03/2019,Banglore,New Delhi,BLR → BOM → DEL,08:00,13:15,5h 15m,1 stop,No info,12284
Jet Airways,9/06/2019,Delhi,Cochin,DEL → BOM → COK,21:50,04:25 10 Jun,6h 35m,1 stop,No info,14714
Vistara,24/03/2019,Kolkata,Banglore,CCU → DEL → BLR,09:55,20:25,10h 30m,1 stop,No info,12312
Jet Airways,9/05/2019,Kolkata,Banglore,CCU → BOM → BLR,14:05,12:00 10 May,21h 55m,1 stop,In-flight meal not included,9663
Jet Airways,06/03/2019,Banglore,New Delhi,BLR → BOM → DEL,08:55,15:15,6h 20m,1 stop,No info,19225
Jet Airways,18/05/2019,Delhi,Cochin,DEL → BOM → COK,22:50,04:25 19 May,5h 35m,1 stop,No info,15554
Multiple carriers,27/05/2019,Delhi,Cochin,DEL → HYD → COK,07:10,16:10,9h,1 stop,No info,7878
Jet Airways,15/06/2019,Delhi,Cochin,DEL → BOM → COK,10:00,19:00,9h,1 stop,No info,14714
Air India,3/06/2019,Delhi,Cochin,DEL → BOM → COK,19:00,07:40 04 Jun,12h 40m,1 stop,No info,8372
IndiGo,18/05/2019,Banglore,Delhi,BLR → DEL,13:00,15:50,2h 50m,non-stop,No info,4423
SpiceJet,3/04/2019,Banglore,Delhi,BLR → DEL,05:55,08:35,2h 40m,non-stop,No info,3971
IndiGo,24/05/2019,Kolkata,Banglore,CCU → GAU → BLR,15:10,20:30,5h 20m,1 stop,No info,6991
Multiple carriers,24/06/2019,Delhi,Cochin,DEL → BOM → COK,12:50,19:15,6h 25m,1 stop,In-flight meal not included,7268
Air India,21/05/2019,Delhi,Cochin,DEL → HYD → MAA → COK,13:05,09:25 22 May,20h 20m,2 stops,No info,10467
Air India,24/05/2019,Kolkata,Banglore,CCU → BLR,14:15,16:45,2h 30m,non-stop,No info,5510
Air India,1/03/2019,Delhi,Cochin,DEL → BOM → COK,04:00,07:40 02 Mar,27h 40m,1 stop,No info,28322
IndiGo,9/06/2019,Delhi,Cochin,DEL → BLR → COK,15:10,20:00,4h 50m,1 stop,No info,7060
IndiGo,6/04/2019,Delhi,Cochin,DEL → BOM → COK,10:35,15:35,5h,1 stop,No info,5073
Multiple carriers,24/06/2019,Delhi,Cochin,DEL → BOM → COK,09:15,19:15,10h,1 stop,No info,8099
IndiGo,3/06/2019,Delhi,Cochin,DEL → HYD → COK,11:55,22:30,10h 35m,1 stop,No info,6442
Jet Airways,9/05/2019,Kolkata,Banglore,CCU → BOM → BLR,21:10,08:15 10 May,11h 5m,1 stop,No info,14388
IndiGo,9/03/2019,Kolkata,Banglore,CCU → BLR,20:25,23:05,2h 40m,non-stop,No info,4148
Air Asia,27/03/2019,Delhi,Cochin,DEL → BLR → COK,16:45,22:15,5h 30m,1 stop,No info,6151
Jet Airways,18/05/2019,Delhi,Cochin,DEL → BOM → COK,19:45,04:25 19 May,8h 40m,1 stop,In-flight meal not included,12373
Jet Airways,6/06/2019,Banglore,Delhi,BLR → DEL,08:20,11:20,3h,non-stop,In-flight meal not included,6478
Vistara,21/03/2019,Banglore,New Delhi,BLR → DEL,16:00,18:35,2h 35m,non-stop,No info,5613
IndiGo,6/04/2019,Delhi,Cochin,DEL → HYD → COK,06:50,12:10,5h 20m,1 stop,No info,5298
Multiple carriers,21/05/2019,Delhi,Cochin,DEL → BOM → COK,09:00,19:15,10h 15m,1 stop,No info,14848
Air India,9/03/2019,Kolkata,Banglore,CCU → BLR,14:15,16:45,2h 30m,non-stop,No info,4960
Air India,27/03/2019,Delhi,Cochin,DEL → AMD → BOM → COK,16:40,19:15 28 Mar,26h 35m,2 stops,No info,8656
IndiGo,6/03/2019,Delhi,Cochin,DEL → BOM → COK,09:10,21:00,11h 50m,1 stop,No info,14871
Air India,9/06/2019,Kolkata,Banglore,CCU → GAU → BLR,09:50,21:05,11h 15m,1 stop,No info,7662
IndiGo,9/06/2019,Delhi,Cochin,DEL → BOM → COK,10:35,21:00,10h 25m,1 stop,No info,6314
IndiGo,03/03/2019,Banglore,New Delhi,BLR → DEL,20:00,22:55,2h 55m,non-stop,No info,7303
Jet Airways,12/03/2019,Mumbai,Hyderabad,BOM → JDH → DEL → HYD,08:15,16:35,8h 20m,2 stops,No info,23843
IndiGo,6/06/2019,Delhi,Cochin,DEL → BOM → COK,07:30,21:00,13h 30m,1 stop,No info,6093
Jet Airways,9/06/2019,Delhi,Cochin,DEL → JAI → BOM → COK,09:40,19:00,9h 20m,2 stops,In-flight meal not included,10368
IndiGo,9/05/2019,Delhi,Cochin,DEL → MAA → COK,07:15,12:30,5h 15m,1 stop,No info,5636
Jet Airways,24/03/2019,Kolkata,Banglore,CCU → BOM → BLR,06:30,04:45 25 Mar,22h 15m,1 stop,No info,13759
Jet Airways,9/05/2019,Kolkata,Banglore,CCU → BOM → BLR,18:55,08:15 10 May,13h 20m,1 stop,In-flight meal not included,8586
Air India,18/04/2019,Delhi,Cochin,DEL → COK,05:10,08:00,2h 50m,non-stop,No info,6094
Jet Airways,9/04/2019,Delhi,Cochin,DEL → LKO → BOM → COK,09:25,04:25 10 Apr,19h,2 stops,No info,11546
Vistara,24/03/2019,Banglore,New Delhi,BLR → DEL,07:00,09:40,2h 40m,non-stop,No info,4878
IndiGo,15/04/2019,Delhi,Cochin,DEL → BLR → COK,17:05,22:15,5h 10m,1 stop,No info,5912
Jet Airways,27/03/2019,Delhi,Cochin,DEL → IDR → BOM → COK,05:25,04:25 28 Mar,23h,2 stops,In-flight meal not included,9254
Air India,21/05/2019,Kolkata,Banglore,CCU → BOM → GOI → BLR,09:25,05:35 22 May,20h 10m,2 stops,No info,11432
Air Asia,27/05/2019,Banglore,Delhi,BLR → DEL,04:55,07:45,2h 50m,non-stop,No info,3383
IndiGo,6/06/2019,Delhi,Cochin,DEL → HYD → COK,06:50,16:10,9h 20m,1 stop,No info,6674
Air India,12/03/2019,Mumbai,Hyderabad,BOM → GOI → PNQ → HYD,05:05,16:55,11h 50m,2 stops,No info,16172
Jet Airways,21/03/2019,Delhi,Cochin,DEL → IDR → BOM → COK,10:20,04:25 23 Mar,42h 5m,2 stops,No info,11664
Air India,6/03/2019,Mumbai,Hyderabad,BOM → IDR → DEL → HYD,12:45,19:25 07 Mar,30h 40m,2 stops,No info,13253
IndiGo,24/04/2019,Kolkata,Banglore,CCU → MAA → BLR,19:35,00:10 25 Apr,4h 35m,1 stop,No info,4860
Air India,9/03/2019,Delhi,Cochin,DEL → HYD → BOM → COK,07:05,19:15 10 Mar,36h 10m,2 stops,No info,11762
Jet Airways,21/03/2019,Delhi,Cochin,DEL → BOM → COK,19:45,18:50 22 Mar,23h 5m,1 stop,No info,12347
Multiple carriers,12/06/2019,Delhi,Cochin,DEL → BOM → COK,08:45,19:00,10h 15m,1 stop,No info,11789
Multiple carriers,21/05/2019,Delhi,Cochin,DEL → BOM → COK,08:45,19:00,10h 15m,1 stop,No info,9794
Jet Airways,12/03/2019,Banglore,New Delhi,BLR → BDQ → DEL,05:50,15:00,9h 10m,1 stop,No info,11297
IndiGo,9/05/2019,Delhi,Cochin,DEL → BOM → COK,17:10,01:30 10 May,8h 20m,1 stop,No info,8330
Multiple carriers,1/06/2019,Delhi,Cochin,DEL → BOM → COK,10:00,19:15,9h 15m,1 stop,No info,16108
SpiceJet,24/05/2019,Kolkata,Banglore,CCU → BLR,22:20,00:40 25 May,2h 20m,non-stop,No info,3873
IndiGo,1/06/2019,Banglore,Delhi,BLR → DEL,08:30,11:20,2h 50m,non-stop,No info,4823
SpiceJet,24/05/2019,Chennai,Kolkata,MAA → CCU,09:45,12:00,2h 15m,non-stop,No info,3597
Jet Airways,21/05/2019,Delhi,Cochin,DEL → JAI → BOM → COK,05:30,19:00,13h 30m,2 stops,In-flight meal not included,13029
Jet Airways,15/06/2019,Delhi,Cochin,DEL → COK,11:00,14:15,3h 15m,non-stop,No info,9564
Jet Airways,21/05/2019,Delhi,Cochin,DEL → BOM → COK,14:00,19:00,5h,1 stop,No info,16079
Jet Airways,21/05/2019,Kolkata,Banglore,CCU → BOM → BLR,14:05,10:05 22 May,20h,1 stop,In-flight meal not included,9663
Multiple carriers,24/06/2019,Delhi,Cochin,DEL → BOM → COK,17:30,01:30 25 Jun,8h,1 stop,No info,13377
Air India,21/05/2019,Kolkata,Banglore,CCU → BOM → COK → BLR,16:50,13:45 22 May,20h 55m,2 stops,No info,13484
Jet Airways,27/06/2019,Delhi,Cochin,DEL → NAG → BOM → COK,06:45,12:35 28 Jun,29h 50m,2 stops,In-flight meal not included,10919
Air India,12/05/2019,Kolkata,Banglore,CCU → IXR → DEL → BLR,05:50,08:55 13 May,27h 5m,2 stops,No info,11411
Air India,21/05/2019,Kolkata,Banglore,CCU → BOM → GOI → BLR,16:50,05:35 22 May,12h 45m,2 stops,No info,12324
Jet Airways,3/06/2019,Delhi,Cochin,DEL → BOM → COK,16:00,04:25 04 Jun,12h 25m,1 stop,In-flight meal not included,10262
IndiGo,15/03/2019,Chennai,Kolkata,MAA → CCU,07:55,10:15,2h 20m,non-stop,No info,6297
Jet Airways,21/03/2019,Delhi,Cochin,DEL → BOM → COK,08:00,04:25 22 Mar,20h 25m,1 stop,In-flight meal not included,6540
IndiGo,1/04/2019,Banglore,Delhi,BLR → DEL,10:10,13:00,2h 50m,non-stop,No info,3943
Jet Airways,15/03/2019,Banglore,New Delhi,BLR → BOM → DEL,07:00,12:15,5h 15m,1 stop,No info,17524
Multiple carriers,9/06/2019,Delhi,Cochin,DEL → BOM → COK,11:40,19:00,7h 20m,1 stop,No info,11789
Jet Airways,1/04/2019,Kolkata,Banglore,CCU → BOM → BLR,06:30,19:50,13h 20m,1 stop,In-flight meal not included,7064
Jet Airways,3/05/2019,Banglore,Delhi,BLR → DEL,18:55,22:00,3h 5m,non-stop,In-flight meal not included,6144
IndiGo,6/05/2019,Kolkata,Banglore,CCU → BBI → BLR,07:10,12:40,5h 30m,1 stop,No info,4864
Jet Airways,3/06/2019,Delhi,Cochin,DEL → BOM → COK,15:00,19:00 04 Jun,28h,1 stop,No info,14714
SpiceJet,1/05/2019,Mumbai,Hyderabad,BOM → HYD,05:45,07:15,1h 30m,non-stop,No info,2017
Jet Airways,21/03/2019,Delhi,Cochin,DEL → BOM → COK,13:00,18:50,5h 50m,1 stop,No info,12347
Air Asia,15/05/2019,Kolkata,Banglore,CCU → DEL → BLR,07:35,23:30,15h 55m,1 stop,No info,5192
IndiGo,3/03/2019,Kolkata,Banglore,CCU → BLR,14:20,16:55,2h 35m,non-stop,No info,6565
IndiGo,24/06/2019,Banglore,Delhi,BLR → DEL,07:10,10:05,2h 55m,non-stop,No info,4823
SpiceJet,1/05/2019,Chennai,Kolkata,MAA → CCU,08:20,10:35,2h 15m,non-stop,No info,3597
Jet Airways,9/05/2019,Kolkata,Banglore,CCU → DEL → BLR,17:00,10:55 10 May,17h 55m,1 stop,No info,10953
IndiGo,27/04/2019,Banglore,Delhi,BLR → DEL,22:10,01:00 28 Apr,2h 50m,non-stop,No info,3943
Air Asia,09/03/2019,Banglore,New Delhi,BLR → DEL,23:25,02:10 13 Mar,2h 45m,non-stop,No info,4482
IndiGo,1/04/2019,Kolkata,Banglore,CCU → NAG → BLR,18:05,23:30,5h 25m,1 stop,No info,6284
Multiple carriers,21/03/2019,Delhi,Cochin,DEL → BOM → COK,09:00,18:50,9h 50m,1 stop,No info,11667
IndiGo,24/06/2019,Delhi,Cochin,DEL → BOM → COK,20:25,01:30 25 Jun,5h 5m,1 stop,No info,5054
Multiple carriers,21/03/2019,Delhi,Cochin,DEL → HYD → COK,07:10,16:10,9h,1 stop,In-flight meal not included,5999
Jet Airways,9/04/2019,Delhi,Cochin,DEL → IDR → BOM → COK,05:30,19:00,13h 30m,2 stops,No info,11664
Multiple carriers,27/06/2019,Delhi,Cochin,DEL → BOM → COK,10:00,19:00,9h,1 stop,No info,12192
IndiGo,9/04/2019,Banglore,Delhi,BLR → DEL,18:25,21:20,2h 55m,non-stop,No info,4823
Jet Airways,21/05/2019,Banglore,Delhi,BLR → DEL,18:55,22:00,3h 5m,non-stop,In-flight meal not included,4030
Air India,18/05/2019,Delhi,Cochin,DEL → UDR → BOM → COK,13:20,07:40 19 May,18h 20m,2 stops,No info,13801
Jet Airways,3/05/2019,Mumbai,Hyderabad,BOM → HYD,07:05,08:30,1h 25m,non-stop,In-flight meal not included,4995
Jet Airways,6/04/2019,Banglore,Delhi,BLR → DEL,07:10,10:10,3h,non-stop,No info,7229
Jet Airways,15/03/2019,Banglore,New Delhi,BLR → BOM → DEL,07:00,12:25,5h 25m,1 stop,In-flight meal not included,9134
Air India,24/03/2019,Kolkata,Banglore,CCU → DEL → BLR,20:30,20:25 25 Mar,23h 55m,1 stop,No info,12173
Jet Airways,9/03/2019,Delhi,Cochin,DEL → COK,11:00,14:15,3h 15m,non-stop,No info,9564
Jet Airways,9/03/2019,Delhi,Cochin,DEL → BHO → BOM → COK,05:40,04:25 10 Mar,22h 45m,2 stops,No info,14861
Jet Airways,6/06/2019,Delhi,Cochin,DEL → BOM → COK,07:05,04:25 07 Jun,21h 20m,1 stop,In-flight meal not included,10262
SpiceJet,1/06/2019,Banglore,Delhi,BLR → DEL,05:55,08:35,2h 40m,non-stop,No info,3625
Air India,1/05/2019,Kolkata,Banglore,CCU → DEL → AMD → BLR,07:00,05:25 02 May,22h 25m,2 stops,No info,14424
Multiple carriers,12/06/2019,Delhi,Cochin,DEL → GWL → IDR → BOM → COK,11:35,01:30 13 Jun,13h 55m,3 stops,No info,15419
Vistara,6/03/2019,Mumbai,Hyderabad,BOM → DEL → HYD,07:30,09:25 07 Mar,25h 55m,1 stop,No info,12395
IndiGo,15/03/2019,Banglore,New Delhi,BLR → DEL,01:30,04:15,2h 45m,non-stop,No info,5694
Jet Airways,15/06/2019,Banglore,Delhi,BLR → DEL,19:50,22:50,3h,non-stop,No info,8016
Jet Airways,1/04/2019,Mumbai,Hyderabad,BOM → HYD,10:20,11:50,1h 30m,non-stop,In-flight meal not included,3205
IndiGo,27/03/2019,Kolkata,Banglore,CCU → BLR,15:10,17:45,2h 35m,non-stop,No info,4148
Multiple carriers,1/06/2019,Delhi,Cochin,DEL → BOM → COK,18:15,01:30 02 Jun,7h 15m,1 stop,No info,13377
Air Asia,21/06/2019,Banglore,Delhi,BLR → DEL,23:55,02:45 22 Jun,2h 50m,non-stop,No info,3383
Jet Airways,6/05/2019,Kolkata,Banglore,CCU → DEL → BLR,20:25,19:10 07 May,22h 45m,1 stop,No info,13067
IndiGo,1/04/2019,Kolkata,Banglore,CCU → BLR,20:20,22:55,2h 35m,non-stop,No info,4488
Air India,18/03/2019,Banglore,New Delhi,BLR → BOM → NAG → DEL,08:50,10:35 16 Mar,25h 45m,2 stops,No info,11885
SpiceJet,15/04/2019,Delhi,Cochin,DEL → BLR → COK,17:55,22:50,4h 55m,1 stop,No info,5221
Jet Airways,1/05/2019,Kolkata,Banglore,CCU → DEL → BLR,17:00,10:55 02 May,17h 55m,1 stop,No info,12121
Air India,24/06/2019,Kolkata,Banglore,CCU → BLR,14:15,16:45,2h 30m,non-stop,No info,5510
Jet Airways,6/05/2019,Kolkata,Banglore,CCU → BOM → BLR,06:30,16:20,9h 50m,1 stop,In-flight meal not included,10844
Multiple carriers,6/06/2019,Delhi,Cochin,DEL → IDR → BOM → COK,15:05,01:30 07 Jun,10h 25m,2 stops,No info,15965
IndiGo,21/06/2019,Mumbai,Hyderabad,BOM → HYD,02:35,04:05,1h 30m,non-stop,No info,2754
IndiGo,3/06/2019,Kolkata,Banglore,CCU → BLR,20:25,23:10,2h 45m,non-stop,No info,4804
Multiple carriers,9/05/2019,Delhi,Cochin,DEL → BOM → COK,13:00,19:15,6h 15m,1 stop,No info,14323
Jet Airways,15/03/2019,Mumbai,Hyderabad,BOM → HYD,19:35,21:05,1h 30m,non-stop,No info,5678
SpiceJet,15/06/2019,Chennai,Kolkata,MAA → CCU,08:20,10:35,2h 15m,non-stop,No info,3597
Jet Airways,12/04/2019,Banglore,Delhi,BLR → DEL,17:45,20:45,3h,non-stop,No info,7229
Jet Airways,27/03/2019,Delhi,Cochin,DEL → BOM → COK,09:00,04:25 28 Mar,19h 25m,1 stop,No info,12242
Air India,1/06/2019,Banglore,Delhi,BLR → DEL,10:00,12:45,2h 45m,non-stop,No info,6961
Jet Airways,18/05/2019,Banglore,Delhi,BLR → DEL,07:10,10:10,3h,non-stop,In-flight meal not included,5198
SpiceJet,18/05/2019,Chennai,Kolkata,MAA → CCU,08:20,10:35,2h 15m,non-stop,No check-in baggage included,3543
Multiple carriers Premium economy,21/03/2019,Delhi,Cochin,DEL → BOM → COK,07:30,18:50,11h 20m,1 stop,No info,14629
Jet Airways,9/06/2019,Delhi,Cochin,DEL → NAG → BOM → COK,06:45,04:25 10 Jun,21h 40m,2 stops,No info,13376
IndiGo,15/06/2019,Chennai,Kolkata,MAA → CCU,11:35,14:00,2h 25m,non-stop,No info,3858
Air India,24/05/2019,Kolkata,Banglore,CCU → DEL → BLR,20:30,20:25 25 May,23h 55m,1 stop,No info,10413
SpiceJet,9/05/2019,Banglore,Delhi,BLR → DEL,05:55,08:35,2h 40m,non-stop,No check-in baggage included,3573
IndiGo,27/04/2019,Banglore,Delhi,BLR → DEL,06:05,08:50,2h 45m,non-stop,No info,4423
Multiple carriers,6/06/2019,Delhi,Cochin,DEL → BOM → COK,07:00,21:00,14h,1 stop,No info,7408
Jet Airways,15/05/2019,Kolkata,Banglore,CCU → DEL → BLR,17:00,10:55 16 May,17h 55m,1 stop,No info,14151
Air India,6/04/2019,Kolkata,Banglore,CCU → HYD → BLR,19:00,11:05 07 Apr,16h 5m,1 stop,No info,4437
Multiple carriers,27/05/2019,Delhi,Cochin,DEL → BOM → COK,11:40,01:30 28 May,13h 50m,1 stop,No info,6795
IndiGo,9/03/2019,Delhi,Cochin,DEL → BOM → COK,18:35,01:35 10 Mar,7h,1 stop,No info,12351
Air India,27/05/2019,Delhi,Cochin,DEL → AMD → BOM → COK,16:40,19:15 28 May,26h 35m,2 stops,No info,9968
Multiple carriers,6/03/2019,Delhi,Cochin,DEL → BOM → COK,07:00,18:50,11h 50m,1 stop,No info,15867
Air India,9/05/2019,Kolkata,Banglore,CCU → BOM → BLR,16:50,07:55 10 May,15h 5m,1 stop,No info,8366
Jet Airways,24/06/2019,Mumbai,Hyderabad,BOM → HYD,02:55,04:20,1h 25m,non-stop,No info,5678
SpiceJet,27/04/2019,Kolkata,Banglore,CCU → BLR,17:10,19:40,2h 30m,non-stop,No info,4174
Multiple carriers,24/05/2019,Delhi,Cochin,DEL → BOM → COK,07:30,19:00,11h 30m,1 stop,No info,10529
Air Asia,9/06/2019,Banglore,Delhi,BLR → DEL,04:55,07:45,2h 50m,non-stop,No info,8420
Jet Airways,3/06/2019,Delhi,Cochin,DEL → BHO → BOM → COK,05:30,12:35,7h 5m,2 stops,No info,14441
Multiple carriers,27/06/2019,Delhi,Cochin,DEL → BOM → COK,10:20,21:00,10h 40m,1 stop,No info,6480
Multiple carriers,9/05/2019,Delhi,Cochin,DEL → HYD → COK,07:10,16:10,9h,1 stop,No info,6513
Jet Airways,24/06/2019,Delhi,Cochin,DEL → JAI → BOM → COK,09:40,12:35 25 Jun,26h 55m,2 stops,No info,13014
IndiGo,27/05/2019,Banglore,Delhi,BLR → DEL,16:55,19:55,3h,non-stop,No info,4823
IndiGo,24/06/2019,Delhi,Cochin,DEL → HYD → COK,06:50,12:10,5h 20m,1 stop,No info,5298
Jet Airways,6/06/2019,Kolkata,Banglore,CCU → DEL → BLR,09:35,21:05,11h 30m,1 stop,No info,14151
Jet Airways,06/03/2019,Banglore,New Delhi,BLR → BOM → DEL,14:05,20:20,6h 15m,1 stop,No info,19225
Vistara,9/05/2019,Chennai,Kolkata,MAA → CCU,07:05,09:20,2h 15m,non-stop,No info,3687
Jet Airways,06/03/2019,Banglore,New Delhi,BLR → BOM → DEL,08:55,23:00,14h 5m,1 stop,No info,16736
SpiceJet,21/03/2019,Kolkata,Banglore,CCU → BLR,09:00,11:30,2h 30m,non-stop,No check-in baggage included,3815
Jet Airways,24/05/2019,Kolkata,Banglore,CCU → BOM → BLR,14:05,20:45,6h 40m,1 stop,In-flight meal not included,10844
Multiple carriers,9/06/2019,Delhi,Cochin,DEL → BOM → COK,07:00,19:00,12h,1 stop,No info,12192
Jet Airways,3/06/2019,Delhi,Cochin,DEL → BOM → COK,19:45,19:00 04 Jun,23h 15m,1 stop,In-flight meal not included,10262
IndiGo,27/06/2019,Mumbai,Hyderabad,BOM → HYD,20:05,21:40,1h 35m,non-stop,No info,2227
Jet Airways,18/05/2019,Delhi,Cochin,DEL → BOM → COK,18:15,04:25 19 May,10h 10m,1 stop,In-flight meal not included,12373
Multiple carriers,18/05/2019,Delhi,Cochin,DEL → HYD → COK,09:45,22:30,12h 45m,1 stop,No info,10348
GoAir,1/04/2019,Kolkata,Banglore,CCU → AMD → BLR,16:40,00:15 02 Apr,7h 35m,1 stop,No info,5171
Jet Airways,12/06/2019,Kolkata,Banglore,CCU → BOM → BLR,16:30,12:00 13 Jun,19h 30m,1 stop,In-flight meal not included,8529
Air India,9/06/2019,Banglore,Delhi,BLR → DEL,17:00,19:45,2h 45m,non-stop,No info,7171
GoAir,6/03/2019,Delhi,Cochin,DEL → BOM → COK,10:25,19:20,8h 55m,1 stop,No info,8213
IndiGo,21/03/2019,Kolkata,Banglore,CCU → BLR,15:10,17:45,2h 35m,non-stop,No info,4148
Multiple carriers,9/06/2019,Delhi,Cochin,DEL → BOM → COK,10:20,21:00,10h 40m,1 stop,No info,7005
IndiGo,1/05/2019,Mumbai,Hyderabad,BOM → HYD,16:55,18:25,1h 30m,non-stop,No info,3175
IndiGo,9/05/2019,Kolkata,Banglore,CCU → PAT → BLR,09:20,14:15,4h 55m,1 stop,No info,11465
Vistara,6/06/2019,Kolkata,Banglore,CCU → DEL → BLR,07:10,10:45 07 Jun,27h 35m,1 stop,No info,9187
Air India,12/03/2019,Banglore,New Delhi,BLR → BOM → DEL,08:50,23:15,14h 25m,1 stop,No info,12127
Air India,1/06/2019,Delhi,Cochin,DEL → BOM → COK,08:00,19:15,11h 15m,1 stop,No info,9929
Jet Airways,27/05/2019,Delhi,Cochin,DEL → BOM → COK,20:55,04:25 28 May,7h 30m,1 stop,No info,16079
IndiGo,1/05/2019,Banglore,Delhi,BLR → DEL,01:30,04:15,2h 45m,non-stop,No info,4077
Air Asia,9/04/2019,Banglore,Delhi,BLR → DEL,04:55,07:45,2h 50m,non-stop,No info,4282
Vistara,24/04/2019,Banglore,Delhi,BLR → DEL,17:00,19:35,2h 35m,non-stop,No info,5613
SpiceJet,21/03/2019,Kolkata,Banglore,CCU → BLR,22:20,00:40 22 Mar,2h 20m,non-stop,No check-in baggage included,3815
Jet Airways,9/06/2019,Delhi,Cochin,DEL → BOM → COK,13:00,19:00,6h,1 stop,In-flight meal not included,10262
IndiGo,3/03/2019,Kolkata,Banglore,CCU → BLR,05:30,08:20,2h 50m,non-stop,No info,4778
IndiGo,15/05/2019,Delhi,Cochin,DEL → HYD → COK,08:35,16:10,7h 35m,1 stop,No info,6442
SpiceJet,12/06/2019,Kolkata,Banglore,CCU → BLR,06:55,09:30,2h 35m,non-stop,No info,3873
Multiple carriers,21/03/2019,Delhi,Cochin,DEL → HYD → MAA → COK,07:10,21:20,14h 10m,2 stops,In-flight meal not included,5935
IndiGo,21/03/2019,Delhi,Cochin,DEL → BOM → COK,04:45,13:20,8h 35m,1 stop,No info,7738
Air India,24/05/2019,Delhi,Cochin,DEL → GOI → BOM → COK,22:00,19:15 25 May,21h 15m,2 stops,No info,10441
Air India,9/06/2019,Delhi,Cochin,DEL → COK,14:10,17:10,3h,non-stop,No info,6094
Jet Airways,06/03/2019,Banglore,New Delhi,BLR → BOM → DEL,11:40,00:45 07 Mar,13h 5m,1 stop,No info,14815
Multiple carriers,21/03/2019,Delhi,Cochin,DEL → HYD → COK,07:10,22:20,15h 10m,1 stop,In-flight meal not included,5999
Jet Airways,18/05/2019,Kolkata,Banglore,CCU → DEL → BLR,09:35,21:05,11h 30m,1 stop,No info,14151
IndiGo,27/05/2019,Delhi,Cochin,DEL → BOM → COK,15:00,01:30 28 May,10h 30m,1 stop,No info,6628
IndiGo,18/04/2019,Kolkata,Banglore,CCU → BLR,04:40,07:15,2h 35m,non-stop,No info,4174
SpiceJet,27/05/2019,Mumbai,Hyderabad,BOM → HYD,22:45,00:15 28 May,1h 30m,non-stop,No info,2017
IndiGo,12/06/2019,Banglore,Delhi,BLR → DEL,08:30,11:20,2h 50m,non-stop,No info,4823
Air India,18/03/2019,Mumbai,Hyderabad,BOM → HYD,06:20,07:40,1h 20m,non-stop,No info,3100
Multiple carriers,15/06/2019,Delhi,Cochin,DEL → BOM → COK,09:00,21:00,12h,1 stop,No info,13587
Air Asia,15/05/2019,Kolkata,Banglore,CCU → DEL → BLR,07:35,19:25,11h 50m,1 stop,No info,5192
IndiGo,3/03/2019,Delhi,Cochin,DEL → BOM → COK,06:40,15:30,8h 50m,1 stop,No info,14871
IndiGo,9/06/2019,Delhi,Cochin,DEL → BOM → COK,17:10,01:30 10 Jun,8h 20m,1 stop,No info,6206
IndiGo,9/05/2019,Kolkata,Banglore,CCU → BLR,22:15,00:50 10 May,2h 35m,non-stop,No info,4804
Multiple carriers,27/06/2019,Delhi,Cochin,DEL → HYD → COK,09:45,22:30,12h 45m,1 stop,No info,9646
Jet Airways,12/03/2019,Banglore,New Delhi,BLR → BOM → DEL,05:45,12:15,6h 30m,1 stop,No info,17524
Jet Airways,12/05/2019,Banglore,Delhi,BLR → DEL,18:55,22:00,3h 5m,non-stop,In-flight meal not included,4030
Jet Airways,6/04/2019,Banglore,Delhi,BLR → DEL,11:10,14:05,2h 55m,non-stop,No info,7229
Jet Airways,3/06/2019,Delhi,Cochin,DEL → BOM → COK,19:15,12:35 04 Jun,17h 20m,1 stop,No info,14714
IndiGo,21/03/2019,Delhi,Cochin,DEL → BOM → COK,20:30,01:35 22 Mar,5h 5m,1 stop,No info,6232
Multiple carriers,21/05/2019,Delhi,Cochin,DEL → BOM → COK,08:45,19:15,10h 30m,1 stop,No info,8266
Jet Airways,9/03/2019,Delhi,Cochin,DEL → BOM → COK,00:20,04:25 10 Mar,28h 5m,1 stop,In-flight meal not included,11848
Jet Airways,21/03/2019,Banglore,New Delhi,BLR → BOM → DEL,11:40,12:15 19 Mar,24h 35m,1 stop,In-flight meal not included,7832
Jet Airways,18/05/2019,Delhi,Cochin,DEL → BOM → COK,08:00,04:25 19 May,20h 25m,1 stop,In-flight meal not included,12373
Jet Airways,21/05/2019,Kolkata,Banglore,CCU → BOM → BLR,20:00,09:20 22 May,13h 20m,1 stop,In-flight meal not included,10844
IndiGo,27/05/2019,Banglore,Delhi,BLR → DEL,07:10,10:05,2h 55m,non-stop,No info,4823
Air India,6/04/2019,Delhi,Cochin,DEL → MAA → COK,17:20,09:25 07 Apr,16h 5m,1 stop,No info,4697
Jet Airways,15/05/2019,Kolkata,Banglore,CCU → BOM → BLR,16:30,12:00 16 May,19h 30m,1 stop,In-flight meal not included,10844
IndiGo,21/05/2019,Kolkata,Banglore,CCU → MAA → BLR,17:35,22:15,4h 40m,1 stop,No info,5386
IndiGo,24/03/2019,Banglore,New Delhi,BLR → DEL,07:10,10:05,2h 55m,non-stop,No info,6144
Vistara,12/05/2019,Kolkata,Banglore,CCU → DEL → BLR,07:10,18:50,11h 40m,1 stop,No info,8820
Jet Airways,6/06/2019,Kolkata,Banglore,CCU → BOM → BLR,06:30,04:40 07 Jun,22h 10m,1 stop,No info,13731
Vistara,9/06/2019,Kolkata,Banglore,CCU → DEL → BLR,17:00,18:50 10 Jun,25h 50m,1 stop,No info,9135
Air India,27/03/2019,Delhi,Cochin,DEL → COK,05:10,08:00,2h 50m,non-stop,No info,4729
Jet Airways,24/06/2019,Delhi,Cochin,DEL → JAI → BOM → COK,05:30,04:25 25 Jun,22h 55m,2 stops,No info,13014
Multiple carriers,27/06/2019,Delhi,Cochin,DEL → BOM → COK,07:05,21:00,13h 55m,1 stop,No info,13587
Air India,21/06/2019,Kolkata,Banglore,CCU → BLR,14:15,16:45,2h 30m,non-stop,No info,5510
Vistara,27/04/2019,Banglore,Delhi,BLR → DEL,19:30,22:15,2h 45m,non-stop,No info,5613
Air India,12/05/2019,Kolkata,Banglore,CCU → BBI → BLR,12:00,13:15 13 May,25h 15m,1 stop,No info,6612
Jet Airways,24/03/2019,Banglore,New Delhi,BLR → DEL,19:55,22:35,2h 40m,non-stop,No info,8016
Jet Airways,24/05/2019,Delhi,Cochin,DEL → JAI → BOM → COK,05:30,04:25 25 May,22h 55m,2 stops,No info,15129
Jet Airways,15/05/2019,Kolkata,Banglore,CCU → BOM → BLR,21:10,08:15 16 May,11h 5m,1 stop,No info,14388
Jet Airways,21/05/2019,Kolkata,Banglore,CCU → BOM → BLR,06:30,08:15 22 May,25h 45m,1 stop,In-flight meal not included,8586
Jet Airways,27/06/2019,Delhi,Cochin,DEL → LKO → BOM → COK,11:45,12:35 28 Jun,24h 50m,2 stops,No info,13882
Jet Airways,12/06/2019,Delhi,Cochin,DEL → LKO → BOM → COK,09:25,04:25 13 Jun,19h,2 stops,No info,13882
Vistara,18/05/2019,Kolkata,Banglore,CCU → DEL → BLR,20:20,18:50 19 May,22h 30m,1 stop,No info,9555
Air Asia,18/04/2019,Banglore,Delhi,BLR → DEL,04:55,07:45,2h 50m,non-stop,No info,4282
Jet Airways,9/06/2019,Banglore,Delhi,BLR → DEL,15:15,18:10,2h 55m,non-stop,In-flight meal not included,7229
IndiGo,6/03/2019,Delhi,Cochin,DEL → BLR → COK,02:00,07:45,5h 45m,1 stop,No info,8025
IndiGo,18/05/2019,Banglore,Delhi,BLR → DEL,18:25,21:20,2h 55m,non-stop,No info,4823
Air India,1/04/2019,Kolkata,Banglore,CCU → MAA → BLR,14:35,15:20 02 Apr,24h 45m,1 stop,No info,5006
Multiple carriers,15/06/2019,Delhi,Cochin,DEL → BOM → COK,08:45,19:15,10h 30m,1 stop,No info,9526
Jet Airways,9/05/2019,Kolkata,Banglore,CCU → BOM → BLR,08:25,18:15,9h 50m,1 stop,No info,14781
Air Asia,9/06/2019,Delhi,Cochin,DEL → BLR → COK,07:55,15:45,7h 50m,1 stop,No info,8759
GoAir,24/04/2019,Delhi,Cochin,DEL → BOM → COK,07:00,12:55,5h 55m,1 stop,No info,6195
Air India,21/03/2019,Mumbai,Hyderabad,BOM → HYD,13:55,15:25,1h 30m,non-stop,No info,3100
Air India,6/05/2019,Kolkata,Banglore,CCU → DEL → VGA → BLR,10:00,10:00 07 May,24h,2 stops,No info,14298
IndiGo,24/03/2019,Banglore,New Delhi,BLR → DEL,18:25,21:20,2h 55m,non-stop,No info,8033
IndiGo,27/06/2019,Banglore,Delhi,BLR → DEL,16:55,19:55,3h,non-stop,No info,4823
IndiGo,12/05/2019,Kolkata,Banglore,CCU → BLR,15:15,17:45,2h 30m,non-stop,No info,4804
Air India,12/03/2019,Mumbai,Hyderabad,BOM → BHO → DEL → HYD,06:00,11:55 13 Mar,29h 55m,2 stops,No info,12854
Air India,03/03/2019,Banglore,New Delhi,BLR → VGA → DEL,10:30,11:20 07 Mar,24h 50m,1 stop,No info,11003
Vistara,3/04/2019,Banglore,Delhi,BLR → DEL,11:30,14:20,2h 50m,non-stop,No info,5403
Jet Airways,21/03/2019,Delhi,Cochin,DEL → BDQ → BOM → COK,10:45,04:25 22 Mar,17h 40m,2 stops,No info,11093
Jet Airways,24/04/2019,Banglore,Delhi,BLR → DEL,19:50,22:50,3h,non-stop,No info,7229
IndiGo,3/03/2019,Delhi,Cochin,DEL → MAA → COK,09:55,15:10,5h 15m,1 stop,No info,12214
IndiGo,6/03/2019,Kolkata,Banglore,CCU → BLR,22:10,00:55 07 Mar,2h 45m,non-stop,No info,4778
Jet Airways,06/03/2019,Banglore,New Delhi,BLR → BOM → DEL,11:40,09:30 07 Mar,21h 50m,1 stop,No info,17261
Jet Airways,12/06/2019,Kolkata,Banglore,CCU → BOM → BLR,06:30,18:15,11h 45m,1 stop,No info,13626
Jet Airways,9/05/2019,Delhi,Cochin,DEL → BOM → COK,10:00,12:35 10 May,26h 35m,1 stop,In-flight meal not included,12373
Multiple carriers,9/05/2019,Delhi,Cochin,DEL → BOM → COK,13:00,01:30 10 May,12h 30m,1 stop,No info,9424
IndiGo,21/05/2019,Kolkata,Banglore,CCU → BBI → BLR,19:55,23:50,3h 55m,1 stop,No info,4226
IndiGo,27/04/2019,Kolkata,Banglore,CCU → BLR,20:20,22:55,2h 35m,non-stop,No info,4804
Jet Airways,9/05/2019,Delhi,Cochin,DEL → BOM → COK,10:00,19:00,9h,1 stop,No info,15554
Multiple carriers,3/06/2019,Delhi,Cochin,DEL → BOM → COK,10:00,19:15,9h 15m,1 stop,No info,14848
SpiceJet,24/04/2019,Banglore,Delhi,BLR → DEL,09:30,12:20,2h 50m,non-stop,No check-in baggage included,3919
SpiceJet,9/03/2019,Mumbai,Hyderabad,BOM → HYD,22:45,00:10 10 Mar,1h 25m,non-stop,No info,3603
IndiGo,21/03/2019,Delhi,Cochin,DEL → BOM → COK,07:30,13:20,5h 50m,1 stop,No info,9861
Jet Airways,21/03/2019,Delhi,Cochin,DEL → BOM → COK,09:00,18:50,9h 50m,1 stop,In-flight meal not included,7438
Air India,6/03/2019,Mumbai,Hyderabad,BOM → DEL → HYD,10:00,23:45,13h 45m,1 stop,No info,11678
Multiple carriers,9/06/2019,Delhi,Cochin,DEL → BOM → COK,11:40,21:00,9h 20m,1 stop,No info,7005
Jet Airways,21/05/2019,Kolkata,Banglore,CCU → BOM → BLR,20:00,12:00 22 May,16h,1 stop,In-flight meal not included,10844
Jet Airways,6/06/2019,Kolkata,Banglore,CCU → BOM → BLR,20:00,09:20 07 Jun,13h 20m,1 stop,No info,14571
Air India,18/06/2019,Delhi,Cochin,DEL → COK,14:05,17:55,3h 50m,non-stop,No info,5201
IndiGo,1/06/2019,Chennai,Kolkata,MAA → CCU,07:55,10:15,2h 20m,non-stop,No info,3850
Multiple carriers,21/03/2019,Delhi,Cochin,DEL → BOM → COK,07:05,15:30,8h 25m,1 stop,No info,14486
Multiple carriers,3/06/2019,Delhi,Cochin,DEL → BOM → COK,11:30,21:00,9h 30m,1 stop,No info,13587
Air India,24/03/2019,Kolkata,Banglore,CCU → BOM → COK → BLR,09:25,01:20 25 Mar,15h 55m,2 stops,No info,11853
IndiGo,21/06/2019,Chennai,Kolkata,MAA → CCU,19:35,21:55,2h 20m,non-stop,No info,3597
IndiGo,15/06/2019,Banglore,Delhi,BLR → DEL,06:05,08:50,2h 45m,non-stop,No info,4423
SpiceJet,9/03/2019,Delhi,Cochin,DEL → BLR → COK,16:35,22:50,6h 15m,1 stop,No info,7084
IndiGo,21/06/2019,Chennai,Kolkata,MAA → CCU,11:35,14:00,2h 25m,non-stop,No info,3858
Air India,24/05/2019,Kolkata,Banglore,CCU → BBI → BLR,09:10,13:15,4h 5m,1 stop,No info,8996
SpiceJet,1/05/2019,Chennai,Kolkata,MAA → CCU,08:20,10:35,2h 15m,non-stop,No check-in baggage included,3543
Air India,15/05/2019,Delhi,Cochin,DEL → MAA → COK,20:40,09:25 16 May,12h 45m,1 stop,No info,7480
Air Asia,21/05/2019,Delhi,Cochin,DEL → BLR → COK,16:45,22:30,5h 45m,1 stop,No info,8028
Air India,24/05/2019,Kolkata,Banglore,CCU → BOM → COK → BLR,09:25,01:20 25 May,15h 55m,2 stops,No info,12718
Jet Airways,9/03/2019,Delhi,Cochin,DEL → BDQ → BOM → COK,10:45,04:25 10 Mar,17h 40m,2 stops,No info,17282
Air India,27/03/2019,Delhi,Cochin,DEL → NAG → BOM → COK,05:55,07:40 28 Mar,25h 45m,2 stops,No info,8971
Multiple carriers,15/06/2019,Delhi,Cochin,DEL → BOM → COK,06:00,21:00,15h,1 stop,No info,7005
Jet Airways,1/04/2019,Delhi,Cochin,DEL → BOM → COK,18:15,19:00 02 Apr,24h 45m,1 stop,In-flight meal not included,5406
Air India,18/05/2019,Delhi,Cochin,DEL → HYD → BOM → COK,17:15,07:40 19 May,14h 25m,2 stops,No info,12199
Jet Airways,9/06/2019,Kolkata,Banglore,CCU → BOM → BLR,18:55,08:15 10 Jun,13h 20m,1 stop,No info,14939
Vistara,15/03/2019,Chennai,Kolkata,MAA → CCU,07:05,09:20,2h 15m,non-stop,No info,6627
Air India,27/03/2019,Delhi,Cochin,DEL → BOM → COK,07:00,19:15,12h 15m,1 stop,No info,6377
Jet Airways,15/05/2019,Kolkata,Banglore,CCU → DEL → BLR,17:00,21:05 16 May,28h 5m,1 stop,No info,14151
Jet Airways,6/04/2019,Delhi,Cochin,DEL → BOM → COK,11:30,12:35 07 Apr,25h 5m,1 stop,In-flight meal not included,5177
Air India,1/04/2019,Kolkata,Banglore,CCU → BLR,20:45,23:20,2h 35m,non-stop,No info,4460
Air India,9/06/2019,Delhi,Cochin,DEL → COK,18:05,21:10,3h 5m,non-stop,No info,8456
SpiceJet,24/05/2019,Banglore,Delhi,BLR → DEL,21:10,00:05 25 May,2h 55m,non-stop,No check-in baggage included,3919
Multiple carriers,6/06/2019,Delhi,Cochin,DEL → BOM → COK,13:00,21:00,8h,1 stop,No info,13587
SpiceJet,24/05/2019,Mumbai,Hyderabad,BOM → HYD,05:45,07:15,1h 30m,non-stop,No info,2017
IndiGo,9/05/2019,Delhi,Cochin,DEL → LKO → COK,21:50,03:35 10 May,5h 45m,1 stop,No info,6058
Jet Airways,9/05/2019,Kolkata,Banglore,CCU → BOM → BLR,14:05,23:35,9h 30m,1 stop,No info,14781
Air India,6/03/2019,Mumbai,Hyderabad,BOM → GOI → PNQ → HYD,16:50,16:55,5m,2 stops,No info,17327
Air India,21/03/2019,Delhi,Cochin,DEL → BLR → COK,20:30,23:00 22 Mar,26h 30m,1 stop,No info,5704
Jet Airways,27/05/2019,Delhi,Cochin,DEL → JDH → BOM → COK,11:40,19:00,7h 20m,2 stops,In-flight meal not included,19644
IndiGo,1/06/2019,Banglore,Delhi,BLR → DEL,13:00,15:50,2h 50m,non-stop,No info,3943
Air India,15/05/2019,Kolkata,Banglore,CCU → GAU → DEL → BLR,09:50,08:55 16 May,23h 5m,2 stops,No info,14960
Jet Airways,6/06/2019,Delhi,Cochin,DEL → NAG → BOM → COK,06:45,04:25 07 Jun,21h 40m,2 stops,No info,13376
IndiGo,18/05/2019,Delhi,Cochin,DEL → PNQ → COK,23:30,04:35 19 May,5h 5m,1 stop,No info,10958
Jet Airways,9/05/2019,Kolkata,Banglore,CCU → BOM → BLR,14:05,19:50,5h 45m,1 stop,In-flight meal not included,10844
Multiple carriers,21/05/2019,Delhi,Cochin,DEL → IDR → BOM → COK,15:05,01:30 22 May,10h 25m,2 stops,No info,16655
Jet Airways,6/06/2019,Kolkata,Banglore,CCU → BOM → BLR,08:25,19:50,11h 25m,1 stop,In-flight meal not included,10844
Air India,21/05/2019,Chennai,Kolkata,MAA → CCU,11:40,13:55,2h 15m,non-stop,No info,4667
Jet Airways,18/05/2019,Delhi,Cochin,DEL → BOM → COK,10:00,19:00,9h,1 stop,In-flight meal not included,11399
Air India,1/04/2019,Kolkata,Banglore,CCU → BOM → BLR,16:50,18:30 02 Apr,25h 40m,1 stop,No info,7893
IndiGo,1/05/2019,Kolkata,Banglore,CCU → BBI → BLR,07:10,12:40,5h 30m,1 stop,No info,6111
Air India,18/05/2019,Kolkata,Banglore,CCU → JAI → BOM → BLR,08:20,18:30,10h 10m,2 stops,No info,10907
Air Asia,1/04/2019,Kolkata,Banglore,CCU → BBI → BLR,06:50,10:30,3h 40m,1 stop,No info,5162
IndiGo,21/03/2019,Delhi,Cochin,DEL → BOM → COK,10:45,21:00,10h 15m,1 stop,No info,6838
Jet Airways,12/05/2019,Kolkata,Banglore,CCU → BOM → BLR,16:30,20:45 13 May,28h 15m,1 stop,In-flight meal not included,10844
Air Asia,3/06/2019,Banglore,Delhi,BLR → DEL,04:55,07:45,2h 50m,non-stop,No info,4282
IndiGo,6/05/2019,Banglore,Delhi,BLR → DEL,18:55,21:50,2h 55m,non-stop,No info,4823
Air India,21/05/2019,Delhi,Cochin,DEL → COK,14:05,17:55,3h 50m,non-stop,No info,6094
Air India,3/04/2019,Mumbai,Hyderabad,BOM → HYD,13:55,15:25,1h 30m,non-stop,No info,2575
Vistara,15/05/2019,Kolkata,Banglore,CCU → DEL → BLR,07:10,10:45 16 May,27h 35m,1 stop,No info,8452
Air Asia,24/03/2019,Kolkata,Banglore,CCU → BBI → BLR,19:55,23:30,3h 35m,1 stop,No info,5554
Multiple carriers,18/05/2019,Delhi,Cochin,DEL → BOM → COK,08:00,21:00,13h,1 stop,No info,13727
IndiGo,3/05/2019,Banglore,Delhi,BLR → DEL,07:10,10:05,2h 55m,non-stop,No info,4823
IndiGo,3/04/2019,Banglore,Delhi,BLR → DEL,07:10,10:05,2h 55m,non-stop,No info,4823
Air India,24/06/2019,Delhi,Cochin,DEL → RPR → NAG → BOM → COK,05:15,07:40 25 Jun,26h 25m,3 stops,No info,10493
Multiple carriers,21/05/2019,Delhi,Cochin,DEL → BOM → COK,07:30,19:00,11h 30m,1 stop,No info,9315
IndiGo,27/06/2019,Delhi,Cochin,DEL → PNQ → COK,23:30,04:35 28 Jun,5h 5m,1 stop,No info,9165
IndiGo,18/05/2019,Delhi,Cochin,DEL → HYD → COK,08:35,22:30,13h 55m,1 stop,No info,7144
Jet Airways,3/06/2019,Delhi,Cochin,DEL → IDR → BOM → COK,21:25,12:35 04 Jun,15h 10m,2 stops,No info,13292
Multiple carriers,21/03/2019,Delhi,Cochin,DEL → BOM → COK,07:00,13:20,6h 20m,1 stop,No info,9042
Air India,09/03/2019,Banglore,New Delhi,BLR → COK → DEL,22:00,11:05 13 Mar,13h 5m,1 stop,No info,8425
Jet Airways,18/05/2019,Kolkata,Banglore,CCU → DEL → BLR,20:25,14:25 19 May,18h,1 stop,No info,13067
Jet Airways,12/06/2019,Kolkata,Banglore,CCU → BOM → BLR,18:55,23:35 13 Jun,28h 40m,1 stop,In-flight meal not included,8529
Jet Airways,9/05/2019,Kolkata,Banglore,CCU → BOM → BLR,06:30,04:40 10 May,22h 10m,1 stop,No info,13941
Jet Airways,9/06/2019,Kolkata,Banglore,CCU → DEL → BLR,17:00,23:35,6h 35m,1 stop,No info,14676
IndiGo,9/06/2019,Banglore,Delhi,BLR → DEL,10:10,13:00,2h 50m,non-stop,No info,4423
Jet Airways,21/03/2019,Banglore,New Delhi,BLR → BOM → DEL,20:35,07:40 19 Mar,11h 5m,1 stop,In-flight meal not included,7832
Jet Airways,18/05/2019,Delhi,Cochin,DEL → BOM → COK,09:00,04:25 19 May,19h 25m,1 stop,In-flight meal not included,12373
Jet Airways,9/06/2019,Delhi,Cochin,DEL → BOM → COK,11:30,04:25 10 Jun,16h 55m,1 stop,In-flight meal not included,10262
IndiGo,6/05/2019,Delhi,Cochin,DEL → BOM → COK,10:35,01:30 07 May,14h 55m,1 stop,No info,6979
Multiple carriers,21/03/2019,Delhi,Cochin,DEL → HYD → COK,07:05,16:10,9h 5m,1 stop,No info,6717
Multiple carriers,21/05/2019,Delhi,Cochin,DEL → BOM → COK,08:30,19:00,10h 30m,1 stop,No info,9627
Jet Airways,21/03/2019,Delhi,Cochin,DEL → BOM → COK,02:15,04:25 22 Mar,26h 10m,1 stop,No info,12719
Multiple carriers,21/03/2019,Delhi,Cochin,DEL → BOM → COK,08:00,18:50,10h 50m,1 stop,No info,11667
Jet Airways,24/03/2019,Kolkata,Banglore,CCU → BOM → BLR,06:30,18:10,11h 40m,1 stop,In-flight meal not included,10031
Jet Airways,27/06/2019,Delhi,Cochin,DEL → BOM → COK,18:15,19:00 28 Jun,24h 45m,1 stop,In-flight meal not included,10262
IndiGo,27/05/2019,Delhi,Cochin,DEL → BOM → COK,17:30,01:30 28 May,8h,1 stop,No info,6206
IndiGo,21/04/2019,Banglore,Delhi,BLR → DEL,01:30,04:15,2h 45m,non-stop,No info,4591
Jet Airways,12/06/2019,Delhi,Cochin,DEL → BOM → COK,11:30,04:25 13 Jun,16h 55m,1 stop,In-flight meal not included,10262
IndiGo,27/06/2019,Mumbai,Hyderabad,BOM → HYD,02:35,04:05,1h 30m,non-stop,No info,2754
Air India,24/06/2019,Delhi,Cochin,DEL → MAA → COK,12:30,09:25 25 Jun,20h 55m,1 stop,No info,7480
Multiple carriers,27/03/2019,Delhi,Cochin,DEL → BOM → COK,08:55,15:30,6h 35m,1 stop,No info,7845
Air India,01/03/2019,Banglore,New Delhi,BLR → BOM → AMD → DEL,08:50,23:55 02 Mar,39h 5m,2 stops,No info,17135
Jet Airways,18/05/2019,Kolkata,Banglore,CCU → BOM → BLR,18:55,22:35 19 May,27h 40m,1 stop,In-flight meal not included,10844
IndiGo,3/03/2019,Delhi,Cochin,DEL → BLR → COK,02:00,07:45,5h 45m,1 stop,No info,9257
Vistara,24/04/2019,Delhi,Cochin,DEL → COK,06:00,09:10,3h 10m,non-stop,No info,6216
Jet Airways,15/05/2019,Kolkata,Banglore,CCU → BOM → BLR,18:55,19:50 16 May,24h 55m,1 stop,In-flight meal not included,10844
SpiceJet,18/05/2019,Delhi,Cochin,DEL → BLR → COK,17:55,22:50,4h 55m,1 stop,No info,5975
IndiGo,15/03/2019,Kolkata,Banglore,CCU → BLR,05:30,08:20,2h 50m,non-stop,No info,4148
IndiGo,21/05/2019,Kolkata,Banglore,CCU → BLR,22:15,00:50 22 May,2h 35m,non-stop,No info,4804
Air India,01/03/2019,Banglore,New Delhi,BLR → MAA → DEL,11:50,08:55 02 Mar,21h 5m,1 stop,1 Long layover,14594
Jet Airways,24/03/2019,Kolkata,Banglore,CCU → BOM → BLR,06:30,16:20,9h 50m,1 stop,No info,13339
Jet Airways,18/05/2019,Kolkata,Banglore,CCU → BOM → BLR,05:45,18:15,12h 30m,1 stop,In-flight meal not included,10844
SpiceJet,21/06/2019,Kolkata,Banglore,CCU → BLR,17:10,19:40,2h 30m,non-stop,No info,3873
Jet Airways,9/03/2019,Delhi,Cochin,DEL → BOM → COK,20:50,18:50 10 Mar,22h,1 stop,No info,16289
Multiple carriers,3/03/2019,Delhi,Cochin,DEL → BOM → COK,02:15,15:30,13h 15m,1 stop,No info,17057
IndiGo,12/04/2019,Kolkata,Banglore,CCU → BLR,15:15,17:45,2h 30m,non-stop,No info,4174
IndiGo,6/03/2019,Delhi,Cochin,DEL → COK,14:30,17:35,3h 5m,non-stop,No info,7673
Jet Airways,18/03/2019,Banglore,New Delhi,BLR → BOM → DEL,08:00,07:40 16 Mar,23h 40m,1 stop,No info,12284
Jet Airways,21/05/2019,Banglore,Delhi,BLR → DEL,19:50,22:50,3h,non-stop,In-flight meal not included,4030
SpiceJet,21/06/2019,Kolkata,Banglore,CCU → BLR,09:00,11:25,2h 25m,non-stop,No check-in baggage included,3841
Vistara,18/06/2019,Banglore,Delhi,BLR → DEL,07:00,09:40,2h 40m,non-stop,No info,4668
Air Asia,27/03/2019,Delhi,Cochin,DEL → BLR → COK,07:55,15:45,7h 50m,1 stop,No info,6151
Jet Airways,15/06/2019,Delhi,Cochin,DEL → BOM → COK,21:50,12:35 16 Jun,14h 45m,1 stop,In-flight meal not included,10262
Air India,03/03/2019,Banglore,New Delhi,BLR → BOM → NAG → DEL,08:50,10:35 07 Mar,25h 45m,2 stops,No info,12358
Multiple carriers,27/06/2019,Delhi,Cochin,DEL → BOM → COK,06:00,12:35,6h 35m,1 stop,In-flight meal not included,10791
Multiple carriers,27/06/2019,Delhi,Cochin,DEL → BOM → COK,08:45,19:15,10h 30m,1 stop,No info,8266
IndiGo,21/04/2019,Banglore,Delhi,BLR → DEL,23:30,02:20 22 Apr,2h 50m,non-stop,No info,4591
SpiceJet,21/05/2019,Kolkata,Banglore,CCU → BLR,06:55,09:30,2h 35m,non-stop,No info,3873
IndiGo,1/06/2019,Banglore,Delhi,BLR → DEL,10:10,13:00,2h 50m,non-stop,No info,3943
Jet Airways,9/06/2019,Delhi,Cochin,DEL → BOM → COK,16:00,04:25 10 Jun,12h 25m,1 stop,In-flight meal not included,10577
Jet Airways,6/06/2019,Delhi,Cochin,DEL → BOM → COK,18:15,19:00 07 Jun,24h 45m,1 stop,No info,14714
Jet Airways,18/05/2019,Kolkata,Banglore,CCU → BOM → BLR,18:55,23:35 19 May,28h 40m,1 stop,In-flight meal not included,10844
Jet Airways,9/06/2019,Kolkata,Banglore,CCU → BOM → BLR,16:30,22:35,6h 5m,1 stop,In-flight meal not included,10844
Jet Airways,6/06/2019,Kolkata,Banglore,CCU → DEL → BLR,20:25,09:45 07 Jun,13h 20m,1 stop,In-flight meal not included,10539
IndiGo,18/05/2019,Mumbai,Hyderabad,BOM → HYD,16:55,18:25,1h 30m,non-stop,No info,3838
SpiceJet,3/05/2019,Kolkata,Banglore,CCU → BLR,17:10,19:40,2h 30m,non-stop,No check-in baggage included,3841
Multiple carriers Premium economy,21/03/2019,Delhi,Cochin,DEL → BOM → COK,08:55,21:00,12h 5m,1 stop,No info,9845
Jet Airways,01/03/2019,Banglore,New Delhi,BLR → DEL,19:55,22:35,2h 40m,non-stop,No info,18308
Multiple carriers,27/06/2019,Delhi,Cochin,DEL → BOM → COK,08:00,21:00,13h,1 stop,No info,13587
Jet Airways,24/03/2019,Kolkata,Banglore,CCU → BOM → BLR,13:55,04:45 25 Mar,14h 50m,1 stop,No info,13759
SpiceJet,24/03/2019,Chennai,Kolkata,MAA → CCU,09:30,12:05,2h 35m,non-stop,No info,3859
Jet Airways,12/04/2019,Banglore,Delhi,BLR → DEL,08:20,11:20,3h,non-stop,No info,7229
Jet Airways,12/06/2019,Kolkata,Banglore,CCU → BOM → BLR,21:10,09:20 13 Jun,12h 10m,1 stop,In-flight meal not included,8529
Jet Airways,9/03/2019,Delhi,Cochin,DEL → DED → BOM → COK,15:55,04:25 10 Mar,12h 30m,2 stops,No info,19172
Vistara,6/03/2019,Mumbai,Hyderabad,BOM → DEL → HYD,08:45,16:45,8h,1 stop,No info,12395
Multiple carriers,27/06/2019,Delhi,Cochin,DEL → BOM → COK,06:00,21:00,15h,1 stop,In-flight meal not included,6007
Multiple carriers,6/03/2019,Delhi,Cochin,DEL → BOM → COK,09:10,18:50,9h 40m,1 stop,No info,15135
Jet Airways,24/06/2019,Delhi,Cochin,DEL → JAI → BOM → COK,19:30,04:25 25 Jun,8h 55m,2 stops,No info,13014
Jet Airways,24/05/2019,Kolkata,Banglore,CCU → BOM → BLR,14:05,22:35,8h 30m,1 stop,No info,14571
Air Asia,24/06/2019,Banglore,Delhi,BLR → DEL,04:55,07:45,2h 50m,non-stop,No info,4282
Jet Airways,1/06/2019,Delhi,Cochin,DEL → BOM → COK,11:30,19:00,7h 30m,1 stop,No info,14714
Vistara,15/04/2019,Banglore,Delhi,BLR → DEL,21:00,23:50,2h 50m,non-stop,No info,5403
Jet Airways,27/06/2019,Delhi,Cochin,DEL → JAI → BOM → COK,09:40,12:35 28 Jun,26h 55m,2 stops,In-flight meal not included,11118
Jet Airways,6/06/2019,Kolkata,Banglore,CCU → BOM → BLR,20:00,12:00 07 Jun,16h,1 stop,In-flight meal not included,10844
Jet Airways,24/06/2019,Delhi,Cochin,DEL → ATQ → BOM → COK,20:00,04:25 25 Jun,8h 25m,2 stops,No info,14300
SpiceJet,6/04/2019,Kolkata,Banglore,CCU → BLR,14:55,17:25,2h 30m,non-stop,No info,3873
IndiGo,6/06/2019,Kolkata,Banglore,CCU → BBI → BLR,19:35,23:15,3h 40m,1 stop,No info,6116
Jet Airways,18/05/2019,Delhi,Cochin,DEL → AMD → BOM → COK,19:10,12:35 19 May,17h 25m,2 stops,No info,15129
Jet Airways,12/03/2019,Banglore,New Delhi,BLR → BOM → DEL,16:55,07:40 13 Mar,14h 45m,1 stop,No info,13817
Jet Airways,9/05/2019,Kolkata,Banglore,CCU → BOM → BLR,06:30,12:00,5h 30m,1 stop,No info,14388
SpiceJet,18/05/2019,Kolkata,Banglore,CCU → BLR,09:00,11:25,2h 25m,non-stop,No check-in baggage included,4439
Air Asia,6/04/2019,Kolkata,Banglore,CCU → BLR,19:55,22:25,2h 30m,non-stop,No info,3807
SpiceJet,6/03/2019,Kolkata,Banglore,CCU → BLR,06:55,09:35,2h 40m,non-stop,No info,3850
Jet Airways,21/03/2019,Delhi,Cochin,DEL → BOM → COK,02:15,18:50,16h 35m,1 stop,In-flight meal not included,7438
IndiGo,9/06/2019,Kolkata,Banglore,CCU → BLR,15:15,17:45,2h 30m,non-stop,No info,5224
Multiple carriers,27/03/2019,Delhi,Cochin,DEL → BOM → COK,10:45,18:50,8h 5m,1 stop,No info,11622
Multiple carriers,6/06/2019,Delhi,Cochin,DEL → BOM → COK,10:20,19:15,8h 55m,1 stop,No info,8266
Jet Airways,24/04/2019,Banglore,Delhi,BLR → DEL,11:10,14:05,2h 55m,non-stop,In-flight meal not included,4544
IndiGo,18/05/2019,Banglore,Delhi,BLR → DEL,07:10,10:05,2h 55m,non-stop,No info,4823
Jet Airways,1/05/2019,Kolkata,Banglore,CCU → DEL → BLR,20:25,19:10 02 May,22h 45m,1 stop,No info,11467
Jet Airways,9/06/2019,Kolkata,Banglore,CCU → DEL → BLR,17:00,18:00 10 Jun,25h,1 stop,No info,14151
Jet Airways,27/06/2019,Delhi,Cochin,DEL → BOM → COK,18:15,12:35 28 Jun,18h 20m,1 stop,In-flight meal not included,10262
Multiple carriers,27/03/2019,Delhi,Cochin,DEL → HYD → MAA → COK,09:45,21:20,11h 35m,2 stops,No info,6653
IndiGo,27/03/2019,Delhi,Cochin,DEL → BOM → COK,15:00,01:35 28 Mar,10h 35m,1 stop,No info,8075
Air India,6/06/2019,Delhi,Cochin,DEL → BOM → COK,07:00,19:15,12h 15m,1 stop,No info,8669
Multiple carriers,6/03/2019,Delhi,Cochin,DEL → BOM → COK,09:00,15:30,6h 30m,1 stop,In-flight meal not included,15136
Multiple carriers,1/06/2019,Delhi,Cochin,DEL → HYD → COK,09:45,22:30,12h 45m,1 stop,No info,9646
IndiGo,9/06/2019,Delhi,Cochin,DEL → BOM → COK,09:15,01:30 10 Jun,16h 15m,1 stop,No info,6628
Vistara,21/05/2019,Kolkata,Banglore,CCU → DEL → BLR,20:20,10:45 22 May,14h 25m,1 stop,No info,9187
IndiGo,9/05/2019,Delhi,Cochin,DEL → BLR → COK,05:10,10:05,4h 55m,1 stop,No info,6496
Multiple carriers,27/05/2019,Delhi,Cochin,DEL → BOM → COK,11:30,19:15,7h 45m,1 stop,No info,15898
Jet Airways,3/06/2019,Delhi,Cochin,DEL → BOM → COK,16:00,12:35 04 Jun,20h 35m,1 stop,No info,14714
Jet Airways,01/03/2019,Banglore,New Delhi,BLR → BOM → DEL,22:50,21:20 02 Mar,22h 30m,1 stop,No info,25735
Multiple carriers,12/06/2019,Delhi,Cochin,DEL → BOM → COK,18:15,01:30 13 Jun,7h 15m,1 stop,No info,13377
Air India,09/03/2019,Banglore,New Delhi,BLR → DEL,17:00,19:50,2h 50m,non-stop,No info,9481
Vistara,6/06/2019,Kolkata,Banglore,CCU → DEL → BLR,17:00,09:05 07 Jun,16h 5m,1 stop,No info,8452
Jet Airways,6/06/2019,Kolkata,Banglore,CCU → BOM → BLR,16:30,23:35,7h 5m,1 stop,No info,14571
Jet Airways,15/06/2019,Delhi,Cochin,DEL → NAG → BOM → COK,14:35,04:25 16 Jun,13h 50m,2 stops,No info,13376
IndiGo,12/04/2019,Kolkata,Banglore,CCU → BLR,21:25,00:05 13 Apr,2h 40m,non-stop,No info,4174
Jet Airways,9/05/2019,Delhi,Cochin,DEL → BOM → COK,14:00,04:25 10 May,14h 25m,1 stop,In-flight meal not included,12373
Jet Airways,21/03/2019,Delhi,Cochin,DEL → JAI → BOM → COK,05:30,18:50 22 Mar,37h 20m,2 stops,In-flight meal not included,9328
SpiceJet,1/04/2019,Kolkata,Banglore,CCU → BLR,09:00,11:25,2h 25m,non-stop,No check-in baggage included,3841
Jet Airways,18/06/2019,Mumbai,Hyderabad,BOM → HYD,02:55,04:20,1h 25m,non-stop,No info,5678
Jet Airways,27/06/2019,Delhi,Cochin,DEL → BOM → COK,20:55,04:25 28 Jun,7h 30m,1 stop,In-flight meal not included,12898
SpiceJet,12/06/2019,Kolkata,Banglore,CCU → BLR,09:00,11:25,2h 25m,non-stop,No info,3873
SpiceJet,24/05/2019,Kolkata,Banglore,CCU → IXB → BLR,15:55,21:25,5h 30m,1 stop,No info,7804
Jet Airways,18/03/2019,Banglore,New Delhi,BLR → BOM → DEL,22:50,09:00 16 Mar,10h 10m,1 stop,In-flight meal not included,11087
Air India,6/03/2019,Delhi,Cochin,DEL → COK,18:05,21:10,3h 5m,non-stop,No info,7931
GoAir,9/05/2019,Delhi,Cochin,DEL → BOM → COK,10:35,19:35,9h,1 stop,No info,6591
Jet Airways,15/06/2019,Delhi,Cochin,DEL → BOM → COK,10:00,19:00,9h,1 stop,In-flight meal not included,10262
IndiGo,3/04/2019,Delhi,Cochin,DEL → COK,14:20,17:35,3h 15m,non-stop,No info,4729
IndiGo,9/06/2019,Banglore,Delhi,BLR → DEL,23:30,02:20 10 Jun,2h 50m,non-stop,No info,4591
Jet Airways,01/03/2019,Banglore,New Delhi,BLR → BOM → DEL,11:40,11:25 02 Mar,23h 45m,1 stop,No info,25735
IndiGo,3/03/2019,Delhi,Cochin,DEL → HYD → COK,07:35,12:00,4h 25m,1 stop,No info,8258
Jet Airways,27/05/2019,Delhi,Cochin,DEL → AMD → BOM → COK,23:05,12:35 28 May,13h 30m,2 stops,No info,15129
IndiGo,3/04/2019,Banglore,Delhi,BLR → DEL,10:10,13:00,2h 50m,non-stop,No info,3943
Jet Airways,1/04/2019,Kolkata,Banglore,CCU → DEL → BLR,09:35,21:05,11h 30m,1 stop,No info,10953
Jet Airways,15/06/2019,Delhi,Cochin,DEL → IDR → BOM → COK,05:30,04:25 16 Jun,22h 55m,2 stops,No info,13292
Jet Airways,9/06/2019,Kolkata,Banglore,CCU → BOM → BLR,14:05,23:35,9h 30m,1 stop,In-flight meal not included,10844
Vistara,18/05/2019,Banglore,Delhi,BLR → DEL,19:30,22:15,2h 45m,non-stop,No info,4878
Jet Airways,27/03/2019,Mumbai,Hyderabad,BOM → HYD,02:55,04:25,1h 30m,non-stop,No info,5678
Jet Airways,12/05/2019,Kolkata,Banglore,CCU → BOM → BLR,21:10,10:05 13 May,12h 55m,1 stop,In-flight meal not included,8586
SpiceJet,9/05/2019,Mumbai,Hyderabad,BOM → HYD,05:45,07:15,1h 30m,non-stop,No info,2017
SpiceJet,6/05/2019,Chennai,Kolkata,MAA → CCU,09:45,12:00,2h 15m,non-stop,No check-in baggage included,3543
IndiGo,18/05/2019,Delhi,Cochin,DEL → HYD → COK,05:05,16:10,11h 5m,1 stop,No info,6818
Jet Airways,27/03/2019,Delhi,Cochin,DEL → MAA → BOM → COK,05:10,19:45 28 Mar,38h 35m,2 stops,In-flight meal not included,8098
Multiple carriers,6/03/2019,Delhi,Cochin,DEL → HYD → COK,07:10,16:10,9h,1 stop,In-flight meal not included,7563
Jet Airways,6/05/2019,Banglore,Delhi,BLR → DEL,11:10,14:05,2h 55m,non-stop,In-flight meal not included,4030
Jet Airways,9/06/2019,Kolkata,Banglore,CCU → GAU → BLR,10:20,17:35,7h 15m,1 stop,No info,8355
IndiGo,3/03/2019,Delhi,Cochin,DEL → BOM → COK,11:30,21:00,9h 30m,1 stop,No info,14871
Multiple carriers,9/06/2019,Delhi,Cochin,DEL → BOM → COK,04:55,19:00,14h 5m,1 stop,No info,10877
Air India,03/03/2019,Banglore,New Delhi,BLR → HYD → DEL,08:15,21:25,13h 10m,1 stop,No info,6781
Air India,12/06/2019,Mumbai,Hyderabad,BOM → HYD,21:05,22:25,1h 20m,non-stop,No info,3100
Vistara,12/06/2019,Banglore,Delhi,BLR → DEL,21:00,23:50,2h 50m,non-stop,No info,4668
Jet Airways,21/03/2019,Delhi,Cochin,DEL → AMD → BOM → COK,19:10,04:25 23 Mar,33h 15m,2 stops,In-flight meal not included,8834
Jet Airways,9/05/2019,Kolkata,Banglore,CCU → DEL → BLR,17:00,10:55 10 May,17h 55m,1 stop,In-flight meal not included,8066
Jet Airways,12/05/2019,Banglore,Delhi,BLR → DEL,06:00,08:45,2h 45m,non-stop,No info,7229
IndiGo,12/05/2019,Banglore,Delhi,BLR → DEL,23:30,02:20 13 May,2h 50m,non-stop,No info,4591
Jet Airways,1/05/2019,Kolkata,Banglore,CCU → BOM → BLR,06:30,18:15,11h 45m,1 stop,In-flight meal not included,10844
IndiGo,15/04/2019,Kolkata,Banglore,CCU → MAA → BLR,06:20,10:30,4h 10m,1 stop,No info,4226
Jet Airways,18/05/2019,Kolkata,Banglore,CCU → BOM → BLR,16:30,16:20 19 May,23h 50m,1 stop,In-flight meal not included,10844
Air India,18/06/2019,Banglore,Delhi,BLR → DEL,17:00,19:50,2h 50m,non-stop,No info,6961
Jet Airways,27/06/2019,Delhi,Cochin,DEL → AMD → BOM → COK,19:10,12:35 28 Jun,17h 25m,2 stops,No info,12819
Jet Airways,24/06/2019,Delhi,Cochin,DEL → JAI → BOM → COK,09:40,12:35 25 Jun,26h 55m,2 stops,In-flight meal not included,10368
Jet Airways,9/06/2019,Kolkata,Banglore,CCU → DEL → BLR,09:35,14:25 10 Jun,28h 50m,1 stop,No info,14151
IndiGo,27/05/2019,Delhi,Cochin,DEL → BOM → COK,08:30,21:00,12h 30m,1 stop,No info,6838
Multiple carriers,24/06/2019,Delhi,Cochin,DEL → BOM → COK,19:00,01:30 25 Jun,6h 30m,1 stop,No info,6795
Jet Airways,15/06/2019,Delhi,Cochin,DEL → BOM → COK,09:00,04:25 16 Jun,19h 25m,1 stop,In-flight meal not included,10262
Multiple carriers,18/05/2019,Delhi,Cochin,DEL → BOM → COK,07:30,19:15,11h 45m,1 stop,No info,7564
SpiceJet,3/05/2019,Banglore,Delhi,BLR → DEL,21:10,00:05 04 May,2h 55m,non-stop,No info,4991
IndiGo,24/06/2019,Banglore,Delhi,BLR → DEL,18:15,21:20,3h 5m,non-stop,No info,4823
Air India,3/04/2019,Banglore,Delhi,BLR → DEL,06:10,08:55,2h 45m,non-stop,No info,4441
Air India,21/03/2019,Mumbai,Hyderabad,BOM → HYD,21:05,22:25,1h 20m,non-stop,No info,2050
Vistara,12/06/2019,Chennai,Kolkata,MAA → CCU,17:45,20:05,2h 20m,non-stop,No info,11982
Jet Airways,06/03/2019,Banglore,New Delhi,BLR → BOM → DEL,14:05,19:10,5h 5m,1 stop,No info,19225
Jet Airways,6/06/2019,Delhi,Cochin,DEL → IDR → BOM → COK,05:30,19:00,13h 30m,2 stops,No info,13292
Vistara,18/05/2019,Delhi,Cochin,DEL → COK,06:00,09:10,3h 10m,non-stop,No info,6741
GoAir,9/06/2019,Banglore,Delhi,BLR → DEL,07:45,10:40,2h 55m,non-stop,No info,3898
GoAir,18/05/2019,Banglore,Delhi,BLR → DEL,07:45,10:40,2h 55m,non-stop,No info,4239
SpiceJet,15/03/2019,Banglore,New Delhi,BLR → DEL,09:35,12:30,2h 55m,non-stop,No check-in baggage included,6205
Multiple carriers,18/05/2019,Delhi,Cochin,DEL → BOM → COK,09:00,21:00,12h,1 stop,No info,8073
IndiGo,9/05/2019,Chennai,Kolkata,MAA → CCU,11:35,14:00,2h 25m,non-stop,No info,4332
Jet Airways,27/06/2019,Delhi,Cochin,DEL → ATQ → BOM → COK,12:15,19:00 28 Jun,30h 45m,2 stops,No info,14300
Jet Airways,18/05/2019,Delhi,Cochin,DEL → JAI → BOM → COK,05:30,19:00,13h 30m,2 stops,No info,15129
IndiGo,24/05/2019,Kolkata,Banglore,CCU → BLR,20:20,22:55,2h 35m,non-stop,No info,4804
Air India,15/03/2019,Banglore,New Delhi,BLR → VGA → DEL,10:30,22:55,12h 25m,1 stop,No info,6383
IndiGo,12/05/2019,Banglore,Delhi,BLR → DEL,08:30,11:20,2h 50m,non-stop,No info,5740
Jet Airways,6/06/2019,Delhi,Cochin,DEL → BOM → COK,17:30,19:00 07 Jun,25h 30m,1 stop,No info,14714
Jet Airways,6/05/2019,Kolkata,Banglore,CCU → BOM → BLR,14:05,12:00 07 May,21h 55m,1 stop,In-flight meal not included,9663
Jet Airways,06/03/2019,Banglore,New Delhi,BLR → BOM → DEL,21:25,07:40 07 Mar,10h 15m,1 stop,No info,16736
Jet Airways,15/05/2019,Kolkata,Banglore,CCU → BOM → BLR,21:10,16:20 16 May,19h 10m,1 stop,In-flight meal not included,10844
Jet Airways,12/05/2019,Kolkata,Banglore,CCU → BOM → BLR,06:30,12:00,5h 30m,1 stop,In-flight meal not included,8586
Multiple carriers,6/06/2019,Delhi,Cochin,DEL → BOM → COK,07:00,19:00,12h,1 stop,No info,12192
IndiGo,27/06/2019,Delhi,Cochin,DEL → MAA → COK,07:15,12:30,5h 15m,1 stop,No info,6582
IndiGo,15/03/2019,Banglore,New Delhi,BLR → NAG → DEL,16:50,21:35,4h 45m,1 stop,No info,10406
Multiple carriers,15/05/2019,Delhi,Cochin,DEL → BOM → COK,08:45,21:00,12h 15m,1 stop,No info,7670
IndiGo,24/05/2019,Kolkata,Banglore,CCU → BLR,15:30,18:05,2h 35m,non-stop,No info,4804
Jet Airways,6/05/2019,Banglore,Delhi,BLR → DEL,19:50,22:50,3h,non-stop,No info,7229
Air India,21/03/2019,Kolkata,Banglore,CCU → BLR,14:15,16:45,2h 30m,non-stop,No info,5170
IndiGo,9/03/2019,Delhi,Cochin,DEL → HYD → COK,07:35,12:00,4h 25m,1 stop,No info,6937
SpiceJet,15/04/2019,Banglore,Delhi,BLR → DEL,05:55,08:35,2h 40m,non-stop,No info,4423
Air India,18/03/2019,Banglore,New Delhi,BLR → BOM → BHO → DEL,17:25,23:25 16 Mar,30h,2 stops,No info,11518
SpiceJet,18/06/2019,Banglore,Delhi,BLR → DEL,05:55,08:35,2h 40m,non-stop,No info,3625
Jet Airways,9/06/2019,Delhi,Cochin,DEL → JAI → BOM → COK,09:40,12:35 10 Jun,26h 55m,2 stops,No info,13014
IndiGo,27/03/2019,Delhi,Cochin,DEL → HYD → COK,06:40,16:10,9h 30m,1 stop,No info,6442
Multiple carriers,15/06/2019,Delhi,Cochin,DEL → BOM → COK,11:40,19:15,7h 35m,1 stop,No info,9526
IndiGo,27/06/2019,Chennai,Kolkata,MAA → CCU,13:15,15:35,2h 20m,non-stop,No info,3597
Jet Airways,12/06/2019,Delhi,Cochin,DEL → BOM → COK,13:00,19:00,6h,1 stop,In-flight meal not included,10262
IndiGo,9/06/2019,Delhi,Cochin,DEL → BOM → COK,15:00,01:30 10 Jun,10h 30m,1 stop,No info,6316
SpiceJet,21/05/2019,Kolkata,Banglore,CCU → BLR,17:10,19:40,2h 30m,non-stop,No check-in baggage included,3841
SpiceJet,12/04/2019,Banglore,Delhi,BLR → DEL,05:55,08:35,2h 40m,non-stop,No info,4423
IndiGo,3/06/2019,Delhi,Cochin,DEL → LKO → COK,21:50,03:35 04 Jun,5h 45m,1 stop,No info,7189
Jet Airways,9/06/2019,Kolkata,Banglore,CCU → DEL → BLR,20:25,09:45 10 Jun,13h 20m,1 stop,In-flight meal not included,13469
Jet Airways,9/05/2019,Delhi,Cochin,DEL → BOM → COK,13:00,19:00,6h,1 stop,In-flight meal not included,12373
Multiple carriers,27/03/2019,Delhi,Cochin,DEL → BOM → COK,10:20,18:50,8h 30m,1 stop,No info,11421
Air India,3/03/2019,Delhi,Cochin,DEL → BHO → BOM → COK,05:55,07:40 04 Mar,25h 45m,2 stops,No info,15113
Air India,15/03/2019,Banglore,New Delhi,BLR → MAA → DEL,11:50,19:50,8h,1 stop,No info,7192
Jet Airways,3/04/2019,Delhi,Cochin,DEL → BOM → COK,02:15,19:00,16h 45m,1 stop,In-flight meal not included,4757
Multiple carriers,12/06/2019,Delhi,Cochin,DEL → HYD → COK,09:45,22:30,12h 45m,1 stop,No info,9646
Multiple carriers,6/03/2019,Delhi,Cochin,DEL → BOM → COK,18:00,01:35 07 Mar,7h 35m,1 stop,No info,16863
Jet Airways,21/05/2019,Delhi,Cochin,DEL → BOM → COK,21:50,12:35 22 May,14h 45m,1 stop,In-flight meal not included,12898
Air India,15/03/2019,Banglore,New Delhi,BLR → HYD → VGA → DEL,08:15,22:55,14h 40m,2 stops,No info,7904
Multiple carriers,9/05/2019,Delhi,Cochin,DEL → BOM → COK,07:05,19:15,12h 10m,1 stop,In-flight meal not included,11142
Air Asia,3/03/2019,Delhi,Cochin,DEL → BLR → COK,16:45,07:10 04 Mar,14h 25m,1 stop,No info,13474
Multiple carriers,3/03/2019,Delhi,Cochin,DEL → BOM → COK,13:00,01:35 04 Mar,12h 35m,1 stop,No info,18286
Jet Airways,27/03/2019,Delhi,Cochin,DEL → BOM → COK,23:05,04:25 28 Mar,5h 20m,1 stop,In-flight meal not included,7438
Jet Airways,15/05/2019,Kolkata,Banglore,CCU → BOM → BLR,16:30,04:40 16 May,12h 10m,1 stop,No info,14781
IndiGo,3/03/2019,Delhi,Cochin,DEL → BOM → COK,09:10,01:35 04 Mar,16h 25m,1 stop,No info,14871
Air Asia,24/06/2019,Delhi,Cochin,DEL → BLR → COK,16:45,22:25,5h 40m,1 stop,No info,6752
SpiceJet,24/06/2019,Kolkata,Banglore,CCU → BLR,06:55,09:30,2h 35m,non-stop,No info,3873
Multiple carriers,21/05/2019,Delhi,Cochin,DEL → BOM → COK,06:40,19:15,12h 35m,1 stop,No info,7787
IndiGo,12/06/2019,Kolkata,Banglore,CCU → BLR,17:15,19:50,2h 35m,non-stop,No info,4804
Air India,1/05/2019,Kolkata,Banglore,CCU → DEL → COK → BLR,10:00,13:45 02 May,27h 45m,2 stops,No info,15164
Multiple carriers,6/03/2019,Delhi,Cochin,DEL → HYD → COK,09:45,16:10,6h 25m,1 stop,No info,10276
Jet Airways,6/06/2019,Delhi,Cochin,DEL → IDR → BOM → COK,21:25,19:00 07 Jun,21h 35m,2 stops,In-flight meal not included,10588
IndiGo,21/03/2019,Delhi,Cochin,DEL → HYD → MAA → COK,07:35,21:20,13h 45m,2 stops,No info,6494
GoAir,6/05/2019,Delhi,Cochin,DEL → AMD → COK,07:25,13:35,6h 10m,1 stop,No info,6296
Jet Airways,24/06/2019,Delhi,Cochin,DEL → BOM → COK,10:00,04:25 25 Jun,18h 25m,1 stop,In-flight meal not included,10262
Jet Airways,9/06/2019,Delhi,Cochin,DEL → LKO → BOM → COK,14:05,12:35 10 Jun,22h 30m,2 stops,No info,13882
IndiGo,27/06/2019,Mumbai,Hyderabad,BOM → HYD,16:55,18:25,1h 30m,non-stop,No info,3175
Jet Airways,1/05/2019,Kolkata,Banglore,CCU → BOM → BLR,06:30,09:20 02 May,26h 50m,1 stop,In-flight meal not included,9663
Jet Airways,15/06/2019,Delhi,Cochin,DEL → BOM → COK,19:15,12:35 16 Jun,17h 20m,1 stop,In-flight meal not included,10262
Jet Airways,12/06/2019,Kolkata,Banglore,CCU → DEL → BLR,09:35,23:35,14h,1 stop,No info,12692
Jet Airways,27/03/2019,Delhi,Cochin,DEL → MAA → BOM → COK,05:10,19:45 28 Mar,38h 35m,2 stops,In-flight meal not included,8938
IndiGo,21/03/2019,Mumbai,Hyderabad,BOM → HYD,19:05,20:30,1h 25m,non-stop,No info,2754
SpiceJet,09/03/2019,Banglore,New Delhi,BLR → DEL,20:30,23:20,2h 50m,non-stop,No info,5126
Jet Airways,3/06/2019,Delhi,Cochin,DEL → IDR → BOM → COK,05:30,19:00,13h 30m,2 stops,In-flight meal not included,11507
Multiple carriers,15/06/2019,Delhi,Cochin,DEL → HYD → COK,07:10,22:30,15h 20m,1 stop,In-flight meal not included,6093
Air India,9/06/2019,Kolkata,Banglore,CCU → DEL → AMD → BLR,07:00,05:25 10 Jun,22h 25m,2 stops,No info,12744
Jet Airways,9/06/2019,Delhi,Cochin,DEL → BOM → COK,15:00,12:35 10 Jun,21h 35m,1 stop,In-flight meal not included,10262
Air India,18/06/2019,Delhi,Cochin,DEL → COK,18:05,21:10,3h 5m,non-stop,No info,5201
Jet Airways,21/06/2019,Banglore,Delhi,BLR → DEL,08:20,11:20,3h,non-stop,In-flight meal not included,5769
Jet Airways,3/05/2019,Banglore,Delhi,BLR → DEL,19:50,22:50,3h,non-stop,No info,7229
Multiple carriers,27/05/2019,Delhi,Cochin,DEL → BOM → COK,03:50,19:00,15h 10m,1 stop,No info,10197
Air India,9/03/2019,Delhi,Cochin,DEL → BLR → COK,17:45,23:00,5h 15m,1 stop,No info,9064
Jet Airways,12/05/2019,Kolkata,Banglore,CCU → DEL → BLR,09:35,10:55 13 May,25h 20m,1 stop,No info,14151
Multiple carriers,21/05/2019,Delhi,Cochin,DEL → HYD → COK,17:15,00:55 22 May,7h 40m,1 stop,No info,7858
Jet Airways,24/06/2019,Delhi,Cochin,DEL → BOM → COK,15:00,12:35 25 Jun,21h 35m,1 stop,In-flight meal not included,10262
SpiceJet,6/05/2019,Banglore,Delhi,BLR → DEL,09:30,12:20,2h 50m,non-stop,No info,3971
SpiceJet,15/06/2019,Mumbai,Hyderabad,BOM → HYD,13:15,14:45,1h 30m,non-stop,No check-in baggage included,1965
Air India,15/03/2019,Mumbai,Hyderabad,BOM → HYD,21:05,22:25,1h 20m,non-stop,No info,3100
Jet Airways,6/05/2019,Kolkata,Banglore,CCU → DEL → BLR,17:00,23:35,6h 35m,1 stop,No info,12121
Multiple carriers,9/05/2019,Delhi,Cochin,DEL → BOM → COK,13:00,21:00,8h,1 stop,No info,13727
IndiGo,03/03/2019,Banglore,New Delhi,BLR → DEL,08:30,11:30,3h,non-stop,No info,6860
Air India,09/03/2019,Banglore,New Delhi,BLR → DEL,13:20,16:10,2h 50m,non-stop,No info,8851
Vistara,6/03/2019,Mumbai,Hyderabad,BOM → DEL → HYD,08:45,19:55,11h 10m,1 stop,No info,12395
Jet Airways,21/05/2019,Kolkata,Banglore,CCU → BOM → BLR,20:00,09:20 22 May,13h 20m,1 stop,No info,14781
Jet Airways,18/05/2019,Kolkata,Banglore,CCU → BOM → BLR,18:55,09:20 19 May,14h 25m,1 stop,No info,14388
Air India,15/05/2019,Kolkata,Banglore,CCU → BBI → HYD → BLR,09:10,04:40 16 May,19h 30m,2 stops,No info,6117
Jet Airways,27/03/2019,Delhi,Cochin,DEL → BOM → COK,07:05,04:25 28 Mar,21h 20m,1 stop,No info,12452
IndiGo,21/03/2019,Chennai,Kolkata,MAA → CCU,19:35,21:55,2h 20m,non-stop,No info,3384
IndiGo,21/03/2019,Chennai,Kolkata,MAA → CCU,13:20,15:35,2h 15m,non-stop,No info,3384
Jet Airways,27/05/2019,Delhi,Cochin,DEL → JAI → BOM → COK,05:30,19:00,13h 30m,2 stops,No info,15129
Multiple carriers,1/06/2019,Delhi,Cochin,DEL → BOM → COK,03:50,19:00,15h 10m,1 stop,No info,12192
Jet Airways,15/05/2019,Kolkata,Banglore,CCU → BOM → BLR,21:10,10:05 16 May,12h 55m,1 stop,In-flight meal not included,11841
Air India,6/03/2019,Delhi,Cochin,DEL → MAA → COK,20:40,09:25 07 Mar,12h 45m,1 stop,No info,12677
Jet Airways,1/05/2019,Kolkata,Banglore,CCU → DEL → BLR,09:35,18:00,8h 25m,1 stop,In-flight meal not included,10703
Air India,15/03/2019,Mumbai,Hyderabad,BOM → HYD,19:30,20:45,1h 15m,non-stop,No info,3100
SpiceJet,27/05/2019,Chennai,Kolkata,MAA → CCU,08:20,10:35,2h 15m,non-stop,No check-in baggage included,3543
Jet Airways,9/05/2019,Delhi,Cochin,DEL → AMD → BOM → COK,19:10,19:00 10 May,23h 50m,2 stops,No info,15129
SpiceJet,15/03/2019,Mumbai,Hyderabad,BOM → HYD,22:45,00:10 16 Mar,1h 25m,non-stop,No check-in baggage included,2647
Jet Airways,27/03/2019,Delhi,Cochin,DEL → BOM → COK,08:00,04:25 28 Mar,20h 25m,1 stop,In-flight meal not included,6645
Air India,27/03/2019,Delhi,Cochin,DEL → AMD → BOM → COK,19:45,19:15 28 Mar,23h 30m,2 stops,No info,8656
Jet Airways,9/05/2019,Delhi,Cochin,DEL → BOM → COK,13:00,12:35 10 May,23h 35m,1 stop,In-flight meal not included,12373
Jet Airways,6/06/2019,Kolkata,Banglore,CCU → DEL → BLR,09:35,14:25 07 Jun,28h 50m,1 stop,In-flight meal not included,10539
Multiple carriers,12/06/2019,Delhi,Cochin,DEL → BOM → COK,19:00,01:30 13 Jun,6h 30m,1 stop,No info,6795
IndiGo,6/05/2019,Banglore,Delhi,BLR → DEL,00:30,03:25,2h 55m,non-stop,No info,4284
SpiceJet,18/05/2019,Kolkata,Banglore,CCU → KNU → BLR,11:35,18:50,7h 15m,1 stop,No info,8479
Multiple carriers,1/06/2019,Delhi,Cochin,DEL → IXU → BOM → COK,17:50,01:30 02 Jun,7h 40m,2 stops,No info,18485
Air India,6/05/2019,Kolkata,Banglore,CCU → GAU → DEL → BLR,09:50,08:55 07 May,23h 5m,2 stops,No info,13227
Multiple carriers,12/06/2019,Delhi,Cochin,DEL → HYD → COK,07:10,22:30,15h 20m,1 stop,No info,6513
Air India,18/03/2019,Delhi,Cochin,DEL → COK,05:10,08:00,2h 50m,non-stop,No info,5674
IndiGo,1/06/2019,Mumbai,Hyderabad,BOM → HYD,12:00,13:30,1h 30m,non-stop,No info,2754
IndiGo,6/04/2019,Kolkata,Banglore,CCU → BLR,09:35,12:20,2h 45m,non-stop,No info,4174
Jet Airways,1/05/2019,Kolkata,Banglore,CCU → DEL → BLR,09:35,19:10,9h 35m,1 stop,No info,11467
IndiGo,27/03/2019,Delhi,Cochin,DEL → BOM → COK,04:45,21:00,16h 15m,1 stop,No info,7258
SpiceJet,18/05/2019,Kolkata,Banglore,CCU → BLR,09:00,11:25,2h 25m,non-stop,No info,4491
IndiGo,15/04/2019,Banglore,Delhi,BLR → DEL,07:10,10:05,2h 55m,non-stop,No info,4823
Air India,1/05/2019,Mumbai,Hyderabad,BOM → HYD,13:55,15:25,1h 30m,non-stop,No info,3625
GoAir,24/06/2019,Delhi,Cochin,DEL → BOM → COK,10:35,19:35,9h,1 stop,No info,3876
IndiGo,12/06/2019,Chennai,Kolkata,MAA → CCU,22:05,00:25 13 Jun,2h 20m,non-stop,No info,5277
Air India,21/05/2019,Kolkata,Banglore,CCU → BLR,14:15,16:45,2h 30m,non-stop,No info,5510
Air India,6/04/2019,Delhi,Cochin,DEL → COK,05:10,08:00,2h 50m,non-stop,No info,4729
SpiceJet,9/06/2019,Kolkata,Banglore,CCU → BLR,17:10,19:40,2h 30m,non-stop,No check-in baggage included,3841
IndiGo,15/06/2019,Chennai,Kolkata,MAA → CCU,19:35,21:55,2h 20m,non-stop,No info,3597
Air India,24/05/2019,Kolkata,Banglore,CCU → DEL → AMD → BLR,10:00,05:25 25 May,19h 25m,2 stops,No info,15107
Air India,12/06/2019,Delhi,Cochin,DEL → BOM → COK,07:00,19:15,12h 15m,1 stop,No info,8669
SpiceJet,01/03/2019,Banglore,New Delhi,BLR → HYD → DEL,15:35,23:40,8h 5m,1 stop,1 Long layover,7744
Jet Airways,6/06/2019,Delhi,Cochin,DEL → JAI → BOM → COK,09:40,12:35 07 Jun,26h 55m,2 stops,In-flight meal not included,11733
GoAir,12/04/2019,Banglore,Delhi,BLR → DEL,20:55,23:40,2h 45m,non-stop,No info,6722
SpiceJet,9/06/2019,Kolkata,Banglore,CCU → PNQ → BLR,08:35,17:15,8h 40m,1 stop,No info,6853
Jet Airways,15/04/2019,Banglore,Delhi,BLR → DEL,19:50,22:50,3h,non-stop,No info,7229
Air Asia,12/06/2019,Delhi,Cochin,DEL → BLR → COK,07:55,15:45,7h 50m,1 stop,No info,6152
Jet Airways,9/05/2019,Kolkata,Banglore,CCU → BOM → BLR,20:00,18:15 10 May,22h 15m,1 stop,In-flight meal not included,7757
IndiGo,24/06/2019,Mumbai,Hyderabad,BOM → HYD,12:00,13:30,1h 30m,non-stop,No info,2754
IndiGo,15/03/2019,Banglore,New Delhi,BLR → HYD → DEL,16:15,20:35,4h 20m,1 stop,No info,5607
SpiceJet,15/04/2019,Banglore,Delhi,BLR → DEL,21:10,00:05 16 Apr,2h 55m,non-stop,No check-in baggage included,3919
IndiGo,12/05/2019,Mumbai,Hyderabad,BOM → HYD,02:35,04:05,1h 30m,non-stop,No info,3175
IndiGo,21/05/2019,Kolkata,Banglore,CCU → MAA → BLR,06:20,10:20,4h,1 stop,No info,4226
Jet Airways,1/04/2019,Mumbai,Hyderabad,BOM → HYD,02:55,04:20,1h 25m,non-stop,No info,5678
Jet Airways,12/04/2019,Banglore,Delhi,BLR → DEL,06:00,08:45,2h 45m,non-stop,In-flight meal not included,5198
Jet Airways,15/06/2019,Banglore,Delhi,BLR → DEL,11:10,14:05,2h 55m,non-stop,No info,8016
Multiple carriers,9/05/2019,Delhi,Cochin,DEL → BOM → COK,10:20,21:00,10h 40m,1 stop,No info,7670
Jet Airways,18/05/2019,Kolkata,Banglore,CCU → BOM → BLR,14:05,23:35,9h 30m,1 stop,In-flight meal not included,10844
Jet Airways,6/05/2019,Kolkata,Banglore,CCU → BOM → BLR,08:25,18:15,9h 50m,1 stop,No info,14781
Jet Airways,9/05/2019,Kolkata,Banglore,CCU → BOM → BLR,14:05,19:50,5h 45m,1 stop,No info,14781
Air Asia,9/03/2019,Delhi,Cochin,DEL → BLR → COK,20:10,07:10 10 Mar,11h,1 stop,No info,8327
IndiGo,18/04/2019,Banglore,Delhi,BLR → DEL,22:10,01:00 19 Apr,2h 50m,non-stop,No info,4591
Jet Airways,9/05/2019,Delhi,Cochin,DEL → BOM → COK,19:45,04:25 10 May,8h 40m,1 stop,In-flight meal not included,12373
Multiple carriers,18/05/2019,Delhi,Cochin,DEL → IXU → BOM → COK,17:50,01:30 19 May,7h 40m,2 stops,No info,19360
Vistara,9/05/2019,Kolkata,Banglore,CCU → DEL → BLR,07:10,20:20,13h 10m,1 stop,No info,8610
Air India,12/05/2019,Chennai,Kolkata,MAA → CCU,11:40,13:55,2h 15m,non-stop,No info,4667
Jet Airways,18/05/2019,Kolkata,Banglore,CCU → BOM → BLR,08:25,16:20,7h 55m,1 stop,No info,14781
Vistara,12/06/2019,Kolkata,Banglore,CCU → DEL → BLR,07:10,22:40,15h 30m,1 stop,No info,8452
Jet Airways,27/03/2019,Delhi,Cochin,DEL → AMD → BOM → COK,19:10,04:25 28 Mar,9h 15m,2 stops,No info,10976
Vistara,6/05/2019,Kolkata,Banglore,CCU → DEL → BLR,17:00,10:45 07 May,17h 45m,1 stop,No info,8662
IndiGo,24/03/2019,Banglore,New Delhi,BLR → DEL,08:30,11:30,3h,non-stop,No info,6144
Air India,27/06/2019,Delhi,Cochin,DEL → RPR → NAG → BOM → COK,05:15,19:15 28 Jun,38h,3 stops,No info,10703
Multiple carriers,3/03/2019,Delhi,Cochin,DEL → BOM → COK,04:00,13:20,9h 20m,1 stop,No info,14973
IndiGo,12/06/2019,Kolkata,Banglore,CCU → HYD → BLR,19:20,23:45,4h 25m,1 stop,No info,3574
Air India,18/05/2019,Kolkata,Banglore,CCU → MAA → BLR,14:35,14:35 19 May,24h,1 stop,No info,6528
Air India,9/05/2019,Delhi,Cochin,DEL → BOM → COK,10:00,19:15,9h 15m,1 stop,No info,8372
Multiple carriers,27/06/2019,Delhi,Cochin,DEL → BOM → COK,08:00,19:00,11h,1 stop,No info,12192
Jet Airways,21/03/2019,Delhi,Cochin,DEL → BDQ → BOM → COK,10:45,18:50 22 Mar,32h 5m,2 stops,In-flight meal not included,7791
Jet Airways,15/05/2019,Banglore,Delhi,BLR → DEL,19:50,22:50,3h,non-stop,In-flight meal not included,4030
Jet Airways,9/03/2019,Delhi,Cochin,DEL → BOM → COK,17:25,04:25 10 Mar,11h,1 stop,No info,15554
Air India,18/03/2019,Banglore,New Delhi,BLR → AMD → DEL,00:30,08:45,8h 15m,1 stop,No info,13859
GoAir,09/03/2019,Banglore,New Delhi,BLR → GOI → DEL,15:50,20:15,4h 25m,1 stop,No info,7657
SpiceJet,21/06/2019,Banglore,Delhi,BLR → DEL,05:55,08:35,2h 40m,non-stop,No info,3971
IndiGo,18/06/2019,Banglore,Delhi,BLR → DEL,20:00,22:50,2h 50m,non-stop,No info,4823
Multiple carriers,15/05/2019,Delhi,Cochin,DEL → BOM → COK,11:30,01:30 16 May,14h,1 stop,No info,13727
Air India,15/06/2019,Mumbai,Hyderabad,BOM → HYD,19:30,20:45,1h 15m,non-stop,No info,3100
GoAir,15/04/2019,Delhi,Cochin,DEL → BOM → COK,07:00,12:55,5h 55m,1 stop,No info,6195
Air India,3/03/2019,Delhi,Cochin,DEL → BOM → COK,08:00,19:15,11h 15m,1 stop,No info,15197
Jet Airways,01/03/2019,Banglore,New Delhi,BLR → BOM → DEL,07:00,21:20,14h 20m,1 stop,No info,27992
Air India,21/03/2019,Delhi,Cochin,DEL → HYD → BOM → COK,17:15,07:40 22 Mar,14h 25m,2 stops,No info,8052
Jet Airways,27/04/2019,Banglore,Delhi,BLR → DEL,17:45,20:45,3h,non-stop,No info,7229
GoAir,18/05/2019,Banglore,Delhi,BLR → DEL,20:55,23:40,2h 45m,non-stop,No info,4632
Jet Airways,6/06/2019,Kolkata,Banglore,CCU → DEL → BLR,09:35,18:00,8h 25m,1 stop,No info,12692
Multiple carriers,21/03/2019,Delhi,Cochin,DEL → BOM → COK,09:00,15:30,6h 30m,1 stop,No info,8307
Jet Airways,18/05/2019,Delhi,Cochin,DEL → AMD → BOM → COK,13:25,12:35 19 May,23h 10m,2 stops,No info,16704
Multiple carriers,18/05/2019,Delhi,Cochin,DEL → BOM → COK,10:20,21:00,10h 40m,1 stop,No info,7670
Jet Airways,21/03/2019,Delhi,Cochin,DEL → BOM → COK,17:30,04:25 22 Mar,10h 55m,1 stop,In-flight meal not included,5963
Vistara,18/04/2019,Banglore,Delhi,BLR → DEL,09:45,12:35,2h 50m,non-stop,No info,5403
Jet Airways,3/04/2019,Banglore,Delhi,BLR → DEL,07:10,10:10,3h,non-stop,In-flight meal not included,4544
Air India,27/03/2019,Delhi,Cochin,DEL → BLR → COK,06:10,08:15 28 Mar,26h 5m,1 stop,No info,6681
Air India,24/05/2019,Delhi,Cochin,DEL → BOM → COK,23:00,19:15 25 May,20h 15m,1 stop,No info,8582
Multiple carriers,27/03/2019,Delhi,Cochin,DEL → BOM → COK,18:15,01:35 28 Mar,7h 20m,1 stop,No info,12327
Multiple carriers,12/06/2019,Delhi,Cochin,DEL → BOM → COK,11:40,21:00,9h 20m,1 stop,No info,7005
Air India,6/03/2019,Kolkata,Banglore,CCU → BLR,14:15,16:45,2h 30m,non-stop,No info,4960
SpiceJet,18/05/2019,Kolkata,Banglore,CCU → BLR,06:55,09:30,2h 35m,non-stop,No info,3873
Jet Airways,12/06/2019,Delhi,Cochin,DEL → BOM → COK,09:00,12:35 13 Jun,27h 35m,1 stop,In-flight meal not included,10262
Jet Airways,03/03/2019,Banglore,New Delhi,BLR → BOM → DEL,08:00,07:40 07 Mar,23h 40m,1 stop,In-flight meal not included,13502
Jet Airways,21/05/2019,Delhi,Cochin,DEL → BOM → COK,17:30,19:00 22 May,25h 30m,1 stop,In-flight meal not included,12898
Jet Airways,24/03/2019,Kolkata,Banglore,CCU → BOM → BLR,19:45,20:40 25 Mar,24h 55m,1 stop,No info,13759
Jet Airways,27/06/2019,Delhi,Cochin,DEL → BOM → COK,11:30,12:35 28 Jun,25h 5m,1 stop,In-flight meal not included,10262
Multiple carriers,3/06/2019,Delhi,Cochin,DEL → BOM → COK,10:35,19:15,8h 40m,1 stop,No info,7354
Jet Airways,18/05/2019,Delhi,Cochin,DEL → AMD → BOM → COK,19:10,19:00 19 May,23h 50m,2 stops,No info,16704
Jet Airways,6/05/2019,Kolkata,Banglore,CCU → BOM → BLR,21:10,10:05 07 May,12h 55m,1 stop,No info,13584
Jet Airways,9/06/2019,Kolkata,Banglore,CCU → BOM → BLR,06:30,18:15,11h 45m,1 stop,No info,14571
Jet Airways,27/05/2019,Delhi,Cochin,DEL → JAI → BOM → COK,19:30,12:35 28 May,17h 5m,2 stops,No info,15129
IndiGo,15/06/2019,Delhi,Cochin,DEL → LKO → COK,21:50,03:35 16 Jun,5h 45m,1 stop,No info,6195
Multiple carriers,15/05/2019,Delhi,Cochin,DEL → BOM → COK,10:35,19:00,8h 25m,1 stop,No info,9103
Multiple carriers Premium economy,21/03/2019,Delhi,Cochin,DEL → BOM → COK,06:00,12:35,6h 35m,1 stop,No info,13369
Jet Airways,27/06/2019,Delhi,Cochin,DEL → JDH → BOM → COK,11:40,19:00,7h 20m,2 stops,No info,18804
Jet Airways,12/04/2019,Banglore,Delhi,BLR → DEL,07:10,10:10,3h,non-stop,In-flight meal not included,5198
Air India,15/05/2019,Kolkata,Banglore,CCU → BOM → HBX → BLR,09:25,18:20,8h 55m,2 stops,No info,8366
Multiple carriers,24/06/2019,Delhi,Cochin,DEL → BOM → COK,04:55,19:00,14h 5m,1 stop,No info,10678
Air India,12/05/2019,Kolkata,Banglore,CCU → BLR,20:45,23:20,2h 35m,non-stop,No info,4880
Air India,27/04/2019,Delhi,Cochin,DEL → COK,14:10,17:10,3h,non-stop,No info,6094
IndiGo,27/05/2019,Banglore,Delhi,BLR → DEL,00:30,03:25,2h 55m,non-stop,No info,3419
Jet Airways,18/05/2019,Delhi,Cochin,DEL → BOM → COK,09:00,12:35 19 May,27h 35m,1 stop,In-flight meal not included,12373
Jet Airways,15/03/2019,Banglore,New Delhi,BLR → BOM → DEL,05:45,18:25,12h 40m,1 stop,In-flight meal not included,9134
Jet Airways,6/06/2019,Delhi,Cochin,DEL → NAG → BOM → COK,14:35,04:25 07 Jun,13h 50m,2 stops,In-flight meal not included,10919
IndiGo,27/06/2019,Kolkata,Banglore,CCU → BLR,14:25,16:55,2h 30m,non-stop,No info,4804
Air Asia,9/06/2019,Delhi,Cochin,DEL → BLR → COK,20:45,07:10 10 Jun,10h 25m,1 stop,No info,10794
Jet Airways,12/03/2019,Banglore,New Delhi,BLR → BOM → DEL,22:55,15:15 13 Mar,16h 20m,1 stop,In-flight meal not included,11087
Air Asia,15/05/2019,Kolkata,Banglore,CCU → BLR,19:55,22:25,2h 30m,non-stop,No info,4409
Jet Airways,24/05/2019,Banglore,Delhi,BLR → DEL,07:10,10:10,3h,non-stop,In-flight meal not included,4030
Multiple carriers,15/05/2019,Delhi,Cochin,DEL → BOM → COK,13:00,21:00,8h,1 stop,No info,8073
IndiGo,15/06/2019,Delhi,Cochin,DEL → BOM → COK,16:00,01:30 16 Jun,9h 30m,1 stop,No info,6316
IndiGo,1/06/2019,Mumbai,Hyderabad,BOM → HYD,21:20,22:50,1h 30m,non-stop,No info,2227
Multiple carriers,6/06/2019,Delhi,Cochin,DEL → BOM → COK,12:50,19:15,6h 25m,1 stop,No info,8266
Jet Airways,18/03/2019,Banglore,New Delhi,BLR → BOM → DEL,16:55,23:00,6h 5m,1 stop,In-flight meal not included,11087
Multiple carriers,3/06/2019,Delhi,Cochin,DEL → BOM → COK,06:00,21:00,15h,1 stop,No info,8475
Vistara,3/03/2019,Chennai,Kolkata,MAA → CCU,07:05,09:20,2h 15m,non-stop,No info,5944
Jet Airways,27/05/2019,Delhi,Cochin,DEL → AMD → BOM → COK,23:05,19:00 28 May,19h 55m,2 stops,No info,15129
Air India,9/05/2019,Kolkata,Banglore,CCU → DEL → BLR,10:00,20:25,10h 25m,1 stop,No info,10203
Vistara,9/04/2019,Banglore,Delhi,BLR → DEL,19:30,22:15,2h 45m,non-stop,No info,5613
Jet Airways,15/06/2019,Delhi,Cochin,DEL → BOM → COK,09:00,19:00,10h,1 stop,No info,14714
IndiGo,1/06/2019,Kolkata,Banglore,CCU → BLR,04:40,07:15,2h 35m,non-stop,No info,4804
Air India,21/05/2019,Delhi,Cochin,DEL → BLR → COK,09:30,23:00,13h 30m,1 stop,No info,8907
Air India,12/06/2019,Delhi,Cochin,DEL → MAA → COK,12:30,09:25 13 Jun,20h 55m,1 stop,No info,7480
SpiceJet,21/05/2019,Kolkata,Banglore,CCU → BLR,22:20,00:40 22 May,2h 20m,non-stop,No check-in baggage included,3841
SpiceJet,9/06/2019,Mumbai,Hyderabad,BOM → HYD,05:45,07:15,1h 30m,non-stop,No info,2753
Jet Airways,27/06/2019,Delhi,Cochin,DEL → BOM → COK,22:50,04:25 28 Jun,5h 35m,1 stop,In-flight meal not included,12898
IndiGo,12/04/2019,Kolkata,Banglore,CCU → BLR,09:35,12:20,2h 45m,non-stop,No info,4174
Jet Airways,12/06/2019,Kolkata,Banglore,CCU → BOM → BLR,08:25,16:20,7h 55m,1 stop,In-flight meal not included,9899
GoAir,27/06/2019,Delhi,Cochin,DEL → BOM → COK,10:35,19:35,9h,1 stop,No info,3948
Jet Airways,15/03/2019,Banglore,New Delhi,BLR → BOM → DEL,11:40,08:15 16 Mar,20h 35m,1 stop,In-flight meal not included,9134
SpiceJet,3/04/2019,Mumbai,Hyderabad,BOM → HYD,13:15,14:45,1h 30m,non-stop,No check-in baggage included,1965
Jet Airways,1/06/2019,Delhi,Cochin,DEL → JAI → BOM → COK,19:30,12:35 02 Jun,17h 5m,2 stops,In-flight meal not included,10368
Jet Airways,24/03/2019,Kolkata,Banglore,CCU → BOM → BLR,08:25,22:35,14h 10m,1 stop,In-flight meal not included,10031
IndiGo,09/03/2019,Banglore,New Delhi,BLR → HYD → DEL,12:05,17:05,5h,1 stop,No info,4588
Jet Airways,1/05/2019,Mumbai,Hyderabad,BOM → HYD,10:20,11:50,1h 30m,non-stop,No info,8040
IndiGo,15/06/2019,Delhi,Cochin,DEL → COK,05:35,08:50,3h 15m,non-stop,No info,5601
Air Asia,24/05/2019,Banglore,Delhi,BLR → DEL,04:55,07:45,2h 50m,non-stop,No info,3383
IndiGo,27/06/2019,Delhi,Cochin,DEL → BOM → COK,06:40,21:00,14h 20m,1 stop,No info,6093
Jet Airways,24/06/2019,Delhi,Cochin,DEL → BOM → COK,19:45,12:35 25 Jun,16h 50m,1 stop,In-flight meal not included,10262
IndiGo,12/06/2019,Mumbai,Hyderabad,BOM → HYD,06:25,07:55,1h 30m,non-stop,No info,4049
Jet Airways,27/03/2019,Delhi,Cochin,DEL → BOM → COK,16:00,04:25 28 Mar,12h 25m,1 stop,In-flight meal not included,6540
Jet Airways,15/05/2019,Kolkata,Banglore,CCU → BOM → BLR,16:30,23:35,7h 5m,1 stop,No info,13941
Jet Airways,12/06/2019,Delhi,Cochin,DEL → NAG → BOM → COK,06:45,04:25 13 Jun,21h 40m,2 stops,No info,13376
Multiple carriers,15/06/2019,Delhi,Cochin,DEL → BOM → COK,06:00,19:00,13h,1 stop,No info,11789
IndiGo,21/04/2019,Kolkata,Banglore,CCU → BLR,14:25,16:55,2h 30m,non-stop,No info,5644
Multiple carriers,6/06/2019,Delhi,Cochin,DEL → BOM → COK,10:00,01:30 07 Jun,15h 30m,1 stop,No info,13377
IndiGo,12/05/2019,Kolkata,Banglore,CCU → BLR,17:15,19:50,2h 35m,non-stop,No info,4804
Jet Airways,06/03/2019,Banglore,New Delhi,BLR → BOM → DEL,08:55,05:05 07 Mar,20h 10m,1 stop,No info,16736
Air India,6/05/2019,Kolkata,Banglore,CCU → GAU → BLR,09:50,21:05,11h 15m,1 stop,No info,7452
SpiceJet,24/03/2019,Banglore,New Delhi,BLR → DEL,09:35,12:30,2h 55m,non-stop,No info,3925
Jet Airways,27/03/2019,Delhi,Cochin,DEL → BOM → COK,15:05,04:25 28 Mar,13h 20m,1 stop,In-flight meal not included,6017
IndiGo,9/06/2019,Kolkata,Banglore,CCU → GAU → BLR,15:10,20:30,5h 20m,1 stop,No info,7095
Jet Airways,21/06/2019,Delhi,Cochin,DEL → COK,11:00,14:15,3h 15m,non-stop,No info,9564
Jet Airways,12/06/2019,Delhi,Cochin,DEL → NAG → BOM → COK,14:35,12:35 13 Jun,22h,2 stops,No info,13376
Air India,21/05/2019,Mumbai,Hyderabad,BOM → HYD,15:00,16:25,1h 25m,non-stop,No info,3100
Jet Airways,6/06/2019,Delhi,Cochin,DEL → COK,11:00,14:15,3h 15m,non-stop,In-flight meal not included,7202
Vistara,01/03/2019,Banglore,New Delhi,BLR → DEL,07:00,09:40,2h 40m,non-stop,No info,21520
IndiGo,6/03/2019,Delhi,Cochin,DEL → HYD → COK,07:35,22:20,14h 45m,1 stop,No info,7094
Air India,6/05/2019,Kolkata,Banglore,CCU → BBI → BLR,09:10,13:15,4h 5m,1 stop,No info,8996
Air India,27/05/2019,Delhi,Cochin,DEL → BLR → COK,13:30,23:00,9h 30m,1 stop,No info,8907
Vistara,24/03/2019,Banglore,New Delhi,BLR → DEL,16:00,18:35,2h 35m,non-stop,No info,5613
Air India,9/05/2019,Kolkata,Banglore,CCU → DEL → BLR,20:30,08:55 10 May,12h 25m,1 stop,No info,10203
Air Asia,24/05/2019,Kolkata,Banglore,CCU → DEL → BLR,07:35,23:30,15h 55m,1 stop,No info,5192
IndiGo,24/04/2019,Kolkata,Banglore,CCU → HYD → BLR,19:20,23:45,4h 25m,1 stop,No info,3480
IndiGo,12/06/2019,Delhi,Cochin,DEL → HYD → COK,07:35,22:30,14h 55m,1 stop,No info,6442
Air India,3/04/2019,Kolkata,Banglore,CCU → HYD → BLR,19:00,11:05 04 Apr,16h 5m,1 stop,No info,4227
Jet Airways,24/06/2019,Delhi,Cochin,DEL → NAG → BOM → COK,14:35,12:35 25 Jun,22h,2 stops,No info,13376
Jet Airways,12/06/2019,Delhi,Cochin,DEL → JAI → BOM → COK,19:30,04:25 13 Jun,8h 55m,2 stops,In-flight meal not included,10368
Vistara,12/06/2019,Kolkata,Banglore,CCU → DEL → BLR,17:00,09:05 13 Jun,16h 5m,1 stop,No info,7927
Jet Airways,1/04/2019,Delhi,Cochin,DEL → BOM → COK,17:30,12:35 02 Apr,19h 5m,1 stop,In-flight meal not included,5406
IndiGo,1/05/2019,Mumbai,Hyderabad,BOM → HYD,09:10,10:40,1h 30m,non-stop,No info,4575
Jet Airways,24/05/2019,Kolkata,Banglore,CCU → BOM → BLR,18:55,12:00 25 May,17h 5m,1 stop,In-flight meal not included,10844
Air India,6/05/2019,Mumbai,Hyderabad,BOM → HYD,19:30,20:45,1h 15m,non-stop,No info,3100
Multiple carriers,21/05/2019,Delhi,Cochin,DEL → BOM → COK,11:40,19:15,7h 35m,1 stop,No info,8266
SpiceJet,1/06/2019,Banglore,Delhi,BLR → DEL,21:10,00:05 02 Jun,2h 55m,non-stop,No check-in baggage included,3573
Jet Airways,21/03/2019,Banglore,New Delhi,BLR → BDQ → DEL,05:50,12:20,6h 30m,1 stop,In-flight meal not included,6163
Jet Airways,06/03/2019,Banglore,New Delhi,BLR → BOM → DEL,05:45,19:10,13h 25m,1 stop,No info,16736
Jet Airways,6/03/2019,Mumbai,Hyderabad,BOM → IDR → DEL → HYD,17:50,16:50 07 Mar,23h,2 stops,No info,20845
Jet Airways,12/06/2019,Delhi,Cochin,DEL → BOM → COK,14:00,19:00,5h,1 stop,In-flight meal not included,10262
SpiceJet,18/05/2019,Mumbai,Hyderabad,BOM → HYD,13:15,14:45,1h 30m,non-stop,No info,2227
Air India,9/06/2019,Mumbai,Hyderabad,BOM → HYD,21:05,22:25,1h 20m,non-stop,No info,3100
Jet Airways,27/05/2019,Banglore,Delhi,BLR → DEL,18:55,22:00,3h 5m,non-stop,In-flight meal not included,3359
SpiceJet,15/04/2019,Banglore,Delhi,BLR → DEL,09:30,12:20,2h 50m,non-stop,No info,4423
Jet Airways,24/05/2019,Kolkata,Banglore,CCU → BOM → BLR,16:30,23:35,7h 5m,1 stop,No info,14571
Jet Airways,6/06/2019,Kolkata,Banglore,CCU → DEL → BLR,09:35,10:55 07 Jun,25h 20m,1 stop,In-flight meal not included,10539
Multiple carriers,3/06/2019,Delhi,Cochin,DEL → BOM → COK,10:20,01:30 04 Jun,15h 10m,1 stop,No info,6795
IndiGo,1/06/2019,Kolkata,Banglore,CCU → BLR,17:15,19:50,2h 35m,non-stop,No info,5224
Air India,3/04/2019,Banglore,Delhi,BLR → DEL,21:05,23:55,2h 50m,non-stop,No info,4441
Multiple carriers,9/05/2019,Delhi,Cochin,DEL → BOM → COK,12:50,01:30 10 May,12h 40m,1 stop,No info,34273
Jet Airways,1/04/2019,Kolkata,Banglore,CCU → BOM → BLR,18:55,04:40 02 Apr,9h 45m,1 stop,In-flight meal not included,7064
IndiGo,3/04/2019,Delhi,Cochin,DEL → COK,21:05,00:20 04 Apr,3h 15m,non-stop,No info,5021
Jet Airways,18/05/2019,Kolkata,Banglore,CCU → BOM → BLR,08:25,22:35,14h 10m,1 stop,No info,14781
IndiGo,9/06/2019,Mumbai,Hyderabad,BOM → HYD,06:25,07:55,1h 30m,non-stop,No info,4049
Jet Airways,1/04/2019,Kolkata,Banglore,CCU → BOM → BLR,16:30,18:15 02 Apr,25h 45m,1 stop,In-flight meal not included,7064
Air Asia,1/04/2019,Banglore,Delhi,BLR → DEL,04:55,07:45,2h 50m,non-stop,No info,4282
Jet Airways,9/05/2019,Delhi,Cochin,DEL → BOM → COK,07:05,04:25 10 May,21h 20m,1 stop,In-flight meal not included,12373
Jet Airways,12/05/2019,Kolkata,Banglore,CCU → BOM → BLR,21:10,04:40 13 May,7h 30m,1 stop,No info,13941
Air Asia,24/03/2019,Kolkata,Banglore,CCU → IXR → DEL → BLR,15:25,22:55,7h 30m,2 stops,No info,11245
IndiGo,27/05/2019,Delhi,Cochin,DEL → BOM → COK,11:25,01:30 28 May,14h 5m,1 stop,No info,6104
Jet Airways,1/06/2019,Mumbai,Hyderabad,BOM → HYD,02:55,04:20,1h 25m,non-stop,In-flight meal not included,4050
Jet Airways,9/04/2019,Delhi,Cochin,DEL → JDH → BOM → COK,11:40,19:00,7h 20m,2 stops,No info,15439
Jet Airways,18/04/2019,Banglore,Delhi,BLR → DEL,07:10,10:10,3h,non-stop,No info,7229
Jet Airways,1/06/2019,Delhi,Cochin,DEL → BOM → COK,14:00,19:00,5h,1 stop,In-flight meal not included,10262
Jet Airways,18/03/2019,Banglore,New Delhi,BLR → BOM → DEL,18:40,07:40 16 Mar,13h,1 stop,In-flight meal not included,10972
Air India,15/05/2019,Delhi,Cochin,DEL → BOM → COK,10:00,19:15,9h 15m,1 stop,No info,8372
Air India,1/05/2019,Kolkata,Banglore,CCU → DEL → BLR,07:00,16:15,9h 15m,1 stop,No info,10203
IndiGo,1/05/2019,Kolkata,Banglore,CCU → BLR,11:30,14:05,2h 35m,non-stop,No info,5644
IndiGo,9/06/2019,Kolkata,Banglore,CCU → MAA → BLR,06:20,10:20,4h,1 stop,No info,4226
Air India,12/05/2019,Kolkata,Banglore,CCU → IXR → DEL → BLR,05:50,20:25,14h 35m,2 stops,No info,12513
SpiceJet,1/06/2019,Chennai,Kolkata,MAA → CCU,17:45,20:05,2h 20m,non-stop,No check-in baggage included,3543
SpiceJet,9/03/2019,Kolkata,Banglore,CCU → BLR,22:20,00:40 10 Mar,2h 20m,non-stop,No info,4622
Vistara,18/05/2019,Chennai,Kolkata,MAA → CCU,17:45,20:05,2h 20m,non-stop,No info,11982
Air India,18/04/2019,Banglore,Delhi,BLR → DEL,21:05,23:55,2h 50m,non-stop,No info,5228
Jet Airways,18/05/2019,Kolkata,Banglore,CCU → BOM → BLR,08:25,09:20 19 May,24h 55m,1 stop,No info,14388
Air India,24/05/2019,Kolkata,Banglore,CCU → BBI → HYD → BLR,09:10,11:05 25 May,25h 55m,2 stops,No info,6117
Multiple carriers,9/06/2019,Delhi,Cochin,DEL → BOM → COK,10:00,01:30 10 Jun,15h 30m,1 stop,No info,7198
SpiceJet,24/06/2019,Chennai,Kolkata,MAA → CCU,09:45,12:00,2h 15m,non-stop,No check-in baggage included,3859
Jet Airways,3/04/2019,Banglore,Delhi,BLR → DEL,08:20,11:20,3h,non-stop,In-flight meal not included,4544
Air India,15/03/2019,Mumbai,Hyderabad,BOM → HYD,06:20,07:40,1h 20m,non-stop,No info,3100
Jet Airways,21/05/2019,Delhi,Cochin,DEL → BOM → COK,19:45,19:00 22 May,23h 15m,1 stop,No info,16079
Air India,27/06/2019,Delhi,Cochin,DEL → CCU → BOM → COK,16:55,19:15 28 Jun,26h 20m,2 stops,No info,13591
Jet Airways,1/06/2019,Delhi,Cochin,DEL → BOM → COK,15:00,19:00 02 Jun,28h,1 stop,No info,14714
Air India,9/06/2019,Kolkata,Banglore,CCU → BOM → GOI → BLR,16:50,05:35 10 Jun,12h 45m,2 stops,No info,11642
Air India,24/03/2019,Kolkata,Banglore,CCU → BBI → BOM → BLR,09:10,07:55 25 Mar,22h 45m,2 stops,No info,15187
Air India,9/05/2019,Kolkata,Banglore,CCU → JAI → DEL → BLR,08:20,23:15,14h 55m,2 stops,No info,11432
IndiGo,27/06/2019,Delhi,Cochin,DEL → BOM → COK,09:15,01:30 28 Jun,16h 15m,1 stop,No info,6628
Air India,03/03/2019,Banglore,New Delhi,BLR → CCU → DEL,05:50,12:55,7h 5m,1 stop,No info,12389
SpiceJet,12/05/2019,Chennai,Kolkata,MAA → CCU,17:45,20:05,2h 20m,non-stop,No info,3597
Multiple carriers,3/06/2019,Delhi,Cochin,DEL → BOM → COK,09:00,21:00,12h,1 stop,No info,8930
IndiGo,21/06/2019,Banglore,Delhi,BLR → DEL,08:30,11:20,2h 50m,non-stop,No info,4823
Jet Airways,6/05/2019,Kolkata,Banglore,CCU → BOM → BLR,06:30,08:15 07 May,25h 45m,1 stop,In-flight meal not included,8586
IndiGo,01/03/2019,Banglore,New Delhi,BLR → DEL,23:30,02:20 02 Mar,2h 50m,non-stop,No info,10067
Air India,6/03/2019,Mumbai,Hyderabad,BOM → BHO → DEL → HYD,06:00,09:10 07 Mar,27h 10m,2 stops,No info,13169
Multiple carriers,9/05/2019,Delhi,Cochin,DEL → BOM → COK,06:00,21:00,15h,1 stop,No info,7670
IndiGo,12/04/2019,Kolkata,Banglore,CCU → BLR,14:25,16:55,2h 30m,non-stop,No info,5224
IndiGo,6/05/2019,Banglore,Delhi,BLR → DEL,23:30,02:20 07 May,2h 50m,non-stop,No info,4077
Multiple carriers,9/03/2019,Delhi,Cochin,DEL → BOM → COK,04:45,19:15,14h 30m,1 stop,No info,11249
Vistara,15/05/2019,Kolkata,Banglore,CCU → DEL → BLR,07:10,20:20,13h 10m,1 stop,No info,8610
Jet Airways,27/03/2019,Delhi,Cochin,DEL → MAA → BOM → COK,05:10,18:50,13h 40m,2 stops,In-flight meal not included,8518
Jet Airways,6/05/2019,Kolkata,Banglore,CCU → DEL → BLR,20:25,18:00 07 May,21h 35m,1 stop,No info,11467
SpiceJet,21/04/2019,Kolkata,Banglore,CCU → BLR,09:00,11:25,2h 25m,non-stop,No info,4491
SpiceJet,03/03/2019,Banglore,New Delhi,BLR → PNQ → DEL,10:20,18:15,7h 55m,1 stop,No info,11401
Jet Airways,18/05/2019,Kolkata,Banglore,CCU → DEL → BLR,17:00,23:35,6h 35m,1 stop,No info,14151
SpiceJet,6/03/2019,Chennai,Kolkata,MAA → CCU,17:45,20:05,2h 20m,non-stop,No info,7298
IndiGo,15/05/2019,Delhi,Cochin,DEL → BLR → COK,15:10,20:00,4h 50m,1 stop,No info,6027
Jet Airways,1/05/2019,Kolkata,Banglore,CCU → BOM → BLR,18:55,10:05 02 May,15h 10m,1 stop,No info,13941
Jet Airways,24/03/2019,Kolkata,Banglore,CCU → BOM → BLR,19:45,23:25 25 Mar,27h 40m,1 stop,No info,13759
IndiGo,27/03/2019,Kolkata,Banglore,CCU → BLR,20:25,23:05,2h 40m,non-stop,No info,4462
Air India,9/05/2019,Delhi,Cochin,DEL → JAI → BOM → COK,12:00,19:15,7h 15m,2 stops,No info,8918
Jet Airways,1/04/2019,Kolkata,Banglore,CCU → BOM → BLR,20:00,19:50 02 Apr,23h 50m,1 stop,In-flight meal not included,7064
IndiGo,24/05/2019,Kolkata,Banglore,CCU → BLR,11:30,14:05,2h 35m,non-stop,No info,5224
Jet Airways,21/03/2019,Delhi,Cochin,DEL → BDQ → BOM → COK,10:45,18:50 22 Mar,32h 5m,2 stops,No info,11869
Air Asia,6/03/2019,Kolkata,Banglore,CCU → BLR,22:50,01:20 07 Mar,2h 30m,non-stop,No info,4384
Air India,1/05/2019,Kolkata,Banglore,CCU → DEL → COK → BLR,20:30,13:45 02 May,17h 15m,2 stops,No info,15164
Air India,27/05/2019,Delhi,Cochin,DEL → COK,05:10,08:00,2h 50m,non-stop,No info,6094
Jet Airways,12/06/2019,Kolkata,Banglore,CCU → DEL → BLR,09:35,19:10,9h 35m,1 stop,No info,12692
IndiGo,15/03/2019,Banglore,New Delhi,BLR → HYD → DEL,16:55,21:50,4h 55m,1 stop,No info,5397
Jet Airways,01/03/2019,Banglore,New Delhi,BLR → BOM → DEL,14:05,08:15 02 Mar,18h 10m,1 stop,No info,22270
Air India,1/04/2019,Kolkata,Banglore,CCU → DEL → BLR,20:30,23:15 02 Apr,26h 45m,1 stop,No info,7211
Air Asia,12/06/2019,Kolkata,Banglore,CCU → DEL → BLR,07:35,19:25,11h 50m,1 stop,No info,5192
Air India,27/05/2019,Delhi,Cochin,DEL → GOI → BOM → COK,10:55,19:15,8h 20m,2 stops,No info,13223
Air India,21/03/2019,Delhi,Cochin,DEL → BOM → COK,21:00,07:40 22 Mar,10h 40m,1 stop,No info,6902
Jet Airways,9/06/2019,Delhi,Cochin,DEL → IDR → BOM → COK,09:35,04:25 10 Jun,18h 50m,2 stops,No info,13292
Air India,9/05/2019,Delhi,Cochin,DEL → HYD → BOM → COK,07:05,07:40 10 May,24h 35m,2 stops,No info,13547
Jet Airways,24/06/2019,Delhi,Cochin,DEL → BOM → COK,07:05,19:00,11h 55m,1 stop,No info,18581
Jet Airways,01/03/2019,Banglore,New Delhi,BLR → BOM → DEL,18:40,09:30 02 Mar,14h 50m,1 stop,1 Long layover,31825
SpiceJet,1/06/2019,Kolkata,Banglore,CCU → BLR,06:55,09:30,2h 35m,non-stop,No check-in baggage included,3841
Vistara,9/06/2019,Kolkata,Banglore,CCU → DEL → BLR,17:00,23:25,6h 25m,1 stop,No info,9870
IndiGo,1/05/2019,Banglore,Delhi,BLR → DEL,00:30,03:25,2h 55m,non-stop,No info,4284
Air Asia,9/05/2019,Delhi,Cochin,DEL → BLR → COK,20:45,07:10 10 May,10h 25m,1 stop,No info,6751
Jet Airways,1/04/2019,Banglore,Delhi,BLR → DEL,06:00,08:45,2h 45m,non-stop,No info,7229
Jet Airways,21/05/2019,Delhi,Cochin,DEL → BOM → COK,20:55,12:35 22 May,15h 40m,1 stop,In-flight meal not included,12898
GoAir,21/05/2019,Delhi,Cochin,DEL → BOM → COK,07:00,12:55,5h 55m,1 stop,No info,6633
Jet Airways,1/06/2019,Delhi,Cochin,DEL → BOM → COK,02:15,04:25 02 Jun,26h 10m,1 stop,In-flight meal not included,10262
IndiGo,12/06/2019,Banglore,Delhi,BLR → DEL,06:05,08:50,2h 45m,non-stop,No info,3943
Jet Airways,12/06/2019,Banglore,Delhi,BLR → DEL,15:15,18:10,2h 55m,non-stop,In-flight meal not included,5769
Jet Airways,6/03/2019,Delhi,Cochin,DEL → BOM → COK,11:30,18:50,7h 20m,1 stop,No info,17024
Jet Airways,27/06/2019,Banglore,Delhi,BLR → DEL,07:10,10:10,3h,non-stop,No info,8016
Jet Airways,1/06/2019,Mumbai,Hyderabad,BOM → HYD,19:35,21:05,1h 30m,non-stop,In-flight meal not included,3210
Multiple carriers,6/03/2019,Delhi,Cochin,DEL → BOM → COK,08:55,15:30,6h 35m,1 stop,No info,15147
IndiGo,9/04/2019,Kolkata,Banglore,CCU → BLR,20:20,22:55,2h 35m,non-stop,No info,4488
SpiceJet,12/05/2019,Kolkata,Banglore,CCU → MAA → BLR,15:05,20:20,5h 15m,1 stop,No info,4649
Jet Airways,9/06/2019,Delhi,Cochin,DEL → BOM → COK,21:50,19:00 10 Jun,21h 10m,1 stop,In-flight meal not included,10262
Jet Airways,1/05/2019,Kolkata,Banglore,CCU → DEL → BLR,20:25,21:05 02 May,24h 40m,1 stop,No info,12121
Air India,15/03/2019,Delhi,Cochin,DEL → COK,14:10,17:10,3h,non-stop,No info,5674
Jet Airways,18/05/2019,Mumbai,Hyderabad,BOM → HYD,10:20,11:50,1h 30m,non-stop,In-flight meal not included,4050
Jet Airways,9/06/2019,Kolkata,Banglore,CCU → BOM → BLR,21:10,04:40 10 Jun,7h 30m,1 stop,In-flight meal not included,8586
Jet Airways,15/04/2019,Delhi,Cochin,DEL → BOM → COK,14:00,19:00,5h,1 stop,In-flight meal not included,6542
GoAir,27/03/2019,Delhi,Cochin,DEL → BOM → COK,10:25,19:20,8h 55m,1 stop,No info,5281
Multiple carriers,1/06/2019,Delhi,Cochin,DEL → BOM → COK,10:00,01:30 02 Jun,15h 30m,1 stop,No info,13377
SpiceJet,1/04/2019,Kolkata,Banglore,CCU → BLR,06:55,09:30,2h 35m,non-stop,No info,3873
Air India,6/06/2019,Delhi,Cochin,DEL → AMD → BOM → COK,16:40,19:15 07 Jun,26h 35m,2 stops,No info,9653
Multiple carriers,3/03/2019,Delhi,Cochin,DEL → BOM → COK,09:10,18:50,9h 40m,1 stop,No info,15135
Jet Airways,27/06/2019,Mumbai,Hyderabad,BOM → HYD,08:45,10:15,1h 30m,non-stop,No info,8040
Jet Airways,6/03/2019,Delhi,Cochin,DEL → BOM → COK,16:00,04:25 07 Mar,12h 25m,1 stop,No info,15764
IndiGo,9/06/2019,Kolkata,Banglore,CCU → BLR,09:35,12:20,2h 45m,non-stop,No info,4804
Jet Airways,18/05/2019,Kolkata,Banglore,CCU → DEL → BLR,17:00,09:45 19 May,16h 45m,1 stop,No info,14151
Jet Airways,15/06/2019,Delhi,Cochin,DEL → NAG → BOM → COK,06:45,04:25 16 Jun,21h 40m,2 stops,No info,13376
IndiGo,18/05/2019,Kolkata,Banglore,CCU → BLR,15:30,18:05,2h 35m,non-stop,No info,4804
Jet Airways,12/06/2019,Delhi,Cochin,DEL → BOM → COK,11:30,19:00,7h 30m,1 stop,No info,14714
Jet Airways,24/03/2019,Kolkata,Banglore,CCU → BOM → BLR,06:30,04:45 25 Mar,22h 15m,1 stop,In-flight meal not included,10031
GoAir,24/03/2019,Banglore,New Delhi,BLR → DEL,11:40,14:35,2h 55m,non-stop,No info,3898
Jet Airways,09/03/2019,Banglore,New Delhi,BLR → DEL,19:55,22:35,2h 40m,non-stop,No info,7229
Multiple carriers,6/06/2019,Delhi,Cochin,DEL → BOM → COK,08:00,21:00,13h,1 stop,No info,13587
Jet Airways,06/03/2019,Banglore,New Delhi,BLR → BOM → DEL,07:00,23:00,16h,1 stop,No info,16736
Air India,18/05/2019,Delhi,Cochin,DEL → MAA → COK,17:20,09:25 19 May,16h 5m,1 stop,No info,7690
Air India,24/03/2019,Kolkata,Banglore,CCU → DEL → BLR,07:00,08:55 25 Mar,25h 55m,1 stop,No info,12173
Vistara,12/06/2019,Kolkata,Banglore,CCU → DEL → BLR,17:00,10:45 13 Jun,17h 45m,1 stop,No info,8452
Air India,6/03/2019,Mumbai,Hyderabad,BOM → BLR → HYD,20:15,09:15 07 Mar,13h,1 stop,No info,9535
Jet Airways,15/05/2019,Banglore,Delhi,BLR → DEL,17:45,20:45,3h,non-stop,No info,7229
Jet Airways,3/06/2019,Banglore,Delhi,BLR → DEL,07:10,10:10,3h,non-stop,In-flight meal not included,5769
IndiGo,27/05/2019,Delhi,Cochin,DEL → BLR → COK,02:00,07:45,5h 45m,1 stop,No info,6147
IndiGo,6/06/2019,Delhi,Cochin,DEL → BOM → COK,18:35,01:30 07 Jun,6h 55m,1 stop,No info,6628
Air India,12/05/2019,Kolkata,Banglore,CCU → GAU → DEL → BLR,16:45,08:55 13 May,16h 10m,2 stops,No info,13437
GoAir,15/05/2019,Delhi,Cochin,DEL → BOM → COK,14:25,19:35,5h 10m,1 stop,No info,10188
Air India,3/03/2019,Delhi,Cochin,DEL → TRV → COK,05:15,06:50 04 Mar,25h 35m,1 stop,No info,12677
Air India,12/05/2019,Kolkata,Banglore,CCU → BOM → BLR,09:25,21:50,12h 25m,1 stop,No info,8891
Air India,9/03/2019,Delhi,Cochin,DEL → CCU → BOM → COK,20:15,19:15 10 Mar,23h,2 stops,No info,19681
IndiGo,9/03/2019,Delhi,Cochin,DEL → BOM → COK,04:45,12:55,8h 10m,1 stop,No info,16162
Jet Airways,12/06/2019,Kolkata,Banglore,CCU → BOM → BLR,21:10,10:05 13 Jun,12h 55m,1 stop,In-flight meal not included,8529
Jet Airways,1/05/2019,Kolkata,Banglore,CCU → BOM → BLR,20:00,10:05 02 May,14h 5m,1 stop,No info,13941
Air India,15/03/2019,Kolkata,Banglore,CCU → BLR,14:15,16:45,2h 30m,non-stop,No info,5170
Vistara,1/05/2019,Banglore,Delhi,BLR → DEL,07:00,09:40,2h 40m,non-stop,No info,4668
IndiGo,15/06/2019,Chennai,Kolkata,MAA → CCU,13:15,15:35,2h 20m,non-stop,No info,3597
IndiGo,03/03/2019,Banglore,New Delhi,BLR → DEL,20:00,22:55,2h 55m,non-stop,No info,6860
IndiGo,3/06/2019,Kolkata,Banglore,CCU → BLR,09:35,12:10,2h 35m,non-stop,No info,4804
SpiceJet,9/03/2019,Chennai,Kolkata,MAA → CCU,17:45,20:05,2h 20m,non-stop,No info,6300
SpiceJet,18/06/2019,Banglore,Delhi,BLR → DEL,09:30,12:20,2h 50m,non-stop,No check-in baggage included,3257
IndiGo,18/06/2019,Mumbai,Hyderabad,BOM → HYD,20:05,21:40,1h 35m,non-stop,No info,2227
SpiceJet,24/03/2019,Banglore,New Delhi,BLR → DEL,09:35,12:30,2h 55m,non-stop,No check-in baggage included,3873
Multiple carriers Premium economy,21/03/2019,Delhi,Cochin,DEL → BOM → COK,08:55,15:30,6h 35m,1 stop,No info,11269
Jet Airways,15/03/2019,Banglore,New Delhi,BLR → BOM → DEL,08:55,08:15 16 Mar,23h 20m,1 stop,In-flight meal not included,10405
Air India,12/06/2019,Kolkata,Banglore,CCU → IXR → DEL → BLR,05:50,23:15,17h 25m,2 stops,No info,12723
Multiple carriers,6/06/2019,Delhi,Cochin,DEL → BOM → COK,13:00,01:30 07 Jun,12h 30m,1 stop,No info,13377
Multiple carriers,24/06/2019,Delhi,Cochin,DEL → BOM → COK,14:00,21:00,7h,1 stop,No info,13587
Jet Airways,9/05/2019,Delhi,Cochin,DEL → BOM → COK,17:30,19:00 10 May,25h 30m,1 stop,No info,15554
SpiceJet,24/06/2019,Chennai,Kolkata,MAA → CCU,08:20,10:35,2h 15m,non-stop,No check-in baggage included,3543
Jet Airways,12/03/2019,Banglore,New Delhi,BLR → BOM → DEL,18:55,11:25 13 Mar,16h 30m,1 stop,In-flight meal not included,11087
IndiGo,27/06/2019,Chennai,Kolkata,MAA → CCU,14:45,17:05,2h 20m,non-stop,No info,3597
Jet Airways,15/05/2019,Banglore,Delhi,BLR → DEL,06:00,08:45,2h 45m,non-stop,No info,7229
Jet Airways,21/05/2019,Mumbai,Hyderabad,BOM → HYD,10:20,11:50,1h 30m,non-stop,In-flight meal not included,4995
Jet Airways,3/04/2019,Mumbai,Hyderabad,BOM → HYD,19:35,21:05,1h 30m,non-stop,No info,5678
IndiGo,24/03/2019,Banglore,New Delhi,BLR → DEL,06:00,08:45,2h 45m,non-stop,No info,4777
Jet Airways,1/04/2019,Kolkata,Banglore,CCU → BOM → BLR,06:30,16:20,9h 50m,1 stop,No info,12996
Air India,27/03/2019,Delhi,Cochin,DEL → HYD → MAA → COK,07:05,09:25 28 Mar,26h 20m,2 stops,No info,6565
Air Asia,21/03/2019,Kolkata,Banglore,CCU → BLR,10:20,12:55,2h 35m,non-stop,No info,4082
Vistara,03/03/2019,Banglore,New Delhi,BLR → DEL,21:10,00:05 07 Mar,2h 55m,non-stop,No info,7608
Jet Airways,15/06/2019,Banglore,Delhi,BLR → DEL,06:00,08:45,2h 45m,non-stop,In-flight meal not included,7229
Jet Airways,01/03/2019,Banglore,New Delhi,BLR → BOM → DEL,14:05,10:25 02 Mar,20h 20m,1 stop,No info,20800
Jet Airways,21/03/2019,Delhi,Cochin,DEL → IDR → BOM → COK,10:20,18:50 22 Mar,32h 30m,2 stops,No info,11664
Multiple carriers,6/03/2019,Delhi,Cochin,DEL → HYD → MAA → COK,07:10,21:20,14h 10m,2 stops,In-flight meal not included,7731
Jet Airways,18/04/2019,Banglore,Delhi,BLR → DEL,08:20,11:20,3h,non-stop,No info,7229
Air India,24/03/2019,Banglore,New Delhi,BLR → DEL,21:05,23:55,2h 50m,non-stop,No info,4441
Air India,3/06/2019,Delhi,Cochin,DEL → GOI → BOM → COK,10:55,07:40 04 Jun,20h 45m,2 stops,No info,11753
Air India,24/03/2019,Banglore,New Delhi,BLR → COK → DEL,06:55,13:20,6h 25m,1 stop,No info,7932
Jet Airways,21/05/2019,Delhi,Cochin,DEL → JAI → BOM → COK,19:30,12:35 22 May,17h 5m,2 stops,In-flight meal not included,13029
Air India,15/06/2019,Delhi,Cochin,DEL → BOM → COK,10:00,19:15,9h 15m,1 stop,No info,11241
Air India,21/05/2019,Delhi,Cochin,DEL → COK,05:10,08:00,2h 50m,non-stop,No info,6094
IndiGo,15/05/2019,Kolkata,Banglore,CCU → MAA → BLR,08:10,13:00,4h 50m,1 stop,No info,5069
SpiceJet,21/03/2019,Kolkata,Banglore,CCU → BLR,06:55,09:35,2h 40m,non-stop,No info,4148
Air India,12/03/2019,Kolkata,Banglore,CCU → BLR,14:15,16:45,2h 30m,non-stop,No info,5747
Jet Airways,15/05/2019,Kolkata,Banglore,CCU → BOM → BLR,16:30,10:05 16 May,17h 35m,1 stop,No info,14781
Jet Airways,12/06/2019,Delhi,Cochin,DEL → BOM → COK,20:55,12:35 13 Jun,15h 40m,1 stop,In-flight meal not included,10262
IndiGo,6/03/2019,Delhi,Cochin,DEL → HYD → COK,08:35,22:20,13h 45m,1 stop,No info,7514
IndiGo,3/03/2019,Delhi,Cochin,DEL → BOM → COK,07:30,21:00,13h 30m,1 stop,No info,14871
Jet Airways,06/03/2019,Banglore,New Delhi,BLR → BOM → DEL,20:35,10:25 07 Mar,13h 50m,1 stop,No info,17261
Jet Airways,27/05/2019,Delhi,Cochin,DEL → JAI → BOM → COK,09:40,12:35 28 May,26h 55m,2 stops,No info,15129
IndiGo,1/06/2019,Delhi,Cochin,DEL → BOM → COK,15:00,01:30 02 Jun,10h 30m,1 stop,No info,6628
Jet Airways,24/06/2019,Delhi,Cochin,DEL → BOM → COK,02:15,12:35,10h 20m,1 stop,No info,18371
Air India,3/04/2019,Mumbai,Hyderabad,BOM → HYD,21:05,22:25,1h 20m,non-stop,No info,2050
Air India,6/05/2019,Kolkata,Banglore,CCU → BBI → BOM → BLR,12:00,07:55 07 May,19h 55m,2 stops,No info,10151
Multiple carriers,27/03/2019,Delhi,Cochin,DEL → BOM → COK,08:55,19:15,10h 20m,1 stop,No info,8371
Air India,3/06/2019,Delhi,Cochin,DEL → LKO → BOM → COK,07:10,07:40 04 Jun,24h 30m,2 stops,No info,12698
Jet Airways,27/06/2019,Delhi,Cochin,DEL → BOM → COK,14:00,19:00,5h,1 stop,No info,14714
Jet Airways,24/05/2019,Kolkata,Banglore,CCU → BOM → BLR,06:30,16:20,9h 50m,1 stop,In-flight meal not included,10844
Air India,24/03/2019,Chennai,Kolkata,MAA → CCU,11:40,13:55,2h 15m,non-stop,No info,4405
Jet Airways,1/04/2019,Kolkata,Banglore,CCU → DEL → BLR,20:25,10:55 02 Apr,14h 30m,1 stop,No info,11467
Jet Airways,9/06/2019,Delhi,Cochin,DEL → JAI → BOM → COK,09:40,04:25 10 Jun,18h 45m,2 stops,In-flight meal not included,10368
Jet Airways,1/04/2019,Kolkata,Banglore,CCU → BOM → BLR,18:55,22:35 02 Apr,27h 40m,1 stop,In-flight meal not included,7064
Air India,1/05/2019,Kolkata,Banglore,CCU → DEL → BLR,10:00,16:15,6h 15m,1 stop,No info,10203
Jet Airways,24/05/2019,Kolkata,Banglore,CCU → BOM → BLR,18:55,04:40 25 May,9h 45m,1 stop,No info,13731
IndiGo,15/05/2019,Delhi,Cochin,DEL → COK,21:05,00:20 16 May,3h 15m,non-stop,No info,6834
IndiGo,18/05/2019,Delhi,Cochin,DEL → HYD → COK,07:35,16:10,8h 35m,1 stop,No info,6442
IndiGo,24/03/2019,Banglore,New Delhi,BLR → DEL,10:10,13:00,2h 50m,non-stop,No info,10067
IndiGo,3/03/2019,Mumbai,Hyderabad,BOM → HYD,20:05,21:35,1h 30m,non-stop,No info,5232
IndiGo,24/03/2019,Banglore,New Delhi,BLR → DEL,04:00,06:50,2h 50m,non-stop,No info,5694
IndiGo,1/05/2019,Kolkata,Banglore,CCU → BBI → BLR,19:35,23:15,3h 40m,1 stop,No info,4226
IndiGo,9/06/2019,Mumbai,Hyderabad,BOM → HYD,16:55,18:25,1h 30m,non-stop,No info,3175
Jet Airways,27/06/2019,Delhi,Cochin,DEL → AMD → BOM → COK,13:25,19:00 28 Jun,29h 35m,2 stops,No info,12819
Jet Airways,24/03/2019,Kolkata,Banglore,CCU → BOM → BLR,19:45,22:35 25 Mar,26h 50m,1 stop,In-flight meal not included,10031
Jet Airways,21/03/2019,Banglore,New Delhi,BLR → BOM → DEL,08:00,21:20,13h 20m,1 stop,In-flight meal not included,7832
Jet Airways,27/05/2019,Banglore,Delhi,BLR → DEL,07:10,10:10,3h,non-stop,No info,7229
Air Asia,24/04/2019,Banglore,Delhi,BLR → DEL,04:55,07:45,2h 50m,non-stop,No info,3383
Jet Airways,1/06/2019,Delhi,Cochin,DEL → BOM → COK,07:05,19:00,11h 55m,1 stop,In-flight meal not included,15190
Jet Airways,1/06/2019,Delhi,Cochin,DEL → BOM → COK,13:00,12:35 02 Jun,23h 35m,1 stop,In-flight meal not included,10262
Jet Airways,6/05/2019,Banglore,Delhi,BLR → DEL,18:55,22:00,3h 5m,non-stop,No info,7229
Jet Airways,9/04/2019,Delhi,Cochin,DEL → JAI → BOM → COK,09:40,04:25 10 Apr,18h 45m,2 stops,No info,10909
IndiGo,27/04/2019,Kolkata,Banglore,CCU → BLR,15:30,18:05,2h 35m,non-stop,No info,4804
IndiGo,6/05/2019,Kolkata,Banglore,CCU → MAA → BLR,06:20,10:20,4h,1 stop,No info,4226
Air India,24/06/2019,Delhi,Cochin,DEL → GOI → BOM → COK,22:00,19:15 25 Jun,21h 15m,2 stops,No info,9181
Jet Airways,15/05/2019,Mumbai,Hyderabad,BOM → HYD,02:55,04:20,1h 25m,non-stop,No info,5678
SpiceJet,1/05/2019,Kolkata,Banglore,CCU → BLR,09:00,11:25,2h 25m,non-stop,No info,4174
Jet Airways,6/06/2019,Kolkata,Banglore,CCU → BOM → BLR,20:00,08:15 07 Jun,12h 15m,1 stop,No info,14571
IndiGo,9/06/2019,Banglore,Delhi,BLR → DEL,00:25,03:15,2h 50m,non-stop,No info,3943
Jet Airways,15/05/2019,Kolkata,Banglore,CCU → BOM → BLR,20:00,10:05 16 May,14h 5m,1 stop,In-flight meal not included,8586
SpiceJet,6/03/2019,Chennai,Kolkata,MAA → CCU,09:30,12:05,2h 35m,non-stop,No info,7298
IndiGo,24/04/2019,Banglore,Delhi,BLR → DEL,00:30,03:25,2h 55m,non-stop,No info,3419
Jet Airways,24/05/2019,Kolkata,Banglore,CCU → BOM → BLR,08:25,19:50,11h 25m,1 stop,No info,14571
SpiceJet,9/04/2019,Kolkata,Banglore,CCU → MAA → BLR,15:05,20:20,5h 15m,1 stop,No info,4649
Air Asia,6/03/2019,Kolkata,Banglore,CCU → BLR,19:35,22:05,2h 30m,non-stop,No info,4384
SpiceJet,27/05/2019,Kolkata,Banglore,CCU → BLR,17:10,19:40,2h 30m,non-stop,No info,3873
GoAir,24/06/2019,Banglore,Delhi,BLR → DEL,20:55,23:40,2h 45m,non-stop,No info,3419
SpiceJet,15/03/2019,Kolkata,Banglore,CCU → BLR,22:20,00:40 16 Mar,2h 20m,non-stop,No info,3847
IndiGo,15/05/2019,Delhi,Cochin,DEL → BOM → COK,09:15,21:00,11h 45m,1 stop,No info,7503
Jet Airways,09/03/2019,Banglore,New Delhi,BLR → BOM → DEL,07:00,20:20,13h 20m,1 stop,In-flight meal not included,11087
Jet Airways,01/03/2019,Banglore,New Delhi,BLR → BOM → DEL,22:50,07:40 02 Mar,8h 50m,1 stop,No info,26890
Vistara,6/05/2019,Banglore,Delhi,BLR → DEL,21:00,23:50,2h 50m,non-stop,No info,4668
Multiple carriers,9/06/2019,Delhi,Cochin,DEL → GWL → IDR → BOM → COK,11:35,01:30 10 Jun,13h 55m,3 stops,No info,15419
IndiGo,3/06/2019,Delhi,Cochin,DEL → BOM → COK,09:15,21:00,11h 45m,1 stop,No info,6838
Multiple carriers,27/05/2019,Delhi,Cochin,DEL → BOM → COK,08:45,19:00,10h 15m,1 stop,No info,10529
IndiGo,21/05/2019,Kolkata,Banglore,CCU → HYD → BLR,15:15,20:05,4h 50m,1 stop,No info,5170
IndiGo,15/05/2019,Delhi,Cochin,DEL → HYD → COK,07:35,22:30,14h 55m,1 stop,No info,6442
Air Asia,12/05/2019,Banglore,Delhi,BLR → DEL,11:10,13:55,2h 45m,non-stop,No info,3383
Jet Airways,9/06/2019,Delhi,Cochin,DEL → BOM → COK,13:00,12:35 10 Jun,23h 35m,1 stop,In-flight meal not included,10262
SpiceJet,27/06/2019,Chennai,Kolkata,MAA → CCU,08:20,10:35,2h 15m,non-stop,No check-in baggage included,3543
Vistara,24/06/2019,Banglore,Delhi,BLR → DEL,17:00,19:35,2h 35m,non-stop,No info,4878
Air India,18/05/2019,Delhi,Cochin,DEL → HYD → MAA → COK,13:15,09:25 19 May,20h 10m,2 stops,No info,11307
Air India,24/03/2019,Banglore,New Delhi,BLR → DEL,17:00,19:45,2h 45m,non-stop,No info,7486
Multiple carriers,1/06/2019,Delhi,Cochin,DEL → BOM → COK,11:40,21:00,9h 20m,1 stop,No info,7740
Air India,12/06/2019,Delhi,Cochin,DEL → MAA → COK,20:40,09:25 13 Jun,12h 45m,1 stop,No info,7480
Jet Airways,1/05/2019,Kolkata,Banglore,CCU → BOM → BLR,18:55,10:05 02 May,15h 10m,1 stop,In-flight meal not included,8586
Air India,9/05/2019,Banglore,Delhi,BLR → DEL,13:20,16:10,2h 50m,non-stop,No info,6121
Jet Airways,15/06/2019,Delhi,Cochin,DEL → BOM → COK,13:00,12:35 16 Jun,23h 35m,1 stop,In-flight meal not included,10262
Jet Airways,27/05/2019,Delhi,Cochin,DEL → BOM → COK,17:30,12:35 28 May,19h 5m,1 stop,In-flight meal not included,12898
Air India,12/03/2019,Mumbai,Hyderabad,BOM → BLR → HYD,09:15,09:15 13 Mar,24h,1 stop,No info,8065
Jet Airways,1/04/2019,Kolkata,Banglore,CCU → BOM → BLR,20:00,12:00 02 Apr,16h,1 stop,In-flight meal not included,7064
IndiGo,21/05/2019,Delhi,Cochin,DEL → HYD → COK,08:35,18:10,9h 35m,1 stop,No info,6442
GoAir,3/05/2019,Banglore,Delhi,BLR → DEL,20:55,23:40,2h 45m,non-stop,No info,4239
Jet Airways,3/06/2019,Delhi,Cochin,DEL → BOM → COK,21:50,04:25 04 Jun,6h 35m,1 stop,No info,16079
IndiGo,12/06/2019,Delhi,Cochin,DEL → COK,05:35,08:50,3h 15m,non-stop,No info,5601
Multiple carriers,6/03/2019,Delhi,Cochin,DEL → BOM → COK,13:00,21:00,8h,1 stop,No info,15603
SpiceJet,15/05/2019,Kolkata,Banglore,CCU → BLR,06:55,09:30,2h 35m,non-stop,No info,3873
Jet Airways,18/05/2019,Banglore,Delhi,BLR → DEL,08:20,11:20,3h,non-stop,No info,7229
Jet Airways,15/05/2019,Kolkata,Banglore,CCU → DEL → BLR,20:25,23:35 16 May,27h 10m,1 stop,No info,14151
Multiple carriers,3/03/2019,Delhi,Cochin,DEL → BOM → COK,08:25,18:50,10h 25m,1 stop,No info,15135
Jet Airways,1/05/2019,Banglore,Delhi,BLR → DEL,17:45,20:45,3h,non-stop,No info,7229
Vistara,1/06/2019,Banglore,Delhi,BLR → DEL,21:00,23:50,2h 50m,non-stop,No info,4668
Jet Airways,27/06/2019,Delhi,Cochin,DEL → BOM → COK,19:15,19:00 28 Jun,23h 45m,1 stop,In-flight meal not included,10262
Jet Airways,9/06/2019,Banglore,Delhi,BLR → DEL,07:10,10:10,3h,non-stop,In-flight meal not included,7229
Jet Airways,24/06/2019,Delhi,Cochin,DEL → BOM → COK,17:30,04:25 25 Jun,10h 55m,1 stop,In-flight meal not included,10262
Air India,9/03/2019,Delhi,Cochin,DEL → BOM → COK,04:00,07:40 10 Mar,27h 40m,1 stop,No info,10315
Jet Airways,1/06/2019,Banglore,Delhi,BLR → DEL,11:10,14:05,2h 55m,non-stop,In-flight meal not included,7229
Jet Airways,24/05/2019,Kolkata,Banglore,CCU → BOM → BLR,16:30,09:20 25 May,16h 50m,1 stop,No info,14178
Jet Airways,9/05/2019,Kolkata,Banglore,CCU → BOM → BLR,16:30,04:40 10 May,12h 10m,1 stop,No info,14781
SpiceJet,9/06/2019,Delhi,Cochin,DEL → PNQ → COK,08:45,13:15,4h 30m,1 stop,No check-in baggage included,5158
Jet Airways,18/05/2019,Kolkata,Banglore,CCU → BOM → BLR,05:45,16:20,10h 35m,1 stop,In-flight meal not included,10844
Jet Airways,9/06/2019,Delhi,Cochin,DEL → JAI → BOM → COK,19:30,04:25 10 Jun,8h 55m,2 stops,No info,13014
Multiple carriers,9/03/2019,Delhi,Cochin,DEL → BOM → COK,04:45,19:45,15h,1 stop,No info,10782
IndiGo,27/05/2019,Banglore,Delhi,BLR → DEL,13:00,15:50,2h 50m,non-stop,No info,3943
IndiGo,15/04/2019,Kolkata,Banglore,CCU → BLR,21:25,00:05 16 Apr,2h 40m,non-stop,No info,4174
Jet Airways,12/05/2019,Kolkata,Banglore,CCU → DEL → BLR,17:00,22:05 13 May,29h 5m,1 stop,No info,13067
Air India,24/03/2019,Kolkata,Banglore,CCU → IXR → BBI → BLR,05:50,13:40,7h 50m,2 stops,No info,8005
IndiGo,3/03/2019,Delhi,Cochin,DEL → HYD → COK,16:10,22:20,6h 10m,1 stop,No info,11237
Multiple carriers,9/03/2019,Delhi,Cochin,DEL → HYD → MAA → COK,09:45,21:20,11h 35m,2 stops,No info,10090
IndiGo,18/05/2019,Delhi,Cochin,DEL → HYD → COK,06:50,22:30,15h 40m,1 stop,No info,7144
IndiGo,21/03/2019,Banglore,New Delhi,BLR → STV → DEL,11:20,15:25,4h 5m,1 stop,No info,5746
Air Asia,15/04/2019,Kolkata,Banglore,CCU → BLR,10:20,12:55,2h 35m,non-stop,No info,4409
IndiGo,6/03/2019,Delhi,Cochin,DEL → HYD → COK,07:35,12:00,4h 25m,1 stop,No info,7725
IndiGo,03/03/2019,Banglore,New Delhi,BLR → DEL,22:20,01:10 07 Mar,2h 50m,non-stop,No info,7648
Vistara,6/05/2019,Banglore,Delhi,BLR → DEL,09:45,12:35,2h 50m,non-stop,No info,4668
Air India,1/04/2019,Kolkata,Banglore,CCU → BOM → BLR,16:50,07:55 02 Apr,15h 5m,1 stop,No info,7893
Air Asia,3/06/2019,Delhi,Cochin,DEL → BLR → COK,07:55,22:25,14h 30m,1 stop,No info,8759
Jet Airways,12/03/2019,Banglore,New Delhi,BLR → BOM → DEL,05:45,23:00,17h 15m,1 stop,No info,13817
Jet Airways,15/05/2019,Kolkata,Banglore,CCU → DEL → BLR,09:35,22:05,12h 30m,1 stop,No info,12121
Jet Airways,21/05/2019,Kolkata,Banglore,CCU → DEL → BLR,09:35,14:25 22 May,28h 50m,1 stop,No info,11467
IndiGo,9/05/2019,Delhi,Cochin,DEL → BOM → COK,16:00,01:30 10 May,9h 30m,1 stop,No info,9274
Air India,24/05/2019,Kolkata,Banglore,CCU → BOM → COK → BLR,09:25,13:45 25 May,28h 20m,2 stops,No info,12802
IndiGo,3/03/2019,Delhi,Cochin,DEL → COK,05:35,08:50,3h 15m,non-stop,No info,7673
Jet Airways,1/05/2019,Mumbai,Hyderabad,BOM → HYD,02:55,04:20,1h 25m,non-stop,No info,5678
Jet Airways,18/05/2019,Kolkata,Banglore,CCU → BOM → BLR,05:45,12:00,6h 15m,1 stop,No info,13941
Multiple carriers,24/06/2019,Delhi,Cochin,DEL → BOM → COK,19:00,01:30 25 Jun,6h 30m,1 stop,No info,7198
Jet Airways,21/03/2019,Banglore,New Delhi,BLR → BOM → DEL,14:05,19:10,5h 5m,1 stop,In-flight meal not included,7832
Jet Airways,24/06/2019,Delhi,Cochin,DEL → JAI → BOM → COK,05:30,19:00,13h 30m,2 stops,No info,13014
SpiceJet,24/06/2019,Kolkata,Banglore,CCU → BLR,17:10,19:40,2h 30m,non-stop,No info,3873
IndiGo,24/06/2019,Banglore,Delhi,BLR → DEL,23:30,02:20 25 Jun,2h 50m,non-stop,No info,3943
Air India,3/04/2019,Delhi,Cochin,DEL → BLR → COK,20:30,23:00 04 Apr,26h 30m,1 stop,No info,5022
Jet Airways,9/05/2019,Delhi,Cochin,DEL → JAI → BOM → COK,09:40,04:25 10 May,18h 45m,2 stops,No info,15129
Jet Airways,27/03/2019,Mumbai,Hyderabad,BOM → HYD,15:50,17:20,1h 30m,non-stop,In-flight meal not included,2071
Jet Airways,06/03/2019,Banglore,New Delhi,BLR → BOM → DEL,08:00,23:00,15h,1 stop,No info,16736
Jet Airways,6/05/2019,Kolkata,Banglore,CCU → DEL → BLR,09:35,23:35,14h,1 stop,No info,12121
Jet Airways,12/03/2019,Banglore,New Delhi,BLR → BOM → DEL,21:25,10:25 13 Mar,13h,1 stop,No info,13817
Multiple carriers,9/06/2019,Delhi,Cochin,DEL → HYD → COK,07:10,22:30,15h 20m,1 stop,No info,6513
SpiceJet,27/05/2019,Banglore,Delhi,BLR → DEL,21:10,00:05 28 May,2h 55m,non-stop,No check-in baggage included,3257
Multiple carriers,21/03/2019,Delhi,Cochin,DEL → BOM → COK,08:00,19:15,11h 15m,1 stop,No info,13378
Air Asia,1/05/2019,Kolkata,Banglore,CCU → IXR → DEL → BLR,15:10,23:30,8h 20m,2 stops,No info,5192
SpiceJet,3/06/2019,Banglore,Delhi,BLR → DEL,21:10,00:05 04 Jun,2h 55m,non-stop,No check-in baggage included,3257
Jet Airways,6/06/2019,Delhi,Cochin,DEL → BOM → COK,10:00,19:00,9h,1 stop,No info,14714
Jet Airways,12/05/2019,Kolkata,Banglore,CCU → BOM → BLR,18:55,08:15 13 May,13h 20m,1 stop,In-flight meal not included,9663
Jet Airways,1/04/2019,Banglore,Delhi,BLR → DEL,18:55,22:00,3h 5m,non-stop,No info,7229
Multiple carriers,1/06/2019,Delhi,Cochin,DEL → HYD → COK,07:05,16:10,9h 5m,1 stop,No info,9646
Jet Airways,9/05/2019,Delhi,Cochin,DEL → JAI → BOM → COK,05:30,19:00,13h 30m,2 stops,In-flight meal not included,13029
IndiGo,12/05/2019,Chennai,Kolkata,MAA → CCU,19:35,21:55,2h 20m,non-stop,No info,3597
IndiGo,24/06/2019,Chennai,Kolkata,MAA → CCU,11:35,14:00,2h 25m,non-stop,No info,3858
Air Asia,9/03/2019,Delhi,Cochin,DEL → BLR → COK,16:45,22:15,5h 30m,1 stop,No info,8327
Jet Airways,27/05/2019,Delhi,Cochin,DEL → JAI → BOM → COK,19:30,12:35 28 May,17h 5m,2 stops,In-flight meal not included,13029
IndiGo,24/03/2019,Banglore,New Delhi,BLR → DEL,20:00,22:55,2h 55m,non-stop,No info,6144
IndiGo,01/03/2019,Banglore,New Delhi,BLR → DEL,22:20,01:10 02 Mar,2h 50m,non-stop,No info,11934
Air India,15/05/2019,Kolkata,Banglore,CCU → DEL → AMD → BLR,07:00,05:25 16 May,22h 25m,2 stops,No info,14424
Air India,12/06/2019,Delhi,Cochin,DEL → LKO → BOM → COK,07:10,19:15,12h 5m,2 stops,No info,12488
Air Asia,12/06/2019,Kolkata,Banglore,CCU → BLR,10:20,12:55,2h 35m,non-stop,No info,3807
IndiGo,09/03/2019,Banglore,New Delhi,BLR → DEL,07:10,10:05,2h 55m,non-stop,No info,7303
Jet Airways,6/06/2019,Delhi,Cochin,DEL → NAG → BOM → COK,14:35,04:25 07 Jun,13h 50m,2 stops,In-flight meal not included,10919
Jet Airways,27/05/2019,Delhi,Cochin,DEL → BOM → COK,21:50,12:35 28 May,14h 45m,1 stop,In-flight meal not included,12898
IndiGo,9/06/2019,Delhi,Cochin,DEL → BOM → COK,11:25,21:00,9h 35m,1 stop,No info,6416
Air Asia,6/06/2019,Kolkata,Banglore,CCU → BLR,19:55,22:25,2h 30m,non-stop,No info,4508
IndiGo,6/04/2019,Delhi,Cochin,DEL → BOM → COK,04:55,13:20,8h 25m,1 stop,No info,5307
Air India,15/03/2019,Banglore,New Delhi,BLR → GAU → DEL,13:50,22:10,8h 20m,1 stop,No info,9166
Air India,6/06/2019,Banglore,Delhi,BLR → DEL,21:05,23:55,2h 50m,non-stop,No info,6121
Vistara,6/04/2019,Banglore,Delhi,BLR → DEL,19:30,22:15,2h 45m,non-stop,No info,5613
Vistara,24/03/2019,Kolkata,Banglore,CCU → DEL → BLR,20:20,20:25 25 Mar,24h 5m,1 stop,No info,11105
IndiGo,24/03/2019,Banglore,New Delhi,BLR → DEL,07:10,10:05,2h 55m,non-stop,No info,6144
Multiple carriers,6/03/2019,Delhi,Cochin,DEL → BOM → COK,04:00,18:50,14h 50m,1 stop,No info,13399
Air Asia,18/06/2019,Banglore,Delhi,BLR → DEL,11:10,13:55,2h 45m,non-stop,No info,3383
IndiGo,6/04/2019,Kolkata,Banglore,CCU → BLR,11:30,14:05,2h 35m,non-stop,No info,4174
Air India,18/04/2019,Banglore,Delhi,BLR → DEL,17:00,19:45,2h 45m,non-stop,No info,6121
Jet Airways,24/05/2019,Kolkata,Banglore,CCU → BOM → BLR,08:25,19:50,11h 25m,1 stop,In-flight meal not included,10844
Air India,15/04/2019,Banglore,Delhi,BLR → DEL,21:05,23:55,2h 50m,non-stop,No info,5228
Air India,12/03/2019,Mumbai,Hyderabad,BOM → HYD,21:05,22:25,1h 20m,non-stop,No info,4307
SpiceJet,6/06/2019,Kolkata,Banglore,CCU → BLR,06:55,09:30,2h 35m,non-stop,No check-in baggage included,3841
IndiGo,27/06/2019,Delhi,Cochin,DEL → HYD → COK,06:50,16:10,9h 20m,1 stop,No info,6442
Multiple carriers,6/06/2019,Delhi,Cochin,DEL → BOM → COK,11:30,01:30 07 Jun,14h,1 stop,No info,13377
Vistara,09/03/2019,Banglore,New Delhi,BLR → AMD → DEL,06:40,21:55,15h 15m,1 stop,No info,10008
SpiceJet,9/04/2019,Kolkata,Banglore,CCU → BLR,09:00,11:25,2h 25m,non-stop,No check-in baggage included,3841
Air India,6/06/2019,Kolkata,Banglore,CCU → BBI → BOM → BLR,12:00,21:50,9h 50m,2 stops,No info,9416
Air India,27/03/2019,Delhi,Cochin,DEL → MAA → COK,20:40,09:25 28 Mar,12h 45m,1 stop,No info,5117
GoAir,21/04/2019,Delhi,Cochin,DEL → BOM → COK,10:35,19:35,9h,1 stop,No info,7031
Jet Airways,24/03/2019,Kolkata,Banglore,CCU → BOM → BLR,06:30,23:25,16h 55m,1 stop,No info,13339
Jet Airways,27/05/2019,Delhi,Cochin,DEL → AMD → BOM → COK,23:05,19:00 28 May,19h 55m,2 stops,No info,15129
Jet Airways,6/05/2019,Kolkata,Banglore,CCU → DEL → BLR,09:35,18:00,8h 25m,1 stop,No info,13067
Air India,24/03/2019,Mumbai,Hyderabad,BOM → HYD,19:30,20:45,1h 15m,non-stop,No info,2575
IndiGo,6/03/2019,Mumbai,Hyderabad,BOM → HYD,06:20,07:45,1h 25m,non-stop,No info,4784
Jet Airways,12/06/2019,Kolkata,Banglore,CCU → BOM → BLR,08:25,10:05 13 Jun,25h 40m,1 stop,In-flight meal not included,8529
Vistara,1/06/2019,Banglore,Delhi,BLR → DEL,11:30,14:20,2h 50m,non-stop,No info,4668
IndiGo,12/06/2019,Delhi,Cochin,DEL → HYD → COK,07:35,16:10,8h 35m,1 stop,No info,6442
Jet Airways,15/06/2019,Delhi,Cochin,DEL → BOM → COK,19:45,12:35 16 Jun,16h 50m,1 stop,In-flight meal not included,10262
Jet Airways,1/05/2019,Kolkata,Banglore,CCU → DEL → BLR,17:00,23:35,6h 35m,1 stop,In-flight meal not included,12384
Jet Airways,27/05/2019,Delhi,Cochin,DEL → IDR → BOM → COK,09:35,12:35 28 May,27h,2 stops,In-flight meal not included,12872
IndiGo,9/03/2019,Kolkata,Banglore,CCU → BLR,09:35,12:20,2h 45m,non-stop,No info,4148
Multiple carriers,27/06/2019,Delhi,Cochin,DEL → BOM → COK,07:00,19:00,12h,1 stop,No info,12192
IndiGo,3/06/2019,Delhi,Cochin,DEL → BLR → COK,15:10,20:00,4h 50m,1 stop,No info,6493
IndiGo,6/05/2019,Kolkata,Banglore,CCU → BLR,15:15,17:45,2h 30m,non-stop,No info,4804
Jet Airways,21/05/2019,Delhi,Cochin,DEL → IDR → BOM → COK,09:35,12:35 22 May,27h,2 stops,No info,13559
Multiple carriers,15/05/2019,Delhi,Cochin,DEL → BOM → COK,19:00,01:30 16 May,6h 30m,1 stop,No info,7670
SpiceJet,15/03/2019,Chennai,Kolkata,MAA → CCU,09:30,12:05,2h 35m,non-stop,No info,6300
Jet Airways,27/05/2019,Delhi,Cochin,DEL → IDR → BOM → COK,09:35,12:35 28 May,27h,2 stops,No info,14657
SpiceJet,15/05/2019,Chennai,Kolkata,MAA → CCU,17:45,20:05,2h 20m,non-stop,No info,3597
Air India,6/06/2019,Delhi,Cochin,DEL → GOI → BOM → COK,10:55,19:15,8h 20m,2 stops,No info,11753
IndiGo,9/03/2019,Delhi,Cochin,DEL → HYD → COK,06:40,12:00,5h 20m,1 stop,No info,5647
Jet Airways,1/06/2019,Banglore,Delhi,BLR → DEL,06:00,08:45,2h 45m,non-stop,No info,8016
Jet Airways,21/03/2019,Delhi,Cochin,DEL → BOM → COK,16:00,18:50 22 Mar,26h 50m,1 stop,In-flight meal not included,5963
IndiGo,9/03/2019,Kolkata,Banglore,CCU → BLR,15:20,17:55,2h 35m,non-stop,No info,4148
Air India,9/06/2019,Delhi,Cochin,DEL → JAI → BOM → COK,18:45,19:15 10 Jun,24h 30m,2 stops,No info,12257
Jet Airways,18/05/2019,Kolkata,Banglore,CCU → BOM → BLR,16:30,12:00 19 May,19h 30m,1 stop,In-flight meal not included,10844
Jet Airways,9/05/2019,Delhi,Cochin,DEL → JAI → BOM → COK,09:40,04:25 10 May,18h 45m,2 stops,In-flight meal not included,13029
Air India,21/05/2019,Kolkata,Banglore,CCU → HYD → BLR,19:00,11:05 22 May,16h 5m,1 stop,No info,6117
Air India,12/05/2019,Kolkata,Banglore,CCU → GAU → BLR,16:45,21:05 13 May,28h 20m,1 stop,No info,7662
Jet Airways,18/03/2019,Banglore,New Delhi,BLR → BOM → DEL,16:55,10:25 16 Mar,17h 30m,1 stop,In-flight meal not included,11087
Air India,1/04/2019,Kolkata,Banglore,CCU → DEL → BLR,17:30,08:55 02 Apr,15h 25m,1 stop,No info,7893
GoAir,12/06/2019,Delhi,Cochin,DEL → BOM → COK,10:35,19:35,9h,1 stop,No info,4959
Jet Airways,12/06/2019,Delhi,Cochin,DEL → COK,11:00,14:15,3h 15m,non-stop,In-flight meal not included,7202
Multiple carriers,27/03/2019,Delhi,Cochin,DEL → BOM → COK,06:00,21:00,15h,1 stop,No info,8055
Air India,12/06/2019,Delhi,Cochin,DEL → BLR → COK,20:30,08:15 13 Jun,11h 45m,1 stop,No info,8991
Jet Airways,3/06/2019,Delhi,Cochin,DEL → BOM → COK,10:00,04:25 04 Jun,18h 25m,1 stop,In-flight meal not included,11627
Air India,15/05/2019,Kolkata,Banglore,CCU → DEL → BLR,07:00,16:15,9h 15m,1 stop,No info,11936
Jet Airways,18/05/2019,Delhi,Cochin,DEL → AMD → BOM → COK,23:05,04:25 20 May,29h 20m,2 stops,No info,15129
SpiceJet,27/04/2019,Kolkata,Banglore,CCU → BLR,14:55,17:25,2h 30m,non-stop,No check-in baggage included,3841
Vistara,21/05/2019,Kolkata,Banglore,CCU → DEL → BLR,07:10,22:40,15h 30m,1 stop,No info,8452
Vistara,9/06/2019,Banglore,Delhi,BLR → DEL,11:30,14:20,2h 50m,non-stop,No info,4668
Multiple carriers,1/03/2019,Delhi,Cochin,DEL → BOM → COK,00:20,13:20,13h,1 stop,No info,29528
Jet Airways,21/05/2019,Delhi,Cochin,DEL → JAI → BOM → COK,09:40,04:25 22 May,18h 45m,2 stops,In-flight meal not included,13029
SpiceJet,15/03/2019,Kolkata,Banglore,CCU → BLR,17:15,19:45,2h 30m,non-stop,No check-in baggage included,3815
Jet Airways,24/06/2019,Delhi,Cochin,DEL → BOM → COK,18:15,04:25 25 Jun,10h 10m,1 stop,In-flight meal not included,10262
Air India,1/03/2019,Mumbai,Hyderabad,BOM → HYD,19:30,20:45,1h 15m,non-stop,No info,15385
Air Asia,9/06/2019,Kolkata,Banglore,CCU → BBI → BLR,06:50,10:30,3h 40m,1 stop,No info,6857
Multiple carriers,9/06/2019,Delhi,Cochin,DEL → HYD → COK,09:45,22:30,12h 45m,1 stop,No info,9646
Air India,01/03/2019,Banglore,New Delhi,BLR → GAU → DEL,13:50,18:40 02 Mar,28h 50m,1 stop,No info,17198
Multiple carriers,9/03/2019,Delhi,Cochin,DEL → BOM → COK,08:00,19:45,11h 45m,1 stop,No info,16287
Air India,6/03/2019,Mumbai,Hyderabad,BOM → GOI → PNQ → HYD,05:05,16:55,11h 50m,2 stops,No info,16697
Jet Airways,6/05/2019,Kolkata,Banglore,CCU → BOM → BLR,16:30,16:20 07 May,23h 50m,1 stop,No info,13941
Jet Airways,03/03/2019,Banglore,New Delhi,BLR → BOM → DEL,08:00,05:05 07 Mar,21h 5m,1 stop,In-flight meal not included,13502
IndiGo,24/03/2019,Banglore,New Delhi,BLR → DEL,13:00,15:50,2h 50m,non-stop,No info,8033
Jet Airways,3/06/2019,Delhi,Cochin,DEL → JAI → BOM → COK,09:40,19:00,9h 20m,2 stops,No info,13014
Jet Airways,06/03/2019,Banglore,New Delhi,BLR → BOM → DEL,08:00,15:15,7h 15m,1 stop,No info,19225
Air India,03/03/2019,Banglore,New Delhi,BLR → DEL,06:10,08:55,2h 45m,non-stop,No info,8851
Multiple carriers,27/05/2019,Delhi,Cochin,DEL → IXU → BOM → COK,17:50,01:30 28 May,7h 40m,2 stops,No info,18275
Air India,15/05/2019,Kolkata,Banglore,CCU → BOM → COK → BLR,09:25,13:45 16 May,28h 20m,2 stops,No info,14482
Air India,6/05/2019,Kolkata,Banglore,CCU → IXR → BBI → BLR,05:50,13:15,7h 25m,2 stops,No info,7662
Jet Airways,1/06/2019,Delhi,Cochin,DEL → NAG → BOM → COK,06:45,04:25 02 Jun,21h 40m,2 stops,No info,13376
Multiple carriers,12/06/2019,Delhi,Cochin,DEL → BOM → COK,10:00,21:00,11h,1 stop,No info,13587
Vistara,21/05/2019,Delhi,Cochin,DEL → COK,06:00,09:10,3h 10m,non-stop,No info,6741
GoAir,9/04/2019,Banglore,Delhi,BLR → DEL,07:45,10:40,2h 55m,non-stop,No info,4632
Jet Airways,1/06/2019,Delhi,Cochin,DEL → JAI → BOM → COK,19:30,04:25 02 Jun,8h 55m,2 stops,No info,13014
SpiceJet,9/04/2019,Kolkata,Banglore,CCU → BLR,22:20,00:40 10 Apr,2h 20m,non-stop,No info,3873
Jet Airways,1/05/2019,Kolkata,Banglore,CCU → DEL → BLR,09:35,21:05,11h 30m,1 stop,In-flight meal not included,12384
SpiceJet,3/04/2019,Kolkata,Banglore,CCU → BLR,06:55,09:30,2h 35m,non-stop,No info,3873
Jet Airways,24/06/2019,Delhi,Cochin,DEL → JAI → BOM → COK,05:30,19:00,13h 30m,2 stops,In-flight meal not included,10368
Jet Airways,1/05/2019,Kolkata,Banglore,CCU → BOM → BLR,16:30,08:15 02 May,15h 45m,1 stop,No info,13941
Air India,1/04/2019,Kolkata,Banglore,CCU → BLR,14:15,16:45,2h 30m,non-stop,No info,6245
IndiGo,24/05/2019,Banglore,Delhi,BLR → DEL,22:10,01:00 25 May,2h 50m,non-stop,No info,3419
Air India,24/03/2019,Kolkata,Banglore,CCU → DEL → COK → BLR,07:00,01:20 25 Mar,18h 20m,2 stops,No info,13428
SpiceJet,3/06/2019,Chennai,Kolkata,MAA → CCU,08:20,10:35,2h 15m,non-stop,No check-in baggage included,3543
Jet Airways,24/05/2019,Kolkata,Banglore,CCU → BOM → BLR,18:55,08:15 25 May,13h 20m,1 stop,In-flight meal not included,8586
Jet Airways,21/05/2019,Delhi,Cochin,DEL → BOM → COK,11:30,19:00,7h 30m,1 stop,No info,16079
Multiple carriers,6/06/2019,Delhi,Cochin,DEL → BOM → COK,07:05,19:15,12h 10m,1 stop,No info,14848
Jet Airways,1/05/2019,Kolkata,Banglore,CCU → BOM → BLR,14:05,19:50,5h 45m,1 stop,No info,14781
SpiceJet,3/06/2019,Delhi,Cochin,DEL → MAA → COK,06:05,11:20,5h 15m,1 stop,No info,5583
IndiGo,15/05/2019,Kolkata,Banglore,CCU → BBI → BLR,19:35,23:15,3h 40m,1 stop,No info,4226
IndiGo,12/06/2019,Kolkata,Banglore,CCU → BLR,15:30,18:05,2h 35m,non-stop,No info,4804
Air India,3/06/2019,Delhi,Cochin,DEL → JDH → BOM → COK,12:55,19:15 04 Jun,30h 20m,2 stops,No info,12436
IndiGo,27/05/2019,Delhi,Cochin,DEL → BOM → COK,07:30,21:00,13h 30m,1 stop,No info,6526
IndiGo,9/03/2019,Delhi,Cochin,DEL → LKO → COK,05:35,10:10,4h 35m,1 stop,No info,9476
Air India,9/06/2019,Kolkata,Banglore,CCU → BOM → COK → BLR,09:25,13:45 10 Jun,28h 20m,2 stops,No info,11752
IndiGo,21/05/2019,Delhi,Cochin,DEL → LKO → COK,21:50,03:35 22 May,5h 45m,1 stop,No info,7189
Air India,9/03/2019,Delhi,Cochin,DEL → BLR → COK,06:10,23:00,16h 50m,1 stop,No info,9064
Air India,1/05/2019,Delhi,Cochin,DEL → HYD → MAA → COK,17:15,09:25 02 May,16h 10m,2 stops,No info,8839
Air India,9/04/2019,Banglore,Delhi,BLR → DEL,17:00,19:50,2h 50m,non-stop,No info,5911
IndiGo,1/05/2019,Kolkata,Banglore,CCU → MAA → BLR,06:20,10:20,4h,1 stop,No info,4226
Jet Airways,3/06/2019,Delhi,Cochin,DEL → BOM → COK,11:30,19:00,7h 30m,1 stop,In-flight meal not included,10262
Jet Airways,18/03/2019,Mumbai,Hyderabad,BOM → HYD,02:55,04:25,1h 30m,non-stop,No info,5678
Jet Airways,27/03/2019,Delhi,Cochin,DEL → AMD → BOM → COK,19:10,04:25 28 Mar,9h 15m,2 stops,In-flight meal not included,8456
IndiGo,1/05/2019,Chennai,Kolkata,MAA → CCU,05:15,07:40,2h 25m,non-stop,No info,3850
Air India,12/05/2019,Kolkata,Banglore,CCU → GAU → IMF → DEL → BLR,09:50,23:15,13h 25m,3 stops,No info,14015
Multiple carriers,15/06/2019,Delhi,Cochin,DEL → BOM → COK,07:05,19:15,12h 10m,1 stop,No info,16108
Jet Airways,9/06/2019,Delhi,Cochin,DEL → BOM → COK,22:50,12:35 10 Jun,13h 45m,1 stop,In-flight meal not included,10262
IndiGo,6/06/2019,Banglore,Delhi,BLR → DEL,23:30,02:20 07 Jun,2h 50m,non-stop,No info,4591
IndiGo,18/03/2019,Kolkata,Banglore,CCU → BLR,20:25,23:05,2h 40m,non-stop,No info,4462
Air India,21/06/2019,Banglore,Delhi,BLR → DEL,10:00,12:45,2h 45m,non-stop,No info,6961
Jet Airways,6/06/2019,Delhi,Cochin,DEL → JAI → BOM → COK,05:30,19:00,13h 30m,2 stops,No info,13014
GoAir,3/03/2019,Delhi,Cochin,DEL → BOM → COK,14:10,19:20,5h 10m,1 stop,No info,22794
Jet Airways,18/05/2019,Kolkata,Banglore,CCU → BOM → BLR,14:05,08:15 19 May,18h 10m,1 stop,No info,14388
Multiple carriers,1/06/2019,Delhi,Cochin,DEL → BOM → COK,08:00,19:15,11h 15m,1 stop,No info,16108
Jet Airways,6/06/2019,Delhi,Cochin,DEL → BOM → COK,19:45,04:25 07 Jun,8h 40m,1 stop,No info,14714
SpiceJet,1/05/2019,Mumbai,Hyderabad,BOM → HYD,22:45,00:15 02 May,1h 30m,non-stop,No check-in baggage included,1965
Air India,03/03/2019,Banglore,New Delhi,BLR → CCU → DEL,11:05,22:45,11h 40m,1 stop,No info,11444
IndiGo,9/06/2019,Kolkata,Banglore,CCU → MAA → BLR,17:35,22:15,4h 40m,1 stop,No info,5699
Multiple carriers,6/05/2019,Delhi,Cochin,DEL → BOM → COK,10:20,19:00,8h 40m,1 stop,No info,9794
Jet Airways,6/06/2019,Kolkata,Banglore,CCU → BOM → BLR,21:10,10:05 07 Jun,12h 55m,1 stop,No info,14571
IndiGo,3/03/2019,Mumbai,Hyderabad,BOM → HYD,09:10,10:40,1h 30m,non-stop,No info,5755
Jet Airways,6/06/2019,Kolkata,Banglore,CCU → DEL → BLR,09:35,22:05,12h 30m,1 stop,No info,14151
Jet Airways,24/06/2019,Delhi,Cochin,DEL → IDR → BOM → COK,21:25,19:00 25 Jun,21h 35m,2 stops,No info,13292
Multiple carriers,9/06/2019,Delhi,Cochin,DEL → BOM → COK,03:50,19:00,15h 10m,1 stop,No info,12192
IndiGo,03/03/2019,Banglore,New Delhi,BLR → DEL,21:20,00:15 04 Mar,2h 55m,non-stop,No info,6144
Air India,9/06/2019,Delhi,Cochin,DEL → HYD → MAA → COK,09:45,09:25 10 Jun,23h 40m,2 stops,No info,11185
Air India,3/03/2019,Delhi,Cochin,DEL → AMD → BOM → COK,05:00,19:15 04 Mar,38h 15m,2 stops,No info,10283
Multiple carriers,27/05/2019,Delhi,Cochin,DEL → BOM → COK,07:00,19:00,12h,1 stop,No info,10407
Jet Airways,3/03/2019,Delhi,Cochin,DEL → BOM → COK,11:30,18:50,7h 20m,1 stop,No info,18550
Jet Airways,06/03/2019,Banglore,New Delhi,BLR → BOM → DEL,16:55,11:25 07 Mar,18h 30m,1 stop,No info,17261
Jet Airways,15/06/2019,Delhi,Cochin,DEL → JAI → BOM → COK,05:30,04:25 16 Jun,22h 55m,2 stops,In-flight meal not included,10368
SpiceJet,9/05/2019,Chennai,Kolkata,MAA → CCU,09:45,12:00,2h 15m,non-stop,No check-in baggage included,3543
Jet Airways,24/05/2019,Kolkata,Banglore,CCU → BOM → BLR,14:05,09:20 25 May,19h 15m,1 stop,In-flight meal not included,9663
Jet Airways,1/04/2019,Banglore,Delhi,BLR → DEL,07:10,10:10,3h,non-stop,No info,7229
Vistara,21/06/2019,Banglore,Delhi,BLR → DEL,21:00,23:50,2h 50m,non-stop,No info,5613
SpiceJet,24/03/2019,Kolkata,Banglore,CCU → IXB → BLR,11:15,18:15,7h,1 stop,No info,12287
Jet Airways,27/06/2019,Delhi,Cochin,DEL → BOM → COK,10:00,12:35 28 Jun,26h 35m,1 stop,In-flight meal not included,10262
Jet Airways,21/05/2019,Kolkata,Banglore,CCU → BOM → BLR,14:05,22:35,8h 30m,1 stop,No info,14781
IndiGo,24/03/2019,Banglore,New Delhi,BLR → DEL,01:30,04:15,2h 45m,non-stop,No info,4238
IndiGo,21/03/2019,Kolkata,Banglore,CCU → BLR,09:35,12:20,2h 45m,non-stop,No info,4148
IndiGo,18/05/2019,Kolkata,Banglore,CCU → BLR,15:15,17:45,2h 30m,non-stop,No info,4804
Jet Airways,9/06/2019,Delhi,Cochin,DEL → COK,11:00,14:15,3h 15m,non-stop,In-flight meal not included,7202
SpiceJet,6/04/2019,Kolkata,Banglore,CCU → BLR,17:10,19:40,2h 30m,non-stop,No check-in baggage included,3841
Jet Airways,9/06/2019,Delhi,Cochin,DEL → BOM → COK,02:15,04:25 10 Jun,26h 10m,1 stop,In-flight meal not included,10262
Jet Airways,3/06/2019,Delhi,Cochin,DEL → BOM → COK,20:55,04:25 04 Jun,7h 30m,1 stop,In-flight meal not included,10262
Jet Airways,1/04/2019,Kolkata,Banglore,CCU → BOM → BLR,18:55,23:35 02 Apr,28h 40m,1 stop,In-flight meal not included,7064
IndiGo,21/03/2019,Delhi,Cochin,DEL → BOM → COK,06:40,21:00,14h 20m,1 stop,No info,8784
Jet Airways,12/04/2019,Banglore,Delhi,BLR → DEL,11:10,14:05,2h 55m,non-stop,No info,7229
Air Asia,1/05/2019,Banglore,Delhi,BLR → DEL,04:55,07:45,2h 50m,non-stop,No info,4282
Jet Airways,9/06/2019,Delhi,Cochin,DEL → BOM → COK,09:00,12:35 10 Jun,27h 35m,1 stop,In-flight meal not included,10262
Jet Airways,12/05/2019,Kolkata,Banglore,CCU → BOM → BLR,08:25,08:15 13 May,23h 50m,1 stop,In-flight meal not included,8586
Jet Airways,24/03/2019,Mumbai,Hyderabad,BOM → HYD,07:10,08:35,1h 25m,non-stop,No info,5678
Air India,1/05/2019,Delhi,Cochin,DEL → GOI → BOM → COK,22:00,19:15 02 May,21h 15m,2 stops,No info,11281
Multiple carriers,27/05/2019,Delhi,Cochin,DEL → BOM → COK,16:00,01:30 28 May,9h 30m,1 stop,No info,13377
Air India,1/06/2019,Delhi,Cochin,DEL → GOI → BOM → COK,22:00,19:15 02 Jun,21h 15m,2 stops,No info,10441
Jet Airways,15/06/2019,Delhi,Cochin,DEL → JAI → BOM → COK,05:30,04:25 16 Jun,22h 55m,2 stops,No info,13014
IndiGo,21/03/2019,Kolkata,Banglore,CCU → BLR,22:10,00:55 22 Mar,2h 45m,non-stop,No info,4148
Jet Airways,1/04/2019,Kolkata,Banglore,CCU → BOM → BLR,08:25,19:50,11h 25m,1 stop,In-flight meal not included,7064
Jet Airways,12/05/2019,Kolkata,Banglore,CCU → DEL → BLR,17:00,10:55 13 May,17h 55m,1 stop,No info,14151
Jet Airways,27/06/2019,Delhi,Cochin,DEL → IDR → BOM → COK,21:25,12:35 28 Jun,15h 10m,2 stops,In-flight meal not included,11507
IndiGo,21/03/2019,Banglore,New Delhi,BLR → DEL,13:00,15:50,2h 50m,non-stop,No info,5694
Air Asia,6/06/2019,Banglore,Delhi,BLR → DEL,23:55,02:45 07 Jun,2h 50m,non-stop,No info,7120
Air India,9/06/2019,Delhi,Cochin,DEL → AMD → BOM → COK,05:00,07:40 10 Jun,26h 40m,2 stops,No info,10756
Multiple carriers,6/03/2019,Delhi,Cochin,DEL → BOM → COK,09:00,21:00,12h,1 stop,No info,15078
Air India,27/06/2019,Delhi,Cochin,DEL → BOM → COK,09:00,19:15,10h 15m,1 stop,No info,8372
Multiple carriers,21/03/2019,Delhi,Cochin,DEL → BOM → COK,17:00,01:35 22 Mar,8h 35m,1 stop,No info,7363
Jet Airways,15/06/2019,Mumbai,Hyderabad,BOM → HYD,02:55,04:20,1h 25m,non-stop,No info,5678
IndiGo,6/03/2019,Kolkata,Banglore,CCU → BLR,15:10,17:45,2h 35m,non-stop,No info,5618
Jet Airways,21/05/2019,Delhi,Cochin,DEL → BOM → COK,19:45,12:35 22 May,16h 50m,1 stop,In-flight meal not included,12898
Jet Airways,18/05/2019,Kolkata,Banglore,CCU → BOM → BLR,21:10,09:20 19 May,12h 10m,1 stop,No info,14388
Vistara,01/03/2019,Banglore,New Delhi,BLR → AMD → DEL,06:40,10:25 02 Mar,27h 45m,1 stop,No info,12371
Multiple carriers,6/06/2019,Delhi,Cochin,DEL → HYD → COK,07:05,22:30,15h 25m,1 stop,No info,9646
IndiGo,1/05/2019,Banglore,Delhi,BLR → DEL,18:25,21:20,2h 55m,non-stop,No info,4823
Air Asia,9/04/2019,Banglore,Delhi,BLR → DEL,23:55,02:45 10 Apr,2h 50m,non-stop,No info,4483
IndiGo,27/05/2019,Kolkata,Banglore,CCU → BLR,17:15,19:50,2h 35m,non-stop,No info,4804
Jet Airways,15/05/2019,Mumbai,Hyderabad,BOM → HYD,10:20,11:50,1h 30m,non-stop,In-flight meal not included,4995
SpiceJet,6/04/2019,Banglore,Delhi,BLR → DEL,05:55,08:35,2h 40m,non-stop,No info,4423
IndiGo,15/06/2019,Banglore,Delhi,BLR → DEL,10:30,13:20,2h 50m,non-stop,No info,3943
Jet Airways,3/06/2019,Delhi,Cochin,DEL → BOM → COK,02:15,19:00,16h 45m,1 stop,No info,14714
Jet Airways,27/03/2019,Delhi,Cochin,DEL → BOM → COK,08:00,18:50,10h 50m,1 stop,In-flight meal not included,6068
Multiple carriers,9/03/2019,Delhi,Cochin,DEL → BOM → COK,16:00,01:35 10 Mar,9h 35m,1 stop,In-flight meal not included,14086
Air India,1/04/2019,Kolkata,Banglore,CCU → DEL → BLR,10:00,23:15,13h 15m,1 stop,No info,7893
Jet Airways,1/06/2019,Mumbai,Hyderabad,BOM → HYD,10:20,11:50,1h 30m,non-stop,No info,5678
Jet Airways,1/06/2019,Banglore,Delhi,BLR → DEL,17:45,20:45,3h,non-stop,In-flight meal not included,7229
Jet Airways,9/06/2019,Kolkata,Banglore,CCU → BOM → BLR,18:55,20:45 10 Jun,25h 50m,1 stop,In-flight meal not included,10844
Air India,12/06/2019,Delhi,Cochin,DEL → HYD → MAA → COK,17:15,09:25 13 Jun,16h 10m,2 stops,No info,9417
Air India,27/06/2019,Delhi,Cochin,DEL → BOM → COK,08:00,19:15,11h 15m,1 stop,No info,8372
IndiGo,6/04/2019,Kolkata,Banglore,CCU → HYD → BLR,15:15,20:30,5h 15m,1 stop,No info,4268
GoAir,09/03/2019,Banglore,New Delhi,BLR → DEL,11:40,14:35,2h 55m,non-stop,No info,7305
Vistara,6/03/2019,Mumbai,Hyderabad,BOM → DEL → HYD,14:40,09:25 07 Mar,18h 45m,1 stop,No info,12395
Air India,9/06/2019,Kolkata,Banglore,CCU → BOM → AMD → BLR,09:25,05:25 10 Jun,20h,2 stops,No info,13007
Jet Airways,1/06/2019,Delhi,Cochin,DEL → JAI → BOM → COK,05:30,19:00,13h 30m,2 stops,In-flight meal not included,10368
Jet Airways,9/06/2019,Delhi,Cochin,DEL → BOM → COK,07:05,04:25 10 Jun,21h 20m,1 stop,In-flight meal not included,10262
Multiple carriers,27/03/2019,Delhi,Cochin,DEL → BOM → COK,11:30,19:15,7h 45m,1 stop,No info,6732
IndiGo,18/04/2019,Banglore,Delhi,BLR → DEL,13:00,15:50,2h 50m,non-stop,No info,4990
Jet Airways,12/05/2019,Kolkata,Banglore,CCU → BOM → BLR,21:10,16:20 13 May,19h 10m,1 stop,In-flight meal not included,10844
Jet Airways,27/03/2019,Delhi,Cochin,DEL → BOM → COK,09:00,18:50,9h 50m,1 stop,No info,12032
IndiGo,18/05/2019,Banglore,Delhi,BLR → DEL,01:30,04:15,2h 45m,non-stop,No info,5780
Air India,15/05/2019,Delhi,Cochin,DEL → GOI → BOM → COK,22:00,19:15 16 May,21h 15m,2 stops,No info,11281
Air India,21/06/2019,Banglore,Delhi,BLR → DEL,13:20,16:10,2h 50m,non-stop,No info,6961
Air Asia,27/06/2019,Delhi,Cochin,DEL → BLR → COK,20:45,07:10 28 Jun,10h 25m,1 stop,No info,6451
Air Asia,24/04/2019,Kolkata,Banglore,CCU → BLR,19:55,22:25,2h 30m,non-stop,No info,4107
IndiGo,12/06/2019,Delhi,Cochin,DEL → BOM → COK,09:15,01:30 13 Jun,16h 15m,1 stop,No info,6628
IndiGo,15/05/2019,Delhi,Cochin,DEL → PNQ → COK,23:30,04:35 16 May,5h 5m,1 stop,No info,10123
Jet Airways,24/03/2019,Kolkata,Banglore,CCU → BOM → BLR,19:45,16:20 25 Mar,20h 35m,1 stop,No info,13759
Air India,12/03/2019,Mumbai,Hyderabad,BOM → BHO → DEL → HYD,06:00,19:25 13 Mar,37h 25m,2 stops,No info,12119
Jet Airways,9/05/2019,Delhi,Cochin,DEL → BOM → COK,19:45,19:00 10 May,23h 15m,1 stop,In-flight meal not included,12373
Jet Airways,1/05/2019,Kolkata,Banglore,CCU → BOM → BLR,16:30,10:05 02 May,17h 35m,1 stop,In-flight meal not included,8586
Jet Airways,6/05/2019,Kolkata,Banglore,CCU → DEL → BLR,17:00,10:55 07 May,17h 55m,1 stop,No info,13067
Multiple carriers,3/03/2019,Delhi,Cochin,DEL → BOM → COK,08:00,15:30,7h 30m,1 stop,No info,17057
Jet Airways,12/06/2019,Delhi,Cochin,DEL → BOM → COK,22:50,19:00 13 Jun,20h 10m,1 stop,No info,14714
IndiGo,15/06/2019,Kolkata,Banglore,CCU → BLR,15:15,17:45,2h 30m,non-stop,No info,4804
Jet Airways,27/03/2019,Delhi,Cochin,DEL → BOM → COK,19:15,04:25 28 Mar,9h 10m,1 stop,No info,12242
GoAir,24/04/2019,Delhi,Cochin,DEL → BOM → COK,10:35,19:35,9h,1 stop,No info,5430
Multiple carriers,27/06/2019,Delhi,Cochin,DEL → BOM → COK,10:00,01:30 28 Jun,15h 30m,1 stop,No info,7198
SpiceJet,24/05/2019,Banglore,Delhi,BLR → DEL,09:30,12:20,2h 50m,non-stop,No info,3625
IndiGo,15/06/2019,Delhi,Cochin,DEL → HYD → COK,06:50,12:10,5h 20m,1 stop,No info,5298
Vistara,24/05/2019,Banglore,Delhi,BLR → DEL,07:00,09:40,2h 40m,non-stop,No info,4668
Jet Airways,3/06/2019,Delhi,Cochin,DEL → JAI → BOM → COK,09:40,12:35 04 Jun,26h 55m,2 stops,In-flight meal not included,10368
Jet Airways,18/05/2019,Kolkata,Banglore,CCU → BOM → BLR,05:45,19:50,14h 5m,1 stop,No info,14781
Jet Airways,9/03/2019,Delhi,Cochin,DEL → BOM → COK,19:45,04:25 10 Mar,8h 40m,1 stop,No info,15554
IndiGo,18/05/2019,Banglore,Delhi,BLR → DEL,20:00,22:50,2h 50m,non-stop,No info,4823
Vistara,24/05/2019,Kolkata,Banglore,CCU → DEL → BLR,17:00,23:25,6h 25m,1 stop,No info,9870
Multiple carriers,1/06/2019,Delhi,Cochin,DEL → BOM → COK,11:25,19:00,7h 35m,1 stop,No info,11200
Jet Airways,6/05/2019,Kolkata,Banglore,CCU → DEL → BLR,20:25,23:35 07 May,27h 10m,1 stop,No info,10953
SpiceJet,3/06/2019,Banglore,Delhi,BLR → DEL,09:30,12:20,2h 50m,non-stop,No info,3971
Jet Airways,12/05/2019,Mumbai,Hyderabad,BOM → HYD,07:05,08:30,1h 25m,non-stop,In-flight meal not included,4050
Jet Airways,1/04/2019,Kolkata,Banglore,CCU → BOM → BLR,21:10,09:20 02 Apr,12h 10m,1 stop,In-flight meal not included,8849
Multiple carriers,21/05/2019,Delhi,Cochin,DEL → BOM → COK,10:00,19:15,9h 15m,1 stop,No info,14848
SpiceJet,24/04/2019,Kolkata,Banglore,CCU → BLR,06:55,09:30,2h 35m,non-stop,No check-in baggage included,3841
Air India,24/06/2019,Delhi,Cochin,DEL → BLR → COK,17:40,23:00,5h 20m,1 stop,No info,7174
IndiGo,01/03/2019,Banglore,New Delhi,BLR → DEL,21:20,00:15 02 Mar,2h 55m,non-stop,No info,12649
Jet Airways,12/03/2019,Banglore,New Delhi,BLR → BOM → DEL,22:55,15:15 13 Mar,16h 20m,1 stop,No info,13817
Air India,24/04/2019,Delhi,Cochin,DEL → COK,14:10,17:10,3h,non-stop,No info,6094
IndiGo,24/06/2019,Kolkata,Banglore,CCU → BLR,04:40,07:15,2h 35m,non-stop,No info,4804
SpiceJet,3/06/2019,Chennai,Kolkata,MAA → CCU,09:45,12:00,2h 15m,non-stop,No check-in baggage included,3859
Jet Airways,3/06/2019,Delhi,Cochin,DEL → BOM → COK,07:05,12:35,5h 30m,1 stop,No info,14924
Multiple carriers,3/03/2019,Delhi,Cochin,DEL → BOM → COK,02:15,13:20,11h 5m,1 stop,No info,17057
Jet Airways,15/05/2019,Banglore,Delhi,BLR → DEL,18:55,22:00,3h 5m,non-stop,In-flight meal not included,4030
Air India,6/03/2019,Mumbai,Hyderabad,BOM → BLR → HYD,09:15,09:15 07 Mar,24h,1 stop,No info,9535
Vistara,18/04/2019,Banglore,Delhi,BLR → DEL,17:00,19:35,2h 35m,non-stop,No info,5613
Jet Airways,21/03/2019,Delhi,Cochin,DEL → BOM → COK,18:15,18:50 22 Mar,24h 35m,1 stop,No info,12557
Jet Airways,21/03/2019,Delhi,Cochin,DEL → JAI → BOM → COK,05:30,18:50 22 Mar,37h 20m,2 stops,No info,12341
Jet Airways,27/03/2019,Delhi,Cochin,DEL → BOM → COK,09:00,18:50,9h 50m,1 stop,In-flight meal not included,5963
Multiple carriers,21/05/2019,Delhi,Cochin,DEL → BOM → COK,18:15,01:30 22 May,7h 15m,1 stop,No info,14067
Air Asia,3/06/2019,Banglore,Delhi,BLR → DEL,23:55,02:45 04 Jun,2h 50m,non-stop,No info,7120
SpiceJet,6/05/2019,Kolkata,Banglore,CCU → BLR,09:00,11:25,2h 25m,non-stop,No check-in baggage included,3841
Air India,24/06/2019,Delhi,Cochin,DEL → MAA → COK,17:20,09:25 25 Jun,16h 5m,1 stop,No info,7480
Air India,6/05/2019,Kolkata,Banglore,CCU → BBI → BOM → BLR,12:00,11:10 07 May,23h 10m,2 stops,No info,10676
IndiGo,15/03/2019,Mumbai,Hyderabad,BOM → HYD,12:00,13:25,1h 25m,non-stop,No info,3175
Vistara,09/03/2019,Banglore,New Delhi,BLR → AMD → DEL,06:40,10:25 13 Mar,27h 45m,1 stop,No info,10008
Jet Airways,24/05/2019,Mumbai,Hyderabad,BOM → HYD,19:35,21:05,1h 30m,non-stop,No info,5678
Jet Airways,18/03/2019,Banglore,New Delhi,BLR → BOM → DEL,22:50,08:15 16 Mar,9h 25m,1 stop,In-flight meal not included,11087
Jet Airways,21/03/2019,Delhi,Cochin,DEL → BDQ → BOM → COK,18:25,18:50 22 Mar,24h 25m,2 stops,No info,11869
Jet Airways,9/05/2019,Delhi,Cochin,DEL → BOM → COK,07:05,12:35,5h 30m,1 stop,In-flight meal not included,12373
Jet Airways,24/06/2019,Banglore,Delhi,BLR → DEL,11:10,14:05,2h 55m,non-stop,In-flight meal not included,5769
GoAir,6/05/2019,Kolkata,Banglore,CCU → BOM → BLR,23:30,07:45 07 May,8h 15m,1 stop,No info,7451
IndiGo,9/06/2019,Delhi,Cochin,DEL → HYD → COK,14:20,22:30,8h 10m,1 stop,No info,6938
Jet Airways,12/06/2019,Kolkata,Banglore,CCU → BOM → BLR,14:05,18:15 13 Jun,28h 10m,1 stop,In-flight meal not included,8529
Jet Airways,9/06/2019,Kolkata,Banglore,CCU → BOM → BLR,20:00,12:00 10 Jun,16h,1 stop,No info,14571
SpiceJet,12/06/2019,Banglore,Delhi,BLR → DEL,05:55,08:35,2h 40m,non-stop,No info,4423
IndiGo,9/04/2019,Delhi,Cochin,DEL → BOM → COK,16:00,01:30 10 Apr,9h 30m,1 stop,No info,6573
GoAir,6/03/2019,Delhi,Cochin,DEL → AMD → COK,06:00,13:20,7h 20m,1 stop,No info,6393
SpiceJet,27/06/2019,Mumbai,Hyderabad,BOM → HYD,22:45,00:15 28 Jun,1h 30m,non-stop,No check-in baggage included,1965
Jet Airways,24/05/2019,Kolkata,Banglore,CCU → BOM → BLR,16:30,12:00 25 May,19h 30m,1 stop,In-flight meal not included,10844
Vistara,15/05/2019,Kolkata,Banglore,CCU → DEL → BLR,17:00,23:25,6h 25m,1 stop,No info,9345
Jet Airways,12/03/2019,Banglore,New Delhi,BLR → BOM → DEL,22:55,07:40 13 Mar,8h 45m,1 stop,In-flight meal not included,11087
Air India,21/06/2019,Mumbai,Hyderabad,BOM → HYD,13:55,15:25,1h 30m,non-stop,No info,3100
IndiGo,21/05/2019,Delhi,Cochin,DEL → BLR → COK,15:10,20:50,5h 40m,1 stop,No info,6027
Air India,6/05/2019,Banglore,Delhi,BLR → DEL,06:10,08:55,2h 45m,non-stop,No info,6121
Jet Airways,6/06/2019,Delhi,Cochin,DEL → BOM → COK,22:50,04:25 07 Jun,5h 35m,1 stop,No info,14714
Air India,18/05/2019,Kolkata,Banglore,CCU → BOM → HBX → BLR,09:25,17:20 19 May,31h 55m,2 stops,No info,13616
Multiple carriers,15/05/2019,Delhi,Cochin,DEL → BOM → COK,10:00,21:00,11h,1 stop,No info,13727
IndiGo,9/06/2019,Kolkata,Banglore,CCU → BBI → BLR,19:35,23:15,3h 40m,1 stop,No info,5276
GoAir,15/06/2019,Delhi,Cochin,DEL → BOM → COK,07:00,12:55,5h 55m,1 stop,No info,5281
Jet Airways,24/03/2019,Kolkata,Banglore,CCU → BOM → BLR,13:55,19:40,5h 45m,1 stop,No info,14231
Jet Airways,18/05/2019,Kolkata,Banglore,CCU → BOM → BLR,05:45,04:40 19 May,22h 55m,1 stop,In-flight meal not included,8586
Air India,3/03/2019,Delhi,Cochin,DEL → AMD → BOM → COK,19:45,19:15 04 Mar,23h 30m,2 stops,No info,12856
Air India,6/05/2019,Kolkata,Banglore,CCU → GAU → DEL → BLR,09:50,23:15,13h 25m,2 stops,No info,14120
Air India,24/06/2019,Delhi,Cochin,DEL → BOM → COK,13:00,19:15,6h 15m,1 stop,No info,8372
Jet Airways,21/05/2019,Delhi,Cochin,DEL → COK,09:50,13:05,3h 15m,non-stop,No info,9564
Jet Airways,1/06/2019,Delhi,Cochin,DEL → BOM → COK,13:00,04:25 02 Jun,15h 25m,1 stop,In-flight meal not included,10262
IndiGo,1/04/2019,Kolkata,Banglore,CCU → BLR,17:15,19:50,2h 35m,non-stop,No info,4174
Jet Airways,9/06/2019,Kolkata,Banglore,CCU → BOM → BLR,08:25,04:40 10 Jun,20h 15m,1 stop,No info,13731
Jet Airways,21/05/2019,Kolkata,Banglore,CCU → BOM → BLR,21:10,10:05 22 May,12h 55m,1 stop,In-flight meal not included,8586
SpiceJet,03/03/2019,Banglore,New Delhi,BLR → DEL,20:30,23:20,2h 50m,non-stop,No info,6860
SpiceJet,24/03/2019,Kolkata,Banglore,CCU → BLR,17:15,19:45,2h 30m,non-stop,No info,6461
IndiGo,12/06/2019,Delhi,Cochin,DEL → BOM → COK,15:00,01:30 13 Jun,10h 30m,1 stop,No info,5684
Jet Airways,24/06/2019,Delhi,Cochin,DEL → IDR → BOM → COK,09:35,12:35 25 Jun,27h,2 stops,No info,12609
Jet Airways,24/05/2019,Kolkata,Banglore,CCU → BOM → BLR,14:05,18:15 25 May,28h 10m,1 stop,In-flight meal not included,10844
Air India,3/03/2019,Delhi,Cochin,DEL → BLR → COK,06:10,23:00,16h 50m,1 stop,No info,13002
IndiGo,21/04/2019,Delhi,Cochin,DEL → BLR → COK,02:00,07:45,5h 45m,1 stop,No info,6258
SpiceJet,9/06/2019,Kolkata,Banglore,CCU → IXB → BLR,11:15,18:30,7h 15m,1 stop,No info,9946
Jet Airways,9/06/2019,Kolkata,Banglore,CCU → BOM → BLR,21:10,18:15 10 Jun,21h 5m,1 stop,In-flight meal not included,10844
Jet Airways,15/05/2019,Kolkata,Banglore,CCU → BOM → BLR,16:30,23:35,7h 5m,1 stop,In-flight meal not included,8586
IndiGo,1/05/2019,Chennai,Kolkata,MAA → CCU,19:35,21:55,2h 20m,non-stop,No info,3597
IndiGo,6/05/2019,Banglore,Delhi,BLR → DEL,22:10,01:00 07 May,2h 50m,non-stop,No info,3419
Multiple carriers,27/03/2019,Delhi,Cochin,DEL → BOM → COK,06:00,13:20,7h 20m,1 stop,No info,7845
Jet Airways,24/06/2019,Delhi,Cochin,DEL → NAG → BOM → COK,14:35,12:35 25 Jun,22h,2 stops,No info,13376
SpiceJet,15/05/2019,Banglore,Delhi,BLR → DEL,09:30,12:20,2h 50m,non-stop,No info,4423
Air India,12/06/2019,Delhi,Cochin,DEL → HYD → MAA → COK,09:45,09:25 13 Jun,23h 40m,2 stops,No info,10975
Air India,1/05/2019,Banglore,Delhi,BLR → DEL,13:20,16:10,2h 50m,non-stop,No info,6121
Air India,21/03/2019,Mumbai,Hyderabad,BOM → HYD,06:20,07:40,1h 20m,non-stop,No info,3100
Jet Airways,3/05/2019,Banglore,Delhi,BLR → DEL,15:15,18:10,2h 55m,non-stop,In-flight meal not included,4544
Jet Airways,1/04/2019,Delhi,Cochin,DEL → BOM → COK,10:00,12:35 02 Apr,26h 35m,1 stop,In-flight meal not included,5406
Air India,12/05/2019,Kolkata,Banglore,CCU → HYD → BLR,19:00,11:05 13 May,16h 5m,1 stop,No info,6327
Air India,18/05/2019,Delhi,Cochin,DEL → AMD → BOM → COK,19:45,19:15 19 May,23h 30m,2 stops,No info,10651
IndiGo,21/04/2019,Banglore,Delhi,BLR → DEL,06:05,08:50,2h 45m,non-stop,No info,4423
Jet Airways,21/05/2019,Kolkata,Banglore,CCU → BOM → BLR,08:25,18:15,9h 50m,1 stop,In-flight meal not included,10844
Jet Airways,27/04/2019,Banglore,Delhi,BLR → DEL,07:10,10:10,3h,non-stop,No info,7229
IndiGo,18/06/2019,Banglore,Delhi,BLR → DEL,18:55,21:50,2h 55m,non-stop,No info,4823
IndiGo,3/03/2019,Kolkata,Banglore,CCU → BLR,15:10,17:45,2h 35m,non-stop,No info,6985
Jet Airways,27/03/2019,Delhi,Cochin,DEL → IDR → BOM → COK,05:25,19:45 28 Mar,38h 20m,2 stops,No info,11664
SpiceJet,27/03/2019,Kolkata,Banglore,CCU → BLR,09:00,11:30,2h 30m,non-stop,No info,3847
IndiGo,3/06/2019,Delhi,Cochin,DEL → BOM → COK,10:35,21:00,10h 25m,1 stop,No info,6093
IndiGo,6/03/2019,Delhi,Cochin,DEL → BOM → COK,07:30,13:20,5h 50m,1 stop,No info,13628
Air India,15/03/2019,Banglore,New Delhi,BLR → HYD → VGA → DEL,17:00,22:55 16 Mar,29h 55m,2 stops,No info,8534
SpiceJet,27/04/2019,Banglore,Delhi,BLR → DEL,09:30,12:20,2h 50m,non-stop,No info,4991
Air India,9/06/2019,Delhi,Cochin,DEL → BOM → COK,20:00,19:15 10 Jun,23h 15m,1 stop,No info,8372
Air India,21/05/2019,Banglore,Delhi,BLR → DEL,17:00,19:50,2h 50m,non-stop,No info,6961
Jet Airways,9/05/2019,Banglore,Delhi,BLR → DEL,17:45,20:45,3h,non-stop,In-flight meal not included,5198
Multiple carriers,3/06/2019,Delhi,Cochin,DEL → BOM → COK,09:00,21:00,12h,1 stop,No info,13587
IndiGo,21/05/2019,Delhi,Cochin,DEL → BOM → COK,06:40,21:00,14h 20m,1 stop,No info,7006
Vistara,9/06/2019,Banglore,Delhi,BLR → DEL,09:45,12:35,2h 50m,non-stop,No info,4668
Jet Airways,27/05/2019,Delhi,Cochin,DEL → BOM → COK,07:05,19:00,11h 55m,1 stop,No info,16289
Jet Airways,18/03/2019,Banglore,New Delhi,BLR → BOM → DEL,05:45,10:25,4h 40m,1 stop,No info,12284
IndiGo,24/03/2019,Kolkata,Banglore,CCU → MAA → BLR,08:15,13:00,4h 45m,1 stop,No info,6303
Multiple carriers,9/03/2019,Delhi,Cochin,DEL → HYD → MAA → COK,13:15,21:20,8h 5m,2 stops,No info,11560
Multiple carriers,15/05/2019,Delhi,Cochin,DEL → BOM → COK,07:30,19:00,11h 30m,1 stop,No info,10529
Vistara,15/03/2019,Banglore,New Delhi,BLR → DEL,07:00,09:40,2h 40m,non-stop,No info,6138
Jet Airways,24/05/2019,Kolkata,Banglore,CCU → BOM → BLR,20:00,19:50 25 May,23h 50m,1 stop,In-flight meal not included,10844
Jet Airways,24/05/2019,Kolkata,Banglore,CCU → BOM → BLR,20:00,10:05 25 May,14h 5m,1 stop,In-flight meal not included,8586
Multiple carriers,24/06/2019,Delhi,Cochin,DEL → BOM → COK,14:00,01:30 25 Jun,11h 30m,1 stop,No info,13377
Vistara,9/05/2019,Kolkata,Banglore,CCU → DEL → BLR,17:00,09:05 10 May,16h 5m,1 stop,No info,9187
SpiceJet,1/04/2019,Kolkata,Banglore,CCU → BLR,22:20,00:40 02 Apr,2h 20m,non-stop,No check-in baggage included,3841
Air India,1/06/2019,Delhi,Cochin,DEL → RPR → NAG → BOM → COK,05:15,07:40 02 Jun,26h 25m,3 stops,No info,12383
Air Asia,9/05/2019,Banglore,Delhi,BLR → DEL,04:55,07:45,2h 50m,non-stop,No info,4282
IndiGo,21/03/2019,Delhi,Cochin,DEL → BOM → COK,09:10,15:30,6h 20m,1 stop,No info,9709
Jet Airways,9/05/2019,Kolkata,Banglore,CCU → DEL → BLR,20:25,14:25 10 May,18h,1 stop,In-flight meal not included,9314
Jet Airways,9/04/2019,Delhi,Cochin,DEL → BOM → COK,22:50,12:35 10 Apr,13h 45m,1 stop,No info,11822
IndiGo,24/03/2019,Mumbai,Hyderabad,BOM → HYD,20:05,21:35,1h 30m,non-stop,No info,2227
IndiGo,9/06/2019,Delhi,Cochin,DEL → BOM → COK,20:25,01:30 10 Jun,5h 5m,1 stop,No info,5458
IndiGo,12/06/2019,Banglore,Delhi,BLR → DEL,23:30,02:20 13 Jun,2h 50m,non-stop,No info,3943
Vistara,9/06/2019,Kolkata,Banglore,CCU → DEL → BLR,20:20,10:45 10 Jun,14h 25m,1 stop,No info,9397
Jet Airways,24/05/2019,Kolkata,Banglore,CCU → BOM → BLR,18:55,09:20 25 May,14h 25m,1 stop,In-flight meal not included,10844
Jet Airways,9/06/2019,Delhi,Cochin,DEL → LKO → BOM → COK,11:45,04:25 10 Jun,16h 40m,2 stops,No info,13882
IndiGo,15/05/2019,Mumbai,Hyderabad,BOM → HYD,12:00,13:30,1h 30m,non-stop,No info,2754
IndiGo,21/05/2019,Mumbai,Hyderabad,BOM → HYD,12:00,13:30,1h 30m,non-stop,No info,2754
Jet Airways,01/03/2019,Banglore,New Delhi,BLR → BOM → DEL,08:55,18:25,9h 30m,1 stop,No info,26890
Jet Airways,6/06/2019,Delhi,Cochin,DEL → BHO → BOM → COK,05:30,12:35,7h 5m,2 stops,In-flight meal not included,13344
Jet Airways,24/06/2019,Mumbai,Hyderabad,BOM → HYD,08:45,10:15,1h 30m,non-stop,No info,8040
IndiGo,27/05/2019,Delhi,Cochin,DEL → HYD → COK,07:35,22:30,14h 55m,1 stop,No info,7514
Air India,9/06/2019,Delhi,Cochin,DEL → JDH → BOM → COK,12:55,19:15 10 Jun,30h 20m,2 stops,No info,12436
Jet Airways,6/06/2019,Delhi,Cochin,DEL → IDR → BOM → COK,21:25,19:00 07 Jun,21h 35m,2 stops,No info,13292
Multiple carriers,24/06/2019,Delhi,Cochin,DEL → BOM → COK,13:00,21:00,8h,1 stop,No info,13587
Multiple carriers,24/06/2019,Delhi,Cochin,DEL → BOM → COK,13:00,01:30 25 Jun,12h 30m,1 stop,No info,13377
Jet Airways,21/05/2019,Kolkata,Banglore,CCU → BOM → BLR,14:05,23:35,9h 30m,1 stop,No info,14781
IndiGo,15/03/2019,Banglore,New Delhi,BLR → DEL,08:30,11:30,3h,non-stop,No info,6860
Jet Airways,15/04/2019,Banglore,Delhi,BLR → DEL,11:10,14:05,2h 55m,non-stop,No info,7229
IndiGo,15/06/2019,Delhi,Cochin,DEL → HYD → COK,05:05,12:10,7h 5m,1 stop,No info,6818
Air India,24/05/2019,Kolkata,Banglore,CCU → BOM → BLR,09:25,07:55 25 May,22h 30m,1 stop,No info,8366
SpiceJet,24/06/2019,Kolkata,Banglore,CCU → BLR,22:20,00:40 25 Jun,2h 20m,non-stop,No check-in baggage included,3841
SpiceJet,9/06/2019,Kolkata,Banglore,CCU → BLR,22:20,00:40 10 Jun,2h 20m,non-stop,No check-in baggage included,3841
IndiGo,21/05/2019,Delhi,Cochin,DEL → PNQ → COK,23:30,04:35 22 May,5h 5m,1 stop,No info,8745
Air India,27/03/2019,Mumbai,Hyderabad,BOM → HYD,21:05,22:25,1h 20m,non-stop,No info,2575
Air India,21/03/2019,Delhi,Cochin,DEL → BOM → COK,13:00,19:15,6h 15m,1 stop,No info,7934
IndiGo,27/05/2019,Delhi,Cochin,DEL → COK,14:25,17:40,3h 15m,non-stop,No info,6015
Multiple carriers,1/06/2019,Delhi,Cochin,DEL → BOM → COK,10:20,19:15,8h 55m,1 stop,No info,9526
SpiceJet,3/06/2019,Chennai,Kolkata,MAA → CCU,17:45,20:05,2h 20m,non-stop,No check-in baggage included,3543
Multiple carriers,21/03/2019,Delhi,Cochin,DEL → BOM → COK,11:40,19:15,7h 35m,1 stop,No info,7531
GoAir,24/03/2019,Banglore,New Delhi,BLR → DEL,07:45,10:40,2h 55m,non-stop,No info,4239
Jet Airways,18/05/2019,Kolkata,Banglore,CCU → DEL → BLR,17:00,14:25 19 May,21h 25m,1 stop,No info,13067
Air India,21/03/2019,Delhi,Cochin,DEL → JDH → BOM → COK,12:55,19:15 22 Mar,30h 20m,2 stops,No info,11228
Multiple carriers,27/06/2019,Delhi,Cochin,DEL → HYD → COK,07:10,22:30,15h 20m,1 stop,In-flight meal not included,6093
Jet Airways,12/05/2019,Banglore,Delhi,BLR → DEL,07:10,10:10,3h,non-stop,No info,7229
Jet Airways,06/03/2019,Banglore,New Delhi,BLR → BOM → DEL,14:05,07:40 07 Mar,17h 35m,1 stop,In-flight meal not included,13502
IndiGo,15/06/2019,Kolkata,Banglore,CCU → BLR,22:15,00:50 16 Jun,2h 35m,non-stop,No info,4804
Jet Airways,1/05/2019,Banglore,Delhi,BLR → DEL,15:15,18:10,2h 55m,non-stop,No info,7229
Air India,21/05/2019,Kolkata,Banglore,CCU → DEL → AMD → BLR,10:00,05:25 22 May,19h 25m,2 stops,No info,13899
Air India,6/06/2019,Banglore,Delhi,BLR → DEL,10:00,12:45,2h 45m,non-stop,No info,6961
IndiGo,1/04/2019,Kolkata,Banglore,CCU → BLR,15:30,18:05,2h 35m,non-stop,No info,4174
Jet Airways,6/03/2019,Delhi,Cochin,DEL → BOM → COK,13:00,04:25 07 Mar,15h 25m,1 stop,No info,15764
IndiGo,21/03/2019,Delhi,Cochin,DEL → BOM → COK,04:45,21:00,16h 15m,1 stop,No info,6314
Multiple carriers,15/05/2019,Delhi,Cochin,DEL → BOM → COK,07:00,21:00,14h,1 stop,No info,8073
Air India,15/05/2019,Delhi,Cochin,DEL → HYD → BOM → COK,17:15,07:40 16 May,14h 25m,2 stops,No info,13039
Vistara,1/05/2019,Banglore,Delhi,BLR → DEL,11:30,14:20,2h 50m,non-stop,No info,4668
Jet Airways,1/05/2019,Delhi,Cochin,DEL → JAI → BOM → COK,09:40,12:35 02 May,26h 55m,2 stops,No info,15129
IndiGo,6/05/2019,Chennai,Kolkata,MAA → CCU,13:15,15:35,2h 20m,non-stop,No info,3597
Jet Airways,27/06/2019,Delhi,Cochin,DEL → AMD → BOM → COK,23:05,19:00 28 Jun,19h 55m,2 stops,No info,12819
IndiGo,6/06/2019,Kolkata,Banglore,CCU → BLR,11:30,14:05,2h 35m,non-stop,No info,5224
Multiple carriers,27/03/2019,Delhi,Cochin,DEL → HYD → COK,07:10,22:20,15h 10m,1 stop,No info,6145
Jet Airways,18/05/2019,Delhi,Cochin,DEL → BOM → COK,15:00,12:35 19 May,21h 35m,1 stop,In-flight meal not included,12373
Air Asia,21/03/2019,Kolkata,Banglore,CCU → BLR,22:50,01:20 22 Mar,2h 30m,non-stop,No info,3782
Air India,15/06/2019,Delhi,Cochin,DEL → GOI → BOM → COK,22:00,19:15 16 Jun,21h 15m,2 stops,No info,10441
Multiple carriers,27/03/2019,Delhi,Cochin,DEL → BOM → COK,07:05,13:20,6h 15m,1 stop,No info,12537
Multiple carriers,6/06/2019,Delhi,Cochin,DEL → BOM → COK,10:20,21:00,10h 40m,1 stop,No info,7005
Jet Airways,18/05/2019,Kolkata,Banglore,CCU → BOM → BLR,05:45,08:15 19 May,26h 30m,1 stop,No info,13941
Multiple carriers,6/06/2019,Delhi,Cochin,DEL → HYD → COK,09:45,22:30,12h 45m,1 stop,No info,9646
Jet Airways,21/03/2019,Delhi,Cochin,DEL → BDQ → BOM → COK,10:45,18:50,8h 5m,2 stops,No info,11360
IndiGo,6/03/2019,Delhi,Cochin,DEL → BOM → COK,06:40,13:20,6h 40m,1 stop,No info,14871
Jet Airways,12/05/2019,Kolkata,Banglore,CCU → DEL → BLR,20:25,23:35 13 May,27h 10m,1 stop,In-flight meal not included,8066
Jet Airways,1/05/2019,Kolkata,Banglore,CCU → BOM → BLR,08:25,04:40 02 May,20h 15m,1 stop,No info,13941
GoAir,27/04/2019,Delhi,Cochin,DEL → BOM → COK,10:35,19:35,9h,1 stop,No info,6922
Jet Airways,9/04/2019,Banglore,Delhi,BLR → DEL,17:45,20:45,3h,non-stop,In-flight meal not included,4544
Multiple carriers,3/06/2019,Delhi,Cochin,DEL → BOM → COK,07:00,19:00,12h,1 stop,No info,12402
IndiGo,24/06/2019,Delhi,Cochin,DEL → BOM → COK,09:15,01:30 25 Jun,16h 15m,1 stop,No info,6628
IndiGo,18/05/2019,Banglore,Delhi,BLR → DEL,22:10,01:00 19 May,2h 50m,non-stop,No info,3943
Air India,24/06/2019,Delhi,Cochin,DEL → JAI → BOM → COK,18:45,19:15 25 Jun,24h 30m,2 stops,No info,11732
Jet Airways,12/06/2019,Kolkata,Banglore,CCU → BOM → BLR,14:05,20:45,6h 40m,1 stop,In-flight meal not included,9899
Air India,6/03/2019,Delhi,Cochin,DEL → BOM → COK,09:00,19:15,10h 15m,1 stop,No info,15284
IndiGo,15/03/2019,Mumbai,Hyderabad,BOM → HYD,16:55,18:25,1h 30m,non-stop,No info,3175
Air Asia,27/03/2019,Delhi,Cochin,DEL → BLR → COK,07:55,13:10,5h 15m,1 stop,No info,6151
Jet Airways,15/03/2019,Banglore,New Delhi,BLR → BOM → DEL,08:00,18:25,10h 25m,1 stop,In-flight meal not included,9134
IndiGo,18/05/2019,Delhi,Cochin,DEL → HYD → COK,16:10,22:30,6h 20m,1 stop,No info,7640
IndiGo,27/04/2019,Banglore,Delhi,BLR → DEL,16:55,19:55,3h,non-stop,No info,4823
Multiple carriers,24/06/2019,Delhi,Cochin,DEL → BOM → COK,10:20,19:15,8h 55m,1 stop,In-flight meal not included,7268
Air India,27/06/2019,Delhi,Cochin,DEL → HYD → BOM → COK,13:15,07:40 28 Jun,18h 25m,2 stops,No info,13547
Jet Airways Business,3/03/2019,Delhi,Cochin,DEL → ATQ → BOM → COK,20:05,04:25 04 Mar,8h 20m,2 stops,No info,46490
SpiceJet,12/03/2019,Chennai,Kolkata,MAA → CCU,17:45,20:05,2h 20m,non-stop,No info,6300
Multiple carriers,1/06/2019,Delhi,Cochin,DEL → BOM → COK,18:00,01:30 02 Jun,7h 30m,1 stop,No info,7933
IndiGo,27/06/2019,Kolkata,Banglore,CCU → BLR,21:25,00:05 28 Jun,2h 40m,non-stop,No info,4804
IndiGo,3/04/2019,Banglore,Delhi,BLR → DEL,18:25,21:20,2h 55m,non-stop,No info,4823
Jet Airways,24/03/2019,Kolkata,Banglore,CCU → BOM → BLR,08:25,20:40,12h 15m,1 stop,In-flight meal not included,11134
Jet Airways,24/03/2019,Kolkata,Banglore,CCU → BOM → BLR,21:10,20:40 25 Mar,23h 30m,1 stop,No info,13759
Jet Airways,21/05/2019,Kolkata,Banglore,CCU → BOM → BLR,21:10,04:40 22 May,7h 30m,1 stop,No info,13941
IndiGo,15/06/2019,Banglore,Delhi,BLR → DEL,18:25,21:20,2h 55m,non-stop,No info,4823
IndiGo,27/04/2019,Banglore,Delhi,BLR → DEL,01:30,04:15,2h 45m,non-stop,No info,4591
Jet Airways,21/03/2019,Delhi,Cochin,DEL → BDQ → BOM → COK,18:25,18:50 22 Mar,24h 25m,2 stops,No info,12347
Jet Airways,9/05/2019,Kolkata,Banglore,CCU → BOM → BLR,06:30,12:00,5h 30m,1 stop,In-flight meal not included,9663
IndiGo,21/05/2019,Banglore,Delhi,BLR → DEL,08:30,11:20,2h 50m,non-stop,No info,4823
Jet Airways,27/05/2019,Delhi,Cochin,DEL → BOM → COK,02:15,12:35,10h 20m,1 stop,No info,16376
IndiGo,18/05/2019,Kolkata,Banglore,CCU → PAT → BLR,09:20,14:15,4h 55m,1 stop,No info,12198
Jet Airways,3/06/2019,Delhi,Cochin,DEL → BOM → COK,20:55,04:25 04 Jun,7h 30m,1 stop,No info,14714
IndiGo,18/04/2019,Banglore,Delhi,BLR → DEL,16:55,19:55,3h,non-stop,No info,4990
Jet Airways,21/03/2019,Mumbai,Hyderabad,BOM → HYD,19:35,21:05,1h 30m,non-stop,In-flight meal not included,2228
Multiple carriers,21/05/2019,Delhi,Cochin,DEL → BOM → COK,12:50,01:30 22 May,12h 40m,1 stop,No info,7485
SpiceJet,24/03/2019,Banglore,New Delhi,BLR → DEL,09:35,12:30,2h 55m,non-stop,No info,4377
Air India,9/05/2019,Delhi,Cochin,DEL → BLR → COK,06:10,23:00,16h 50m,1 stop,No info,7174
Jet Airways,12/05/2019,Kolkata,Banglore,CCU → BOM → BLR,21:10,04:40 13 May,7h 30m,1 stop,In-flight meal not included,8586
IndiGo,24/06/2019,Banglore,Delhi,BLR → DEL,16:55,19:55,3h,non-stop,No info,4823
IndiGo,1/04/2019,Delhi,Cochin,DEL → MAA → COK,02:00,07:25,5h 25m,1 stop,No info,5164
Jet Airways,24/03/2019,Kolkata,Banglore,CCU → BOM → BLR,16:55,16:20 25 Mar,23h 25m,1 stop,In-flight meal not included,11134
Air India,3/04/2019,Kolkata,Banglore,CCU → BLR,20:45,23:20,2h 35m,non-stop,No info,4460
IndiGo,1/04/2019,Mumbai,Hyderabad,BOM → HYD,20:05,21:40,1h 35m,non-stop,No info,2227
SpiceJet,6/05/2019,Chennai,Kolkata,MAA → CCU,08:20,10:35,2h 15m,non-stop,No info,3911
Air India,24/03/2019,Kolkata,Banglore,CCU → IXB → DEL → BLR,13:55,23:15 25 Mar,33h 20m,2 stops,No info,15292
Air India,6/03/2019,Delhi,Cochin,DEL → BOM → COK,10:00,19:15,9h 15m,1 stop,No info,16439
Jet Airways,3/06/2019,Delhi,Cochin,DEL → BOM → COK,19:45,12:35 04 Jun,16h 50m,1 stop,In-flight meal not included,10262
Multiple carriers,21/05/2019,Delhi,Cochin,DEL → BOM → COK,08:45,21:00,12h 15m,1 stop,No info,7485
Air India,6/06/2019,Kolkata,Banglore,CCU → VNS → DEL → BLR,14:30,08:55 07 Jun,18h 25m,2 stops,No info,15107
IndiGo,6/06/2019,Kolkata,Banglore,CCU → BLR,09:35,12:10,2h 35m,non-stop,No info,4804
Jet Airways,18/06/2019,Banglore,Delhi,BLR → DEL,17:45,20:45,3h,non-stop,No info,8016
IndiGo,6/04/2019,Kolkata,Banglore,CCU → BLR,20:20,22:55,2h 35m,non-stop,No info,4174
GoAir,6/06/2019,Delhi,Cochin,DEL → BOM → COK,14:25,19:35,5h 10m,1 stop,No info,7870
Vistara,18/04/2019,Banglore,Delhi,BLR → DEL,21:00,23:50,2h 50m,non-stop,No info,5613
Jet Airways,3/03/2019,Delhi,Cochin,DEL → BOM → COK,23:05,18:50 04 Mar,19h 45m,1 stop,No info,18253
Jet Airways,6/05/2019,Mumbai,Hyderabad,BOM → HYD,02:55,04:20,1h 25m,non-stop,No info,5678
Multiple carriers,24/06/2019,Delhi,Cochin,DEL → BOM → COK,07:05,19:15,12h 10m,1 stop,No info,15058
IndiGo,15/05/2019,Delhi,Cochin,DEL → HYD → COK,06:50,12:10,5h 20m,1 stop,No info,5298
Jet Airways,12/03/2019,Banglore,New Delhi,BLR → BOM → DEL,22:55,16:10 13 Mar,17h 15m,1 stop,No info,13817
Air Asia,15/06/2019,Kolkata,Banglore,CCU → BLR,22:50,01:20 16 Jun,2h 30m,non-stop,No info,3807
IndiGo,6/03/2019,Delhi,Cochin,DEL → BOM → COK,08:25,15:30,7h 5m,1 stop,No info,14871
GoAir,3/04/2019,Delhi,Cochin,DEL → BOM → COK,07:00,12:55,5h 55m,1 stop,No info,4725
SpiceJet,18/05/2019,Banglore,Delhi,BLR → DEL,05:55,08:35,2h 40m,non-stop,No info,3625
Jet Airways,27/05/2019,Delhi,Cochin,DEL → JAI → BOM → COK,19:30,04:25 28 May,8h 55m,2 stops,No info,15129
IndiGo,9/05/2019,Banglore,Delhi,BLR → DEL,08:30,11:20,2h 50m,non-stop,No info,4823
Air India,21/05/2019,Banglore,Delhi,BLR → DEL,21:05,23:55,2h 50m,non-stop,No info,5228
SpiceJet,21/05/2019,Kolkata,Banglore,CCU → BLR,06:55,09:30,2h 35m,non-stop,No check-in baggage included,3841
Multiple carriers,9/03/2019,Delhi,Cochin,DEL → BOM → COK,06:00,19:15,13h 15m,1 stop,No info,14408
GoAir,12/06/2019,Delhi,Cochin,DEL → BOM → COK,14:25,19:35,5h 10m,1 stop,No info,7870
Vistara,6/03/2019,Mumbai,Hyderabad,BOM → DEL → HYD,11:55,22:55,11h,1 stop,No info,12395
Air India,3/05/2019,Mumbai,Hyderabad,BOM → HYD,21:05,22:25,1h 20m,non-stop,No info,3100
IndiGo,21/04/2019,Delhi,Cochin,DEL → MAA → COK,02:00,07:25,5h 25m,1 stop,No info,5636
Jet Airways,6/06/2019,Delhi,Cochin,DEL → BOM → COK,13:00,19:00,6h,1 stop,No info,14714
Jet Airways,9/05/2019,Kolkata,Banglore,CCU → DEL → BLR,20:25,10:55 10 May,14h 30m,1 stop,In-flight meal not included,8066
IndiGo,24/03/2019,Banglore,New Delhi,BLR → DEL,13:00,15:50,2h 50m,non-stop,No info,5694
IndiGo,27/03/2019,Delhi,Cochin,DEL → HYD → COK,07:35,16:10,8h 35m,1 stop,No info,6442
Air India,24/06/2019,Delhi,Cochin,DEL → BLR → COK,13:30,23:00,9h 30m,1 stop,No info,8907
SpiceJet,6/05/2019,Kolkata,Banglore,CCU → BLR,22:20,00:40 07 May,2h 20m,non-stop,No info,3873
Air India,18/06/2019,Banglore,Delhi,BLR → DEL,21:05,23:55,2h 50m,non-stop,No info,5228
Air India,24/03/2019,Kolkata,Banglore,CCU → BBI → IXR → DEL → BLR,12:00,23:15 25 Mar,35h 15m,3 stops,No info,14221
Multiple carriers,15/06/2019,Delhi,Cochin,DEL → BOM → COK,07:05,21:00,13h 55m,1 stop,No info,13587
Jet Airways,21/05/2019,Delhi,Cochin,DEL → BOM → COK,22:50,19:00 22 May,20h 10m,1 stop,In-flight meal not included,12898
Jet Airways,12/06/2019,Kolkata,Banglore,CCU → DEL → BLR,20:25,18:00 13 Jun,21h 35m,1 stop,No info,12692
Air Asia,1/04/2019,Kolkata,Banglore,CCU → BLR,22:50,01:20 02 Apr,2h 30m,non-stop,No info,4107
Vistara,15/03/2019,Delhi,Cochin,DEL → COK,14:55,17:50,2h 55m,non-stop,No info,6688
Jet Airways,18/05/2019,Kolkata,Banglore,CCU → BOM → BLR,16:30,08:15 19 May,15h 45m,1 stop,In-flight meal not included,8586
Vistara,03/03/2019,Banglore,New Delhi,BLR → AMD → DEL,06:40,10:25 07 Mar,27h 45m,1 stop,No info,12476
SpiceJet,12/05/2019,Mumbai,Hyderabad,BOM → HYD,05:45,07:15,1h 30m,non-stop,No check-in baggage included,1965
Jet Airways,3/06/2019,Delhi,Cochin,DEL → JDH → BOM → COK,11:40,19:00,7h 20m,2 stops,In-flight meal not included,15812
Jet Airways,1/06/2019,Delhi,Cochin,DEL → JDH → BOM → COK,11:40,19:00,7h 20m,2 stops,In-flight meal not included,15812
Jet Airways,1/06/2019,Delhi,Cochin,DEL → BOM → COK,02:15,19:00,16h 45m,1 stop,In-flight meal not included,10262
IndiGo,27/03/2019,Chennai,Kolkata,MAA → CCU,13:20,15:35,2h 15m,non-stop,No info,3384
Vistara,12/05/2019,Banglore,Delhi,BLR → DEL,09:45,12:35,2h 50m,non-stop,No info,4668
IndiGo,1/06/2019,Chennai,Kolkata,MAA → CCU,11:35,14:00,2h 25m,non-stop,No info,3858
Jet Airways,12/04/2019,Banglore,Delhi,BLR → DEL,18:55,22:00,3h 5m,non-stop,No info,7229
Jet Airways,1/04/2019,Kolkata,Banglore,CCU → DEL → BLR,09:35,21:05,11h 30m,1 stop,In-flight meal not included,8066
SpiceJet,24/04/2019,Banglore,Delhi,BLR → DEL,05:55,08:35,2h 40m,non-stop,No info,3971
Jet Airways,12/06/2019,Delhi,Cochin,DEL → BOM → COK,22:50,04:25 13 Jun,5h 35m,1 stop,In-flight meal not included,10262
Air Asia,09/03/2019,Banglore,New Delhi,BLR → DEL,05:50,08:40,2h 50m,non-stop,No info,7652
Jet Airways,24/03/2019,Banglore,New Delhi,BLR → DEL,08:20,11:15,2h 55m,non-stop,No info,7229
Jet Airways,9/05/2019,Delhi,Cochin,DEL → BOM → COK,20:55,19:00 10 May,22h 5m,1 stop,In-flight meal not included,12373
SpiceJet,03/03/2019,Banglore,New Delhi,BLR → DEL,20:30,23:20,2h 50m,non-stop,No info,6860
Jet Airways,18/05/2019,Mumbai,Hyderabad,BOM → HYD,07:05,08:30,1h 25m,non-stop,No info,5678
Multiple carriers,1/06/2019,Delhi,Cochin,DEL → BOM → COK,11:40,19:00,7h 20m,1 stop,No info,12524
Jet Airways,9/06/2019,Delhi,Cochin,DEL → BOM → COK,17:30,19:00 10 Jun,25h 30m,1 stop,In-flight meal not included,10262
IndiGo,1/05/2019,Chennai,Kolkata,MAA → CCU,11:35,14:00,2h 25m,non-stop,No info,4332
Multiple carriers,15/05/2019,Delhi,Cochin,DEL → BOM → COK,06:00,19:15,13h 15m,1 stop,No info,8266
Jet Airways,24/06/2019,Delhi,Cochin,DEL → BHO → BOM → COK,05:30,12:35,7h 5m,2 stops,No info,14441
SpiceJet,18/05/2019,Delhi,Cochin,DEL → MAA → COK,15:45,22:05,6h 20m,1 stop,No info,7317
SpiceJet,18/06/2019,Kolkata,Banglore,CCU → BLR,09:00,11:25,2h 25m,non-stop,No check-in baggage included,3841
IndiGo,3/03/2019,Delhi,Cochin,DEL → BOM → COK,07:30,15:30,8h,1 stop,No info,14871
Jet Airways,21/05/2019,Delhi,Cochin,DEL → BOM → COK,19:45,19:00 22 May,23h 15m,1 stop,In-flight meal not included,12898
IndiGo,24/06/2019,Delhi,Cochin,DEL → HYD → COK,07:35,12:10,4h 35m,1 stop,No info,5054
Air India,9/06/2019,Banglore,Delhi,BLR → DEL,21:05,23:55,2h 50m,non-stop,No info,5228
Air India,9/06/2019,Delhi,Cochin,DEL → MAA → COK,06:05,09:25 10 Jun,27h 20m,1 stop,No info,7690
Air India,27/03/2019,Delhi,Cochin,DEL → MAA → COK,09:45,09:25 28 Mar,23h 40m,1 stop,No info,5957
SpiceJet,27/06/2019,Chennai,Kolkata,MAA → CCU,17:45,20:05,2h 20m,non-stop,No info,3597
Air India,27/03/2019,Delhi,Cochin,DEL → JAI → BOM → COK,12:00,19:15,7h 15m,2 stops,No info,10493
Jet Airways,3/06/2019,Banglore,Delhi,BLR → DEL,08:20,11:20,3h,non-stop,In-flight meal not included,5769
Jet Airways,15/04/2019,Banglore,Delhi,BLR → DEL,17:45,20:45,3h,non-stop,In-flight meal not included,4544
Jet Airways,24/06/2019,Delhi,Cochin,DEL → AMD → BOM → COK,23:05,04:25 26 Jun,29h 20m,2 stops,No info,12819
Jet Airways,9/03/2019,Mumbai,Hyderabad,BOM → HYD,19:40,21:10,1h 30m,non-stop,No info,5678
Jet Airways,1/06/2019,Delhi,Cochin,DEL → BOM → COK,14:00,04:25 02 Jun,14h 25m,1 stop,In-flight meal not included,10262
Multiple carriers,3/03/2019,Delhi,Cochin,DEL → BOM → COK,08:55,18:50,9h 55m,1 stop,No info,15411
IndiGo,18/03/2019,Kolkata,Banglore,CCU → BLR,17:15,19:55,2h 40m,non-stop,No info,4462
Air India,15/03/2019,Chennai,Kolkata,MAA → CCU,11:40,13:55,2h 15m,non-stop,No info,7082
Jet Airways,09/03/2019,Banglore,New Delhi,BLR → DEL,18:20,21:00,2h 40m,non-stop,No info,8016
Vistara,18/06/2019,Delhi,Cochin,DEL → COK,06:00,09:10,3h 10m,non-stop,No info,6216
Jet Airways,15/06/2019,Banglore,Delhi,BLR → DEL,11:10,14:05,2h 55m,non-stop,In-flight meal not included,7229
SpiceJet,3/05/2019,Chennai,Kolkata,MAA → CCU,17:45,20:05,2h 20m,non-stop,No check-in baggage included,3543
IndiGo,3/05/2019,Mumbai,Hyderabad,BOM → HYD,21:20,22:50,1h 30m,non-stop,No info,2437
Jet Airways,21/05/2019,Kolkata,Banglore,CCU → BOM → BLR,20:00,12:00 22 May,16h,1 stop,No info,14781
IndiGo,6/03/2019,Chennai,Kolkata,MAA → CCU,19:35,21:55,2h 20m,non-stop,No info,7295
Jet Airways,27/06/2019,Delhi,Cochin,DEL → AMD → BOM → COK,13:25,12:35 28 Jun,23h 10m,2 stops,In-flight meal not included,11150
Air India,21/05/2019,Delhi,Cochin,DEL → MAA → COK,06:05,09:25 22 May,27h 20m,1 stop,No info,7480
Air India,1/06/2019,Delhi,Cochin,DEL → TRV → COK,05:15,06:50 02 Jun,25h 35m,1 stop,No info,7480
Jet Airways,24/06/2019,Delhi,Cochin,DEL → BOM → COK,10:00,19:00,9h,1 stop,In-flight meal not included,10262
Multiple carriers,24/06/2019,Delhi,Cochin,DEL → BOM → COK,07:30,21:00,13h 30m,1 stop,No info,7740
IndiGo,21/05/2019,Delhi,Cochin,DEL → HYD → COK,11:55,18:10,6h 15m,1 stop,No info,6442
Air India,6/04/2019,Delhi,Cochin,DEL → BLR → COK,06:10,23:00,16h 50m,1 stop,No info,5022
Jet Airways,24/06/2019,Delhi,Cochin,DEL → BOM → COK,18:15,12:35 25 Jun,18h 20m,1 stop,In-flight meal not included,10262
Multiple carriers,27/05/2019,Delhi,Cochin,DEL → BOM → COK,06:40,19:00,12h 20m,1 stop,No info,9315
Air Asia,6/03/2019,Delhi,Cochin,DEL → BLR → COK,20:10,07:10 07 Mar,11h,1 stop,No info,8627
Jet Airways,9/05/2019,Banglore,Delhi,BLR → DEL,11:10,14:05,2h 55m,non-stop,No info,7229
Air Asia,12/05/2019,Kolkata,Banglore,CCU → BBI → BLR,06:50,10:30,3h 40m,1 stop,No info,5162
Jet Airways,9/05/2019,Banglore,Delhi,BLR → DEL,15:15,18:10,2h 55m,non-stop,In-flight meal not included,4544
Jet Airways,12/05/2019,Kolkata,Banglore,CCU → BOM → BLR,21:10,08:15 13 May,11h 5m,1 stop,In-flight meal not included,8586
Vistara,9/06/2019,Kolkata,Banglore,CCU → DEL → BLR,20:20,20:20 10 Jun,24h,1 stop,No info,8085
Jet Airways,6/05/2019,Kolkata,Banglore,CCU → BOM → BLR,06:30,10:05 07 May,27h 35m,1 stop,In-flight meal not included,8586
Vistara Premium economy,1/03/2019,Chennai,Kolkata,MAA → CCU,07:05,09:20,2h 15m,non-stop,No info,9125
SpiceJet,27/03/2019,Delhi,Cochin,DEL → PNQ → COK,08:45,13:15,4h 30m,1 stop,No info,4466
Jet Airways,21/03/2019,Delhi,Cochin,DEL → MAA → BOM → COK,16:10,18:50 22 Mar,26h 40m,2 stops,In-flight meal not included,8728
IndiGo,24/04/2019,Banglore,Delhi,BLR → DEL,16:55,19:55,3h,non-stop,No info,4823
Vistara,24/03/2019,Kolkata,Banglore,CCU → DEL → BLR,07:10,22:55,15h 45m,1 stop,No info,12732
IndiGo,6/05/2019,Delhi,Cochin,DEL → BOM → COK,18:35,01:30 07 May,6h 55m,1 stop,No info,7191
Jet Airways,12/06/2019,Kolkata,Banglore,CCU → BOM → BLR,06:30,12:00,5h 30m,1 stop,No info,13626
Multiple carriers,21/05/2019,Delhi,Cochin,DEL → HYD → COK,14:55,00:55 22 May,10h,1 stop,No info,6878
Multiple carriers,6/06/2019,Delhi,Cochin,DEL → BOM → COK,06:00,21:00,15h,1 stop,No info,7005
Air Asia,9/03/2019,Kolkata,Banglore,CCU → BLR,10:20,12:55,2h 35m,non-stop,No info,4384
IndiGo,15/05/2019,Kolkata,Banglore,CCU → BBI → BLR,07:10,12:40,5h 30m,1 stop,No info,4864
Jet Airways,12/06/2019,Kolkata,Banglore,CCU → BOM → BLR,06:30,04:40 13 Jun,22h 10m,1 stop,No info,12739
Air India,21/06/2019,Banglore,Delhi,BLR → DEL,06:10,08:55,2h 45m,non-stop,No info,6961
Air Asia,12/05/2019,Kolkata,Banglore,CCU → DEL → BLR,07:35,23:30,15h 55m,1 stop,No info,5320
IndiGo,24/05/2019,Mumbai,Hyderabad,BOM → HYD,02:35,04:05,1h 30m,non-stop,No info,3342
Jet Airways,3/06/2019,Delhi,Cochin,DEL → BOM → COK,18:15,12:35 04 Jun,18h 20m,1 stop,In-flight meal not included,10262
Jet Airways,1/05/2019,Banglore,Delhi,BLR → DEL,11:10,14:05,2h 55m,non-stop,No info,7229
Multiple carriers,27/05/2019,Delhi,Cochin,DEL → BOM → COK,11:30,01:30 28 May,14h,1 stop,No info,13377
Air Asia,9/06/2019,Kolkata,Banglore,CCU → BLR,19:55,22:25,2h 30m,non-stop,No info,4409
IndiGo,6/05/2019,Mumbai,Hyderabad,BOM → HYD,21:20,22:50,1h 30m,non-stop,No info,2227
GoAir,9/05/2019,Kolkata,Banglore,CCU → AMD → BLR,16:40,00:15 10 May,7h 35m,1 stop,No info,8777
Jet Airways,12/06/2019,Kolkata,Banglore,CCU → BOM → BLR,16:30,22:35,6h 5m,1 stop,In-flight meal not included,9899
Jet Airways,12/06/2019,Kolkata,Banglore,CCU → BOM → BLR,06:30,19:50,13h 20m,1 stop,In-flight meal not included,9899
IndiGo,24/06/2019,Chennai,Kolkata,MAA → CCU,13:15,15:35,2h 20m,non-stop,No info,3597
Jet Airways,18/05/2019,Delhi,Cochin,DEL → JAI → BOM → COK,05:30,19:00,13h 30m,2 stops,No info,15129
Multiple carriers,12/06/2019,Delhi,Cochin,DEL → BOM → COK,10:00,01:30 13 Jun,15h 30m,1 stop,No info,7198
IndiGo,9/06/2019,Delhi,Cochin,DEL → BOM → COK,06:40,21:00,14h 20m,1 stop,No info,6093
Air India,6/06/2019,Kolkata,Banglore,CCU → IXR → DEL → BLR,05:50,20:25,14h 35m,2 stops,No info,10991
Jet Airways,01/03/2019,Banglore,New Delhi,BLR → BOM → DEL,07:00,18:25,11h 25m,1 stop,No info,26890
Jet Airways,6/05/2019,Kolkata,Banglore,CCU → BOM → BLR,20:00,04:40 07 May,8h 40m,1 stop,In-flight meal not included,9663
SpiceJet,1/06/2019,Banglore,Delhi,BLR → DEL,09:30,12:20,2h 50m,non-stop,No info,3971
Jet Airways,18/05/2019,Kolkata,Banglore,CCU → BOM → BLR,20:00,09:20 19 May,13h 20m,1 stop,No info,14781
IndiGo,1/05/2019,Banglore,Delhi,BLR → DEL,10:10,13:00,2h 50m,non-stop,No info,3943
Jet Airways,9/05/2019,Delhi,Cochin,DEL → JAI → BOM → COK,09:40,19:00,9h 20m,2 stops,In-flight meal not included,13029
Jet Airways,21/05/2019,Kolkata,Banglore,CCU → DEL → BLR,20:25,14:25 22 May,18h,1 stop,No info,11467
Jet Airways,6/03/2019,Delhi,Cochin,DEL → BOM → COK,09:55,04:25 07 Mar,18h 30m,1 stop,No info,15764
Air Asia,18/03/2019,Kolkata,Banglore,CCU → BLR,19:35,22:05,2h 30m,non-stop,No info,4384
Air India,27/06/2019,Delhi,Cochin,DEL → TRV → COK,05:15,06:50 28 Jun,25h 35m,1 stop,No info,6587
Vistara,9/05/2019,Kolkata,Banglore,CCU → DEL → BLR,07:10,09:05 10 May,25h 55m,1 stop,No info,9187
Air India,9/04/2019,Delhi,Cochin,DEL → CCU → BOM → COK,20:15,19:15 10 Apr,23h,2 stops,No info,9916
Air India,12/06/2019,Delhi,Cochin,DEL → CCU → BOM → COK,16:55,19:15 13 Jun,26h 20m,2 stops,No info,13381
IndiGo,6/05/2019,Banglore,Delhi,BLR → DEL,01:30,04:15,2h 45m,non-stop,No info,4284
Air India,1/04/2019,Kolkata,Banglore,CCU → IXR → DEL → BLR,05:50,23:15,17h 25m,2 stops,No info,11516
Air India,1/04/2019,Kolkata,Banglore,CCU → HYD → BLR,19:00,04:40 02 Apr,9h 40m,1 stop,No info,4227
Air India,9/04/2019,Banglore,Delhi,BLR → DEL,21:05,23:55,2h 50m,non-stop,No info,4441
Air India,06/03/2019,Banglore,New Delhi,BLR → BOM → DEL,06:45,12:15,5h 30m,1 stop,No info,13912
Jet Airways,27/05/2019,Mumbai,Hyderabad,BOM → HYD,07:05,08:30,1h 25m,non-stop,In-flight meal not included,4995
Vistara,21/05/2019,Kolkata,Banglore,CCU → DEL → BLR,20:20,23:25 22 May,27h 5m,1 stop,No info,9345
Jet Airways,6/06/2019,Delhi,Cochin,DEL → BOM → COK,13:00,04:25 07 Jun,15h 25m,1 stop,No info,14714
Jet Airways,15/04/2019,Banglore,Delhi,BLR → DEL,18:55,22:00,3h 5m,non-stop,In-flight meal not included,4544
Air India,24/06/2019,Banglore,Delhi,BLR → DEL,06:10,08:55,2h 45m,non-stop,No info,6961
SpiceJet,24/03/2019,Chennai,Kolkata,MAA → CCU,17:45,20:05,2h 20m,non-stop,No info,5418
IndiGo,18/05/2019,Banglore,Delhi,BLR → DEL,16:55,19:55,3h,non-stop,No info,4823
Jet Airways,01/03/2019,Banglore,New Delhi,BLR → BOM → DEL,14:05,00:45 02 Mar,10h 40m,1 stop,No info,26890
Jet Airways,12/05/2019,Kolkata,Banglore,CCU → DEL → BLR,09:35,18:00,8h 25m,1 stop,No info,14151
Air India,12/06/2019,Kolkata,Banglore,CCU → BOM → BLR,09:25,18:30,9h 5m,1 stop,No info,8366
Air India,6/05/2019,Kolkata,Banglore,CCU → DEL → COK → TRV → BLR,07:00,10:30 07 May,27h 30m,3 stops,No info,13007
Jet Airways,24/06/2019,Delhi,Cochin,DEL → JAI → BOM → COK,09:40,12:35 25 Jun,26h 55m,2 stops,In-flight meal not included,10368
Jet Airways,18/05/2019,Delhi,Cochin,DEL → JDH → BOM → COK,11:40,19:00,7h 20m,2 stops,In-flight meal not included,19644
Air India,1/05/2019,Kolkata,Banglore,CCU → MAA → BLR,14:35,14:35 02 May,24h,1 stop,No info,7001
Jet Airways,21/05/2019,Kolkata,Banglore,CCU → BOM → BLR,06:30,19:50,13h 20m,1 stop,In-flight meal not included,10844
IndiGo,27/03/2019,Delhi,Cochin,DEL → HYD → MAA → COK,04:55,21:20,16h 25m,2 stops,No info,6223
Jet Airways,18/05/2019,Kolkata,Banglore,CCU → BOM → BLR,14:05,10:05 19 May,20h,1 stop,No info,14388
IndiGo,1/06/2019,Delhi,Cochin,DEL → BOM → COK,16:00,21:00,5h,1 stop,No info,6593
Multiple carriers,1/06/2019,Delhi,Cochin,DEL → HYD → COK,07:10,16:10,9h,1 stop,No info,7038
Jet Airways,24/03/2019,Banglore,New Delhi,BLR → DEL,18:55,21:55,3h,non-stop,No info,7229
IndiGo,21/06/2019,Banglore,Delhi,BLR → DEL,23:30,02:20 22 Jun,2h 50m,non-stop,No info,4077
Air India,12/06/2019,Kolkata,Banglore,CCU → BOM → COK → BLR,16:50,13:45 13 Jun,20h 55m,2 stops,No info,11542
Jet Airways,24/06/2019,Delhi,Cochin,DEL → JAI → BOM → COK,09:40,04:25 25 Jun,18h 45m,2 stops,In-flight meal not included,10368
Jet Airways,9/03/2019,Delhi,Cochin,DEL → BOM → COK,17:25,18:50 10 Mar,25h 25m,1 stop,In-flight meal not included,14053
Jet Airways,6/06/2019,Kolkata,Banglore,CCU → BOM → BLR,08:25,16:20,7h 55m,1 stop,No info,14571
IndiGo,27/06/2019,Delhi,Cochin,DEL → BOM → COK,20:25,01:30 28 Jun,5h 5m,1 stop,No info,5054
IndiGo,27/05/2019,Delhi,Cochin,DEL → BLR → COK,15:10,20:00,4h 50m,1 stop,No info,5912
IndiGo,9/06/2019,Chennai,Kolkata,MAA → CCU,13:15,15:35,2h 20m,non-stop,No info,3597
Jet Airways,24/03/2019,Kolkata,Banglore,CCU → BOM → BLR,16:55,12:00 25 Mar,19h 5m,1 stop,No info,14231
IndiGo,9/05/2019,Delhi,Cochin,DEL → HYD → COK,08:35,22:30,13h 55m,1 stop,No info,6734
Jet Airways,24/03/2019,Kolkata,Banglore,CCU → BOM → BLR,13:55,22:35,8h 40m,1 stop,No info,14231
Air India,21/05/2019,Delhi,Cochin,DEL → BLR → COK,17:40,08:15 22 May,14h 35m,1 stop,No info,8151
Air India,6/05/2019,Kolkata,Banglore,CCU → BOM → COK → BLR,09:25,01:20 07 May,15h 55m,2 stops,No info,11458
Air India,24/03/2019,Banglore,New Delhi,BLR → DEL,06:10,08:55,2h 45m,non-stop,No info,4441
IndiGo,27/05/2019,Chennai,Kolkata,MAA → CCU,22:05,00:25 28 May,2h 20m,non-stop,No info,5277
Jet Airways,21/04/2019,Banglore,Delhi,BLR → DEL,17:45,20:45,3h,non-stop,No info,7229
Jet Airways,6/05/2019,Kolkata,Banglore,CCU → DEL → BLR,20:25,10:55 07 May,14h 30m,1 stop,No info,13067
Jet Airways,6/06/2019,Delhi,Cochin,DEL → BOM → COK,19:45,19:00 07 Jun,23h 15m,1 stop,In-flight meal not included,10262
Multiple carriers,9/05/2019,Delhi,Cochin,DEL → BOM → COK,10:35,19:00,8h 25m,1 stop,No info,9103
IndiGo,6/06/2019,Kolkata,Banglore,CCU → BLR,20:25,23:10,2h 45m,non-stop,No info,4804
IndiGo,03/03/2019,Banglore,New Delhi,BLR → DEL,07:10,10:05,2h 55m,non-stop,No info,6860
Air India,6/05/2019,Kolkata,Banglore,CCU → DEL → VGA → BLR,07:00,10:00 07 May,27h,2 stops,No info,14508
Jet Airways,18/05/2019,Kolkata,Banglore,CCU → BOM → BLR,18:55,19:50 19 May,24h 55m,1 stop,In-flight meal not included,10844
GoAir,9/04/2019,Delhi,Cochin,DEL → AMD → COK,07:25,13:20,5h 55m,1 stop,No info,4106
Jet Airways,3/05/2019,Banglore,Delhi,BLR → DEL,19:50,22:50,3h,non-stop,In-flight meal not included,6144
Jet Airways,21/03/2019,Delhi,Cochin,DEL → BOM → COK,07:05,18:50,11h 45m,1 stop,No info,12767
Air India,15/05/2019,Delhi,Cochin,DEL → HYD → MAA → COK,07:05,09:25 16 May,26h 20m,2 stops,No info,10975
Multiple carriers,15/06/2019,Delhi,Cochin,DEL → BOM → COK,07:00,19:00,12h,1 stop,No info,12192
Multiple carriers,9/06/2019,Delhi,Cochin,DEL → BOM → COK,02:15,11:30,9h 15m,1 stop,No info,13587
Jet Airways,9/06/2019,Delhi,Cochin,DEL → LKO → BOM → COK,11:45,12:35 10 Jun,24h 50m,2 stops,No info,13882
GoAir,24/06/2019,Delhi,Cochin,DEL → BOM → COK,14:25,19:35,5h 10m,1 stop,No info,7870
Jet Airways,24/05/2019,Kolkata,Banglore,CCU → BOM → BLR,08:25,20:45,12h 20m,1 stop,In-flight meal not included,10844
IndiGo,24/03/2019,Banglore,New Delhi,BLR → DEL,16:55,19:45,2h 50m,non-stop,No info,7303
Air India,9/06/2019,Kolkata,Banglore,CCU → BOM → GOI → BLR,09:25,05:35 10 Jun,20h 10m,2 stops,No info,11642
Air India,9/06/2019,Kolkata,Banglore,CCU → HYD → BLR,19:00,11:05 10 Jun,16h 5m,1 stop,No info,6327
Air India,27/03/2019,Delhi,Cochin,DEL → BLR → COK,09:45,08:15 28 Mar,22h 30m,1 stop,No info,7416
Multiple carriers,9/05/2019,Delhi,Cochin,DEL → BOM → COK,09:00,21:00,12h,1 stop,No info,13727
IndiGo,3/05/2019,Chennai,Kolkata,MAA → CCU,11:35,14:00,2h 25m,non-stop,No info,4332
Multiple carriers,27/05/2019,Delhi,Cochin,DEL → BOM → COK,18:15,01:30 28 May,7h 15m,1 stop,No info,13377
Multiple carriers,15/06/2019,Delhi,Cochin,DEL → HYD → COK,07:10,16:10,9h,1 stop,In-flight meal not included,6093
Multiple carriers,3/06/2019,Delhi,Cochin,DEL → BOM → COK,15:15,01:30 04 Jun,10h 15m,1 stop,No info,6795
Jet Airways,21/03/2019,Banglore,New Delhi,BLR → BOM → DEL,05:45,19:10,13h 25m,1 stop,In-flight meal not included,7832
SpiceJet,15/03/2019,Chennai,Kolkata,MAA → CCU,08:20,10:35,2h 15m,non-stop,No info,6300
SpiceJet,15/03/2019,Kolkata,Banglore,CCU → BLR,06:55,09:35,2h 40m,non-stop,No check-in baggage included,3815
Air India,3/04/2019,Banglore,Delhi,BLR → DEL,17:00,19:45,2h 45m,non-stop,No info,5176
Jet Airways,27/05/2019,Delhi,Cochin,DEL → BOM → COK,10:00,04:25 28 May,18h 25m,1 stop,In-flight meal not included,12898
Jet Airways,1/06/2019,Delhi,Cochin,DEL → BOM → COK,14:00,19:00,5h,1 stop,No info,14714
Jet Airways,15/05/2019,Kolkata,Banglore,CCU → BOM → BLR,06:30,18:15,11h 45m,1 stop,In-flight meal not included,10844
IndiGo,18/03/2019,Chennai,Kolkata,MAA → CCU,07:55,10:15,2h 20m,non-stop,No info,3850
Vistara,24/03/2019,Kolkata,Banglore,CCU → DEL → BLR,17:00,20:25 25 Mar,27h 25m,1 stop,No info,12102
Vistara,18/04/2019,Banglore,Delhi,BLR → DEL,19:30,22:15,2h 45m,non-stop,No info,5823
Air India,18/05/2019,Kolkata,Banglore,CCU → BBI → BOM → BLR,12:00,18:30 19 May,30h 30m,2 stops,No info,10361
Air India,12/06/2019,Delhi,Cochin,DEL → AMD → BOM → COK,05:00,07:40 13 Jun,26h 40m,2 stops,No info,10231
Jet Airways,15/06/2019,Delhi,Cochin,DEL → ATQ → BOM → COK,12:15,04:25 16 Jun,16h 10m,2 stops,No info,14300
Jet Airways,18/05/2019,Delhi,Cochin,DEL → JAI → BOM → COK,05:30,04:25 19 May,22h 55m,2 stops,No info,15129
SpiceJet,18/06/2019,Chennai,Kolkata,MAA → CCU,08:20,10:35,2h 15m,non-stop,No check-in baggage included,3543
Jet Airways,21/05/2019,Kolkata,Banglore,CCU → BOM → BLR,14:05,20:45,6h 40m,1 stop,In-flight meal not included,10844
IndiGo,15/03/2019,Banglore,New Delhi,BLR → DEL,10:10,13:00,2h 50m,non-stop,No info,6144
Jet Airways,27/03/2019,Delhi,Cochin,DEL → IXC → BOM → COK,06:20,19:45 28 Mar,37h 25m,2 stops,No info,12273
Jet Airways,12/06/2019,Kolkata,Banglore,CCU → BOM → BLR,16:30,23:35,7h 5m,1 stop,In-flight meal not included,9899
Multiple carriers,24/06/2019,Delhi,Cochin,DEL → BOM → COK,04:55,19:15,14h 20m,1 stop,No info,7155
Air India,24/05/2019,Kolkata,Banglore,CCU → GAU → DEL → BLR,09:50,23:15,13h 25m,2 stops,No info,15170
IndiGo,18/05/2019,Delhi,Cochin,DEL → BOM → COK,10:35,21:00,10h 25m,1 stop,No info,7503
Jet Airways,21/05/2019,Kolkata,Banglore,CCU → BOM → BLR,16:30,04:40 22 May,12h 10m,1 stop,In-flight meal not included,9663
IndiGo,12/06/2019,Delhi,Cochin,DEL → HYD → COK,14:20,22:30,8h 10m,1 stop,No info,6938
Air India,21/03/2019,Delhi,Cochin,DEL → COK,14:10,17:10,3h,non-stop,No info,5674
SpiceJet,24/03/2019,Kolkata,Banglore,CCU → BLR,22:20,00:40 25 Mar,2h 20m,non-stop,No check-in baggage included,5725
SpiceJet,12/04/2019,Banglore,Delhi,BLR → DEL,09:30,12:20,2h 50m,non-stop,No check-in baggage included,4885
Air India,09/03/2019,Banglore,New Delhi,BLR → VGA → DEL,10:30,11:20 13 Mar,24h 50m,1 stop,No info,10321
IndiGo,9/04/2019,Kolkata,Banglore,CCU → HYD → BLR,15:15,20:05,4h 50m,1 stop,No info,4268
IndiGo,12/05/2019,Kolkata,Banglore,CCU → PNQ → BLR,21:00,02:15 13 May,5h 15m,1 stop,No info,7228
Jet Airways,9/06/2019,Delhi,Cochin,DEL → JDH → BOM → COK,11:40,19:00,7h 20m,2 stops,In-flight meal not included,15812
Air India,6/05/2019,Kolkata,Banglore,CCU → BBI → HYD → BLR,09:10,04:40 07 May,19h 30m,2 stops,No info,6117
Vistara,27/05/2019,Banglore,Delhi,BLR → DEL,09:45,12:35,2h 50m,non-stop,No info,4668
Jet Airways,12/03/2019,Banglore,New Delhi,BLR → BOM → DEL,21:25,07:40 13 Mar,10h 15m,1 stop,No info,11717
SpiceJet,18/03/2019,Kolkata,Banglore,CCU → BLR,06:55,09:35,2h 40m,non-stop,No check-in baggage included,4413
Vistara,1/04/2019,Kolkata,Banglore,CCU → DEL → BLR,07:10,23:25,16h 15m,1 stop,No info,7927
Jet Airways,1/05/2019,Banglore,Delhi,BLR → DEL,18:55,22:00,3h 5m,non-stop,No info,7229
Jet Airways,1/06/2019,Delhi,Cochin,DEL → BOM → COK,19:15,12:35 02 Jun,17h 20m,1 stop,In-flight meal not included,10262
Multiple carriers,18/05/2019,Delhi,Cochin,DEL → BOM → COK,12:50,21:00,8h 10m,1 stop,No info,7670
Air India,12/06/2019,Delhi,Cochin,DEL → MAA → COK,09:45,09:25 13 Jun,23h 40m,1 stop,No info,7480
Jet Airways,1/06/2019,Delhi,Cochin,DEL → BOM → COK,22:50,04:25 02 Jun,5h 35m,1 stop,In-flight meal not included,10262
Air India,12/06/2019,Kolkata,Banglore,CCU → BBI → HYD → BLR,09:10,04:40 13 Jun,19h 30m,2 stops,No info,6117
IndiGo,9/05/2019,Delhi,Cochin,DEL → BOM → COK,15:00,01:30 10 May,10h 30m,1 stop,No info,8330
Jet Airways,21/03/2019,Delhi,Cochin,DEL → IDR → BOM → COK,10:20,18:50 22 Mar,32h 30m,2 stops,In-flight meal not included,9254
SpiceJet,1/03/2019,Chennai,Kolkata,MAA → CCU,17:45,20:05,2h 20m,non-stop,No info,7718
Jet Airways,6/04/2019,Delhi,Cochin,DEL → BOM → COK,02:15,12:35,10h 20m,1 stop,In-flight meal not included,5177
SpiceJet,3/04/2019,Kolkata,Banglore,CCU → BLR,09:00,11:25,2h 25m,non-stop,No info,3873
Air India,9/06/2019,Kolkata,Banglore,CCU → MAA → BLR,14:35,14:35 10 Jun,24h,1 stop,No info,6528
Air India,12/06/2019,Kolkata,Banglore,CCU → BBI → BOM → BLR,12:00,11:10 13 Jun,23h 10m,2 stops,No info,9416
Air India,3/06/2019,Delhi,Cochin,DEL → BOM → COK,07:00,19:15,12h 15m,1 stop,No info,8879
Jet Airways,1/06/2019,Delhi,Cochin,DEL → BOM → COK,09:00,19:00,10h,1 stop,No info,14714
IndiGo,1/06/2019,Delhi,Cochin,DEL → COK,05:35,08:50,3h 15m,non-stop,No info,6541
Jet Airways,18/03/2019,Banglore,New Delhi,BLR → BOM → DEL,11:40,23:00,11h 20m,1 stop,No info,13555
Multiple carriers,12/06/2019,Delhi,Cochin,DEL → BOM → COK,07:00,21:00,14h,1 stop,No info,7408
IndiGo,24/03/2019,Banglore,New Delhi,BLR → DEL,08:30,11:30,3h,non-stop,No info,7303
Jet Airways,1/04/2019,Kolkata,Banglore,CCU → BOM → BLR,06:30,08:15 02 Apr,25h 45m,1 stop,In-flight meal not included,7064
Air Asia,1/05/2019,Banglore,Delhi,BLR → DEL,23:55,02:45 02 May,2h 50m,non-stop,No info,4483
Air Asia,3/06/2019,Delhi,Cochin,DEL → BLR → COK,16:45,22:25,5h 40m,1 stop,No info,11410
IndiGo,24/03/2019,Chennai,Kolkata,MAA → CCU,07:55,10:15,2h 20m,non-stop,No info,4326
Multiple carriers,27/05/2019,Delhi,Cochin,DEL → BOM → COK,11:40,21:00,9h 20m,1 stop,No info,7005
IndiGo,18/03/2019,Kolkata,Banglore,CCU → BLR,10:10,12:55,2h 45m,non-stop,No info,4462
SpiceJet,21/03/2019,Banglore,New Delhi,BLR → DEL,09:35,12:30,2h 55m,non-stop,No check-in baggage included,4839
Multiple carriers,27/03/2019,Delhi,Cochin,DEL → BOM → COK,13:00,21:00,8h,1 stop,No info,6883
Jet Airways,27/06/2019,Banglore,Delhi,BLR → DEL,11:10,14:05,2h 55m,non-stop,In-flight meal not included,5769
Air India,9/06/2019,Delhi,Cochin,DEL → MAA → COK,09:45,09:25 10 Jun,23h 40m,1 stop,No info,7690
Jet Airways,01/03/2019,Banglore,New Delhi,BLR → BOM → DEL,16:55,00:45 02 Mar,7h 50m,1 stop,No info,26890
Jet Airways,27/06/2019,Delhi,Cochin,DEL → BOM → COK,07:05,12:35,5h 30m,1 stop,No info,14714
Multiple carriers,21/03/2019,Delhi,Cochin,DEL → BOM → COK,08:00,15:30,7h 30m,1 stop,No info,14486
Jet Airways,15/06/2019,Delhi,Cochin,DEL → JAI → BOM → COK,09:40,12:35 16 Jun,26h 55m,2 stops,In-flight meal not included,10368
SpiceJet,6/04/2019,Kolkata,Banglore,CCU → BLR,22:20,00:40 07 Apr,2h 20m,non-stop,No check-in baggage included,3841
Vistara,27/06/2019,Banglore,Delhi,BLR → DEL,19:30,22:15,2h 45m,non-stop,No info,5088
IndiGo,15/05/2019,Kolkata,Banglore,CCU → PAT → BLR,09:20,14:15,4h 55m,1 stop,No info,11319
Jet Airways,12/06/2019,Kolkata,Banglore,CCU → BOM → BLR,08:25,19:50,11h 25m,1 stop,No info,13626
Jet Airways,21/05/2019,Delhi,Cochin,DEL → BOM → COK,02:15,12:35,10h 20m,1 stop,No info,16376
Vistara,21/06/2019,Delhi,Cochin,DEL → COK,06:00,09:10,3h 10m,non-stop,No info,6216
Multiple carriers,24/06/2019,Delhi,Cochin,DEL → BOM → COK,07:05,21:00,13h 55m,1 stop,No info,13797
SpiceJet,21/06/2019,Mumbai,Hyderabad,BOM → HYD,13:15,14:45,1h 30m,non-stop,No check-in baggage included,1965
Jet Airways,12/06/2019,Delhi,Cochin,DEL → BOM → COK,19:15,19:00 13 Jun,23h 45m,1 stop,In-flight meal not included,10262
Air India,21/03/2019,Banglore,New Delhi,BLR → MAA → DEL,11:50,13:00 19 Mar,25h 10m,1 stop,No info,5092
IndiGo,21/05/2019,Mumbai,Hyderabad,BOM → HYD,09:10,10:40,1h 30m,non-stop,No info,4049
Jet Airways,1/04/2019,Kolkata,Banglore,CCU → BOM → BLR,16:30,20:45 02 Apr,28h 15m,1 stop,In-flight meal not included,7064
Jet Airways,24/05/2019,Kolkata,Banglore,CCU → BOM → BLR,20:00,04:40 25 May,8h 40m,1 stop,No info,13731
Jet Airways,1/05/2019,Kolkata,Banglore,CCU → DEL → BLR,17:00,14:25 02 May,21h 25m,1 stop,No info,11467
IndiGo,3/03/2019,Delhi,Cochin,DEL → BOM → COK,20:30,01:35 04 Mar,5h 5m,1 stop,No info,8258
Air India,1/05/2019,Kolkata,Banglore,CCU → HYD → BLR,19:00,11:05 02 May,16h 5m,1 stop,No info,6117
IndiGo,27/06/2019,Delhi,Cochin,DEL → HYD → COK,05:05,16:10,11h 5m,1 stop,No info,6442
Air India,9/05/2019,Kolkata,Banglore,CCU → VNS → DEL → BLR,14:30,12:30 10 May,22h,2 stops,No info,15107
IndiGo,9/04/2019,Kolkata,Banglore,CCU → BLR,15:15,17:45,2h 30m,non-stop,No info,4174
IndiGo,24/04/2019,Kolkata,Banglore,CCU → BLR,15:15,17:45,2h 30m,non-stop,No info,4804
Jet Airways,9/04/2019,Banglore,Delhi,BLR → DEL,19:50,22:50,3h,non-stop,In-flight meal not included,4544
Multiple carriers,27/06/2019,Delhi,Cochin,DEL → BOM → COK,10:00,19:15,9h 15m,1 stop,No info,14848
Jet Airways,27/06/2019,Delhi,Cochin,DEL → NAG → BOM → COK,14:35,12:35 28 Jun,22h,2 stops,No info,13376
Jet Airways,3/05/2019,Banglore,Delhi,BLR → DEL,06:00,08:45,2h 45m,non-stop,No info,7229
Multiple carriers,6/03/2019,Delhi,Cochin,DEL → BOM → COK,10:20,19:15,8h 55m,1 stop,No info,15353
Jet Airways,24/06/2019,Delhi,Cochin,DEL → JAI → BOM → COK,05:30,04:25 25 Jun,22h 55m,2 stops,In-flight meal not included,10368
IndiGo,27/03/2019,Kolkata,Banglore,CCU → BLR,15:20,17:55,2h 35m,non-stop,No info,5198
Air India,24/03/2019,Banglore,New Delhi,BLR → DEL,21:10,23:55,2h 45m,non-stop,No info,4441
Jet Airways,15/05/2019,Kolkata,Banglore,CCU → DEL → BLR,09:35,21:05,11h 30m,1 stop,No info,12121
IndiGo,27/03/2019,Delhi,Cochin,DEL → BOM → COK,17:10,01:35 28 Mar,8h 25m,1 stop,No info,6316
Air India,15/06/2019,Delhi,Cochin,DEL → BLR → COK,13:30,23:00,9h 30m,1 stop,No info,8907
Vistara,18/05/2019,Kolkata,Banglore,CCU → DEL → BLR,07:10,23:25,16h 15m,1 stop,No info,9345
Jet Airways,27/03/2019,Delhi,Cochin,DEL → BOM → COK,19:15,19:45 28 Mar,24h 30m,1 stop,No info,12032
Air India,6/06/2019,Delhi,Cochin,DEL → RPR → NAG → BOM → COK,05:15,19:15 07 Jun,38h,3 stops,No info,10703
Jet Airways,21/03/2019,Banglore,New Delhi,BLR → BOM → DEL,14:05,20:20,6h 15m,1 stop,In-flight meal not included,7832
SpiceJet,27/06/2019,Kolkata,Banglore,CCU → BLR,22:20,00:40 28 Jun,2h 20m,non-stop,No info,3873
Jet Airways,15/03/2019,Banglore,New Delhi,BLR → BOM → DEL,11:40,18:25,6h 45m,1 stop,In-flight meal not included,9134
SpiceJet,18/05/2019,Banglore,Delhi,BLR → DEL,09:30,12:20,2h 50m,non-stop,No info,4423
IndiGo,6/05/2019,Banglore,Delhi,BLR → DEL,06:05,08:50,2h 45m,non-stop,No info,4423
Jet Airways,15/03/2019,Banglore,New Delhi,BLR → BOM → DEL,08:55,18:25,9h 30m,1 stop,In-flight meal not included,9134
Jet Airways,21/03/2019,Banglore,New Delhi,BLR → BOM → DEL,11:40,23:00,11h 20m,1 stop,In-flight meal not included,6992
SpiceJet,15/03/2019,Mumbai,Hyderabad,BOM → HYD,22:45,00:10 16 Mar,1h 25m,non-stop,No info,2753
Air India,3/06/2019,Delhi,Cochin,DEL → COK,14:10,17:10,3h,non-stop,No info,6934
Jet Airways,27/06/2019,Delhi,Cochin,DEL → BOM → COK,11:30,19:00,7h 30m,1 stop,No info,14714
Jet Airways,12/05/2019,Kolkata,Banglore,CCU → BOM → BLR,14:05,23:35,9h 30m,1 stop,No info,14781
IndiGo,24/06/2019,Chennai,Kolkata,MAA → CCU,22:05,00:25 25 Jun,2h 20m,non-stop,No info,5277
Jet Airways,06/03/2019,Banglore,New Delhi,BLR → BOM → DEL,05:45,10:25,4h 40m,1 stop,No info,19225
IndiGo,01/03/2019,Banglore,New Delhi,BLR → IDR → DEL,13:40,18:35,4h 55m,1 stop,No info,8707
Air Asia,18/05/2019,Delhi,Cochin,DEL → BLR → COK,07:55,13:25,5h 30m,1 stop,No info,8759
Air Asia,24/06/2019,Delhi,Cochin,DEL → BLR → COK,07:55,13:25,5h 30m,1 stop,No info,6152
Multiple carriers,27/05/2019,Delhi,Cochin,DEL → BOM → COK,08:00,19:00,11h,1 stop,No info,10407
Jet Airways,24/03/2019,Mumbai,Hyderabad,BOM → HYD,15:50,17:20,1h 30m,non-stop,In-flight meal not included,2228
IndiGo,12/04/2019,Banglore,Delhi,BLR → DEL,18:25,21:20,2h 55m,non-stop,No info,4990
GoAir,24/03/2019,Banglore,New Delhi,BLR → DEL,07:45,10:40,2h 55m,non-stop,No info,3898
Air India,6/03/2019,Delhi,Cochin,DEL → HYD → BOM → COK,07:05,19:15 07 Mar,36h 10m,2 stops,No info,11552
Multiple carriers,6/06/2019,Delhi,Cochin,DEL → BOM → COK,12:50,01:30 07 Jun,12h 40m,1 stop,No info,6795
Air India,18/05/2019,Kolkata,Banglore,CCU → BOM → BLR,09:25,18:30,9h 5m,1 stop,No info,8576
Jet Airways,18/05/2019,Banglore,Delhi,BLR → DEL,11:10,14:05,2h 55m,non-stop,In-flight meal not included,5198
Jet Airways,15/05/2019,Kolkata,Banglore,CCU → BOM → BLR,18:55,18:15 16 May,23h 20m,1 stop,In-flight meal not included,10844
Multiple carriers,15/05/2019,Delhi,Cochin,DEL → BOM → COK,15:15,01:30 16 May,10h 15m,1 stop,No info,7670
Vistara,27/04/2019,Banglore,Delhi,BLR → DEL,09:45,12:35,2h 50m,non-stop,No info,5613
IndiGo,12/05/2019,Delhi,Cochin,DEL → COK,05:35,08:50,3h 15m,non-stop,No info,6015
Air India,27/05/2019,Delhi,Cochin,DEL → LKO → BOM → COK,07:10,07:40 28 May,24h 30m,2 stops,No info,14588
SpiceJet,6/06/2019,Chennai,Kolkata,MAA → CCU,09:45,12:00,2h 15m,non-stop,No check-in baggage included,3543
Jet Airways,06/03/2019,Banglore,New Delhi,BLR → BOM → DEL,11:40,09:00 07 Mar,21h 20m,1 stop,No info,17261
Multiple carriers,9/06/2019,Delhi,Cochin,DEL → GWL → IDR → BOM → COK,11:35,21:00,9h 25m,3 stops,No info,15629
IndiGo,21/04/2019,Banglore,Delhi,BLR → DEL,10:10,13:00,2h 50m,non-stop,No info,4591
Air India,21/05/2019,Kolkata,Banglore,CCU → GAU → DEL → BLR,16:45,08:55 22 May,16h 10m,2 stops,No info,14960
Air India,24/03/2019,Kolkata,Banglore,CCU → GAU → DEL → BLR,05:55,23:15 25 Mar,41h 20m,2 stops,No info,13990
Air India,21/03/2019,Delhi,Cochin,DEL → HYD → BOM → COK,17:15,19:15 22 Mar,26h,2 stops,No info,8245
Air India,6/06/2019,Delhi,Cochin,DEL → COK,05:10,08:00,2h 50m,non-stop,No info,5201
Multiple carriers,15/06/2019,Delhi,Cochin,DEL → BOM → COK,11:40,01:30 16 Jun,13h 50m,1 stop,No info,6795
Jet Airways,6/06/2019,Mumbai,Hyderabad,BOM → HYD,19:35,21:05,1h 30m,non-stop,No info,5678
Air India,21/05/2019,Delhi,Cochin,DEL → CCU → BOM → COK,20:15,19:15 22 May,23h,2 stops,No info,13381
Jet Airways,06/03/2019,Banglore,New Delhi,BLR → BOM → DEL,14:05,09:00 07 Mar,18h 55m,1 stop,No info,17261
Jet Airways,21/03/2019,Banglore,New Delhi,BLR → BOM → DEL,07:00,13:15,6h 15m,1 stop,In-flight meal not included,7832
Jet Airways,21/03/2019,Delhi,Cochin,DEL → BOM → COK,08:00,04:25 22 Mar,20h 25m,1 stop,No info,12767
Multiple carriers,24/06/2019,Delhi,Cochin,DEL → HYD → COK,09:45,22:30,12h 45m,1 stop,No info,9646
Air India,9/05/2019,Delhi,Cochin,DEL → CCU → BOM → COK,20:15,19:15 10 May,23h,2 stops,No info,13591
IndiGo,09/03/2019,Banglore,New Delhi,BLR → DEL,16:55,19:45,2h 50m,non-stop,No info,10067
Multiple carriers,18/05/2019,Delhi,Cochin,DEL → BOM → COK,06:40,19:15,12h 35m,1 stop,No info,7564
IndiGo,6/06/2019,Banglore,Delhi,BLR → DEL,13:00,15:50,2h 50m,non-stop,No info,3943
IndiGo,21/05/2019,Delhi,Cochin,DEL → MAA → COK,07:15,12:30,5h 15m,1 stop,No info,5636
Jet Airways,01/03/2019,Banglore,New Delhi,BLR → BOM → DEL,08:55,21:20,12h 25m,1 stop,1 Long layover,27992
Vistara,1/04/2019,Banglore,Delhi,BLR → DEL,07:00,09:40,2h 40m,non-stop,No info,5403
Jet Airways,24/03/2019,Kolkata,Banglore,CCU → BOM → BLR,18:55,08:10 25 Mar,13h 15m,1 stop,No info,14231
Jet Airways,9/05/2019,Kolkata,Banglore,CCU → DEL → BLR,09:35,21:05,11h 30m,1 stop,No info,13067
Multiple carriers,9/03/2019,Delhi,Cochin,DEL → BOM → COK,06:50,19:15,12h 25m,1 stop,In-flight meal not included,14817
IndiGo,1/06/2019,Banglore,Delhi,BLR → DEL,04:00,06:50,2h 50m,non-stop,No info,3943
IndiGo,01/03/2019,Banglore,New Delhi,BLR → DEL,08:30,11:30,3h,non-stop,No info,10067
Jet Airways,6/05/2019,Kolkata,Banglore,CCU → BOM → BLR,16:30,22:35,6h 5m,1 stop,In-flight meal not included,10844
Jet Airways,6/04/2019,Delhi,Cochin,DEL → BOM → COK,13:00,19:00,6h,1 stop,In-flight meal not included,5177
Jet Airways,9/06/2019,Kolkata,Banglore,CCU → BOM → BLR,06:30,19:50,13h 20m,1 stop,In-flight meal not included,10844
SpiceJet,3/05/2019,Chennai,Kolkata,MAA → CCU,08:20,10:35,2h 15m,non-stop,No check-in baggage included,3543
Jet Airways,21/05/2019,Delhi,Cochin,DEL → BOM → COK,09:00,12:35 22 May,27h 35m,1 stop,In-flight meal not included,12898
Jet Airways,24/05/2019,Kolkata,Banglore,CCU → BOM → BLR,14:05,23:35,9h 30m,1 stop,No info,14571
Jet Airways,01/03/2019,Banglore,New Delhi,BLR → BOM → DEL,05:45,18:25,12h 40m,1 stop,No info,26890
Jet Airways,12/06/2019,Kolkata,Banglore,CCU → BOM → BLR,14:05,16:20 13 Jun,26h 15m,1 stop,In-flight meal not included,8529
SpiceJet,15/05/2019,Kolkata,Banglore,CCU → BLR,06:55,09:30,2h 35m,non-stop,No check-in baggage included,3841
IndiGo,3/06/2019,Delhi,Cochin,DEL → BOM → COK,16:00,21:00,5h,1 stop,No info,6593
IndiGo,24/04/2019,Delhi,Cochin,DEL → BOM → COK,04:55,21:00,16h 5m,1 stop,No info,6162
SpiceJet,6/05/2019,Mumbai,Hyderabad,BOM → HYD,22:45,00:15 07 May,1h 30m,non-stop,No check-in baggage included,2175
Jet Airways,9/05/2019,Delhi,Cochin,DEL → JAI → BOM → COK,19:30,04:25 10 May,8h 55m,2 stops,No info,15129
Jet Airways,12/05/2019,Kolkata,Banglore,CCU → BOM → BLR,06:30,08:15 13 May,25h 45m,1 stop,No info,13941
Air India,6/06/2019,Kolkata,Banglore,CCU → VNS → DEL → BLR,14:30,23:15,8h 45m,2 stops,No info,15894
IndiGo,9/05/2019,Delhi,Cochin,DEL → BOM → COK,07:30,21:00,13h 30m,1 stop,No info,7191
Jet Airways,9/06/2019,Kolkata,Banglore,CCU → BOM → BLR,18:55,19:50 10 Jun,24h 55m,1 stop,In-flight meal not included,10844
Jet Airways,01/03/2019,Banglore,New Delhi,BLR → BOM → DEL,07:00,15:15,8h 15m,1 stop,No info,26890
Air India,21/05/2019,Delhi,Cochin,DEL → JAI → BOM → COK,18:45,19:15 22 May,24h 30m,2 stops,No info,12257
SpiceJet,21/06/2019,Kolkata,Banglore,CCU → BLR,22:20,00:40 22 Jun,2h 20m,non-stop,No check-in baggage included,3841
Air India,12/06/2019,Delhi,Cochin,DEL → GOI → BOM → COK,22:00,19:15 13 Jun,21h 15m,2 stops,No info,10231
Jet Airways,24/03/2019,Kolkata,Banglore,CCU → BOM → BLR,08:25,16:20,7h 55m,1 stop,In-flight meal not included,10031
Multiple carriers,6/03/2019,Delhi,Cochin,DEL → BOM → COK,09:00,19:15,10h 15m,1 stop,In-flight meal not included,15342
Jet Airways,1/06/2019,Delhi,Cochin,DEL → ATQ → BOM → COK,20:00,04:25 02 Jun,8h 25m,2 stops,No info,16263
Air India,15/06/2019,Banglore,Delhi,BLR → DEL,10:00,12:45,2h 45m,non-stop,No info,6961
Air India,27/06/2019,Delhi,Cochin,DEL → HYD → BOM → COK,17:15,19:15 28 Jun,26h,2 stops,No info,12199
IndiGo,24/03/2019,Banglore,New Delhi,BLR → DEL,10:10,13:00,2h 50m,non-stop,No info,5734
Air India,9/04/2019,Kolkata,Banglore,CCU → BLR,20:45,23:20,2h 35m,non-stop,No info,4460
Multiple carriers,9/03/2019,Delhi,Cochin,DEL → BOM → COK,07:00,19:45,12h 45m,1 stop,No info,15237
Multiple carriers,18/05/2019,Delhi,Cochin,DEL → BOM → COK,09:15,19:15,10h,1 stop,No info,8309
Jet Airways,9/06/2019,Kolkata,Banglore,CCU → DEL → BLR,09:35,10:55 10 Jun,25h 20m,1 stop,No info,14151
Jet Airways,6/05/2019,Banglore,Delhi,BLR → DEL,15:15,18:10,2h 55m,non-stop,No info,7229
Vistara,3/05/2019,Chennai,Kolkata,MAA → CCU,17:45,20:05,2h 20m,non-stop,No info,11982
Vistara,3/06/2019,Delhi,Cochin,DEL → COK,14:40,17:50,3h 10m,non-stop,No info,6216
Air India,15/06/2019,Delhi,Cochin,DEL → HYD → MAA → COK,07:05,09:25 16 Jun,26h 20m,2 stops,No info,10975
IndiGo,9/04/2019,Banglore,Delhi,BLR → DEL,08:30,11:20,2h 50m,non-stop,No info,4823
Multiple carriers,21/05/2019,Delhi,Cochin,DEL → BOM → COK,10:20,19:15,8h 55m,1 stop,No info,8266
IndiGo,3/06/2019,Delhi,Cochin,DEL → BOM → COK,18:35,01:30 04 Jun,6h 55m,1 stop,No info,6628
Multiple carriers,15/06/2019,Delhi,Cochin,DEL → HYD → COK,09:45,22:30,12h 45m,1 stop,No info,9646
Air India,12/03/2019,Kolkata,Banglore,CCU → BLR,20:45,23:20,2h 35m,non-stop,No info,4435
IndiGo,15/04/2019,Kolkata,Banglore,CCU → BLR,22:15,00:50 16 Apr,2h 35m,non-stop,No info,4174
Air India,18/05/2019,Delhi,Cochin,DEL → BOM → COK,09:00,07:40 19 May,22h 40m,1 stop,No info,8372
Air India,3/06/2019,Kolkata,Banglore,CCU → BLR,20:45,23:20,2h 35m,non-stop,No info,4145
SpiceJet,3/06/2019,Delhi,Cochin,DEL → PNQ → COK,08:45,13:15,4h 30m,1 stop,No info,5830
IndiGo,15/05/2019,Banglore,Delhi,BLR → DEL,00:30,03:25,2h 55m,non-stop,No info,3419
Air India,3/03/2019,Mumbai,Hyderabad,BOM → HYD,19:30,20:45,1h 15m,non-stop,No info,11185
IndiGo,1/05/2019,Banglore,Delhi,BLR → DEL,06:05,08:50,2h 45m,non-stop,No info,4423
IndiGo,15/03/2019,Chennai,Kolkata,MAA → CCU,13:20,15:35,2h 15m,non-stop,No info,6297
Jet Airways,24/06/2019,Banglore,Delhi,BLR → DEL,08:20,11:20,3h,non-stop,In-flight meal not included,5769
Vistara,21/05/2019,Kolkata,Banglore,CCU → DEL → BLR,17:00,10:45 22 May,17h 45m,1 stop,No info,9187
Air India,15/03/2019,Mumbai,Hyderabad,BOM → HYD,15:00,16:25,1h 25m,non-stop,No info,2050
Vistara,09/03/2019,Banglore,New Delhi,BLR → DEL,09:50,12:35,2h 45m,non-stop,No info,11598
Jet Airways,9/03/2019,Delhi,Cochin,DEL → JDH → BOM → COK,13:55,04:25 10 Mar,14h 30m,2 stops,No info,17229
Air Asia,21/06/2019,Kolkata,Banglore,CCU → BLR,22:50,01:20 22 Jun,2h 30m,non-stop,No info,3807
SpiceJet,18/05/2019,Kolkata,Banglore,CCU → IXB → BLR,15:55,21:25,5h 30m,1 stop,No info,8224
Air India,24/06/2019,Delhi,Cochin,DEL → CCU → BOM → COK,06:50,07:40 25 Jun,24h 50m,2 stops,No info,13381
Jet Airways,24/03/2019,Kolkata,Banglore,CCU → BOM → BLR,19:45,22:35 25 Mar,26h 50m,1 stop,No info,13759
SpiceJet,24/06/2019,Delhi,Cochin,DEL → MAA → COK,15:45,22:05,6h 20m,1 stop,No info,5583
Jet Airways,12/06/2019,Banglore,Delhi,BLR → DEL,06:00,08:45,2h 45m,non-stop,No info,8016
Multiple carriers,12/06/2019,Delhi,Cochin,DEL → BOM → COK,11:25,19:15,7h 50m,1 stop,No info,7354
Jet Airways,9/06/2019,Delhi,Cochin,DEL → BOM → COK,13:00,19:00,6h,1 stop,No info,14714
Jet Airways,1/06/2019,Delhi,Cochin,DEL → BOM → COK,22:50,19:00 02 Jun,20h 10m,1 stop,No info,14714
Air India,9/05/2019,Kolkata,Banglore,CCU → JAI → BOM → BLR,08:20,11:10 10 May,26h 50m,2 stops,No info,11222
Jet Airways,24/03/2019,Kolkata,Banglore,CCU → BOM → BLR,19:45,19:40 25 Mar,23h 55m,1 stop,In-flight meal not included,10031
Vistara,24/05/2019,Kolkata,Banglore,CCU → DEL → BLR,17:00,09:05 25 May,16h 5m,1 stop,No info,10027
IndiGo,18/03/2019,Mumbai,Hyderabad,BOM → HYD,12:00,13:25,1h 25m,non-stop,No info,2754
IndiGo,9/06/2019,Kolkata,Banglore,CCU → HYD → BLR,15:15,20:30,5h 15m,1 stop,No info,5380
Vistara,6/05/2019,Kolkata,Banglore,CCU → DEL → BLR,07:10,09:05 07 May,25h 55m,1 stop,No info,8137
Jet Airways,15/05/2019,Kolkata,Banglore,CCU → GAU → BLR,10:20,17:35,7h 15m,1 stop,In-flight meal not included,5608
Air India,3/06/2019,Delhi,Cochin,DEL → BOM → COK,10:00,19:15,9h 15m,1 stop,No info,10979
Jet Airways,24/03/2019,Kolkata,Banglore,CCU → BOM → BLR,21:10,23:25 25 Mar,26h 15m,1 stop,In-flight meal not included,10031
Air India,15/05/2019,Kolkata,Banglore,CCU → BLR,20:45,23:20,2h 35m,non-stop,No info,4145
Air India,18/05/2019,Kolkata,Banglore,CCU → BLR,20:45,23:20,2h 35m,non-stop,No info,4880
Air India,27/05/2019,Delhi,Cochin,DEL → BOM → COK,19:00,19:15 28 May,24h 15m,1 stop,No info,8372
Multiple carriers,18/05/2019,Delhi,Cochin,DEL → BOM → COK,06:00,12:35,6h 35m,1 stop,No info,9794
Jet Airways,12/05/2019,Kolkata,Banglore,CCU → BOM → BLR,20:00,09:20 13 May,13h 20m,1 stop,In-flight meal not included,9663
Jet Airways,3/06/2019,Delhi,Cochin,DEL → BOM → COK,22:50,12:35 04 Jun,13h 45m,1 stop,No info,14714
IndiGo,09/03/2019,Banglore,New Delhi,BLR → DEL,20:00,22:55,2h 55m,non-stop,No info,6144
Air India,6/06/2019,Kolkata,Banglore,CCU → BBI → BOM → BLR,12:00,11:10 07 Jun,23h 10m,2 stops,No info,9416
Air India,3/06/2019,Delhi,Cochin,DEL → COK,18:05,21:10,3h 5m,non-stop,No info,6934
Jet Airways,27/03/2019,Mumbai,Hyderabad,BOM → HYD,15:50,17:20,1h 30m,non-stop,No info,5678
IndiGo,27/06/2019,Banglore,Delhi,BLR → DEL,13:00,15:50,2h 50m,non-stop,No info,3943
SpiceJet,1/04/2019,Mumbai,Hyderabad,BOM → HYD,05:45,07:15,1h 30m,non-stop,No check-in baggage included,1965
Air Asia,1/04/2019,Kolkata,Banglore,CCU → DEL → BLR,07:35,19:25,11h 50m,1 stop,No info,5192
SpiceJet,9/05/2019,Mumbai,Hyderabad,BOM → HYD,22:45,00:15 10 May,1h 30m,non-stop,No info,2017
Air India,6/03/2019,Delhi,Cochin,DEL → BOM → COK,07:00,07:40 07 Mar,24h 40m,1 stop,No info,15407
IndiGo,18/06/2019,Banglore,Delhi,BLR → DEL,16:55,19:55,3h,non-stop,No info,4823
Air India,9/06/2019,Kolkata,Banglore,CCU → BOM → BLR,09:25,07:55 10 Jun,22h 30m,1 stop,No info,8366
Jet Airways,12/05/2019,Kolkata,Banglore,CCU → BOM → BLR,16:30,22:35,6h 5m,1 stop,No info,14781
Jet Airways,18/03/2019,Banglore,New Delhi,BLR → BOM → DEL,11:40,20:20,8h 40m,1 stop,In-flight meal not included,11087
Multiple carriers,21/03/2019,Delhi,Cochin,DEL → BOM → COK,08:25,19:15,10h 50m,1 stop,No info,8601
IndiGo,9/03/2019,Mumbai,Hyderabad,BOM → HYD,21:20,22:45,1h 25m,non-stop,No info,3838
Jet Airways,12/05/2019,Kolkata,Banglore,CCU → BOM → BLR,16:30,09:20 13 May,16h 50m,1 stop,No info,14388
IndiGo,21/05/2019,Delhi,Cochin,DEL → COK,14:25,17:40,3h 15m,non-stop,No info,5601
Jet Airways,9/05/2019,Kolkata,Banglore,CCU → DEL → BLR,17:00,23:35,6h 35m,1 stop,No info,10624
Air India,3/03/2019,Mumbai,Hyderabad,BOM → HYD,06:20,07:40,1h 20m,non-stop,No info,4937
IndiGo,24/03/2019,Kolkata,Banglore,CCU → BOM → BLR,05:35,11:20,5h 45m,1 stop,No info,9319
SpiceJet,12/03/2019,Chennai,Kolkata,MAA → CCU,09:30,12:05,2h 35m,non-stop,No info,6300
Multiple carriers,9/03/2019,Delhi,Cochin,DEL → BOM → COK,15:15,01:35 10 Mar,10h 20m,1 stop,No info,15200
Jet Airways,6/03/2019,Delhi,Cochin,DEL → BOM → COK,09:55,18:50,8h 55m,1 stop,In-flight meal not included,15400
Air India,18/03/2019,Banglore,New Delhi,BLR → BOM → BHO → DEL,08:50,23:25 16 Mar,38h 35m,2 stops,No info,10783
Air India,6/05/2019,Kolkata,Banglore,CCU → DEL → BLR,17:30,08:55 07 May,15h 25m,1 stop,No info,10203
Air India,9/05/2019,Mumbai,Hyderabad,BOM → HYD,13:55,15:25,1h 30m,non-stop,No info,3100
Multiple carriers,6/06/2019,Delhi,Cochin,DEL → BOM → COK,07:30,21:00,13h 30m,1 stop,No info,7740
SpiceJet,12/05/2019,Kolkata,Banglore,CCU → KNU → BLR,11:35,18:50,7h 15m,1 stop,No info,8479
Air India,12/06/2019,Kolkata,Banglore,CCU → DEL → BLR,17:30,20:25 13 Jun,26h 55m,1 stop,No info,10203
GoAir,21/05/2019,Delhi,Cochin,DEL → AMD → COK,07:25,13:20,5h 55m,1 stop,No info,5842
Jet Airways,1/04/2019,Kolkata,Banglore,CCU → BOM → BLR,08:25,22:35,14h 10m,1 stop,In-flight meal not included,7064
Jet Airways,9/06/2019,Delhi,Cochin,DEL → JAI → BOM → COK,05:30,19:00,13h 30m,2 stops,No info,13014
IndiGo,21/05/2019,Delhi,Cochin,DEL → BOM → COK,10:35,21:00,10h 25m,1 stop,No info,6794
Jet Airways,18/03/2019,Banglore,New Delhi,BLR → BOM → DEL,14:05,07:40 16 Mar,17h 35m,1 stop,In-flight meal not included,10972
Air Asia,18/05/2019,Kolkata,Banglore,CCU → BLR,22:50,01:20 19 May,2h 30m,non-stop,No info,4409
IndiGo,6/06/2019,Banglore,Delhi,BLR → DEL,07:10,10:05,2h 55m,non-stop,No info,4823
Air India,15/05/2019,Kolkata,Banglore,CCU → GAU → DEL → BLR,09:50,23:15,13h 25m,2 stops,No info,14960
Jet Airways,27/06/2019,Delhi,Cochin,DEL → JAI → BOM → COK,05:30,19:00,13h 30m,2 stops,No info,13014
Jet Airways,21/05/2019,Kolkata,Banglore,CCU → BOM → BLR,21:10,18:15 22 May,21h 5m,1 stop,In-flight meal not included,10844
GoAir,27/04/2019,Banglore,Delhi,BLR → DEL,07:45,10:40,2h 55m,non-stop,No info,5048
IndiGo,12/05/2019,Chennai,Kolkata,MAA → CCU,11:35,14:00,2h 25m,non-stop,No info,4332
Jet Airways,15/04/2019,Banglore,Delhi,BLR → DEL,15:15,18:10,2h 55m,non-stop,In-flight meal not included,4544
Jet Airways,12/03/2019,Banglore,New Delhi,BLR → BOM → DEL,20:35,23:00 13 Mar,26h 25m,1 stop,In-flight meal not included,11087
Jet Airways,3/04/2019,Mumbai,Hyderabad,BOM → HYD,07:05,08:30,1h 25m,non-stop,In-flight meal not included,4160
IndiGo,1/04/2019,Kolkata,Banglore,CCU → MAA → BLR,17:35,22:15,4h 40m,1 stop,No info,5699
Jet Airways,15/06/2019,Delhi,Cochin,DEL → IDR → BOM → COK,09:35,12:35 16 Jun,27h,2 stops,In-flight meal not included,10824
Jet Airways,27/05/2019,Delhi,Cochin,DEL → BOM → COK,19:15,19:00 28 May,23h 45m,1 stop,In-flight meal not included,12898
IndiGo,12/06/2019,Delhi,Cochin,DEL → HYD → COK,06:50,12:10,5h 20m,1 stop,No info,5298
Jet Airways,6/04/2019,Delhi,Cochin,DEL → BOM → COK,14:00,19:00,5h,1 stop,In-flight meal not included,5177
Jet Airways,6/05/2019,Kolkata,Banglore,CCU → BOM → BLR,08:25,16:20,7h 55m,1 stop,In-flight meal not included,10844
IndiGo,21/05/2019,Delhi,Cochin,DEL → BOM → COK,16:00,21:00,5h,1 stop,No info,7255
Jet Airways,12/05/2019,Kolkata,Banglore,CCU → BOM → BLR,14:05,19:50,5h 45m,1 stop,No info,14781
Air India,24/05/2019,Kolkata,Banglore,CCU → BBI → HYD → BLR,09:10,04:40 25 May,19h 30m,2 stops,No info,6117
Jet Airways,15/06/2019,Banglore,Delhi,BLR → DEL,15:15,18:10,2h 55m,non-stop,No info,8016
Jet Airways,18/03/2019,Banglore,New Delhi,BLR → BOM → DEL,22:50,10:25 16 Mar,11h 35m,1 stop,In-flight meal not included,11087
Air Asia,6/05/2019,Banglore,Delhi,BLR → DEL,04:55,07:45,2h 50m,non-stop,No info,4282
Air India,15/05/2019,Delhi,Cochin,DEL → GOI → BOM → COK,10:55,07:40 16 May,20h 45m,2 stops,No info,12803
Jet Airways,6/06/2019,Kolkata,Banglore,CCU → BOM → BLR,08:25,16:20,7h 55m,1 stop,In-flight meal not included,10844
Jet Airways,21/03/2019,Banglore,New Delhi,BLR → BOM → DEL,18:40,07:40 19 Mar,13h,1 stop,In-flight meal not included,7832
Multiple carriers,3/03/2019,Delhi,Cochin,DEL → IDR → BOM → COK,15:05,01:35 04 Mar,10h 30m,2 stops,No info,34503
Jet Airways,3/03/2019,Delhi,Cochin,DEL → UDR → BOM → COK,18:20,04:25 05 Mar,34h 5m,2 stops,No info,20747
Jet Airways,27/03/2019,Delhi,Cochin,DEL → IDR → BOM → COK,05:25,04:25 28 Mar,23h,2 stops,In-flight meal not included,9254
IndiGo,24/06/2019,Delhi,Cochin,DEL → BOM → COK,11:25,21:00,9h 35m,1 stop,No info,5894
Jet Airways,9/06/2019,Kolkata,Banglore,CCU → DEL → BLR,17:00,21:05 10 Jun,28h 5m,1 stop,No info,12692
Air India,27/06/2019,Delhi,Cochin,DEL → BOM → COK,07:00,19:15,12h 15m,1 stop,No info,8669
IndiGo,24/05/2019,Kolkata,Banglore,CCU → MAA → BLR,06:20,10:20,4h,1 stop,No info,4226
IndiGo,3/04/2019,Banglore,Delhi,BLR → DEL,00:30,03:25,2h 55m,non-stop,No info,3419
Multiple carriers,3/03/2019,Delhi,Cochin,DEL → BOM → COK,07:00,21:00,14h,1 stop,No info,15603
Air India,24/03/2019,Kolkata,Banglore,CCU → GAU → DEL → BLR,16:45,23:15 25 Mar,30h 30m,2 stops,No info,13885
Multiple carriers,3/06/2019,Delhi,Cochin,DEL → HYD → COK,07:10,16:10,9h,1 stop,No info,7878
GoAir,1/06/2019,Banglore,Delhi,BLR → DEL,20:55,23:40,2h 45m,non-stop,No info,3898
IndiGo,15/06/2019,Chennai,Kolkata,MAA → CCU,14:45,17:05,2h 20m,non-stop,No info,3597
Jet Airways,21/05/2019,Delhi,Cochin,DEL → AMD → BOM → COK,13:25,12:35 22 May,23h 10m,2 stops,No info,15129
Jet Airways,24/05/2019,Kolkata,Banglore,CCU → BOM → BLR,20:00,23:35 25 May,27h 35m,1 stop,In-flight meal not included,10844
Air India,18/06/2019,Mumbai,Hyderabad,BOM → HYD,06:20,07:40,1h 20m,non-stop,No info,3100
IndiGo,24/04/2019,Kolkata,Banglore,CCU → BLR,14:25,16:55,2h 30m,non-stop,No info,4804
IndiGo,27/05/2019,Mumbai,Hyderabad,BOM → HYD,06:25,07:55,1h 30m,non-stop,No info,4049
Jet Airways,1/06/2019,Delhi,Cochin,DEL → JAI → BOM → COK,19:30,12:35 02 Jun,17h 5m,2 stops,No info,13014
IndiGo,12/06/2019,Kolkata,Banglore,CCU → BLR,04:40,07:15,2h 35m,non-stop,No info,4804
Multiple carriers,21/05/2019,Delhi,Cochin,DEL → BOM → COK,11:25,19:15,7h 50m,1 stop,No info,7575
Jet Airways,15/06/2019,Delhi,Cochin,DEL → JAI → BOM → COK,05:30,19:00,13h 30m,2 stops,In-flight meal not included,10368
SpiceJet,15/05/2019,Kolkata,Banglore,CCU → BLR,17:10,19:40,2h 30m,non-stop,No info,4174
Air India,9/03/2019,Delhi,Cochin,DEL → LKO → BOM → COK,18:30,19:15 10 Mar,24h 45m,2 stops,No info,18211
Multiple carriers,21/03/2019,Delhi,Cochin,DEL → HYD → MAA → COK,13:15,21:20,8h 5m,2 stops,No info,6653
IndiGo,3/05/2019,Banglore,Delhi,BLR → DEL,08:30,11:20,2h 50m,non-stop,No info,4823
Air India,3/03/2019,Delhi,Cochin,DEL → NAG → BOM → COK,05:55,07:40 04 Mar,25h 45m,2 stops,No info,15428
IndiGo,24/04/2019,Banglore,Delhi,BLR → DEL,18:55,21:50,2h 55m,non-stop,No info,4823
Multiple carriers,6/03/2019,Delhi,Cochin,DEL → BOM → COK,16:00,01:35 07 Mar,9h 35m,1 stop,In-flight meal not included,15136
Jet Airways,9/06/2019,Delhi,Cochin,DEL → BOM → COK,07:05,12:35,5h 30m,1 stop,In-flight meal not included,10262
Jet Airways,3/06/2019,Delhi,Cochin,DEL → BOM → COK,17:30,19:00 04 Jun,25h 30m,1 stop,In-flight meal not included,10262
IndiGo,27/06/2019,Chennai,Kolkata,MAA → CCU,19:35,21:55,2h 20m,non-stop,No info,3597
Jet Airways,3/05/2019,Banglore,Delhi,BLR → DEL,17:45,20:45,3h,non-stop,No info,7229
Multiple carriers,21/05/2019,Delhi,Cochin,DEL → BOM → COK,10:35,19:00,8h 25m,1 stop,No info,9103
Multiple carriers,1/05/2019,Delhi,Cochin,DEL → BOM → COK,09:00,19:15,10h 15m,1 stop,No info,15373
IndiGo,27/03/2019,Chennai,Kolkata,MAA → CCU,14:40,17:05,2h 25m,non-stop,No info,3384
IndiGo,6/06/2019,Kolkata,Banglore,CCU → BLR,15:15,17:45,2h 30m,non-stop,No info,4804
GoAir,15/03/2019,Banglore,New Delhi,BLR → DEL,20:55,23:50,2h 55m,non-stop,No info,8722
Jet Airways,21/05/2019,Mumbai,Hyderabad,BOM → HYD,02:55,04:20,1h 25m,non-stop,In-flight meal not included,4050
SpiceJet,12/05/2019,Kolkata,Banglore,CCU → IXB → BLR,11:15,18:30,7h 15m,1 stop,No info,11468
Jet Airways,6/06/2019,Delhi,Cochin,DEL → BOM → COK,02:15,12:35,10h 20m,1 stop,In-flight meal not included,10262
SpiceJet,3/04/2019,Kolkata,Banglore,CCU → MAA → BLR,15:05,20:20,5h 15m,1 stop,No info,4649
Jet Airways,6/03/2019,Delhi,Cochin,DEL → BOM → COK,22:20,19:45 07 Mar,21h 25m,1 stop,No info,17024
SpiceJet,18/04/2019,Kolkata,Banglore,CCU → BLR,22:20,00:40 19 Apr,2h 20m,non-stop,No info,4174
SpiceJet,24/04/2019,Delhi,Cochin,DEL → PNQ → COK,08:45,13:15,4h 30m,1 stop,No info,4812
Vistara,03/03/2019,Banglore,New Delhi,BLR → AMD → DEL,06:40,12:35,5h 55m,1 stop,No info,12476
Air India,18/03/2019,Banglore,New Delhi,BLR → DEL,17:00,19:45,2h 45m,non-stop,No info,11633
Jet Airways,12/03/2019,Banglore,New Delhi,BLR → BOM → DEL,16:55,23:00,6h 5m,1 stop,No info,13817
Jet Airways,21/03/2019,Delhi,Cochin,DEL → BOM → COK,16:00,18:50 22 Mar,26h 50m,1 stop,No info,12557
Air India,9/06/2019,Delhi,Cochin,DEL → AMD → BOM → COK,19:45,19:15 10 Jun,23h 30m,2 stops,No info,10178
Jet Airways,18/03/2019,Banglore,New Delhi,BLR → BOM → DEL,11:40,10:25 16 Mar,22h 45m,1 stop,In-flight meal not included,11087
Jet Airways,18/05/2019,Kolkata,Banglore,CCU → BOM → BLR,14:05,19:50,5h 45m,1 stop,No info,14781
IndiGo,27/05/2019,Kolkata,Banglore,CCU → BLR,09:35,12:20,2h 45m,non-stop,No info,4804
Jet Airways,12/05/2019,Banglore,Delhi,BLR → DEL,19:50,22:50,3h,non-stop,In-flight meal not included,3502
Jet Airways,15/06/2019,Delhi,Cochin,DEL → BOM → COK,18:15,19:00 16 Jun,24h 45m,1 stop,In-flight meal not included,10262
IndiGo,24/05/2019,Kolkata,Banglore,CCU → BLR,04:40,07:15,2h 35m,non-stop,No info,4804
Multiple carriers,21/05/2019,Delhi,Cochin,DEL → BOM → COK,13:00,21:00,8h,1 stop,No info,7888
Jet Airways,21/05/2019,Delhi,Cochin,DEL → BOM → COK,10:00,12:35 22 May,26h 35m,1 stop,In-flight meal not included,12898
Multiple carriers,24/05/2019,Delhi,Cochin,DEL → HYD → COK,14:55,22:30,7h 35m,1 stop,No info,7740
Jet Airways,6/05/2019,Delhi,Cochin,DEL → JAI → BOM → COK,05:30,04:25 07 May,22h 55m,2 stops,No info,15129
Air India,15/06/2019,Delhi,Cochin,DEL → HYD → MAA → COK,09:45,09:25 16 Jun,23h 40m,2 stops,No info,10975
Air Asia,24/05/2019,Kolkata,Banglore,CCU → BBI → BLR,06:50,10:30,3h 40m,1 stop,No info,5162
Air India,21/03/2019,Delhi,Cochin,DEL → HYD → MAA → COK,09:45,09:25 22 Mar,23h 40m,2 stops,No info,8140
Jet Airways,6/06/2019,Delhi,Cochin,DEL → BOM → COK,09:00,19:00,10h,1 stop,In-flight meal not included,10262
IndiGo,18/05/2019,Delhi,Cochin,DEL → BLR → COK,15:10,20:00,4h 50m,1 stop,No info,6496
Jet Airways,1/05/2019,Kolkata,Banglore,CCU → BOM → BLR,21:10,09:20 02 May,12h 10m,1 stop,No info,14781
Jet Airways,1/04/2019,Kolkata,Banglore,CCU → BOM → BLR,14:05,23:35,9h 30m,1 stop,No info,13364
Jet Airways,1/05/2019,Kolkata,Banglore,CCU → BOM → BLR,16:30,22:35,6h 5m,1 stop,No info,14781
Air Asia,21/04/2019,Kolkata,Banglore,CCU → BLR,10:20,12:55,2h 35m,non-stop,No info,4409
Air India,27/03/2019,Delhi,Cochin,DEL → BOM → COK,21:00,19:15 28 Mar,22h 15m,1 stop,No info,6692
Jet Airways,15/06/2019,Delhi,Cochin,DEL → COK,11:00,14:15,3h 15m,non-stop,In-flight meal not included,7202
Jet Airways,27/05/2019,Delhi,Cochin,DEL → JAI → BOM → COK,05:30,04:25 28 May,22h 55m,2 stops,No info,15129
Jet Airways,24/03/2019,Banglore,New Delhi,BLR → BOM → DEL,05:45,10:25,4h 40m,1 stop,In-flight meal not included,8147
Air India,6/03/2019,Delhi,Cochin,DEL → BLR → COK,13:30,08:15 07 Mar,18h 45m,1 stop,No info,11563
Jet Airways,27/03/2019,Delhi,Cochin,DEL → IDR → BOM → COK,05:25,19:45 28 Mar,38h 20m,2 stops,In-flight meal not included,9254
Air India,3/03/2019,Delhi,Cochin,DEL → HYD → MAA → COK,09:45,09:25 04 Mar,23h 40m,2 stops,No info,12760
GoAir,15/05/2019,Kolkata,Banglore,CCU → BOM → BLR,23:30,07:45 16 May,8h 15m,1 stop,No info,6945
Jet Airways,27/03/2019,Delhi,Cochin,DEL → BHO → BOM → COK,05:40,04:25 28 Mar,22h 45m,2 stops,No info,12074
Air India,6/03/2019,Mumbai,Hyderabad,BOM → GOI → PNQ → HYD,13:30,16:55,3h 25m,2 stops,No info,18797
IndiGo,3/06/2019,Mumbai,Hyderabad,BOM → HYD,12:00,13:30,1h 30m,non-stop,No info,2754
Air Asia,18/05/2019,Kolkata,Banglore,CCU → BBI → BLR,19:55,23:30,3h 35m,1 stop,No info,6857
Air India,15/03/2019,Banglore,New Delhi,BLR → CCU → BBI → DEL,05:50,23:45,17h 55m,2 stops,No info,7664
Jet Airways,1/05/2019,Kolkata,Banglore,CCU → BOM → BLR,16:30,22:35,6h 5m,1 stop,In-flight meal not included,10844
SpiceJet,27/03/2019,Delhi,Cochin,DEL → PNQ → COK,08:45,13:15,4h 30m,1 stop,No check-in baggage included,4414
IndiGo,9/05/2019,Kolkata,Banglore,CCU → MAA → BLR,17:35,22:15,4h 40m,1 stop,No info,5386
Jet Airways,1/04/2019,Kolkata,Banglore,CCU → BOM → BLR,21:10,10:05 02 Apr,12h 55m,1 stop,No info,13784
Air Asia,15/06/2019,Kolkata,Banglore,CCU → BLR,10:20,12:55,2h 35m,non-stop,No info,4409
SpiceJet,12/06/2019,Kolkata,Banglore,CCU → BLR,22:20,00:40 13 Jun,2h 20m,non-stop,No check-in baggage included,3841
IndiGo,6/03/2019,Delhi,Cochin,DEL → BOM → COK,06:40,21:00,14h 20m,1 stop,No info,14871
IndiGo,1/06/2019,Delhi,Cochin,DEL → HYD → COK,06:50,22:30,15h 40m,1 stop,No info,6442
Air Asia,24/06/2019,Banglore,Delhi,BLR → DEL,11:10,13:55,2h 45m,non-stop,No info,3383
Jet Airways,1/04/2019,Kolkata,Banglore,CCU → DEL → BLR,20:25,15:05 02 Apr,18h 40m,1 stop,No info,11467
Jet Airways,15/06/2019,Delhi,Cochin,DEL → JAI → BOM → COK,09:40,19:00,9h 20m,2 stops,No info,13014
Air India,9/06/2019,Kolkata,Banglore,CCU → IXR → DEL → BLR,05:50,20:25,14h 35m,2 stops,No info,11201
Multiple carriers,21/03/2019,Delhi,Cochin,DEL → BOM → COK,11:30,19:15,7h 45m,1 stop,No info,13378
Air India,6/05/2019,Kolkata,Banglore,CCU → BOM → COK → BLR,16:50,15:05 07 May,22h 15m,2 stops,No info,12434
Jet Airways,9/05/2019,Delhi,Cochin,DEL → BOM → COK,07:05,19:00,11h 55m,1 stop,In-flight meal not included,12373
Multiple carriers,21/03/2019,Delhi,Cochin,DEL → BOM → COK,11:30,18:50,7h 20m,1 stop,No info,11622
Jet Airways,6/05/2019,Kolkata,Banglore,CCU → BOM → BLR,14:05,19:50,5h 45m,1 stop,In-flight meal not included,10844
Air Asia,24/03/2019,Banglore,New Delhi,BLR → DEL,23:25,02:10 25 Mar,2h 45m,non-stop,No info,4482
SpiceJet,6/05/2019,Mumbai,Hyderabad,BOM → HYD,05:45,07:15,1h 30m,non-stop,No info,2017
Jet Airways,18/04/2019,Delhi,Cochin,DEL → COK,11:00,14:15,3h 15m,non-stop,No info,9564
IndiGo,21/06/2019,Chennai,Kolkata,MAA → CCU,14:45,17:05,2h 20m,non-stop,No info,3597
Jet Airways,21/05/2019,Delhi,Cochin,DEL → AMD → BOM → COK,19:10,19:00 22 May,23h 50m,2 stops,No info,15129
Jet Airways,24/06/2019,Banglore,Delhi,BLR → DEL,15:15,18:10,2h 55m,non-stop,In-flight meal not included,5769
Air India,9/06/2019,Kolkata,Banglore,CCU → BOM → BLR,09:25,21:50,12h 25m,1 stop,No info,8366
IndiGo,15/05/2019,Delhi,Cochin,DEL → HYD → COK,16:10,22:30,6h 20m,1 stop,No info,6412
Air Asia,15/04/2019,Kolkata,Banglore,CCU → DEL → BLR,07:35,19:25,11h 50m,1 stop,No info,5192
Air India,09/03/2019,Banglore,New Delhi,BLR → GOI → DEL,17:00,03:40 13 Mar,10h 40m,1 stop,No info,8767
Jet Airways,27/03/2019,Delhi,Cochin,DEL → BOM → COK,17:30,04:25 28 Mar,10h 55m,1 stop,No info,12242
Jet Airways,12/05/2019,Kolkata,Banglore,CCU → BOM → BLR,14:05,22:35,8h 30m,1 stop,No info,14781
Vistara,12/06/2019,Banglore,Delhi,BLR → DEL,09:45,12:35,2h 50m,non-stop,No info,4668
Vistara,6/03/2019,Mumbai,Hyderabad,BOM → DEL → HYD,15:40,22:55,7h 15m,1 stop,No info,12395
Air India,6/06/2019,Delhi,Cochin,DEL → UDR → BOM → COK,13:20,07:40 07 Jun,18h 20m,2 stops,No info,12751
Air India,15/03/2019,Banglore,New Delhi,BLR → CCU → BBI → DEL,05:50,16:20,10h 30m,2 stops,No info,7664
IndiGo,15/03/2019,Mumbai,Hyderabad,BOM → HYD,02:30,04:00,1h 30m,non-stop,No info,3342
GoAir,6/05/2019,Kolkata,Banglore,CCU → AMD → BLR,16:40,00:15 07 May,7h 35m,1 stop,No info,7102
IndiGo,6/05/2019,Chennai,Kolkata,MAA → CCU,22:05,00:25 07 May,2h 20m,non-stop,No info,5277
IndiGo,15/03/2019,Kolkata,Banglore,CCU → BLR,21:25,00:05 16 Mar,2h 40m,non-stop,No info,4148
Air India,6/06/2019,Delhi,Cochin,DEL → HYD → BOM → COK,17:15,19:15 07 Jun,26h,2 stops,No info,12760
Jet Airways,6/06/2019,Delhi,Cochin,DEL → JAI → BOM → COK,09:40,04:25 07 Jun,18h 45m,2 stops,In-flight meal not included,10368
IndiGo,27/03/2019,Delhi,Cochin,DEL → HYD → MAA → COK,11:55,21:20,9h 25m,2 stops,No info,6494
Air Asia,9/05/2019,Delhi,Cochin,DEL → BLR → COK,16:45,22:25,5h 40m,1 stop,No info,6752
Jet Airways,6/04/2019,Banglore,Delhi,BLR → DEL,18:55,22:00,3h 5m,non-stop,In-flight meal not included,4544
IndiGo,24/05/2019,Chennai,Kolkata,MAA → CCU,07:55,10:15,2h 20m,non-stop,No info,3850
IndiGo,3/04/2019,Kolkata,Banglore,CCU → BLR,09:35,12:20,2h 45m,non-stop,No info,4174
IndiGo,9/04/2019,Delhi,Cochin,DEL → BOM → COK,06:40,21:00,14h 20m,1 stop,No info,6093
Jet Airways,24/06/2019,Delhi,Cochin,DEL → BOM → COK,21:50,04:25 25 Jun,6h 35m,1 stop,In-flight meal not included,10262
Air India,18/03/2019,Banglore,New Delhi,BLR → DEL,10:00,12:45,2h 45m,non-stop,No info,4441
Multiple carriers,3/03/2019,Delhi,Cochin,DEL → HYD → COK,09:45,16:10,6h 25m,1 stop,No info,11265
Jet Airways,21/05/2019,Delhi,Cochin,DEL → JAI → BOM → COK,05:30,19:00,13h 30m,2 stops,No info,15129
Air India,27/05/2019,Delhi,Cochin,DEL → JDH → BOM → COK,12:55,19:15 28 May,30h 20m,2 stops,No info,12436
Jet Airways,27/06/2019,Delhi,Cochin,DEL → ATQ → BOM → COK,12:15,12:35 28 Jun,24h 20m,2 stops,No info,14300
Jet Airways,15/06/2019,Delhi,Cochin,DEL → ATQ → BOM → COK,18:20,12:35 16 Jun,18h 15m,2 stops,No info,14300
Air India,27/06/2019,Delhi,Cochin,DEL → HYD → MAA → COK,07:05,09:25 28 Jun,26h 20m,2 stops,No info,10975
GoAir,24/04/2019,Banglore,Delhi,BLR → DEL,20:55,23:40,2h 45m,non-stop,No info,3419
Jet Airways,27/04/2019,Banglore,Delhi,BLR → DEL,17:45,20:45,3h,non-stop,In-flight meal not included,4544
Multiple carriers,21/05/2019,Delhi,Cochin,DEL → BOM → COK,04:55,12:35,7h 40m,1 stop,No info,9103
IndiGo,24/06/2019,Banglore,Delhi,BLR → DEL,01:30,04:15,2h 45m,non-stop,No info,3943
Jet Airways,24/06/2019,Delhi,Cochin,DEL → BOM → COK,16:00,04:25 25 Jun,12h 25m,1 stop,In-flight meal not included,10262
IndiGo,09/03/2019,Banglore,New Delhi,BLR → DEL,04:00,06:50,2h 50m,non-stop,No info,4777
Multiple carriers,9/05/2019,Delhi,Cochin,DEL → BOM → COK,11:30,21:00,9h 30m,1 stop,No info,13727
Jet Airways,18/05/2019,Delhi,Cochin,DEL → BOM → COK,13:00,19:00,6h,1 stop,In-flight meal not included,12373
IndiGo,24/04/2019,Delhi,Cochin,DEL → BLR → COK,02:00,07:45,5h 45m,1 stop,No info,5241
IndiGo,12/06/2019,Delhi,Cochin,DEL → BOM → COK,10:35,01:30 13 Jun,14h 55m,1 stop,No info,5883
Multiple carriers,15/05/2019,Delhi,Cochin,DEL → BOM → COK,09:00,21:00,12h,1 stop,No info,13727
Multiple carriers,27/05/2019,Delhi,Cochin,DEL → BOM → COK,07:30,19:15,11h 45m,1 stop,No info,8837
Jet Airways,24/05/2019,Kolkata,Banglore,CCU → BOM → BLR,06:30,19:50,13h 20m,1 stop,No info,14571
IndiGo,15/05/2019,Banglore,Delhi,BLR → DEL,08:30,11:20,2h 50m,non-stop,No info,4823
Multiple carriers,15/05/2019,Delhi,Cochin,DEL → BOM → COK,09:00,21:00,12h,1 stop,No info,8073
Jet Airways,18/05/2019,Kolkata,Banglore,CCU → BOM → BLR,20:00,04:40 19 May,8h 40m,1 stop,No info,13941
Jet Airways,15/05/2019,Kolkata,Banglore,CCU → BOM → BLR,06:30,16:20,9h 50m,1 stop,In-flight meal not included,10844
IndiGo,21/05/2019,Delhi,Cochin,DEL → BOM → COK,17:30,01:30 22 May,8h,1 stop,No info,6794
Jet Airways,1/05/2019,Kolkata,Banglore,CCU → BOM → BLR,21:10,09:20 02 May,12h 10m,1 stop,In-flight meal not included,10844
Multiple carriers,15/05/2019,Delhi,Cochin,DEL → BOM → COK,06:00,12:35,6h 35m,1 stop,No info,9794
Multiple carriers,1/06/2019,Delhi,Cochin,DEL → BOM → COK,10:00,21:00,11h,1 stop,No info,13587
Multiple carriers,6/03/2019,Delhi,Cochin,DEL → BOM → COK,07:30,19:15,11h 45m,1 stop,No info,15077
Air India,1/06/2019,Mumbai,Hyderabad,BOM → HYD,21:05,22:25,1h 20m,non-stop,No info,3100
IndiGo,9/06/2019,Chennai,Kolkata,MAA → CCU,07:55,10:15,2h 20m,non-stop,No info,3850
Vistara,1/04/2019,Kolkata,Banglore,CCU → DEL → BLR,17:00,23:25,6h 25m,1 stop,No info,8610
Multiple carriers,3/06/2019,Delhi,Cochin,DEL → BOM → COK,10:20,19:00,8h 40m,1 stop,No info,11789
Air India,24/06/2019,Delhi,Cochin,DEL → RPR → NAG → BOM → COK,05:15,19:15 25 Jun,38h,3 stops,No info,10493
IndiGo,9/06/2019,Banglore,Delhi,BLR → DEL,20:00,22:50,2h 50m,non-stop,No info,4823
GoAir,18/06/2019,Banglore,Delhi,BLR → DEL,07:45,10:40,2h 55m,non-stop,No info,3419
Jet Airways,24/05/2019,Kolkata,Banglore,CCU → DEL → BLR,17:00,14:25 25 May,21h 25m,1 stop,No info,12121
Air India,6/05/2019,Kolkata,Banglore,CCU → BBI → BOM → BLR,12:00,18:30 07 May,30h 30m,2 stops,No info,10151
Jet Airways,24/05/2019,Banglore,Delhi,BLR → DEL,18:55,22:00,3h 5m,non-stop,In-flight meal not included,6144
Multiple carriers,27/05/2019,Delhi,Cochin,DEL → BOM → COK,11:30,19:15,7h 45m,1 stop,In-flight meal not included,9254
IndiGo,6/06/2019,Chennai,Kolkata,MAA → CCU,14:45,17:05,2h 20m,non-stop,No info,3597
Jet Airways,24/03/2019,Kolkata,Banglore,CCU → BOM → BLR,06:30,23:25,16h 55m,1 stop,In-flight meal not included,8824
Jet Airways,27/06/2019,Delhi,Cochin,DEL → AMD → BOM → COK,23:05,04:25 29 Jun,29h 20m,2 stops,No info,15339
IndiGo,21/03/2019,Delhi,Cochin,DEL → BOM → COK,04:45,15:30,10h 45m,1 stop,No info,7738
Air Asia,12/03/2019,Kolkata,Banglore,CCU → BLR,22:50,01:20 13 Mar,2h 30m,non-stop,No info,4082
Jet Airways,6/05/2019,Kolkata,Banglore,CCU → BOM → BLR,20:00,04:40 07 May,8h 40m,1 stop,No info,14388
Jet Airways,21/03/2019,Banglore,New Delhi,BLR → BOM → DEL,08:55,20:20,11h 25m,1 stop,In-flight meal not included,7832
Jet Airways,9/05/2019,Kolkata,Banglore,CCU → DEL → BLR,09:35,22:05,12h 30m,1 stop,No info,14151
Multiple carriers,6/03/2019,Delhi,Cochin,DEL → IDR → BOM → COK,15:05,01:35 07 Mar,10h 30m,2 stops,No info,21483
IndiGo,03/03/2019,Banglore,New Delhi,BLR → BOM → DEL,19:35,00:35 07 Mar,5h,1 stop,No info,13292
Air India,24/05/2019,Kolkata,Banglore,CCU → HYD → BLR,19:00,04:40 25 May,9h 40m,1 stop,No info,6327
IndiGo,24/04/2019,Delhi,Cochin,DEL → BOM → COK,16:00,21:00,5h,1 stop,No info,5065
Air India,27/06/2019,Delhi,Cochin,DEL → BLR → COK,09:45,23:00,13h 15m,1 stop,No info,8907
Jet Airways,12/03/2019,Banglore,New Delhi,BLR → BOM → DEL,21:25,08:15 13 Mar,10h 50m,1 stop,No info,12547
Multiple carriers,9/05/2019,Delhi,Cochin,DEL → BOM → COK,07:30,19:15,11h 45m,1 stop,No info,8266
IndiGo,27/03/2019,Delhi,Cochin,DEL → BLR → COK,05:05,10:05,5h,1 stop,No info,6827
Jet Airways,15/03/2019,Mumbai,Hyderabad,BOM → HYD,19:35,21:05,1h 30m,non-stop,In-flight meal not included,2759
Air India,3/03/2019,Delhi,Cochin,DEL → HYD → BOM → COK,17:15,19:15 04 Mar,26h,2 stops,No info,13442
Jet Airways,24/06/2019,Delhi,Cochin,DEL → BOM → COK,22:50,19:00 25 Jun,20h 10m,1 stop,In-flight meal not included,10262
Jet Airways,21/05/2019,Kolkata,Banglore,CCU → BOM → BLR,14:05,19:50,5h 45m,1 stop,In-flight meal not included,10844
Multiple carriers,1/06/2019,Delhi,Cochin,DEL → BOM → COK,08:00,19:00,11h,1 stop,No info,12192
IndiGo,6/06/2019,Delhi,Cochin,DEL → PNQ → COK,23:30,04:35 07 Jun,5h 5m,1 stop,No info,10112
IndiGo,3/06/2019,Delhi,Cochin,DEL → BOM → COK,04:55,21:00,16h 5m,1 stop,No info,6838
Jet Airways,6/05/2019,Mumbai,Hyderabad,BOM → HYD,10:20,11:50,1h 30m,non-stop,No info,8040
Jet Airways,18/03/2019,Mumbai,Hyderabad,BOM → HYD,10:20,11:50,1h 30m,non-stop,No info,8040
Jet Airways,9/05/2019,Delhi,Cochin,DEL → BOM → COK,02:15,12:35,10h 20m,1 stop,In-flight meal not included,12373
Air Asia,18/06/2019,Kolkata,Banglore,CCU → BLR,09:45,12:15,2h 30m,non-stop,No info,3807
Multiple carriers,6/03/2019,Delhi,Cochin,DEL → BOM → COK,17:30,01:35 07 Mar,8h 5m,1 stop,No info,17057
Air India,27/05/2019,Delhi,Cochin,DEL → AMD → BOM → COK,19:45,19:15 28 May,23h 30m,2 stops,No info,10441
Multiple carriers,9/06/2019,Delhi,Cochin,DEL → BOM → COK,07:05,21:00,13h 55m,1 stop,No info,13587
Jet Airways,24/06/2019,Delhi,Cochin,DEL → BOM → COK,14:00,19:00,5h,1 stop,No info,14714
Multiple carriers,27/06/2019,Delhi,Cochin,DEL → BOM → COK,11:40,21:00,9h 20m,1 stop,In-flight meal not included,6007
IndiGo,15/06/2019,Chennai,Kolkata,MAA → CCU,22:05,00:25 16 Jun,2h 20m,non-stop,No info,5277
Air India,1/04/2019,Kolkata,Banglore,CCU → GAU → DEL → BLR,16:45,23:15 02 Apr,30h 30m,2 stops,No info,9237
Multiple carriers,15/06/2019,Delhi,Cochin,DEL → BOM → COK,03:50,19:00,15h 10m,1 stop,No info,12192
Jet Airways,27/05/2019,Delhi,Cochin,DEL → BHO → BOM → COK,05:30,12:35,7h 5m,2 stops,No info,16274
Jet Airways,6/03/2019,Delhi,Cochin,DEL → IDR → BOM → COK,05:25,19:45 07 Mar,38h 20m,2 stops,No info,16914
Jet Airways,9/03/2019,Delhi,Cochin,DEL → BHO → BOM → COK,05:40,04:25 10 Mar,22h 45m,2 stops,In-flight meal not included,13764
Jet Airways,1/04/2019,Kolkata,Banglore,CCU → BOM → BLR,08:25,09:20 02 Apr,24h 55m,1 stop,In-flight meal not included,7064
Jet Airways,12/06/2019,Kolkata,Banglore,CCU → BOM → BLR,18:55,04:40 13 Jun,9h 45m,1 stop,No info,12576
Jet Airways,21/03/2019,Banglore,New Delhi,BLR → BOM → DEL,07:00,16:10,9h 10m,1 stop,In-flight meal not included,7832
Jet Airways,15/03/2019,Banglore,New Delhi,BLR → BOM → DEL,05:45,10:25,4h 40m,1 stop,In-flight meal not included,9134
Jet Airways,9/06/2019,Delhi,Cochin,DEL → JAI → BOM → COK,09:40,12:35 10 Jun,26h 55m,2 stops,No info,13014
IndiGo,3/06/2019,Delhi,Cochin,DEL → MAA → COK,02:00,07:25,5h 25m,1 stop,No info,5636
IndiGo,1/03/2019,Kolkata,Banglore,CCU → BLR,22:10,00:55 02 Mar,2h 45m,non-stop,No info,4778
Jet Airways,15/05/2019,Kolkata,Banglore,CCU → BOM → BLR,21:10,04:40 16 May,7h 30m,1 stop,No info,14388
Jet Airways,27/05/2019,Delhi,Cochin,DEL → JAI → BOM → COK,05:30,19:00,13h 30m,2 stops,No info,15129
Jet Airways,6/06/2019,Delhi,Cochin,DEL → BOM → COK,15:00,04:25 07 Jun,13h 25m,1 stop,In-flight meal not included,10262
IndiGo,18/05/2019,Delhi,Cochin,DEL → MAA → COK,02:00,07:25,5h 25m,1 stop,No info,7464
Air India,27/05/2019,Delhi,Cochin,DEL → RPR → NAG → BOM → COK,05:15,19:15 28 May,38h,3 stops,No info,10493
Jet Airways,1/05/2019,Kolkata,Banglore,CCU → BOM → BLR,08:25,18:15,9h 50m,1 stop,No info,14781
Jet Airways,18/06/2019,Mumbai,Hyderabad,BOM → HYD,10:20,11:50,1h 30m,non-stop,No info,8040
Jet Airways,24/05/2019,Delhi,Cochin,DEL → BOM → COK,22:50,04:25 25 May,5h 35m,1 stop,No info,16079
Jet Airways,9/05/2019,Delhi,Cochin,DEL → BOM → COK,19:15,19:00 10 May,23h 45m,1 stop,No info,15554
IndiGo,12/03/2019,Chennai,Kolkata,MAA → CCU,11:35,14:00,2h 25m,non-stop,No info,6297
Jet Airways,1/04/2019,Kolkata,Banglore,CCU → DEL → BLR,09:35,18:00,8h 25m,1 stop,No info,11467
Air India,6/06/2019,Delhi,Cochin,DEL → BOM → COK,21:00,07:40 07 Jun,10h 40m,1 stop,No info,8372
IndiGo,27/06/2019,Delhi,Cochin,DEL → BOM → COK,17:30,01:30 28 Jun,8h,1 stop,No info,5684
SpiceJet,15/06/2019,Kolkata,Banglore,CCU → BLR,17:10,19:40,2h 30m,non-stop,No info,3873
Jet Airways,1/06/2019,Banglore,Delhi,BLR → DEL,15:15,18:10,2h 55m,non-stop,In-flight meal not included,7229
Vistara,12/05/2019,Kolkata,Banglore,CCU → DEL → BLR,17:00,10:45 13 May,17h 45m,1 stop,No info,9922
Jet Airways,24/05/2019,Delhi,Cochin,DEL → AMD → BOM → COK,19:10,19:00 25 May,23h 50m,2 stops,No info,15129
SpiceJet,27/04/2019,Kolkata,Banglore,CCU → BLR,06:55,09:30,2h 35m,non-stop,No check-in baggage included,3841
IndiGo,18/05/2019,Delhi,Cochin,DEL → BOM → COK,15:00,01:30 19 May,10h 30m,1 stop,No info,7503
Jet Airways,21/06/2019,Banglore,Delhi,BLR → DEL,11:10,14:05,2h 55m,non-stop,In-flight meal not included,5769
Air India,3/03/2019,Chennai,Kolkata,MAA → CCU,11:40,13:55,2h 15m,non-stop,No info,10810
Air India,9/05/2019,Kolkata,Banglore,CCU → DEL → BLR,10:00,23:15,13h 15m,1 stop,No info,10203
Jet Airways,6/06/2019,Kolkata,Banglore,CCU → BOM → BLR,14:05,20:45,6h 40m,1 stop,In-flight meal not included,10844
Jet Airways,9/06/2019,Banglore,Delhi,BLR → DEL,08:20,11:20,3h,non-stop,In-flight meal not included,7229
Multiple carriers,9/04/2019,Delhi,Cochin,DEL → BOM → COK,11:40,01:30 10 Apr,13h 50m,1 stop,No info,6645
IndiGo,1/06/2019,Delhi,Cochin,DEL → BOM → COK,11:25,21:00,9h 35m,1 stop,No info,6416
IndiGo,27/03/2019,Delhi,Cochin,DEL → HYD → MAA → COK,08:35,21:20,12h 45m,2 stops,No info,6494
SpiceJet,1/06/2019,Delhi,Cochin,DEL → MAA → COK,15:45,22:05,6h 20m,1 stop,No info,7317
Multiple carriers,9/06/2019,Delhi,Cochin,DEL → BOM → COK,14:00,21:00,7h,1 stop,No info,13587
Multiple carriers,27/03/2019,Delhi,Cochin,DEL → BOM → COK,08:55,21:00,12h 5m,1 stop,No info,8055
Vistara,21/05/2019,Banglore,Delhi,BLR → DEL,07:00,09:40,2h 40m,non-stop,No info,4668
Jet Airways,24/03/2019,Kolkata,Banglore,CCU → BOM → BLR,21:10,08:10 25 Mar,11h,1 stop,In-flight meal not included,11134
IndiGo,21/03/2019,Banglore,New Delhi,BLR → DEL,06:00,08:45,2h 45m,non-stop,No info,5734
Vistara,6/03/2019,Mumbai,Hyderabad,BOM → DEL → HYD,21:55,09:25 07 Mar,11h 30m,1 stop,No info,12395
Jet Airways,1/04/2019,Mumbai,Hyderabad,BOM → HYD,02:55,04:20,1h 25m,non-stop,In-flight meal not included,2228
IndiGo,12/05/2019,Kolkata,Banglore,CCU → MAA → BLR,17:35,22:15,4h 40m,1 stop,No info,6669
Vistara,12/05/2019,Banglore,Delhi,BLR → DEL,11:30,14:20,2h 50m,non-stop,No info,4668
Multiple carriers,3/06/2019,Delhi,Cochin,DEL → HYD → COK,07:10,22:30,15h 20m,1 stop,No info,7878
IndiGo,24/03/2019,Chennai,Kolkata,MAA → CCU,05:15,07:35,2h 20m,non-stop,No info,4326
Jet Airways,27/06/2019,Delhi,Cochin,DEL → BOM → COK,02:15,12:35,10h 20m,1 stop,In-flight meal not included,10262
IndiGo,27/05/2019,Banglore,Delhi,BLR → DEL,08:30,11:20,2h 50m,non-stop,No info,4823
IndiGo,18/06/2019,Chennai,Kolkata,MAA → CCU,07:55,10:15,2h 20m,non-stop,No info,3850
Jet Airways,12/03/2019,Banglore,New Delhi,BLR → BOM → DEL,07:00,23:00,16h,1 stop,No info,13817
Air India,9/05/2019,Kolkata,Banglore,CCU → BBI → BOM → BLR,12:00,18:30 10 May,30h 30m,2 stops,No info,9626
Jet Airways,21/05/2019,Delhi,Cochin,DEL → ATQ → BOM → COK,20:00,04:25 22 May,8h 25m,2 stops,No info,16263
Jet Airways,21/03/2019,Delhi,Cochin,DEL → BOM → COK,07:05,04:25 22 Mar,21h 20m,1 stop,No info,12767
SpiceJet,24/03/2019,Kolkata,Banglore,CCU → IXB → BLR,15:55,21:15,5h 20m,1 stop,No info,10654
GoAir,6/04/2019,Banglore,Delhi,BLR → DEL,07:45,10:40,2h 55m,non-stop,No info,4632
Jet Airways,9/05/2019,Delhi,Cochin,DEL → BOM → COK,21:50,04:25 10 May,6h 35m,1 stop,No info,15554
Air India,6/06/2019,Kolkata,Banglore,CCU → JAI → BOM → BLR,08:20,07:55 07 Jun,23h 35m,2 stops,No info,10697
IndiGo,6/06/2019,Delhi,Cochin,DEL → BOM → COK,11:25,21:00,9h 35m,1 stop,No info,6093
IndiGo,15/06/2019,Banglore,Delhi,BLR → DEL,10:10,13:00,2h 50m,non-stop,No info,3943
IndiGo,6/06/2019,Chennai,Kolkata,MAA → CCU,19:35,21:55,2h 20m,non-stop,No info,3597
Jet Airways,9/06/2019,Delhi,Cochin,DEL → IDR → BOM → COK,21:25,19:00 10 Jun,21h 35m,2 stops,No info,13292
Jet Airways,06/03/2019,Banglore,New Delhi,BLR → BOM → DEL,14:05,00:45 07 Mar,10h 40m,1 stop,In-flight meal not included,13502
Jet Airways,9/05/2019,Delhi,Cochin,DEL → BOM → COK,08:00,19:00,11h,1 stop,In-flight meal not included,11399
Air India,15/06/2019,Delhi,Cochin,DEL → COK,05:10,08:00,2h 50m,non-stop,No info,5201
Jet Airways,12/05/2019,Delhi,Cochin,DEL → COK,11:00,14:15,3h 15m,non-stop,In-flight meal not included,7202
Air Asia,3/06/2019,Kolkata,Banglore,CCU → BLR,22:50,01:20 04 Jun,2h 30m,non-stop,No info,4409
Multiple carriers,15/05/2019,Delhi,Cochin,DEL → BOM → COK,07:30,19:00,11h 30m,1 stop,No info,9315
IndiGo,15/06/2019,Delhi,Cochin,DEL → BOM → COK,07:30,21:00,13h 30m,1 stop,No info,6093
Jet Airways,01/03/2019,Banglore,New Delhi,BLR → BOM → DEL,14:05,09:30 02 Mar,19h 25m,1 stop,No info,25735
Jet Airways,9/06/2019,Delhi,Cochin,DEL → BOM → COK,02:15,19:00,16h 45m,1 stop,In-flight meal not included,10262
IndiGo,27/06/2019,Delhi,Cochin,DEL → HYD → COK,07:35,16:10,8h 35m,1 stop,No info,6442
Air Asia,18/05/2019,Kolkata,Banglore,CCU → BLR,19:55,22:25,2h 30m,non-stop,No info,5989
Jet Airways,9/05/2019,Delhi,Cochin,DEL → BOM → COK,02:15,12:35,10h 20m,1 stop,No info,15851
IndiGo,09/03/2019,Banglore,New Delhi,BLR → DEL,18:55,21:45,2h 50m,non-stop,No info,6860
IndiGo,01/03/2019,Banglore,New Delhi,BLR → DEL,16:55,19:45,2h 50m,non-stop,No info,12649
Air India,18/05/2019,Kolkata,Banglore,CCU → BBI → BOM → BLR,12:00,21:50,9h 50m,2 stops,No info,10151
Jet Airways,18/05/2019,Kolkata,Banglore,CCU → BOM → BLR,20:00,23:35 19 May,27h 35m,1 stop,In-flight meal not included,10844
Air India,15/05/2019,Delhi,Cochin,DEL → HYD → MAA → COK,17:15,09:25 16 May,16h 10m,2 stops,No info,8839
Multiple carriers,27/06/2019,Delhi,Cochin,DEL → BOM → COK,09:00,19:15,10h 15m,1 stop,No info,14848
Air India,6/05/2019,Delhi,Cochin,DEL → MAA → COK,20:40,09:25 07 May,12h 45m,1 stop,No info,7480
IndiGo,6/04/2019,Kolkata,Banglore,CCU → BLR,21:25,00:05 07 Apr,2h 40m,non-stop,No info,4174
Vistara,1/06/2019,Banglore,Delhi,BLR → DEL,09:45,12:35,2h 50m,non-stop,No info,4878
Jet Airways,09/03/2019,Banglore,New Delhi,BLR → BOM → JDH → DEL,08:55,15:55,7h,2 stops,No info,23001
Multiple carriers,18/05/2019,Delhi,Cochin,DEL → HYD → COK,07:10,16:10,9h,1 stop,No info,7038
IndiGo,27/03/2019,Kolkata,Banglore,CCU → BLR,09:35,12:20,2h 45m,non-stop,No info,4148
Multiple carriers,3/06/2019,Delhi,Cochin,DEL → BOM → COK,09:15,19:00,9h 45m,1 stop,No info,11622
Jet Airways,9/05/2019,Kolkata,Banglore,CCU → BOM → BLR,20:00,04:40 10 May,8h 40m,1 stop,No info,13941
Jet Airways,15/05/2019,Kolkata,Banglore,CCU → BOM → BLR,18:55,16:20 16 May,21h 25m,1 stop,No info,14781
Jet Airways,18/05/2019,Delhi,Cochin,DEL → BOM → COK,11:30,19:00,7h 30m,1 stop,No info,15554
Jet Airways,9/03/2019,Delhi,Cochin,DEL → BOM → COK,21:50,18:50 10 Mar,21h,1 stop,No info,15764
Jet Airways,24/06/2019,Delhi,Cochin,DEL → COK,11:00,14:15,3h 15m,non-stop,No info,9564
Jet Airways,15/03/2019,Banglore,New Delhi,BLR → BOM → DEL,05:45,12:25,6h 40m,1 stop,In-flight meal not included,9134
IndiGo,3/06/2019,Kolkata,Banglore,CCU → BLR,11:30,14:05,2h 35m,non-stop,No info,4804
Air India,6/06/2019,Kolkata,Banglore,CCU → JAI → DEL → BLR,08:20,20:25,12h 5m,2 stops,No info,11432
Air India,18/05/2019,Kolkata,Banglore,CCU → BBI → BLR,12:00,13:15 19 May,25h 15m,1 stop,No info,7662
Jet Airways,12/03/2019,Banglore,New Delhi,BLR → BOM → DEL,20:35,09:30 13 Mar,12h 55m,1 stop,In-flight meal not included,11087
Jet Airways,21/03/2019,Delhi,Cochin,DEL → AMD → BOM → COK,19:10,04:25 23 Mar,33h 15m,2 stops,In-flight meal not included,8834
Jet Airways,9/06/2019,Delhi,Cochin,DEL → BOM → COK,02:15,12:35,10h 20m,1 stop,No info,18371
Jet Airways,27/06/2019,Delhi,Cochin,DEL → BOM → COK,17:30,12:35 28 Jun,19h 5m,1 stop,In-flight meal not included,10262
Jet Airways,18/05/2019,Delhi,Cochin,DEL → JAI → BOM → COK,09:40,04:25 19 May,18h 45m,2 stops,No info,15129
Air India,9/05/2019,Kolkata,Banglore,CCU → GAU → BLR,09:50,21:05,11h 15m,1 stop,No info,7452
Jet Airways,6/06/2019,Kolkata,Banglore,CCU → BOM → BLR,18:55,08:15 07 Jun,13h 20m,1 stop,No info,14571
Air India,18/05/2019,Delhi,Cochin,DEL → JDH → BOM → COK,12:55,19:15 19 May,30h 20m,2 stops,No info,13696
Air India,24/06/2019,Delhi,Cochin,DEL → AMD → BOM → COK,19:45,19:15 25 Jun,23h 30m,2 stops,No info,9443
IndiGo,15/06/2019,Delhi,Cochin,DEL → PNQ → COK,23:30,04:35 16 Jun,5h 5m,1 stop,No info,10112
IndiGo,1/06/2019,Delhi,Cochin,DEL → BOM → COK,10:35,01:30 02 Jun,14h 55m,1 stop,No info,6206
Air India,24/05/2019,Kolkata,Banglore,CCU → BBI → BOM → BLR,12:00,18:30 25 May,30h 30m,2 stops,No info,10151
IndiGo,24/04/2019,Delhi,Cochin,DEL → BOM → COK,20:25,01:30 25 Apr,5h 5m,1 stop,No info,5065
Air India,6/03/2019,Mumbai,Hyderabad,BOM → AMD → ISK → HYD,17:20,14:50,2h 30m,2 stops,No info,11972
Jet Airways,6/05/2019,Kolkata,Banglore,CCU → BOM → BLR,20:00,10:05 07 May,14h 5m,1 stop,No info,14388
Air Asia,9/05/2019,Kolkata,Banglore,CCU → BLR,22:50,01:20 10 May,2h 30m,non-stop,No info,3807
Air India,12/06/2019,Delhi,Cochin,DEL → MAA → COK,17:20,09:25 13 Jun,16h 5m,1 stop,No info,7480
Jet Airways,12/06/2019,Kolkata,Banglore,CCU → BOM → BLR,20:00,04:40 13 Jun,8h 40m,1 stop,In-flight meal not included,6959
SpiceJet,15/05/2019,Banglore,Delhi,BLR → DEL,05:55,08:35,2h 40m,non-stop,No info,3311
IndiGo,18/05/2019,Kolkata,Banglore,CCU → BLR,17:15,19:50,2h 35m,non-stop,No info,4804
IndiGo,6/03/2019,Delhi,Cochin,DEL → BOM → COK,16:00,21:00,5h,1 stop,No info,7725
Jet Airways,15/06/2019,Mumbai,Hyderabad,BOM → HYD,19:35,21:05,1h 30m,non-stop,No info,5678
Multiple carriers,27/06/2019,Delhi,Cochin,DEL → BOM → COK,11:30,01:30 28 Jun,14h,1 stop,No info,13377
SpiceJet,3/04/2019,Mumbai,Hyderabad,BOM → HYD,05:45,07:15,1h 30m,non-stop,No info,2017
Jet Airways,27/03/2019,Delhi,Cochin,DEL → BOM → COK,18:15,04:25 28 Mar,10h 10m,1 stop,No info,12242
Multiple carriers,6/06/2019,Delhi,Cochin,DEL → BOM → COK,11:25,19:15,7h 50m,1 stop,No info,7354
Jet Airways,9/06/2019,Delhi,Cochin,DEL → NAG → BOM → COK,06:45,12:35 10 Jun,29h 50m,2 stops,No info,13376
IndiGo,18/05/2019,Delhi,Cochin,DEL → COK,14:25,17:40,3h 15m,non-stop,No info,6015
Jet Airways,21/03/2019,Banglore,New Delhi,BLR → BOM → DEL,05:45,16:10,10h 25m,1 stop,In-flight meal not included,7832
IndiGo,09/03/2019,Banglore,New Delhi,BLR → DEL,01:30,04:15,2h 45m,non-stop,No info,6860
Jet Airways,9/05/2019,Kolkata,Banglore,CCU → BOM → BLR,06:30,19:50,13h 20m,1 stop,No info,14781
Multiple carriers,27/05/2019,Delhi,Cochin,DEL → BOM → COK,13:00,19:15,6h 15m,1 stop,No info,15898
Multiple carriers,27/06/2019,Delhi,Cochin,DEL → BOM → COK,11:25,19:15,7h 50m,1 stop,No info,7155
IndiGo,01/03/2019,Banglore,New Delhi,BLR → HYD → DEL,07:30,12:20,4h 50m,1 stop,No info,8110
Multiple carriers,9/06/2019,Delhi,Cochin,DEL → BOM → COK,11:25,19:00,7h 35m,1 stop,No info,11200
Jet Airways,12/06/2019,Delhi,Cochin,DEL → NAG → BOM → COK,14:35,04:25 13 Jun,13h 50m,2 stops,In-flight meal not included,10919
IndiGo,3/03/2019,Chennai,Kolkata,MAA → CCU,13:20,15:35,2h 15m,non-stop,No info,7295
IndiGo,1/06/2019,Delhi,Cochin,DEL → HYD → COK,14:20,22:30,8h 10m,1 stop,No info,6938
Air India,21/03/2019,Delhi,Cochin,DEL → COK,05:10,08:00,2h 50m,non-stop,No info,5674
Multiple carriers,21/05/2019,Delhi,Cochin,DEL → BOM → COK,07:05,19:15,12h 10m,1 stop,In-flight meal not included,10711
Jet Airways,24/05/2019,Kolkata,Banglore,CCU → BOM → BLR,18:55,22:35 25 May,27h 40m,1 stop,In-flight meal not included,10844
Jet Airways,15/05/2019,Kolkata,Banglore,CCU → DEL → BLR,20:25,14:25 16 May,18h,1 stop,In-flight meal not included,9314
IndiGo,6/04/2019,Banglore,Delhi,BLR → DEL,20:00,22:50,2h 50m,non-stop,No info,4823
Jet Airways,1/06/2019,Delhi,Cochin,DEL → JAI → BOM → COK,09:40,19:00,9h 20m,2 stops,In-flight meal not included,10368
Jet Airways,21/05/2019,Kolkata,Banglore,CCU → DEL → BLR,17:00,10:55 22 May,17h 55m,1 stop,No info,14151
Jet Airways,12/06/2019,Kolkata,Banglore,CCU → BOM → BLR,21:10,09:20 13 Jun,12h 10m,1 stop,No info,13044
SpiceJet,24/06/2019,Mumbai,Hyderabad,BOM → HYD,13:15,14:45,1h 30m,non-stop,No check-in baggage included,1965
IndiGo,9/03/2019,Delhi,Cochin,DEL → BLR → COK,02:00,07:45,5h 45m,1 stop,No info,7060
Jet Airways,27/05/2019,Banglore,Delhi,BLR → DEL,17:45,20:45,3h,non-stop,No info,7229
IndiGo,3/06/2019,Delhi,Cochin,DEL → BOM → COK,11:25,01:30 04 Jun,14h 5m,1 stop,No info,5883
SpiceJet,27/05/2019,Mumbai,Hyderabad,BOM → HYD,05:45,07:15,1h 30m,non-stop,No info,2017
IndiGo,15/06/2019,Chennai,Kolkata,MAA → CCU,05:15,07:40,2h 25m,non-stop,No info,3540
Jet Airways,12/06/2019,Kolkata,Banglore,CCU → BOM → BLR,20:00,08:15 13 Jun,12h 15m,1 stop,In-flight meal not included,8529
SpiceJet,1/05/2019,Chennai,Kolkata,MAA → CCU,17:45,20:05,2h 20m,non-stop,No check-in baggage included,3543
Jet Airways,24/03/2019,Kolkata,Banglore,CCU → BOM → BLR,18:55,18:10 25 Mar,23h 15m,1 stop,In-flight meal not included,11134
IndiGo,6/03/2019,Delhi,Cochin,DEL → HYD → MAA → COK,11:55,21:20,9h 25m,2 stops,No info,6610
Multiple carriers,24/05/2019,Delhi,Cochin,DEL → BOM → COK,19:00,01:30 25 May,6h 30m,1 stop,No info,8283
Air India,9/05/2019,Delhi,Cochin,DEL → JAI → BOM → COK,12:00,07:40 10 May,19h 40m,2 stops,No info,9968
Multiple carriers,12/06/2019,Delhi,Cochin,DEL → BOM → COK,11:30,21:00,9h 30m,1 stop,No info,13587
IndiGo,1/06/2019,Mumbai,Hyderabad,BOM → HYD,02:35,04:05,1h 30m,non-stop,No info,3175
SpiceJet,9/05/2019,Chennai,Kolkata,MAA → CCU,09:45,12:00,2h 15m,non-stop,No info,3597
Multiple carriers,27/05/2019,Delhi,Cochin,DEL → BOM → COK,11:30,01:30 28 May,14h,1 stop,In-flight meal not included,6733
IndiGo,21/03/2019,Delhi,Cochin,DEL → BOM → COK,11:30,21:00,9h 30m,1 stop,No info,6838
Jet Airways,21/03/2019,Mumbai,Hyderabad,BOM → HYD,07:10,08:35,1h 25m,non-stop,In-flight meal not included,4160
IndiGo,3/05/2019,Chennai,Kolkata,MAA → CCU,14:45,17:05,2h 20m,non-stop,No info,3858
Jet Airways,1/05/2019,Mumbai,Hyderabad,BOM → HYD,07:05,08:30,1h 25m,non-stop,No info,8040
IndiGo,6/06/2019,Banglore,Delhi,BLR → DEL,21:15,00:15 07 Jun,3h,non-stop,No info,3943
SpiceJet,15/06/2019,Kolkata,Banglore,CCU → BLR,06:55,09:30,2h 35m,non-stop,No info,3873
Air India,18/05/2019,Kolkata,Banglore,CCU → BOM → BLR,09:25,07:55 19 May,22h 30m,1 stop,No info,8366
Air India,18/05/2019,Kolkata,Banglore,CCU → JAI → BOM → BLR,08:20,21:50,13h 30m,2 stops,No info,10697
Jet Airways,27/05/2019,Banglore,Delhi,BLR → DEL,07:10,10:10,3h,non-stop,In-flight meal not included,4030
SpiceJet,21/06/2019,Chennai,Kolkata,MAA → CCU,17:45,20:05,2h 20m,non-stop,No info,3597
Air India,24/06/2019,Delhi,Cochin,DEL → JAI → BOM → COK,12:00,19:15,7h 15m,2 stops,No info,9548
Multiple carriers,15/05/2019,Delhi,Cochin,DEL → BOM → COK,18:00,01:30 16 May,7h 30m,1 stop,No info,8073
Jet Airways,1/06/2019,Delhi,Cochin,DEL → BOM → COK,11:30,12:35 02 Jun,25h 5m,1 stop,In-flight meal not included,10262
Air India,27/03/2019,Delhi,Cochin,DEL → UDR → BOM → COK,13:20,07:40 28 Mar,18h 20m,2 stops,No info,10178
Air India,27/05/2019,Delhi,Cochin,DEL → COK,18:05,21:10,3h 5m,non-stop,No info,6094
Multiple carriers,27/05/2019,Delhi,Cochin,DEL → BOM → COK,13:00,01:30 28 May,12h 30m,1 stop,No info,13377
Jet Airways,6/06/2019,Kolkata,Banglore,CCU → DEL → BLR,17:00,09:45 07 Jun,16h 45m,1 stop,No info,12692
SpiceJet,18/04/2019,Banglore,Delhi,BLR → DEL,21:10,00:05 19 Apr,2h 55m,non-stop,No info,5621
Multiple carriers,27/06/2019,Delhi,Cochin,DEL → HYD → COK,09:45,16:10,6h 25m,1 stop,No info,9646
Jet Airways,27/03/2019,Delhi,Cochin,DEL → AMD → BOM → COK,19:10,19:45 28 Mar,24h 35m,2 stops,In-flight meal not included,8834
Air Asia,18/05/2019,Kolkata,Banglore,CCU → BBI → BLR,06:50,10:30,3h 40m,1 stop,No info,6857
Air India,18/03/2019,Kolkata,Banglore,CCU → BLR,14:15,16:45,2h 30m,non-stop,No info,5170
Jet Airways,15/03/2019,Banglore,New Delhi,BLR → MAA → DEL,09:45,15:55,6h 10m,1 stop,In-flight meal not included,7280
Jet Airways,9/03/2019,Mumbai,Hyderabad,BOM → HYD,06:30,08:00,1h 30m,non-stop,No info,8040
Air India,6/06/2019,Delhi,Cochin,DEL → HYD → BOM → COK,17:15,19:15 07 Jun,26h,2 stops,No info,12777
Jet Airways,1/05/2019,Kolkata,Banglore,CCU → BOM → BLR,21:10,10:05 02 May,12h 55m,1 stop,In-flight meal not included,10844
Air India,1/06/2019,Delhi,Cochin,DEL → BOM → COK,19:00,19:15 02 Jun,24h 15m,1 stop,No info,8792
Air Asia,27/06/2019,Banglore,Delhi,BLR → DEL,23:55,02:45 28 Jun,2h 50m,non-stop,No info,3383
Jet Airways,21/05/2019,Delhi,Cochin,DEL → AMD → BOM → COK,23:05,04:25 23 May,29h 20m,2 stops,No info,15129
Multiple carriers,6/03/2019,Delhi,Cochin,DEL → BOM → COK,09:00,15:30,6h 30m,1 stop,No info,15078
Jet Airways,27/03/2019,Delhi,Cochin,DEL → BOM → COK,16:00,19:45 28 Mar,27h 45m,1 stop,In-flight meal not included,5963
Jet Airways,9/03/2019,Delhi,Cochin,DEL → IDR → BOM → COK,05:25,04:25 10 Mar,23h,2 stops,No info,16914
Jet Airways,9/06/2019,Kolkata,Banglore,CCU → BOM → BLR,16:30,04:40 10 Jun,12h 10m,1 stop,No info,13731
Jet Airways,1/04/2019,Kolkata,Banglore,CCU → BOM → BLR,21:10,08:15 02 Apr,11h 5m,1 stop,No info,13364
Jet Airways,15/05/2019,Kolkata,Banglore,CCU → DEL → BLR,20:25,14:25 16 May,18h,1 stop,No info,11467
Multiple carriers,3/06/2019,Delhi,Cochin,DEL → BOM → COK,13:00,21:00,8h,1 stop,No info,7408
SpiceJet,9/04/2019,Banglore,Delhi,BLR → DEL,09:30,12:20,2h 50m,non-stop,No info,4423
Multiple carriers,24/06/2019,Delhi,Cochin,DEL → BOM → COK,11:25,19:00,7h 35m,1 stop,No info,10678
Jet Airways,24/03/2019,Banglore,New Delhi,BLR → DEL,02:00,04:45,2h 45m,non-stop,No info,7229
Jet Airways,6/06/2019,Kolkata,Banglore,CCU → BOM → BLR,14:05,23:35,9h 30m,1 stop,No info,14571
Vistara,6/03/2019,Mumbai,Hyderabad,BOM → DEL → HYD,20:55,22:55 07 Mar,26h,1 stop,No info,12395
IndiGo,15/04/2019,Banglore,Delhi,BLR → DEL,08:30,11:20,2h 50m,non-stop,No info,4823
Jet Airways,6/05/2019,Kolkata,Banglore,CCU → DEL → BLR,17:00,18:00 07 May,25h,1 stop,No info,11467
Jet Airways,6/06/2019,Kolkata,Banglore,CCU → BOM → BLR,18:55,20:45 07 Jun,25h 50m,1 stop,In-flight meal not included,10844
IndiGo,24/03/2019,Banglore,New Delhi,BLR → DEL,16:55,19:45,2h 50m,non-stop,No info,7303
Air India,3/03/2019,Delhi,Cochin,DEL → HYD → BOM → COK,21:30,19:15 04 Mar,21h 45m,2 stops,No info,12287
GoAir,3/06/2019,Delhi,Cochin,DEL → BOM → COK,07:00,12:55,5h 55m,1 stop,No info,4959
Jet Airways,24/05/2019,Kolkata,Banglore,CCU → BOM → BLR,16:30,22:35,6h 5m,1 stop,No info,14571
GoAir,9/06/2019,Delhi,Cochin,DEL → HYD → COK,05:55,13:35,7h 40m,1 stop,No info,5199
Jet Airways,24/03/2019,Mumbai,Hyderabad,BOM → HYD,15:50,17:20,1h 30m,non-stop,No info,5678
Jet Airways,12/03/2019,Banglore,New Delhi,BLR → BOM → DEL,18:55,18:25 13 Mar,23h 30m,1 stop,In-flight meal not included,11087
Jet Airways,18/05/2019,Kolkata,Banglore,CCU → BOM → BLR,08:25,09:20 19 May,24h 55m,1 stop,In-flight meal not included,9663
Multiple carriers,6/03/2019,Delhi,Cochin,DEL → BOM → COK,08:00,21:00,13h,1 stop,No info,15078
IndiGo,15/05/2019,Delhi,Cochin,DEL → BOM → COK,06:40,21:00,14h 20m,1 stop,No info,7191
Air India,12/05/2019,Mumbai,Hyderabad,BOM → HYD,06:20,07:40,1h 20m,non-stop,No info,3100
IndiGo,1/06/2019,Delhi,Cochin,DEL → BOM → COK,04:55,21:00,16h 5m,1 stop,No info,6314
Multiple carriers,1/03/2019,Delhi,Cochin,DEL → BOM → COK,00:20,15:30,15h 10m,1 stop,No info,23170
Jet Airways,1/06/2019,Delhi,Cochin,DEL → IDR → BOM → COK,09:35,04:25 02 Jun,18h 50m,2 stops,No info,13292
IndiGo,12/05/2019,Banglore,Delhi,BLR → DEL,22:10,01:00 13 May,2h 50m,non-stop,No info,4284
Jet Airways,27/05/2019,Banglore,Delhi,BLR → DEL,06:00,08:45,2h 45m,non-stop,No info,7229
Multiple carriers,3/06/2019,Delhi,Cochin,DEL → BOM → COK,08:45,19:15,10h 30m,1 stop,No info,9001
Air India,18/05/2019,Delhi,Cochin,DEL → GOI → BOM → COK,10:55,19:15,8h 20m,2 stops,No info,13486
Jet Airways,15/06/2019,Delhi,Cochin,DEL → JAI → BOM → COK,09:40,12:35 16 Jun,26h 55m,2 stops,No info,13014
Vistara,1/05/2019,Kolkata,Banglore,CCU → DEL → BLR,17:00,20:20 02 May,27h 20m,1 stop,No info,8610
Jet Airways,15/05/2019,Kolkata,Banglore,CCU → DEL → BLR,09:35,22:05,12h 30m,1 stop,In-flight meal not included,10703
Jet Airways,9/06/2019,Kolkata,Banglore,CCU → BOM → BLR,21:10,08:15 10 Jun,11h 5m,1 stop,In-flight meal not included,11841
Air India,9/06/2019,Kolkata,Banglore,CCU → BOM → COK → BLR,16:50,13:45 10 Jun,20h 55m,2 stops,No info,11752
Jet Airways,18/05/2019,Delhi,Cochin,DEL → BOM → COK,19:15,04:25 19 May,9h 10m,1 stop,In-flight meal not included,12373
Air India,18/05/2019,Delhi,Cochin,DEL → GOI → BOM → COK,22:00,19:15 19 May,21h 15m,2 stops,No info,10441
Jet Airways,15/05/2019,Delhi,Cochin,DEL → BOM → COK,02:15,12:35,10h 20m,1 stop,In-flight meal not included,12373
Jet Airways,6/04/2019,Banglore,Delhi,BLR → DEL,18:55,22:00,3h 5m,non-stop,No info,7229
SpiceJet,18/04/2019,Banglore,Delhi,BLR → DEL,21:10,00:05 19 Apr,2h 55m,non-stop,No check-in baggage included,5515
Jet Airways,1/05/2019,Delhi,Cochin,DEL → JAI → BOM → COK,05:30,04:25 02 May,22h 55m,2 stops,No info,15129
SpiceJet,1/06/2019,Kolkata,Banglore,CCU → BLR,22:20,00:40 02 Jun,2h 20m,non-stop,No check-in baggage included,3841
Air India,27/06/2019,Delhi,Cochin,DEL → GOI → BOM → COK,22:00,19:15 28 Jun,21h 15m,2 stops,No info,10441
Jet Airways,12/03/2019,Banglore,New Delhi,BLR → BOM → DEL,18:55,13:15 13 Mar,18h 20m,1 stop,In-flight meal not included,11087
Vistara,24/06/2019,Delhi,Cochin,DEL → COK,14:40,17:50,3h 10m,non-stop,No info,6216
Air India,1/05/2019,Kolkata,Banglore,CCU → HYD → BLR,19:00,04:40 02 May,9h 40m,1 stop,No info,6117
Jet Airways,15/05/2019,Banglore,Delhi,BLR → DEL,15:15,18:10,2h 55m,non-stop,No info,7229
Air India,21/03/2019,Delhi,Cochin,DEL → BOM → COK,07:00,19:15,12h 15m,1 stop,No info,7934
Air Asia,3/06/2019,Kolkata,Banglore,CCU → BLR,10:20,12:55,2h 35m,non-stop,No info,4409
Jet Airways,9/06/2019,Delhi,Cochin,DEL → BOM → COK,14:00,19:00,5h,1 stop,No info,14714
IndiGo,1/05/2019,Chennai,Kolkata,MAA → CCU,13:15,15:35,2h 20m,non-stop,No info,3597
Jet Airways,24/06/2019,Delhi,Cochin,DEL → BOM → COK,02:15,12:35,10h 20m,1 stop,In-flight meal not included,10262
Jet Airways,1/05/2019,Mumbai,Hyderabad,BOM → HYD,07:05,08:30,1h 25m,non-stop,In-flight meal not included,4995
Jet Airways,3/03/2019,Delhi,Cochin,DEL → BHO → BOM → COK,05:40,18:50 04 Mar,37h 10m,2 stops,No info,21314
Jet Airways,15/03/2019,Mumbai,Hyderabad,BOM → HYD,15:50,17:20,1h 30m,non-stop,In-flight meal not included,2470
Jet Airways,15/05/2019,Mumbai,Hyderabad,BOM → HYD,02:55,04:20,1h 25m,non-stop,In-flight meal not included,3210
Air Asia,18/04/2019,Kolkata,Banglore,CCU → BLR,22:50,01:20 19 Apr,2h 30m,non-stop,No info,4409
Jet Airways,24/06/2019,Delhi,Cochin,DEL → CCU → BOM → COK,17:35,19:00 25 Jun,25h 25m,2 stops,No info,13922
Air India,6/05/2019,Mumbai,Hyderabad,BOM → HYD,06:20,07:40,1h 20m,non-stop,No info,3625
Multiple carriers,21/05/2019,Delhi,Cochin,DEL → BOM → COK,11:25,19:00,7h 35m,1 stop,No info,9103
IndiGo,21/04/2019,Banglore,Delhi,BLR → DEL,00:30,03:25,2h 55m,non-stop,No info,3943
SpiceJet,24/04/2019,Kolkata,Banglore,CCU → BLR,22:20,00:40 25 Apr,2h 20m,non-stop,No check-in baggage included,3841
Multiple carriers,27/05/2019,Delhi,Cochin,DEL → BOM → COK,11:25,19:00,7h 35m,1 stop,No info,9103
Air India,6/06/2019,Kolkata,Banglore,CCU → BBI → BOM → BLR,12:00,18:30 07 Jun,30h 30m,2 stops,No info,9626
Jet Airways,1/05/2019,Kolkata,Banglore,CCU → DEL → BLR,09:35,19:10,9h 35m,1 stop,In-flight meal not included,9314
Vistara,24/03/2019,Kolkata,Banglore,CCU → DEL → BLR,07:10,10:50 25 Mar,27h 40m,1 stop,No info,11262
Jet Airways,3/06/2019,Delhi,Cochin,DEL → BOM → COK,14:00,12:35 04 Jun,22h 35m,1 stop,In-flight meal not included,10262
Jet Airways,18/05/2019,Delhi,Cochin,DEL → BOM → COK,17:30,12:35 19 May,19h 5m,1 stop,In-flight meal not included,12373
IndiGo,9/05/2019,Delhi,Cochin,DEL → BOM → COK,09:15,01:30 10 May,16h 15m,1 stop,No info,8854
Jet Airways,6/05/2019,Kolkata,Banglore,CCU → DEL → BLR,20:25,15:05 07 May,18h 40m,1 stop,No info,13067
IndiGo,27/06/2019,Banglore,Delhi,BLR → DEL,18:55,21:50,2h 55m,non-stop,No info,4990
Jet Airways,24/05/2019,Mumbai,Hyderabad,BOM → HYD,10:20,11:50,1h 30m,non-stop,In-flight meal not included,4995
Jet Airways,1/04/2019,Kolkata,Banglore,CCU → BOM → BLR,16:30,23:35,7h 5m,1 stop,In-flight meal not included,7064
Jet Airways,27/03/2019,Delhi,Cochin,DEL → BOM → COK,19:45,04:25 28 Mar,8h 40m,1 stop,No info,12242
SpiceJet,24/05/2019,Chennai,Kolkata,MAA → CCU,09:45,12:00,2h 15m,non-stop,No check-in baggage included,3543
Air India,01/03/2019,Banglore,New Delhi,BLR → DEL,21:10,23:55,2h 45m,non-stop,No info,25703
Jet Airways,18/05/2019,Delhi,Cochin,DEL → JAI → BOM → COK,09:40,12:35 19 May,26h 55m,2 stops,No info,15129
Jet Airways,9/06/2019,Delhi,Cochin,DEL → JAI → BOM → COK,09:40,04:25 10 Jun,18h 45m,2 stops,In-flight meal not included,10368
Jet Airways,6/05/2019,Kolkata,Banglore,CCU → BOM → BLR,14:05,12:00 07 May,21h 55m,1 stop,No info,14388
Jet Airways,9/05/2019,Kolkata,Banglore,CCU → DEL → BLR,20:25,21:05 10 May,24h 40m,1 stop,No info,13067
Air India,15/05/2019,Kolkata,Banglore,CCU → MAA → BLR,14:35,14:35 16 May,24h,1 stop,No info,6528
Air India,6/03/2019,Delhi,Cochin,DEL → MAA → COK,06:05,09:25 07 Mar,27h 20m,1 stop,No info,12677
Jet Airways,6/03/2019,Mumbai,Hyderabad,BOM → DEL → HYD,20:45,16:50 07 Mar,20h 5m,1 stop,No info,19595
Jet Airways,15/05/2019,Kolkata,Banglore,CCU → DEL → BLR,09:35,19:10,9h 35m,1 stop,No info,13067
Air India,24/04/2019,Banglore,Delhi,BLR → DEL,13:20,16:10,2h 50m,non-stop,No info,6121
IndiGo,9/04/2019,Banglore,Delhi,BLR → DEL,22:10,01:00 10 Apr,2h 50m,non-stop,No info,3943
SpiceJet,6/06/2019,Kolkata,Banglore,CCU → IXB → BLR,15:55,21:25,5h 30m,1 stop,No info,8224
Multiple carriers,12/06/2019,Delhi,Cochin,DEL → BOM → COK,07:05,21:00,13h 55m,1 stop,In-flight meal not included,10406
Jet Airways,27/04/2019,Banglore,Delhi,BLR → DEL,18:55,22:00,3h 5m,non-stop,In-flight meal not included,4544
Jet Airways,3/06/2019,Delhi,Cochin,DEL → BOM → COK,07:05,19:00,11h 55m,1 stop,In-flight meal not included,10577
Air India,12/03/2019,Banglore,New Delhi,BLR → BOM → BHO → DEL,06:45,09:25 13 Mar,26h 40m,2 stops,No info,12515
Air India,24/04/2019,Banglore,Delhi,BLR → DEL,10:00,12:45,2h 45m,non-stop,No info,6121
Multiple carriers,9/05/2019,Delhi,Cochin,DEL → BOM → COK,07:30,21:00,13h 30m,1 stop,No info,7670
Jet Airways,12/03/2019,Banglore,New Delhi,BLR → BOM → DEL,22:55,10:45 13 Mar,11h 50m,1 stop,No info,13817
IndiGo,9/05/2019,Kolkata,Banglore,CCU → BLR,04:40,07:15,2h 35m,non-stop,No info,4804
IndiGo,24/04/2019,Delhi,Cochin,DEL → HYD → COK,05:05,16:10,11h 5m,1 stop,No info,6171
Vistara,12/06/2019,Kolkata,Banglore,CCU → DEL → BLR,07:10,09:05 13 Jun,25h 55m,1 stop,No info,7927
IndiGo,6/03/2019,Delhi,Cochin,DEL → BLR → COK,05:05,10:05,5h,1 stop,No info,7894
IndiGo,21/05/2019,Delhi,Cochin,DEL → BLR → COK,17:05,22:15,5h 10m,1 stop,No info,6147
IndiGo,3/03/2019,Chennai,Kolkata,MAA → CCU,07:55,10:15,2h 20m,non-stop,No info,7295
IndiGo,1/04/2019,Banglore,Delhi,BLR → DEL,04:00,06:50,2h 50m,non-stop,No info,3943
Air Asia,21/04/2019,Delhi,Cochin,DEL → BLR → COK,07:55,13:25,5h 30m,1 stop,No info,7452
Jet Airways,24/06/2019,Delhi,Cochin,DEL → ATQ → BOM → COK,18:20,04:25 25 Jun,10h 5m,2 stops,No info,13775
Vistara,24/04/2019,Banglore,Delhi,BLR → DEL,07:00,09:40,2h 40m,non-stop,No info,5403
Jet Airways,3/06/2019,Delhi,Cochin,DEL → BOM → COK,13:00,19:00,6h,1 stop,In-flight meal not included,10262
Jet Airways,18/05/2019,Kolkata,Banglore,CCU → BOM → BLR,08:25,18:15,9h 50m,1 stop,In-flight meal not included,10844
IndiGo,9/03/2019,Kolkata,Banglore,CCU → BLR,21:25,00:05 10 Mar,2h 40m,non-stop,No info,4148
SpiceJet,15/03/2019,Banglore,New Delhi,BLR → HYD → DEL,15:35,23:40,8h 5m,1 stop,No info,5822
Jet Airways,12/06/2019,Mumbai,Hyderabad,BOM → HYD,07:05,08:30,1h 25m,non-stop,In-flight meal not included,4995
IndiGo,1/06/2019,Delhi,Cochin,DEL → HYD → COK,08:35,22:30,13h 55m,1 stop,No info,6442
IndiGo,21/03/2019,Banglore,New Delhi,BLR → DEL,10:10,13:00,2h 50m,non-stop,No info,4777
SpiceJet,21/05/2019,Mumbai,Hyderabad,BOM → HYD,05:45,07:15,1h 30m,non-stop,No info,2017
IndiGo,24/06/2019,Delhi,Cochin,DEL → MAA → COK,07:15,12:30,5h 15m,1 stop,No info,6582
IndiGo,9/03/2019,Mumbai,Hyderabad,BOM → HYD,02:30,04:00,1h 30m,non-stop,No info,4784
Jet Airways,9/05/2019,Kolkata,Banglore,CCU → BOM → BLR,06:30,19:50,13h 20m,1 stop,In-flight meal not included,10844
Jet Airways,27/03/2019,Delhi,Cochin,DEL → MAA → BOM → COK,05:10,18:50,13h 40m,2 stops,In-flight meal not included,8728
Jet Airways,3/06/2019,Delhi,Cochin,DEL → JAI → BOM → COK,19:30,12:35 04 Jun,17h 5m,2 stops,In-flight meal not included,10368
Jet Airways,21/03/2019,Delhi,Cochin,DEL → BOM → COK,15:00,18:50 22 Mar,27h 50m,1 stop,No info,12767
Air India,21/05/2019,Delhi,Cochin,DEL → HYD → BOM → COK,17:15,19:15 22 May,26h,2 stops,No info,11989
Multiple carriers,9/03/2019,Delhi,Cochin,DEL → IDR → BOM → COK,15:05,01:35 10 Mar,10h 30m,2 stops,No info,34608
Vistara,3/05/2019,Banglore,Delhi,BLR → DEL,11:30,14:20,2h 50m,non-stop,No info,4668
Air India,27/06/2019,Delhi,Cochin,DEL → AMD → BOM → COK,16:40,19:15 28 Jun,26h 35m,2 stops,No info,9653
Jet Airways,6/06/2019,Kolkata,Banglore,CCU → DEL → BLR,17:00,23:35,6h 35m,1 stop,No info,14151
Air India,3/06/2019,Delhi,Cochin,DEL → AMD → BOM → COK,19:45,19:15 04 Jun,23h 30m,2 stops,No info,10441
Multiple carriers,24/06/2019,Delhi,Cochin,DEL → HYD → COK,13:15,22:30,9h 15m,1 stop,No info,8018
IndiGo,21/04/2019,Banglore,Delhi,BLR → DEL,04:00,06:50,2h 50m,non-stop,No info,4423
IndiGo,12/04/2019,Banglore,Delhi,BLR → DEL,16:55,19:55,3h,non-stop,No info,4990
Air India,24/06/2019,Delhi,Cochin,DEL → COK,18:05,21:10,3h 5m,non-stop,No info,5201
Jet Airways,18/05/2019,Kolkata,Banglore,CCU → BOM → BLR,05:45,09:20 19 May,27h 35m,1 stop,No info,14388
Vistara,15/06/2019,Banglore,Delhi,BLR → DEL,09:45,12:35,2h 50m,non-stop,No info,4878
Jet Airways,15/05/2019,Kolkata,Banglore,CCU → BOM → BLR,16:30,18:15 16 May,25h 45m,1 stop,In-flight meal not included,10844
Jet Airways,18/05/2019,Banglore,Delhi,BLR → DEL,15:15,18:10,2h 55m,non-stop,In-flight meal not included,4544
GoAir,15/03/2019,Banglore,New Delhi,BLR → DEL,07:45,10:40,2h 55m,non-stop,No info,5706
Air Asia,27/04/2019,Delhi,Cochin,DEL → BLR → COK,16:45,22:25,5h 40m,1 stop,No info,6451
Jet Airways,09/03/2019,Banglore,New Delhi,BLR → BDQ → DEL,05:50,15:00,9h 10m,1 stop,In-flight meal not included,10037
Jet Airways,27/06/2019,Delhi,Cochin,DEL → AMD → BOM → COK,19:10,12:35 28 Jun,17h 25m,2 stops,In-flight meal not included,11150
IndiGo,01/03/2019,Banglore,New Delhi,BLR → DEL,13:00,15:50,2h 50m,non-stop,No info,19685
Air India,09/03/2019,Banglore,New Delhi,BLR → COK → DEL,22:00,23:20 13 Mar,25h 20m,1 stop,No info,8425
Jet Airways,01/03/2019,Banglore,New Delhi,BLR → BOM → DEL,08:55,05:05 02 Mar,20h 10m,1 stop,1 Long layover,26890
Jet Airways,6/06/2019,Kolkata,Banglore,CCU → BOM → BLR,08:25,20:45,12h 20m,1 stop,In-flight meal not included,10844
Jet Airways,06/03/2019,Banglore,New Delhi,BLR → BOM → DEL,07:00,12:25,5h 25m,1 stop,No info,22270
Jet Airways,18/03/2019,Banglore,New Delhi,BLR → BOM → DEL,07:00,16:10,9h 10m,1 stop,No info,12284
Multiple carriers,27/05/2019,Delhi,Cochin,DEL → BOM → COK,12:50,01:30 28 May,12h 40m,1 stop,No info,6795
Jet Airways,24/03/2019,Kolkata,Banglore,CCU → BOM → BLR,13:55,16:20 25 Mar,26h 25m,1 stop,In-flight meal not included,10031
Jet Airways,9/06/2019,Kolkata,Banglore,CCU → BOM → BLR,14:05,19:50,5h 45m,1 stop,In-flight meal not included,10844
Jet Airways,3/06/2019,Delhi,Cochin,DEL → BOM → COK,20:55,12:35 04 Jun,15h 40m,1 stop,No info,14714
Jet Airways,15/06/2019,Delhi,Cochin,DEL → JAI → BOM → COK,09:40,04:25 16 Jun,18h 45m,2 stops,In-flight meal not included,10368
Air India,3/06/2019,Delhi,Cochin,DEL → BLR → COK,09:45,23:00,13h 15m,1 stop,No info,8907
Jet Airways,27/05/2019,Delhi,Cochin,DEL → AMD → BOM → COK,19:10,19:00 28 May,23h 50m,2 stops,No info,15129
IndiGo,21/03/2019,Banglore,New Delhi,BLR → IDR → DEL,13:40,18:35,4h 55m,1 stop,No info,7166
Multiple carriers,27/06/2019,Delhi,Cochin,DEL → BOM → COK,17:30,01:30 28 Jun,8h,1 stop,No info,13377
Air India,24/03/2019,Banglore,New Delhi,BLR → HYD → VGA → DEL,17:00,22:55 19 Mar,29h 55m,2 stops,No info,8114
SpiceJet,24/06/2019,Delhi,Cochin,DEL → MAA → COK,06:05,11:20,5h 15m,1 stop,No info,5583
Jet Airways,12/03/2019,Banglore,New Delhi,BLR → BOM → DEL,16:55,08:15 13 Mar,15h 20m,1 stop,No info,13817
Air India,9/06/2019,Kolkata,Banglore,CCU → GAU → IMF → DEL → BLR,09:50,23:15,13h 25m,3 stops,No info,14960
Multiple carriers,6/06/2019,Delhi,Cochin,DEL → BOM → COK,08:30,19:15,10h 45m,1 stop,No info,7677
SpiceJet,9/06/2019,Delhi,Cochin,DEL → MAA → COK,15:45,22:05,6h 20m,1 stop,No info,6297
Jet Airways,6/04/2019,Banglore,Delhi,BLR → DEL,19:50,22:50,3h,non-stop,In-flight meal not included,4544
IndiGo,9/04/2019,Kolkata,Banglore,CCU → HYD → BLR,19:20,23:45,4h 25m,1 stop,No info,3574
Jet Airways,9/05/2019,Kolkata,Banglore,CCU → DEL → BLR,20:25,14:25 10 May,18h,1 stop,No info,11467
IndiGo,01/03/2019,Banglore,New Delhi,BLR → DEL,18:25,21:20,2h 55m,non-stop,No info,12649
Jet Airways,1/05/2019,Kolkata,Banglore,CCU → BOM → BLR,06:30,16:20,9h 50m,1 stop,No info,14781
Air India,12/06/2019,Kolkata,Banglore,CCU → BBI → BLR,09:10,13:15,4h 5m,1 stop,No info,8996
Air India,27/03/2019,Delhi,Cochin,DEL → MAA → COK,17:20,09:25 28 Mar,16h 5m,1 stop,No info,5117
SpiceJet,9/05/2019,Delhi,Cochin,DEL → BLR → COK,17:55,22:50,4h 55m,1 stop,No info,5975
IndiGo,15/05/2019,Mumbai,Hyderabad,BOM → HYD,06:25,07:55,1h 30m,non-stop,No info,4049
Jet Airways,15/05/2019,Kolkata,Banglore,CCU → BOM → BLR,18:55,16:20 16 May,21h 25m,1 stop,In-flight meal not included,10844
Jet Airways,21/03/2019,Mumbai,Hyderabad,BOM → HYD,10:20,11:50,1h 30m,non-stop,No info,8040
Jet Airways,15/03/2019,Mumbai,Hyderabad,BOM → HYD,07:10,08:35,1h 25m,non-stop,No info,8040
Air India,9/05/2019,Delhi,Cochin,DEL → COK,18:05,21:10,3h 5m,non-stop,No info,6094
Air India,15/06/2019,Delhi,Cochin,DEL → BOM → COK,09:00,19:15,10h 15m,1 stop,No info,10454
Jet Airways,9/03/2019,Delhi,Cochin,DEL → BOM → COK,19:15,04:25 10 Mar,9h 10m,1 stop,No info,16289
Jet Airways,9/06/2019,Kolkata,Banglore,CCU → BOM → BLR,18:55,16:20 10 Jun,21h 25m,1 stop,No info,14571
Multiple carriers,1/06/2019,Delhi,Cochin,DEL → BOM → COK,04:55,19:00,14h 5m,1 stop,No info,11098
Multiple carriers,27/05/2019,Delhi,Cochin,DEL → BOM → COK,17:30,01:30 28 May,8h,1 stop,No info,13377
Jet Airways,9/05/2019,Delhi,Cochin,DEL → AMD → BOM → COK,23:05,19:00 10 May,19h 55m,2 stops,No info,15129
IndiGo,6/03/2019,Delhi,Cochin,DEL → HYD → COK,11:55,22:20,10h 25m,1 stop,No info,6442
Jet Airways,06/03/2019,Banglore,New Delhi,BLR → BOM → DEL,08:00,07:40 07 Mar,23h 40m,1 stop,No info,14815
IndiGo,24/03/2019,Chennai,Kolkata,MAA → CCU,11:35,14:00,2h 25m,non-stop,No info,4332
SpiceJet,6/06/2019,Chennai,Kolkata,MAA → CCU,08:20,10:35,2h 15m,non-stop,No info,3597
SpiceJet,15/06/2019,Mumbai,Hyderabad,BOM → HYD,05:45,07:15,1h 30m,non-stop,No check-in baggage included,2647
IndiGo,24/04/2019,Delhi,Cochin,DEL → HYD → COK,05:05,12:10,7h 5m,1 stop,No info,6171
Jet Airways,12/06/2019,Kolkata,Banglore,CCU → DEL → BLR,09:35,21:05,11h 30m,1 stop,In-flight meal not included,10539
Jet Airways,1/06/2019,Delhi,Cochin,DEL → JAI → BOM → COK,09:40,04:25 02 Jun,18h 45m,2 stops,In-flight meal not included,10368
Jet Airways,24/03/2019,Kolkata,Banglore,CCU → BOM → BLR,13:55,09:15 25 Mar,19h 20m,1 stop,No info,14231
Air India,12/06/2019,Delhi,Cochin,DEL → BOM → COK,10:00,19:15,9h 15m,1 stop,No info,8372
Jet Airways,12/06/2019,Delhi,Cochin,DEL → BOM → COK,16:00,12:35 13 Jun,20h 35m,1 stop,In-flight meal not included,10262
Jet Airways,6/06/2019,Banglore,Delhi,BLR → DEL,18:55,22:00,3h 5m,non-stop,No info,8016
IndiGo,21/03/2019,Delhi,Cochin,DEL → BOM → COK,11:30,01:35 22 Mar,14h 5m,1 stop,No info,7318
Air India,01/03/2019,Banglore,New Delhi,BLR → CCU → GAU → DEL,11:05,22:10,11h 5m,2 stops,Change airports,13576
Air India,12/05/2019,Kolkata,Banglore,CCU → BOM → BLR,09:25,11:10 13 May,25h 45m,1 stop,No info,8891
Jet Airways,24/05/2019,Kolkata,Banglore,CCU → BOM → BLR,21:10,10:05 25 May,12h 55m,1 stop,In-flight meal not included,9663
SpiceJet,21/03/2019,Kolkata,Banglore,CCU → BLR,17:15,19:45,2h 30m,non-stop,No info,3847
SpiceJet,24/06/2019,Kolkata,Banglore,CCU → BLR,17:10,19:40,2h 30m,non-stop,No check-in baggage included,3841
SpiceJet,24/06/2019,Banglore,Delhi,BLR → DEL,09:30,12:20,2h 50m,non-stop,No info,3625
SpiceJet,18/05/2019,Kolkata,Banglore,CCU → IXB → BLR,11:15,18:30,7h 15m,1 stop,No info,10944
IndiGo,27/03/2019,Delhi,Cochin,DEL → BOM → COK,16:00,21:00,5h,1 stop,No info,5073
IndiGo,9/04/2019,Delhi,Cochin,DEL → BOM → COK,11:25,01:30 10 Apr,14h 5m,1 stop,No info,6270
IndiGo,9/03/2019,Kolkata,Banglore,CCU → BLR,10:10,12:55,2h 45m,non-stop,No info,4462
Jet Airways,9/05/2019,Kolkata,Banglore,CCU → BOM → BLR,08:25,20:45,12h 20m,1 stop,No info,14781
Jet Airways,6/06/2019,Kolkata,Banglore,CCU → DEL → BLR,20:25,23:35 07 Jun,27h 10m,1 stop,No info,14151
SpiceJet,1/03/2019,Mumbai,Hyderabad,BOM → HYD,05:45,07:05,1h 20m,non-stop,No info,12475
Jet Airways,27/05/2019,Delhi,Cochin,DEL → BOM → COK,08:00,04:25 28 May,20h 25m,1 stop,In-flight meal not included,12898
Jet Airways,12/06/2019,Delhi,Cochin,DEL → BOM → COK,22:50,19:00 13 Jun,20h 10m,1 stop,In-flight meal not included,10262
Multiple carriers,15/05/2019,Delhi,Cochin,DEL → BOM → COK,13:00,01:30 16 May,12h 30m,1 stop,No info,13727
Vistara,18/03/2019,Banglore,New Delhi,BLR → DEL,16:00,18:35,2h 35m,non-stop,No info,11913
Jet Airways,1/06/2019,Delhi,Cochin,DEL → BOM → COK,17:30,12:35 02 Jun,19h 5m,1 stop,In-flight meal not included,10262
IndiGo,3/06/2019,Banglore,Delhi,BLR → DEL,00:25,03:15,2h 50m,non-stop,No info,3943
Jet Airways,1/06/2019,Delhi,Cochin,DEL → JAI → BOM → COK,05:30,04:25 02 Jun,22h 55m,2 stops,No info,13014
Air India,27/05/2019,Delhi,Cochin,DEL → HYD → MAA → COK,13:15,09:25 28 May,20h 10m,2 stops,No info,10467
SpiceJet,1/06/2019,Banglore,Delhi,BLR → DEL,09:30,12:20,2h 50m,non-stop,No check-in baggage included,3919
IndiGo,27/06/2019,Banglore,Delhi,BLR → DEL,22:10,01:00 28 Jun,2h 50m,non-stop,No info,3419
Multiple carriers,9/05/2019,Delhi,Cochin,DEL → BOM → COK,09:00,19:15,10h 15m,1 stop,No info,14323
Multiple carriers,24/05/2019,Delhi,Cochin,DEL → BOM → COK,13:00,21:00,8h,1 stop,No info,14067
Jet Airways,18/05/2019,Banglore,Delhi,BLR → DEL,17:45,20:45,3h,non-stop,No info,7229
Air India,15/03/2019,Banglore,New Delhi,BLR → BOM → DEL,08:50,15:15,6h 25m,1 stop,No info,8714
Jet Airways,21/05/2019,Kolkata,Banglore,CCU → DEL → BLR,20:25,09:45 22 May,13h 20m,1 stop,In-flight meal not included,12384
Jet Airways,6/05/2019,Mumbai,Hyderabad,BOM → HYD,10:20,11:50,1h 30m,non-stop,In-flight meal not included,4995
Jet Airways,09/03/2019,Banglore,New Delhi,BLR → BOM → DEL,21:25,08:15 13 Mar,10h 50m,1 stop,In-flight meal not included,9134
Air India,3/06/2019,Delhi,Cochin,DEL → COK,05:10,08:00,2h 50m,non-stop,No info,5201
Jet Airways,27/05/2019,Delhi,Cochin,DEL → AMD → BOM → COK,19:10,19:00 28 May,23h 50m,2 stops,No info,15129
Multiple carriers,6/06/2019,Delhi,Cochin,DEL → BOM → COK,10:20,01:30 07 Jun,15h 10m,1 stop,No info,6795
Air India,21/03/2019,Delhi,Cochin,DEL → HYD → MAA → COK,13:15,09:25 22 Mar,20h 10m,2 stops,No info,7107
IndiGo,18/04/2019,Banglore,Delhi,BLR → DEL,00:30,03:25,2h 55m,non-stop,No info,4423
Jet Airways,24/06/2019,Delhi,Cochin,DEL → BOM → COK,07:05,12:35,5h 30m,1 stop,No info,14924
IndiGo,9/04/2019,Kolkata,Banglore,CCU → BLR,15:30,18:05,2h 35m,non-stop,No info,4174
Air India,21/05/2019,Delhi,Cochin,DEL → BOM → COK,10:00,19:15,9h 15m,1 stop,No info,8372
Air India,12/05/2019,Banglore,Delhi,BLR → DEL,06:10,08:55,2h 45m,non-stop,No info,5228
IndiGo,27/04/2019,Banglore,Delhi,BLR → DEL,18:25,21:20,2h 55m,non-stop,No info,4823
Air India,9/05/2019,Delhi,Cochin,DEL → MAA → COK,12:30,09:25 10 May,20h 55m,1 stop,No info,7480
IndiGo,6/03/2019,Delhi,Cochin,DEL → HYD → COK,08:35,16:10,7h 35m,1 stop,No info,7514
Multiple carriers,27/04/2019,Delhi,Cochin,DEL → HYD → COK,07:10,16:10,9h,1 stop,In-flight meal not included,6093
SpiceJet,3/06/2019,Mumbai,Hyderabad,BOM → HYD,13:15,14:45,1h 30m,non-stop,No info,2017
IndiGo,9/05/2019,Kolkata,Banglore,CCU → HYD → BLR,15:15,20:30,5h 15m,1 stop,No info,4565
Air India,6/06/2019,Kolkata,Banglore,CCU → BLR,20:45,23:20,2h 35m,non-stop,No info,4145
IndiGo,3/05/2019,Kolkata,Banglore,CCU → BLR,17:15,19:50,2h 35m,non-stop,No info,4804
IndiGo,18/05/2019,Delhi,Cochin,DEL → COK,05:35,08:50,3h 15m,non-stop,No info,6015
Vistara,9/06/2019,Delhi,Cochin,DEL → COK,14:40,17:50,3h 10m,non-stop,No info,6216
Air India,3/03/2019,Delhi,Cochin,DEL → HYD → BOM → COK,07:05,19:15 04 Mar,36h 10m,2 stops,No info,11552
Air India,03/03/2019,Banglore,New Delhi,BLR → BOM → IDR → DEL,08:50,11:10 07 Mar,26h 20m,2 stops,No info,12599
Jet Airways,18/05/2019,Kolkata,Banglore,CCU → BOM → BLR,18:55,09:20 19 May,14h 25m,1 stop,In-flight meal not included,9663
Multiple carriers,9/05/2019,Delhi,Cochin,DEL → HYD → COK,14:55,22:30,7h 35m,1 stop,No info,6805
SpiceJet,15/04/2019,Banglore,Delhi,BLR → DEL,09:30,12:20,2h 50m,non-stop,No check-in baggage included,4319
Jet Airways,15/05/2019,Banglore,Delhi,BLR → DEL,08:20,11:20,3h,non-stop,No info,7229
Jet Airways,9/06/2019,Kolkata,Banglore,CCU → DEL → BLR,20:25,22:05 10 Jun,25h 40m,1 stop,No info,12692
SpiceJet,21/04/2019,Kolkata,Banglore,CCU → BLR,22:20,00:40 22 Apr,2h 20m,non-stop,No check-in baggage included,4807
IndiGo,12/04/2019,Banglore,Delhi,BLR → DEL,04:00,06:50,2h 50m,non-stop,No info,4423
SpiceJet,9/05/2019,Mumbai,Hyderabad,BOM → HYD,13:15,14:45,1h 30m,non-stop,No info,2227
Jet Airways,6/04/2019,Banglore,Delhi,BLR → DEL,07:10,10:10,3h,non-stop,In-flight meal not included,4544
Jet Airways,9/06/2019,Mumbai,Hyderabad,BOM → HYD,07:05,08:30,1h 25m,non-stop,No info,5678
Air India,24/05/2019,Kolkata,Banglore,CCU → DEL → COK → BLR,10:00,01:20 25 May,15h 20m,2 stops,No info,13873
Jet Airways,21/03/2019,Banglore,New Delhi,BLR → BOM → DEL,07:00,15:15,8h 15m,1 stop,In-flight meal not included,7832
IndiGo,24/04/2019,Delhi,Cochin,DEL → BLR → COK,17:05,22:15,5h 10m,1 stop,No info,5912
Air India,27/06/2019,Delhi,Cochin,DEL → BLR → COK,13:30,23:00,9h 30m,1 stop,No info,8907
Jet Airways,15/05/2019,Kolkata,Banglore,CCU → BOM → BLR,06:30,04:40 16 May,22h 10m,1 stop,No info,13941
Jet Airways,12/06/2019,Kolkata,Banglore,CCU → DEL → BLR,17:00,14:25 13 Jun,21h 25m,1 stop,No info,12692
Jet Airways,9/06/2019,Mumbai,Hyderabad,BOM → HYD,19:35,21:05,1h 30m,non-stop,In-flight meal not included,3210
Air India,15/05/2019,Delhi,Cochin,DEL → JAI → BOM → COK,12:00,19:15,7h 15m,2 stops,No info,9601
SpiceJet,15/06/2019,Mumbai,Hyderabad,BOM → HYD,05:45,07:15,1h 30m,non-stop,No info,2753
IndiGo,21/05/2019,Kolkata,Banglore,CCU → BLR,21:25,00:05 22 May,2h 40m,non-stop,No info,4804
SpiceJet,9/05/2019,Kolkata,Banglore,CCU → BLR,17:10,19:40,2h 30m,non-stop,No info,3873
Jet Airways,27/06/2019,Mumbai,Hyderabad,BOM → HYD,02:55,04:20,1h 25m,non-stop,No info,5678
Multiple carriers,27/03/2019,Delhi,Cochin,DEL → BOM → COK,10:20,01:35 28 Mar,15h 15m,1 stop,No info,6427
Multiple carriers,3/03/2019,Delhi,Cochin,DEL → IXU → BOM → COK,17:50,01:35 04 Mar,7h 45m,2 stops,No info,24528
IndiGo,12/05/2019,Mumbai,Hyderabad,BOM → HYD,06:25,07:55,1h 30m,non-stop,No info,4049
Vistara,24/05/2019,Banglore,Delhi,BLR → DEL,21:00,23:50,2h 50m,non-stop,No info,5613
Multiple carriers,1/06/2019,Delhi,Cochin,DEL → BOM → COK,03:50,12:35,8h 45m,1 stop,No info,12192
Air India,18/05/2019,Delhi,Cochin,DEL → HYD → BOM → COK,17:15,19:15 19 May,26h,2 stops,No info,12392
IndiGo,21/03/2019,Mumbai,Hyderabad,BOM → HYD,06:20,07:45,1h 25m,non-stop,No info,4049
Air Asia,01/03/2019,Banglore,New Delhi,BLR → DEL,23:25,02:10 02 Mar,2h 45m,non-stop,Red-eye flight,10873
IndiGo,27/03/2019,Kolkata,Banglore,CCU → BLR,05:30,08:20,2h 50m,non-stop,No info,4148
Multiple carriers,21/05/2019,Delhi,Cochin,DEL → BOM → COK,08:00,19:00,11h,1 stop,No info,10197
Air Asia,1/06/2019,Banglore,Delhi,BLR → DEL,23:55,02:45 02 Jun,2h 50m,non-stop,No info,7120
Jet Airways,15/06/2019,Delhi,Cochin,DEL → IDR → BOM → COK,09:35,12:35 16 Jun,27h,2 stops,No info,13292
Jet Airways,1/05/2019,Kolkata,Banglore,CCU → BOM → BLR,14:05,22:35,8h 30m,1 stop,In-flight meal not included,10844
Air India,1/05/2019,Kolkata,Banglore,CCU → BOM → HBX → BLR,09:25,18:20,8h 55m,2 stops,No info,8366
IndiGo,27/04/2019,Delhi,Cochin,DEL → BOM → COK,16:00,21:00,5h,1 stop,No info,6937
Jet Airways,15/03/2019,Banglore,New Delhi,BLR → BOM → DEL,05:45,16:10,10h 25m,1 stop,In-flight meal not included,9134
Air India,9/03/2019,Delhi,Cochin,DEL → BOM → COK,23:00,07:40 10 Mar,8h 40m,1 stop,No info,10840
Jet Airways,24/03/2019,Kolkata,Banglore,CCU → BOM → BLR,16:55,09:15 25 Mar,16h 20m,1 stop,In-flight meal not included,11134
Jet Airways,6/06/2019,Delhi,Cochin,DEL → BOM → COK,14:00,04:25 07 Jun,14h 25m,1 stop,No info,14714
SpiceJet,9/03/2019,Kolkata,Banglore,CCU → BLR,17:15,19:45,2h 30m,non-stop,No info,4622
Vistara,12/06/2019,Banglore,Delhi,BLR → DEL,19:30,22:15,2h 45m,non-stop,No info,4878
Air India,1/04/2019,Kolkata,Banglore,CCU → DEL → AMD → BLR,07:00,05:25 02 Apr,22h 25m,2 stops,No info,12219
Jet Airways,21/03/2019,Banglore,New Delhi,BLR → BOM → DEL,08:55,15:15,6h 20m,1 stop,In-flight meal not included,7832
Multiple carriers,1/06/2019,Delhi,Cochin,DEL → BOM → COK,08:45,19:15,10h 30m,1 stop,No info,10261
Jet Airways,27/05/2019,Banglore,Delhi,BLR → DEL,08:20,11:20,3h,non-stop,In-flight meal not included,4030
Jet Airways,15/05/2019,Kolkata,Banglore,CCU → GAU → BLR,10:20,17:35,7h 15m,1 stop,No info,8355
Air India,15/05/2019,Delhi,Cochin,DEL → BLR → COK,13:30,08:15 16 May,18h 45m,1 stop,No info,10671
Jet Airways,1/04/2019,Delhi,Cochin,DEL → BOM → COK,14:00,19:00,5h,1 stop,In-flight meal not included,5177
IndiGo,1/05/2019,Mumbai,Hyderabad,BOM → HYD,06:25,07:55,1h 30m,non-stop,No info,4392
Jet Airways,1/05/2019,Kolkata,Banglore,CCU → BOM → BLR,16:30,12:00 02 May,19h 30m,1 stop,In-flight meal not included,9663
Vistara,6/06/2019,Chennai,Kolkata,MAA → CCU,17:45,20:05,2h 20m,non-stop,No info,11982
Air India,9/03/2019,Chennai,Kolkata,MAA → CCU,11:40,13:55,2h 15m,non-stop,No info,7817
SpiceJet,6/06/2019,Kolkata,Banglore,CCU → BLR,22:20,00:40 07 Jun,2h 20m,non-stop,No check-in baggage included,3841
Jet Airways,01/03/2019,Banglore,New Delhi,BLR → BOM → DEL,22:50,05:05 02 Mar,6h 15m,1 stop,No info,26890
Jet Airways,9/06/2019,Delhi,Cochin,DEL → BOM → COK,15:00,04:25 10 Jun,13h 25m,1 stop,In-flight meal not included,10262
Jet Airways,9/06/2019,Delhi,Cochin,DEL → COK,11:00,14:15,3h 15m,non-stop,No info,9564
Vistara,1/04/2019,Kolkata,Banglore,CCU → DEL → BLR,07:10,20:20,13h 10m,1 stop,No info,8452
Jet Airways,1/04/2019,Kolkata,Banglore,CCU → BOM → BLR,18:55,04:40 02 Apr,9h 45m,1 stop,No info,12681
Jet Airways,21/05/2019,Delhi,Cochin,DEL → BOM → COK,10:00,04:25 22 May,18h 25m,1 stop,In-flight meal not included,12898
SpiceJet,18/06/2019,Mumbai,Hyderabad,BOM → HYD,22:45,00:15 19 Jun,1h 30m,non-stop,No check-in baggage included,1965
Air India,21/05/2019,Delhi,Cochin,DEL → MAA → COK,12:30,09:25 22 May,20h 55m,1 stop,No info,7480
Jet Airways,27/05/2019,Delhi,Cochin,DEL → BHO → BOM → COK,05:30,12:35,7h 5m,2 stops,In-flight meal not included,15544
Multiple carriers,6/03/2019,Delhi,Cochin,DEL → BOM → COK,13:00,01:35 07 Mar,12h 35m,1 stop,In-flight meal not included,15136
SpiceJet,18/05/2019,Kolkata,Banglore,CCU → BLR,17:10,19:40,2h 30m,non-stop,No check-in baggage included,3841
Air India,15/05/2019,Kolkata,Banglore,CCU → BOM → BLR,16:50,07:55 16 May,15h 5m,1 stop,No info,8891
Air India,18/03/2019,Banglore,New Delhi,BLR → BOM → NAG → DEL,06:45,10:35 16 Mar,27h 50m,2 stops,No info,12305
Air India,15/05/2019,Banglore,Delhi,BLR → DEL,10:00,12:45,2h 45m,non-stop,No info,6961
SpiceJet,3/04/2019,Mumbai,Hyderabad,BOM → HYD,13:15,14:45,1h 30m,non-stop,No info,2017
SpiceJet,1/05/2019,Chennai,Kolkata,MAA → CCU,09:45,12:00,2h 15m,non-stop,No info,3597
Multiple carriers,1/06/2019,Delhi,Cochin,DEL → HYD → COK,09:45,16:10,6h 25m,1 stop,No info,9646
Multiple carriers,15/06/2019,Delhi,Cochin,DEL → BOM → COK,06:00,19:15,13h 15m,1 stop,No info,9526
Air India,1/05/2019,Kolkata,Banglore,CCU → BBI → BOM → BLR,12:00,21:50,9h 50m,2 stops,No info,10676
Jet Airways,6/06/2019,Kolkata,Banglore,CCU → DEL → BLR,17:00,09:45 07 Jun,16h 45m,1 stop,In-flight meal not included,10539
Jet Airways,12/06/2019,Delhi,Cochin,DEL → IDR → BOM → COK,05:30,19:00,13h 30m,2 stops,No info,13292
Jet Airways,21/05/2019,Delhi,Cochin,DEL → BOM → COK,02:15,19:00,16h 45m,1 stop,In-flight meal not included,12898
IndiGo,21/06/2019,Banglore,Delhi,BLR → DEL,13:00,15:50,2h 50m,non-stop,No info,3943
Multiple carriers,6/03/2019,Delhi,Cochin,DEL → BOM → COK,08:00,15:30,7h 30m,1 stop,No info,17267
Air India,3/06/2019,Delhi,Cochin,DEL → HYD → MAA → COK,13:15,09:25 04 Jun,20h 10m,2 stops,No info,10467
Jet Airways,12/06/2019,Kolkata,Banglore,CCU → BOM → BLR,06:30,10:05 13 Jun,27h 35m,1 stop,In-flight meal not included,8529
Air Asia,9/06/2019,Banglore,Delhi,BLR → DEL,23:55,02:45 10 Jun,2h 50m,non-stop,No info,7120
Air India,21/06/2019,Mumbai,Hyderabad,BOM → HYD,06:20,07:40,1h 20m,non-stop,No info,3100
IndiGo,15/06/2019,Delhi,Cochin,DEL → HYD → COK,14:20,22:30,8h 10m,1 stop,No info,6412
Air Asia,6/04/2019,Kolkata,Banglore,CCU → BLR,10:20,12:55,2h 35m,non-stop,No info,3807
Air India,1/04/2019,Kolkata,Banglore,CCU → DEL → VGA → BLR,07:00,10:00 02 Apr,27h,2 stops,No info,9836
Jet Airways,12/03/2019,Mumbai,Hyderabad,BOM → VNS → DEL → HYD,06:30,16:35,10h 5m,2 stops,No info,23528
IndiGo,6/06/2019,Kolkata,Banglore,CCU → BLR,04:40,07:15,2h 35m,non-stop,No info,4804
IndiGo,9/03/2019,Delhi,Cochin,DEL → BLR → COK,05:05,10:05,5h,1 stop,No info,8147
SpiceJet,6/03/2019,Delhi,Cochin,DEL → MAA → COK,06:10,11:20,5h 10m,1 stop,No info,9748
IndiGo,6/06/2019,Delhi,Cochin,DEL → MAA → COK,07:15,12:30,5h 15m,1 stop,No info,6582
Vistara,24/06/2019,Chennai,Kolkata,MAA → CCU,17:45,20:05,2h 20m,non-stop,No info,11982
Air India,9/05/2019,Delhi,Cochin,DEL → RPR → NAG → BOM → COK,05:15,19:15 10 May,38h,3 stops,No info,10703
IndiGo,3/04/2019,Delhi,Cochin,DEL → MAA → COK,02:00,07:25,5h 25m,1 stop,No info,4744
Air India,24/05/2019,Kolkata,Banglore,CCU → DEL → BLR,17:30,20:25 25 May,26h 55m,1 stop,No info,10623
Multiple carriers,21/03/2019,Delhi,Cochin,DEL → BOM → COK,04:45,18:50,14h 5m,1 stop,No info,11098
Air India,12/06/2019,Delhi,Cochin,DEL → BLR → COK,13:30,08:15 13 Jun,18h 45m,1 stop,No info,8991
Jet Airways,15/05/2019,Kolkata,Banglore,CCU → BOM → BLR,14:05,20:45,6h 40m,1 stop,In-flight meal not included,10844
SpiceJet,1/05/2019,Kolkata,Banglore,CCU → BLR,06:55,09:30,2h 35m,non-stop,No info,3873
IndiGo,9/06/2019,Chennai,Kolkata,MAA → CCU,14:45,17:05,2h 20m,non-stop,No info,3597
Multiple carriers,27/03/2019,Delhi,Cochin,DEL → BOM → COK,09:00,18:50,9h 50m,1 stop,No info,11667
Air India,27/03/2019,Kolkata,Banglore,CCU → BLR,14:15,16:45,2h 30m,non-stop,No info,5170
Air India,12/06/2019,Mumbai,Hyderabad,BOM → HYD,13:55,15:25,1h 30m,non-stop,No info,3100
Multiple carriers,15/06/2019,Delhi,Cochin,DEL → BOM → COK,13:00,01:30 16 Jun,12h 30m,1 stop,No info,7198
IndiGo,15/03/2019,Kolkata,Banglore,CCU → BLR,22:10,00:55 16 Mar,2h 45m,non-stop,No info,4148
Air Asia,1/03/2019,Kolkata,Banglore,CCU → BLR,19:35,22:05,2h 30m,non-stop,No info,5964
IndiGo,15/05/2019,Delhi,Cochin,DEL → BOM → COK,17:30,01:30 16 May,8h,1 stop,No info,6979
Jet Airways,27/03/2019,Delhi,Cochin,DEL → BOM → COK,20:50,04:25 28 Mar,7h 35m,1 stop,No info,12242
Air India,15/05/2019,Delhi,Cochin,DEL → GOI → BOM → COK,22:00,19:15 16 May,21h 15m,2 stops,No info,11281
SpiceJet,6/06/2019,Kolkata,Banglore,CCU → BLR,17:10,19:40,2h 30m,non-stop,No check-in baggage included,3841
Multiple carriers,1/06/2019,Delhi,Cochin,DEL → BOM → COK,09:00,21:00,12h,1 stop,No info,7933
Air India,9/05/2019,Banglore,Delhi,BLR → DEL,17:00,19:45,2h 45m,non-stop,No info,5228
Air Asia,27/04/2019,Banglore,Delhi,BLR → DEL,11:10,13:55,2h 45m,non-stop,No info,4483
SpiceJet,24/06/2019,Delhi,Cochin,DEL → BLR → COK,17:55,22:50,4h 55m,1 stop,No info,4957
Jet Airways,9/06/2019,Kolkata,Banglore,CCU → BOM → BLR,14:05,20:45,6h 40m,1 stop,In-flight meal not included,10844
Air India,21/03/2019,Banglore,New Delhi,BLR → COK → DEL,06:55,23:20,16h 25m,1 stop,No info,6987
Jet Airways,27/05/2019,Delhi,Cochin,DEL → COK,11:00,14:15,3h 15m,non-stop,In-flight meal not included,7989
Jet Airways,06/03/2019,Banglore,New Delhi,BLR → BOM → DEL,05:45,21:20,15h 35m,1 stop,No info,16736
SpiceJet,18/03/2019,Banglore,New Delhi,BLR → DEL,20:30,23:20,2h 50m,non-stop,No info,4377
SpiceJet,27/06/2019,Banglore,Delhi,BLR → DEL,05:55,08:35,2h 40m,non-stop,No check-in baggage included,3573
IndiGo,27/04/2019,Delhi,Cochin,DEL → COK,14:20,17:35,3h 15m,non-stop,No info,5021
Jet Airways,18/03/2019,Banglore,New Delhi,BLR → BOM → DEL,14:05,19:10,5h 5m,1 stop,No info,14815
IndiGo,15/04/2019,Banglore,Delhi,BLR → DEL,18:55,21:50,2h 55m,non-stop,No info,4823
SpiceJet,24/05/2019,Chennai,Kolkata,MAA → CCU,08:20,10:35,2h 15m,non-stop,No check-in baggage included,3543
Air India,18/05/2019,Delhi,Cochin,DEL → AMD → BOM → COK,19:45,19:15 19 May,23h 30m,2 stops,No info,10651
SpiceJet,24/05/2019,Kolkata,Banglore,CCU → BLR,09:00,11:25,2h 25m,non-stop,No check-in baggage included,3841
Jet Airways,1/05/2019,Kolkata,Banglore,CCU → DEL → BLR,20:25,14:25 02 May,18h,1 stop,No info,11467
Multiple carriers,12/06/2019,Delhi,Cochin,DEL → BOM → COK,08:00,21:00,13h,1 stop,No info,7408
IndiGo,15/03/2019,Chennai,Kolkata,MAA → CCU,14:40,17:05,2h 25m,non-stop,No info,6297
Air India,6/03/2019,Mumbai,Hyderabad,BOM → DEL → HYD,19:00,09:10 07 Mar,14h 10m,1 stop,No info,12308
Jet Airways,15/03/2019,Banglore,New Delhi,BLR → BOM → DEL,08:55,16:10,7h 15m,1 stop,In-flight meal not included,9134
Jet Airways,3/03/2019,Delhi,Cochin,DEL → BOM → COK,09:00,18:50,9h 50m,1 stop,In-flight meal not included,15400
IndiGo,24/03/2019,Kolkata,Banglore,CCU → MAA → BLR,17:35,22:15,4h 40m,1 stop,No info,6933
IndiGo,9/05/2019,Chennai,Kolkata,MAA → CCU,07:55,10:15,2h 20m,non-stop,No info,3850
Vistara,6/06/2019,Chennai,Kolkata,MAA → CCU,07:05,09:20,2h 15m,non-stop,No info,3687
Jet Airways,27/05/2019,Delhi,Cochin,DEL → AMD → BOM → COK,23:05,04:25 29 May,29h 20m,2 stops,No info,15129
SpiceJet,1/06/2019,Kolkata,Banglore,CCU → BLR,09:00,11:25,2h 25m,non-stop,No info,4174
Air India,3/03/2019,Delhi,Cochin,DEL → COK,14:10,17:10,3h,non-stop,No info,7931
Jet Airways,15/06/2019,Delhi,Cochin,DEL → ATQ → BOM → COK,20:00,12:35 16 Jun,16h 35m,2 stops,No info,14300
Air India,21/05/2019,Delhi,Cochin,DEL → GOI → BOM → COK,10:55,19:15,8h 20m,2 stops,No info,13276
IndiGo,6/06/2019,Kolkata,Banglore,CCU → MAA → BLR,06:20,10:20,4h,1 stop,No info,4226
Air India,1/04/2019,Kolkata,Banglore,CCU → GAU → DEL → BLR,16:45,08:55 02 Apr,16h 10m,2 stops,No info,9920
Jet Airways,24/03/2019,Kolkata,Banglore,CCU → BOM → BLR,08:25,23:25,15h,1 stop,No info,13759
Jet Airways,6/06/2019,Kolkata,Banglore,CCU → BOM → BLR,16:30,04:40 07 Jun,12h 10m,1 stop,In-flight meal not included,6812
IndiGo,9/04/2019,Kolkata,Banglore,CCU → BLR,22:15,00:50 10 Apr,2h 35m,non-stop,No info,4174
IndiGo,12/06/2019,Kolkata,Banglore,CCU → MAA → BLR,06:20,10:20,4h,1 stop,No info,4226
Vistara,12/06/2019,Kolkata,Banglore,CCU → DEL → BLR,20:20,20:20 13 Jun,24h,1 stop,No info,8085
IndiGo,3/03/2019,Delhi,Cochin,DEL → BOM → COK,18:35,01:35 04 Mar,7h,1 stop,No info,14871
Air India,12/06/2019,Delhi,Cochin,DEL → JAI → BOM → COK,12:00,07:40 13 Jun,19h 40m,2 stops,No info,8603
Jet Airways,1/04/2019,Kolkata,Banglore,CCU → BOM → BLR,18:55,18:15 02 Apr,23h 20m,1 stop,No info,12681
Jet Airways,3/03/2019,Delhi,Cochin,DEL → BOM → COK,21:50,18:50 04 Mar,21h,1 stop,No info,17024
Jet Airways,12/06/2019,Delhi,Cochin,DEL → JAI → BOM → COK,09:40,19:00,9h 20m,2 stops,In-flight meal not included,10368
Multiple carriers,15/06/2019,Delhi,Cochin,DEL → BOM → COK,13:00,01:30 16 Jun,12h 30m,1 stop,No info,13377
SpiceJet,27/05/2019,Banglore,Delhi,BLR → DEL,21:10,00:05 28 May,2h 55m,non-stop,No info,3311
GoAir,15/04/2019,Banglore,Delhi,BLR → DEL,20:55,23:40,2h 45m,non-stop,No info,3898
SpiceJet,27/03/2019,Kolkata,Banglore,CCU → BLR,17:15,19:45,2h 30m,non-stop,No check-in baggage included,3815
IndiGo,9/04/2019,Kolkata,Banglore,CCU → MAA → BLR,19:35,00:10 10 Apr,4h 35m,1 stop,No info,4860
Jet Airways,6/06/2019,Delhi,Cochin,DEL → BOM → COK,19:45,19:00 07 Jun,23h 15m,1 stop,No info,14714
Jet Airways,9/05/2019,Banglore,Delhi,BLR → DEL,19:50,22:50,3h,non-stop,In-flight meal not included,3502
Air India,9/05/2019,Delhi,Cochin,DEL → AMD → BOM → COK,05:00,07:40 10 May,26h 40m,2 stops,No info,11281
Jet Airways,24/03/2019,Kolkata,Banglore,CCU → BOM → BLR,19:45,04:45 25 Mar,9h,1 stop,No info,13759
Jet Airways,18/03/2019,Banglore,New Delhi,BLR → BOM → DEL,11:40,09:30 16 Mar,21h 50m,1 stop,In-flight meal not included,11087
Jet Airways,9/04/2019,Banglore,Delhi,BLR → DEL,11:10,14:05,2h 55m,non-stop,No info,7229
IndiGo,18/05/2019,Chennai,Kolkata,MAA → CCU,22:05,00:25 19 May,2h 20m,non-stop,No info,5277
IndiGo,09/03/2019,Banglore,New Delhi,BLR → DEL,23:30,02:20 13 Mar,2h 50m,non-stop,No info,4777
Jet Airways,1/06/2019,Delhi,Cochin,DEL → BOM → COK,21:50,12:35 02 Jun,14h 45m,1 stop,In-flight meal not included,10262
Jet Airways,1/06/2019,Delhi,Cochin,DEL → BOM → COK,09:00,04:25 02 Jun,19h 25m,1 stop,In-flight meal not included,10262
Jet Airways,21/05/2019,Banglore,Delhi,BLR → DEL,07:10,10:10,3h,non-stop,In-flight meal not included,4030
Jet Airways,21/03/2019,Delhi,Cochin,DEL → AMD → BOM → COK,19:10,18:50 22 Mar,23h 40m,2 stops,In-flight meal not included,6643
Jet Airways,15/05/2019,Kolkata,Banglore,CCU → DEL → BLR,17:00,14:25 16 May,21h 25m,1 stop,No info,11467
SpiceJet,12/05/2019,Mumbai,Hyderabad,BOM → HYD,22:45,00:15 13 May,1h 30m,non-stop,No check-in baggage included,1965
Multiple carriers,6/06/2019,Delhi,Cochin,DEL → BOM → COK,12:50,21:00,8h 10m,1 stop,No info,7005
Air India,12/05/2019,Kolkata,Banglore,CCU → DEL → COK → BLR,10:00,01:20 13 May,15h 20m,2 stops,No info,12140
IndiGo,1/04/2019,Kolkata,Banglore,CCU → BLR,14:25,16:55,2h 30m,non-stop,No info,4174
IndiGo,24/06/2019,Mumbai,Hyderabad,BOM → HYD,20:05,21:40,1h 35m,non-stop,No info,2227
Jet Airways,9/06/2019,Kolkata,Banglore,CCU → DEL → BLR,17:00,19:10 10 Jun,26h 10m,1 stop,In-flight meal not included,10539
IndiGo,9/06/2019,Mumbai,Hyderabad,BOM → HYD,02:35,04:05,1h 30m,non-stop,No info,2754
IndiGo,9/03/2019,Chennai,Kolkata,MAA → CCU,19:35,21:55,2h 20m,non-stop,No info,6297
IndiGo,9/06/2019,Kolkata,Banglore,CCU → BLR,15:30,18:05,2h 35m,non-stop,No info,5224
IndiGo,27/06/2019,Kolkata,Banglore,CCU → BLR,11:30,14:05,2h 35m,non-stop,No info,4804
Jet Airways,18/06/2019,Mumbai,Hyderabad,BOM → HYD,19:35,21:05,1h 30m,non-stop,In-flight meal not included,3210
Air India,18/05/2019,Mumbai,Hyderabad,BOM → HYD,13:55,15:25,1h 30m,non-stop,No info,3100
IndiGo,03/03/2019,Banglore,New Delhi,BLR → DEL,00:40,03:25,2h 45m,non-stop,No info,6860
IndiGo,18/05/2019,Kolkata,Banglore,CCU → BLR,09:35,12:20,2h 45m,non-stop,No info,4804
Jet Airways,21/03/2019,Delhi,Cochin,DEL → JAI → BOM → COK,09:40,04:25 23 Mar,42h 45m,2 stops,No info,12819
SpiceJet,6/04/2019,Banglore,Delhi,BLR → DEL,09:30,12:20,2h 50m,non-stop,No info,4423
Air India,3/06/2019,Delhi,Cochin,DEL → CCU → BOM → COK,16:55,19:15 04 Jun,26h 20m,2 stops,No info,13381
SpiceJet,21/03/2019,Delhi,Cochin,DEL → BLR → COK,16:35,22:50,6h 15m,1 stop,No info,4957
Jet Airways,01/03/2019,Banglore,New Delhi,BLR → BOM → DEL,14:05,20:20,6h 15m,1 stop,No info,27992
Jet Airways,12/05/2019,Banglore,Delhi,BLR → DEL,08:20,11:20,3h,non-stop,No info,7229
Air India,21/06/2019,Mumbai,Hyderabad,BOM → HYD,15:00,16:25,1h 25m,non-stop,No info,3100
Multiple carriers,15/05/2019,Delhi,Cochin,DEL → BOM → COK,03:50,12:35,8h 45m,1 stop,No info,10197
Jet Airways,21/03/2019,Delhi,Cochin,DEL → BDQ → BOM → COK,10:45,04:25 22 Mar,17h 40m,2 stops,In-flight meal not included,7791
Jet Airways,9/06/2019,Kolkata,Banglore,CCU → BOM → BLR,20:00,04:40 10 Jun,8h 40m,1 stop,No info,14178
IndiGo,3/06/2019,Delhi,Cochin,DEL → HYD → COK,05:05,12:10,7h 5m,1 stop,No info,6818
Air India,24/06/2019,Delhi,Cochin,DEL → BOM → COK,21:00,07:40 25 Jun,10h 40m,1 stop,No info,8372
Air India,27/03/2019,Delhi,Cochin,DEL → HYD → BOM → COK,21:30,19:15 28 Mar,21h 45m,2 stops,No info,8665
Multiple carriers,9/06/2019,Delhi,Cochin,DEL → BOM → COK,10:00,01:30 10 Jun,15h 30m,1 stop,No info,13377
Multiple carriers,27/06/2019,Delhi,Cochin,DEL → BOM → COK,10:00,21:00,11h,1 stop,No info,13587
Jet Airways,9/06/2019,Kolkata,Banglore,CCU → BOM → BLR,21:10,20:45 10 Jun,23h 35m,1 stop,In-flight meal not included,10844
Air Asia,12/05/2019,Kolkata,Banglore,CCU → BLR,22:50,01:20 13 May,2h 30m,non-stop,No info,4409
Air India,15/05/2019,Delhi,Cochin,DEL → COK,14:10,17:10,3h,non-stop,No info,6094
Air India,27/06/2019,Delhi,Cochin,DEL → AMD → BOM → COK,19:45,19:15 28 Jun,23h 30m,2 stops,No info,9653
Jet Airways,27/05/2019,Delhi,Cochin,DEL → BOM → COK,02:15,19:00,16h 45m,1 stop,In-flight meal not included,12898
Multiple carriers,24/06/2019,Delhi,Cochin,DEL → BOM → COK,15:00,01:30 25 Jun,10h 30m,1 stop,No info,13377
IndiGo,24/03/2019,Mumbai,Hyderabad,BOM → HYD,19:05,20:30,1h 25m,non-stop,No info,2754
IndiGo,15/06/2019,Chennai,Kolkata,MAA → CCU,15:40,18:25,2h 45m,non-stop,No info,3540
Vistara,6/06/2019,Banglore,Delhi,BLR → DEL,11:30,14:20,2h 50m,non-stop,No info,4668
Jet Airways,18/06/2019,Delhi,Cochin,DEL → COK,09:50,13:05,3h 15m,non-stop,No info,9564
Vistara,24/03/2019,Banglore,New Delhi,BLR → DEL,16:00,18:35,2h 35m,non-stop,No info,11913
Multiple carriers,12/06/2019,Delhi,Cochin,DEL → BOM → COK,13:00,01:30 13 Jun,12h 30m,1 stop,No info,7198
Jet Airways,9/05/2019,Kolkata,Banglore,CCU → BOM → BLR,14:05,20:45,6h 40m,1 stop,No info,14781
Jet Airways,12/05/2019,Kolkata,Banglore,CCU → BOM → BLR,16:30,23:35,7h 5m,1 stop,In-flight meal not included,10844
IndiGo,6/06/2019,Delhi,Cochin,DEL → BOM → COK,06:40,21:00,14h 20m,1 stop,No info,6093
Multiple carriers,9/03/2019,Delhi,Cochin,DEL → BOM → COK,08:00,21:00,13h,1 stop,No info,16023
Jet Airways,9/03/2019,Delhi,Cochin,DEL → BOM → COK,15:05,18:50 10 Mar,27h 45m,1 stop,No info,16289
Air Asia,3/06/2019,Delhi,Cochin,DEL → BLR → COK,07:55,15:45,7h 50m,1 stop,No info,8759
Jet Airways,12/06/2019,Kolkata,Banglore,CCU → DEL → BLR,20:25,09:45 13 Jun,13h 20m,1 stop,No info,12692
Multiple carriers,27/05/2019,Delhi,Cochin,DEL → BOM → COK,11:40,19:00,7h 20m,1 stop,No info,9794
IndiGo,09/03/2019,Banglore,New Delhi,BLR → STV → DEL,11:20,15:25,4h 5m,1 stop,No info,5746
Vistara,6/03/2019,Delhi,Cochin,DEL → COK,06:00,09:10,3h 10m,non-stop,No info,12411
Jet Airways,9/06/2019,Kolkata,Banglore,CCU → BOM → BLR,18:55,04:40 10 Jun,9h 45m,1 stop,No info,14178
Jet Airways,6/06/2019,Banglore,Delhi,BLR → DEL,07:10,10:10,3h,non-stop,No info,8016
Air India,12/03/2019,Mumbai,Hyderabad,BOM → BHO → DEL → HYD,19:40,09:10 13 Mar,13h 30m,2 stops,No info,11647
Jet Airways,9/06/2019,Kolkata,Banglore,CCU → DEL → BLR,17:00,21:05 10 Jun,28h 5m,1 stop,In-flight meal not included,10539
Jet Airways,1/06/2019,Banglore,Delhi,BLR → DEL,06:00,08:45,2h 45m,non-stop,In-flight meal not included,7229
IndiGo,15/04/2019,Banglore,Delhi,BLR → DEL,20:00,22:50,2h 50m,non-stop,No info,4823
Jet Airways,9/06/2019,Kolkata,Banglore,CCU → DEL → BLR,20:25,18:00 10 Jun,21h 35m,1 stop,No info,13401
Jet Airways,21/05/2019,Kolkata,Banglore,CCU → BOM → PNQ → BLR,06:30,07:25 22 May,24h 55m,2 stops,In-flight meal not included,10118
Air India,21/05/2019,Delhi,Cochin,DEL → HYD → MAA → COK,09:45,09:25 22 May,23h 40m,2 stops,No info,10975
Jet Airways,18/05/2019,Kolkata,Banglore,CCU → BOM → BLR,21:10,04:40 19 May,7h 30m,1 stop,In-flight meal not included,8586
Jet Airways,27/06/2019,Delhi,Cochin,DEL → IDR → BOM → COK,05:30,19:00,13h 30m,2 stops,In-flight meal not included,11507
Jet Airways,15/06/2019,Delhi,Cochin,DEL → BOM → COK,13:00,19:00,6h,1 stop,In-flight meal not included,10262
Air Asia,12/06/2019,Delhi,Cochin,DEL → BLR → COK,20:45,07:10 13 Jun,10h 25m,1 stop,No info,6152
Air India,03/03/2019,Banglore,New Delhi,BLR → DEL,21:10,23:55,2h 45m,non-stop,No info,7591
Air Asia,27/05/2019,Delhi,Cochin,DEL → BLR → COK,07:55,22:25,14h 30m,1 stop,No info,6152
Jet Airways,06/03/2019,Banglore,New Delhi,BLR → BOM → DEL,08:55,09:00 07 Mar,24h 5m,1 stop,No info,15025
Multiple carriers,27/03/2019,Delhi,Cochin,DEL → BOM → COK,12:50,19:15,6h 25m,1 stop,No info,6953
IndiGo,12/06/2019,Kolkata,Banglore,CCU → BLR,15:15,17:45,2h 30m,non-stop,No info,4804
IndiGo,9/06/2019,Banglore,Delhi,BLR → DEL,21:15,00:15 10 Jun,3h,non-stop,No info,3943
Multiple carriers,15/06/2019,Delhi,Cochin,DEL → BOM → COK,12:50,21:00,8h 10m,1 stop,No info,7005
IndiGo,12/06/2019,Kolkata,Banglore,CCU → NAG → BLR,18:05,23:30,5h 25m,1 stop,No info,6218
Multiple carriers,9/06/2019,Delhi,Cochin,DEL → HYD → COK,14:55,22:30,7h 35m,1 stop,No info,6723
SpiceJet,27/03/2019,Delhi,Cochin,DEL → MAA → COK,15:55,21:55,6h,1 stop,No info,5111
SpiceJet,9/04/2019,Kolkata,Banglore,CCU → BLR,09:00,11:25,2h 25m,non-stop,No info,3873
Jet Airways,1/06/2019,Delhi,Cochin,DEL → BOM → COK,15:00,04:25 02 Jun,13h 25m,1 stop,In-flight meal not included,10262
Jet Airways,1/05/2019,Kolkata,Banglore,CCU → BOM → BLR,14:05,04:40 02 May,14h 35m,1 stop,No info,13941
Multiple carriers,9/05/2019,Delhi,Cochin,DEL → BOM → COK,11:25,19:15,7h 50m,1 stop,No info,7575
IndiGo,24/03/2019,Banglore,New Delhi,BLR → DEL,23:30,02:20 28 Mar,2h 50m,non-stop,No info,5694
Air India,18/05/2019,Delhi,Cochin,DEL → AMD → BOM → COK,16:40,19:15 19 May,26h 35m,2 stops,No info,9863
Jet Airways,21/05/2019,Mumbai,Hyderabad,BOM → HYD,19:35,21:05,1h 30m,non-stop,In-flight meal not included,3210
Air India,03/03/2019,Banglore,New Delhi,BLR → DEL,10:00,12:45,2h 45m,non-stop,No info,11423
SpiceJet,21/04/2019,Banglore,Delhi,BLR → DEL,09:30,12:20,2h 50m,non-stop,No info,4991
Jet Airways,6/03/2019,Delhi,Cochin,DEL → BOM → COK,17:30,19:45 07 Mar,26h 15m,1 stop,No info,17024
Air Asia,21/05/2019,Banglore,Delhi,BLR → DEL,04:55,07:45,2h 50m,non-stop,No info,3383
Air India,15/03/2019,Banglore,New Delhi,BLR → DEL,06:10,08:55,2h 45m,non-stop,No info,7276
Air India,18/06/2019,Banglore,Delhi,BLR → DEL,05:45,08:45,3h,non-stop,No info,6961
Jet Airways,6/04/2019,Delhi,Cochin,DEL → BOM → COK,07:05,19:00,11h 55m,1 stop,In-flight meal not included,5406
Jet Airways,18/05/2019,Kolkata,Banglore,CCU → DEL → BLR,20:25,21:05 19 May,24h 40m,1 stop,No info,14151
Jet Airways,24/06/2019,Delhi,Cochin,DEL → JAI → BOM → COK,19:30,12:35 25 Jun,17h 5m,2 stops,In-flight meal not included,10368
Multiple carriers,27/05/2019,Delhi,Cochin,DEL → BOM → COK,16:00,01:30 28 May,9h 30m,1 stop,In-flight meal not included,7308
IndiGo,15/05/2019,Delhi,Cochin,DEL → HYD → COK,11:55,22:30,10h 35m,1 stop,No info,6442
Multiple carriers,3/03/2019,Delhi,Cochin,DEL → BOM → COK,04:00,18:50,14h 50m,1 stop,No info,15237
Air India,24/05/2019,Delhi,Cochin,DEL → COK,14:10,17:10,3h,non-stop,No info,6934
Jet Airways,6/06/2019,Kolkata,Banglore,CCU → DEL → BLR,20:25,18:00 07 Jun,21h 35m,1 stop,No info,12692
Multiple carriers,9/06/2019,Delhi,Cochin,DEL → BOM → COK,15:15,01:30 10 Jun,10h 15m,1 stop,No info,6795
Multiple carriers,24/06/2019,Delhi,Cochin,DEL → BOM → COK,08:00,21:00,13h,1 stop,No info,7618
Multiple carriers,6/03/2019,Delhi,Cochin,DEL → BOM → COK,02:15,15:30,13h 15m,1 stop,No info,17057
Air India,15/06/2019,Delhi,Cochin,DEL → MAA → COK,06:05,09:25 16 Jun,27h 20m,1 stop,No info,7480
Multiple carriers,1/06/2019,Delhi,Cochin,DEL → BOM → COK,19:00,01:30 02 Jun,6h 30m,1 stop,No info,7530
Jet Airways,1/06/2019,Delhi,Cochin,DEL → BDQ → BOM → COK,18:25,04:25 02 Jun,10h,2 stops,No info,14237
Jet Airways,18/05/2019,Delhi,Cochin,DEL → BOM → COK,02:15,19:00,16h 45m,1 stop,No info,15554
Air Asia,1/06/2019,Banglore,Delhi,BLR → DEL,11:10,13:55,2h 45m,non-stop,No info,4483
Jet Airways,6/03/2019,Delhi,Cochin,DEL → BOM → COK,13:55,04:25 07 Mar,14h 30m,1 stop,No info,15764
Multiple carriers,27/05/2019,Delhi,Cochin,DEL → BOM → COK,08:00,21:00,13h,1 stop,In-flight meal not included,9450
IndiGo,15/05/2019,Kolkata,Banglore,CCU → MAA → BLR,17:35,22:15,4h 40m,1 stop,No info,5386
Jet Airways,3/06/2019,Delhi,Cochin,DEL → IDR → BOM → COK,09:35,12:35 04 Jun,27h,2 stops,In-flight meal not included,11507
IndiGo,18/03/2019,Chennai,Kolkata,MAA → CCU,19:35,21:55,2h 20m,non-stop,No info,4332
Air India,18/03/2019,Banglore,New Delhi,BLR → BOM → JDH → DEL,06:45,16:20,9h 35m,2 stops,No info,12935
Jet Airways,21/05/2019,Mumbai,Hyderabad,BOM → HYD,10:20,11:50,1h 30m,non-stop,No info,8040
Multiple carriers,21/03/2019,Delhi,Cochin,DEL → BOM → COK,10:45,19:15,8h 30m,1 stop,No info,7154
Multiple carriers,3/06/2019,Delhi,Cochin,DEL → BOM → COK,08:00,19:15,11h 15m,1 stop,No info,15058
Jet Airways,9/05/2019,Delhi,Cochin,DEL → AMD → BOM → COK,19:10,19:00 10 May,23h 50m,2 stops,No info,15129
SpiceJet,21/03/2019,Kolkata,Banglore,CCU → BLR,09:00,11:30,2h 30m,non-stop,No info,4148
GoAir,1/06/2019,Delhi,Cochin,DEL → BOM → COK,07:00,12:55,5h 55m,1 stop,No info,5457
Multiple carriers,12/06/2019,Delhi,Cochin,DEL → BOM → COK,06:00,21:00,15h,1 stop,No info,7005
Vistara,1/04/2019,Kolkata,Banglore,CCU → DEL → BLR,17:00,09:05 02 Apr,16h 5m,1 stop,No info,8662
Jet Airways,06/03/2019,Banglore,New Delhi,BLR → BOM → DEL,11:40,11:25 07 Mar,23h 45m,1 stop,No info,17261
Multiple carriers,15/06/2019,Delhi,Cochin,DEL → BOM → COK,09:15,19:15,10h,1 stop,No info,9359
IndiGo,24/06/2019,Delhi,Cochin,DEL → BOM → COK,18:35,01:30 25 Jun,6h 55m,1 stop,No info,5883
Jet Airways,21/05/2019,Kolkata,Banglore,CCU → BOM → BLR,06:30,12:00,5h 30m,1 stop,No info,14388
Air India,6/05/2019,Kolkata,Banglore,CCU → DEL → BLR,20:30,20:25 07 May,23h 55m,1 stop,No info,10203
Vistara,15/05/2019,Chennai,Kolkata,MAA → CCU,17:45,20:05,2h 20m,non-stop,No info,11982
Jet Airways,21/05/2019,Delhi,Cochin,DEL → BOM → COK,15:00,04:25 22 May,13h 25m,1 stop,In-flight meal not included,12898
Jet Airways,6/05/2019,Kolkata,Banglore,CCU → BOM → BLR,20:00,09:20 07 May,13h 20m,1 stop,No info,14388
IndiGo,3/03/2019,Mumbai,Hyderabad,BOM → HYD,16:55,18:25,1h 30m,non-stop,No info,6795
Jet Airways,6/06/2019,Mumbai,Hyderabad,BOM → HYD,02:55,04:20,1h 25m,non-stop,In-flight meal not included,4050
IndiGo,18/05/2019,Delhi,Cochin,DEL → BLR → COK,05:10,10:05,4h 55m,1 stop,No info,7580
IndiGo,21/05/2019,Delhi,Cochin,DEL → BOM → COK,09:15,01:30 22 May,16h 15m,1 stop,No info,7318
IndiGo,18/05/2019,Chennai,Kolkata,MAA → CCU,14:45,17:05,2h 20m,non-stop,No info,3858
SpiceJet,15/06/2019,Delhi,Cochin,DEL → MAA → COK,15:45,22:05,6h 20m,1 stop,No info,5583
Air India,21/05/2019,Kolkata,Banglore,CCU → BBI → BOM → BLR,12:00,07:55 22 May,19h 55m,2 stops,No info,10676
Vistara,12/06/2019,Kolkata,Banglore,CCU → DEL → BLR,17:00,20:20 13 Jun,27h 20m,1 stop,No info,8085
Jet Airways,3/06/2019,Delhi,Cochin,DEL → JAI → BOM → COK,19:30,04:25 04 Jun,8h 55m,2 stops,In-flight meal not included,10368
Air India,1/04/2019,Kolkata,Banglore,CCU → GAU → DEL → BLR,16:45,12:00 02 Apr,19h 15m,2 stops,No info,9920
Jet Airways,21/05/2019,Delhi,Cochin,DEL → BOM → COK,07:05,12:35,5h 30m,1 stop,In-flight meal not included,12898
GoAir,18/05/2019,Kolkata,Banglore,CCU → AMD → BLR,16:40,00:15 19 May,7h 35m,1 stop,No info,10586
Jet Airways,6/06/2019,Delhi,Cochin,DEL → COK,11:00,14:15,3h 15m,non-stop,No info,9564
Air India,6/03/2019,Delhi,Cochin,DEL → AMD → BOM → COK,19:45,19:15 07 Mar,23h 30m,2 stops,No info,12646
Air India,12/06/2019,Kolkata,Banglore,CCU → BBI → BOM → BLR,12:00,21:50,9h 50m,2 stops,No info,9416
IndiGo,1/03/2019,Kolkata,Banglore,CCU → BLR,15:20,17:55,2h 35m,non-stop,No info,6565
Jet Airways,3/06/2019,Delhi,Cochin,DEL → BOM → COK,10:00,19:00,9h,1 stop,No info,14714
IndiGo,27/03/2019,Delhi,Cochin,DEL → BBI → COK,02:35,08:30,5h 55m,1 stop,No info,7731
Air India,24/03/2019,Kolkata,Banglore,CCU → DEL → BLR,20:30,16:15 25 Mar,19h 45m,1 stop,No info,12173
SpiceJet,1/04/2019,Banglore,Delhi,BLR → DEL,05:55,08:35,2h 40m,non-stop,No check-in baggage included,3919
Jet Airways,3/03/2019,Delhi,Cochin,DEL → BOM → COK,16:00,04:25 04 Mar,12h 25m,1 stop,No info,17234
IndiGo,1/03/2019,Mumbai,Hyderabad,BOM → HYD,09:10,10:40,1h 30m,non-stop,No info,13999
Air India,1/05/2019,Banglore,Delhi,BLR → DEL,21:05,23:55,2h 50m,non-stop,No info,6121
IndiGo,27/03/2019,Delhi,Cochin,DEL → BOM → COK,18:35,01:35 28 Mar,7h,1 stop,No info,8574
IndiGo,18/04/2019,Kolkata,Banglore,CCU → BLR,14:25,16:55,2h 30m,non-stop,No info,5224
Jet Airways,21/05/2019,Delhi,Cochin,DEL → AMD → BOM → COK,23:05,04:25 23 May,29h 20m,2 stops,No info,15129
Vistara Premium economy,6/04/2019,Banglore,Delhi,BLR → DEL,11:30,14:20,2h 50m,non-stop,No info,5969
Air India,15/03/2019,Banglore,New Delhi,BLR → CCU → DEL,05:50,12:55,7h 5m,1 stop,No info,9029
Multiple carriers,9/05/2019,Delhi,Cochin,DEL → BOM → COK,06:40,19:15,12h 35m,1 stop,No info,7787
Air India,15/05/2019,Kolkata,Banglore,CCU → BBI → HYD → BLR,09:10,11:05 16 May,25h 55m,2 stops,No info,6117
Jet Airways,27/06/2019,Delhi,Cochin,DEL → JAI → BOM → COK,05:30,19:00,13h 30m,2 stops,No info,13014
Vistara,18/05/2019,Banglore,Delhi,BLR → DEL,17:00,19:35,2h 35m,non-stop,No info,4878
SpiceJet,18/05/2019,Kolkata,Banglore,CCU → MAA → BLR,15:05,20:20,5h 15m,1 stop,No info,4963
IndiGo,12/06/2019,Delhi,Cochin,DEL → BLR → COK,17:05,22:25,5h 20m,1 stop,No info,6147
Multiple carriers,27/03/2019,Delhi,Cochin,DEL → BOM → COK,06:00,19:15,13h 15m,1 stop,No info,8371
Air India,18/05/2019,Kolkata,Banglore,CCU → BOM → GOI → BLR,16:50,05:35 19 May,12h 45m,2 stops,No info,11642
Jet Airways,15/03/2019,Banglore,New Delhi,BLR → BDQ → DEL,05:50,12:20,6h 30m,1 stop,In-flight meal not included,5853
Jet Airways,21/05/2019,Kolkata,Banglore,CCU → BOM → PNQ → BLR,06:30,20:50,14h 20m,2 stops,In-flight meal not included,10118
Air India,1/05/2019,Kolkata,Banglore,CCU → BOM → AMD → BLR,09:25,05:25 02 May,20h,2 stops,No info,14687
Jet Airways,6/06/2019,Kolkata,Banglore,CCU → BOM → BLR,14:05,20:45,6h 40m,1 stop,No info,14571
Jet Airways,12/06/2019,Delhi,Cochin,DEL → BOM → COK,19:45,04:25 13 Jun,8h 40m,1 stop,In-flight meal not included,10262
Jet Airways,9/06/2019,Delhi,Cochin,DEL → BOM → COK,20:55,19:00 10 Jun,22h 5m,1 stop,In-flight meal not included,10577
SpiceJet,24/06/2019,Banglore,Delhi,BLR → DEL,05:55,08:35,2h 40m,non-stop,No info,3625
IndiGo,15/05/2019,Mumbai,Hyderabad,BOM → HYD,02:35,04:05,1h 30m,non-stop,No info,2754
IndiGo,09/03/2019,Banglore,New Delhi,BLR → DEL,10:30,13:20,2h 50m,non-stop,No info,6860
IndiGo,1/05/2019,Kolkata,Banglore,CCU → BLR,17:15,19:50,2h 35m,non-stop,No info,4804
Jet Airways,9/06/2019,Kolkata,Banglore,CCU → BOM → BLR,20:00,18:15 10 Jun,22h 15m,1 stop,No info,14571
Jet Airways,18/03/2019,Banglore,New Delhi,BLR → BOM → DEL,14:05,08:15 16 Mar,18h 10m,1 stop,No info,12284
Jet Airways,9/06/2019,Delhi,Cochin,DEL → BOM → COK,14:00,04:25 10 Jun,14h 25m,1 stop,In-flight meal not included,10262
SpiceJet,6/04/2019,Kolkata,Banglore,CCU → BLR,14:55,17:25,2h 30m,non-stop,No check-in baggage included,3841
Jet Airways,1/04/2019,Kolkata,Banglore,CCU → BOM → BLR,16:30,23:35,7h 5m,1 stop,No info,12681
IndiGo,3/03/2019,Delhi,Cochin,DEL → BOM → COK,16:00,01:35 04 Mar,9h 35m,1 stop,No info,14871
Air India,9/04/2019,Delhi,Cochin,DEL → COK,14:05,17:55,3h 50m,non-stop,No info,6724
SpiceJet,15/05/2019,Chennai,Kolkata,MAA → CCU,08:20,10:35,2h 15m,non-stop,No info,3597
Vistara,09/03/2019,Banglore,New Delhi,BLR → DEL,07:00,09:40,2h 40m,non-stop,No info,7975
IndiGo,18/03/2019,Kolkata,Banglore,CCU → BLR,15:10,17:45,2h 35m,non-stop,No info,4462
Jet Airways,3/06/2019,Delhi,Cochin,DEL → BOM → COK,19:45,12:35 04 Jun,16h 50m,1 stop,No info,14714
Jet Airways,24/05/2019,Kolkata,Banglore,CCU → DEL → BLR,17:00,22:05 25 May,29h 5m,1 stop,No info,13067
Jet Airways,3/06/2019,Delhi,Cochin,DEL → BOM → COK,14:00,04:25 04 Jun,14h 25m,1 stop,No info,14714
Multiple carriers,27/03/2019,Delhi,Cochin,DEL → BOM → COK,15:15,01:35 28 Mar,10h 20m,1 stop,No info,6427
Air India,9/06/2019,Delhi,Cochin,DEL → AMD → BOM → COK,05:00,19:15 10 Jun,38h 15m,2 stops,No info,9968
Air India,6/03/2019,Delhi,Cochin,DEL → MAA → COK,12:30,09:25 07 Mar,20h 55m,1 stop,No info,13832
Multiple carriers,27/03/2019,Delhi,Cochin,DEL → BOM → COK,10:20,21:00,10h 40m,1 stop,No info,6637
GoAir,24/03/2019,Banglore,New Delhi,BLR → DEL,07:45,10:40,2h 55m,non-stop,No info,5048
IndiGo,3/06/2019,Kolkata,Banglore,CCU → BLR,17:15,19:50,2h 35m,non-stop,No info,4804
Jet Airways,21/03/2019,Delhi,Cochin,DEL → AMD → BOM → COK,19:10,04:25 23 Mar,33h 15m,2 stops,No info,10929
SpiceJet,6/03/2019,Kolkata,Banglore,CCU → BLR,09:00,11:30,2h 30m,non-stop,No info,4096
SpiceJet,15/06/2019,Mumbai,Hyderabad,BOM → HYD,22:45,00:15 16 Jun,1h 30m,non-stop,No check-in baggage included,1965
IndiGo,27/06/2019,Delhi,Cochin,DEL → BOM → COK,10:35,01:30 28 Jun,14h 55m,1 stop,No info,5684
SpiceJet,1/06/2019,Kolkata,Banglore,CCU → BLR,17:10,19:40,2h 30m,non-stop,No info,4174
Air India,12/05/2019,Mumbai,Hyderabad,BOM → HYD,15:00,16:25,1h 25m,non-stop,No info,3100
GoAir,9/06/2019,Delhi,Cochin,DEL → HYD → COK,07:30,13:35,6h 5m,1 stop,No info,6276
Jet Airways,18/05/2019,Delhi,Cochin,DEL → JAI → BOM → COK,09:40,12:35 19 May,26h 55m,2 stops,In-flight meal not included,13029
Air India,6/03/2019,Mumbai,Hyderabad,BOM → JAI → DEL → HYD,11:35,19:25 07 Mar,31h 50m,2 stops,No info,17926
Jet Airways,21/04/2019,Delhi,Cochin,DEL → COK,11:00,14:15,3h 15m,non-stop,In-flight meal not included,7202
Jet Airways,1/03/2019,Mumbai,Hyderabad,BOM → HYD,10:20,11:50,1h 30m,non-stop,No info,10875
Jet Airways,12/06/2019,Delhi,Cochin,DEL → JDH → BOM → COK,11:40,19:00,7h 20m,2 stops,No info,18804
Jet Airways,9/04/2019,Delhi,Cochin,DEL → AMD → BOM → COK,13:25,19:00 10 Apr,29h 35m,2 stops,No info,9483
Multiple carriers,6/06/2019,Delhi,Cochin,DEL → BOM → COK,17:00,01:30 07 Jun,8h 30m,1 stop,No info,7198
IndiGo,6/06/2019,Delhi,Cochin,DEL → BOM → COK,10:35,01:30 07 Jun,14h 55m,1 stop,No info,5883
Jet Airways,27/06/2019,Delhi,Cochin,DEL → BOM → COK,13:00,12:35 28 Jun,23h 35m,1 stop,In-flight meal not included,10262
Air India,9/06/2019,Delhi,Cochin,DEL → GOI → BOM → COK,10:55,19:15,8h 20m,2 stops,No info,12383
SpiceJet,3/05/2019,Mumbai,Hyderabad,BOM → HYD,13:15,14:45,1h 30m,non-stop,No info,2017
SpiceJet,18/03/2019,Chennai,Kolkata,MAA → CCU,17:45,20:05,2h 20m,non-stop,No info,3384
Jet Airways,6/04/2019,Banglore,Delhi,BLR → DEL,08:20,11:20,3h,non-stop,In-flight meal not included,4544
Jet Airways,9/05/2019,Kolkata,Banglore,CCU → DEL → BLR,09:35,10:55 10 May,25h 20m,1 stop,In-flight meal not included,8066
Air India,01/03/2019,Banglore,New Delhi,BLR → CCU → DEL,11:05,22:45,11h 40m,1 stop,No info,14069
IndiGo,24/04/2019,Kolkata,Banglore,CCU → BLR,20:20,22:55,2h 35m,non-stop,No info,4804
IndiGo,12/05/2019,Kolkata,Banglore,CCU → BLR,04:40,07:15,2h 35m,non-stop,No info,4804
Jet Airways,18/05/2019,Delhi,Cochin,DEL → AMD → BOM → COK,23:05,12:35 19 May,13h 30m,2 stops,No info,15129
IndiGo,1/04/2019,Delhi,Cochin,DEL → COK,14:20,17:35,3h 15m,non-stop,No info,4729
Jet Airways,12/06/2019,Kolkata,Banglore,CCU → BOM → BLR,16:30,18:15 13 Jun,25h 45m,1 stop,In-flight meal not included,8529
Jet Airways,27/05/2019,Delhi,Cochin,DEL → BOM → COK,18:15,12:35 28 May,18h 20m,1 stop,In-flight meal not included,12898
IndiGo,9/03/2019,Delhi,Cochin,DEL → HYD → COK,11:55,22:20,10h 25m,1 stop,No info,6674
Jet Airways,6/06/2019,Delhi,Cochin,DEL → JAI → BOM → COK,05:30,04:25 07 Jun,22h 55m,2 stops,No info,13014
Jet Airways,03/03/2019,Banglore,New Delhi,BLR → BOM → DEL,11:40,00:45 07 Mar,13h 5m,1 stop,In-flight meal not included,13502
SpiceJet,3/03/2019,Kolkata,Banglore,CCU → BLR,22:20,00:40 04 Mar,2h 20m,non-stop,No info,5515
SpiceJet,18/05/2019,Chennai,Kolkata,MAA → CCU,17:45,20:05,2h 20m,non-stop,No check-in baggage included,3543
SpiceJet,27/05/2019,Chennai,Kolkata,MAA → CCU,17:45,20:05,2h 20m,non-stop,No check-in baggage included,3543
Vistara,18/05/2019,Kolkata,Banglore,CCU → DEL → BLR,17:00,18:50 19 May,25h 50m,1 stop,No info,9555
Air India,12/05/2019,Kolkata,Banglore,CCU → BOM → GOI → BLR,09:25,05:35 13 May,20h 10m,2 stops,No info,11432
Air India,18/05/2019,Kolkata,Banglore,CCU → DEL → BLR,17:30,20:25 19 May,26h 55m,1 stop,No info,10623
SpiceJet,18/04/2019,Banglore,Delhi,BLR → DEL,09:30,12:20,2h 50m,non-stop,No check-in baggage included,5515
Air Asia,3/04/2019,Kolkata,Banglore,CCU → BLR,19:55,22:25,2h 30m,non-stop,No info,4107
Jet Airways,24/04/2019,Banglore,Delhi,BLR → DEL,18:55,22:00,3h 5m,non-stop,In-flight meal not included,4544
IndiGo,3/03/2019,Kolkata,Banglore,CCU → BLR,10:10,12:55,2h 45m,non-stop,No info,6565
Jet Airways,27/03/2019,Delhi,Cochin,DEL → BOM → COK,02:15,04:25 28 Mar,26h 10m,1 stop,No info,12242
Air India,12/06/2019,Kolkata,Banglore,CCU → BBI → BOM → BLR,12:00,18:30 13 Jun,30h 30m,2 stops,No info,9416
IndiGo,6/04/2019,Banglore,Delhi,BLR → DEL,08:30,11:20,2h 50m,non-stop,No info,4823
Jet Airways,24/06/2019,Delhi,Cochin,DEL → BOM → COK,13:00,12:35 25 Jun,23h 35m,1 stop,In-flight meal not included,10262
Jet Airways,1/05/2019,Kolkata,Banglore,CCU → BOM → BLR,16:30,04:40 02 May,12h 10m,1 stop,In-flight meal not included,8586
Multiple carriers,3/06/2019,Delhi,Cochin,DEL → BOM → COK,07:30,19:15,11h 45m,1 stop,No info,7354
Air India,6/06/2019,Kolkata,Banglore,CCU → IXR → DEL → BLR,05:50,23:15,17h 25m,2 stops,No info,12723
Jet Airways,6/06/2019,Delhi,Cochin,DEL → BOM → COK,21:50,04:25 07 Jun,6h 35m,1 stop,In-flight meal not included,10262
Air India,12/05/2019,Kolkata,Banglore,CCU → DEL → BLR,10:00,23:15,13h 15m,1 stop,No info,10203
Jet Airways,24/05/2019,Kolkata,Banglore,CCU → BOM → BLR,14:05,19:50,5h 45m,1 stop,In-flight meal not included,10844
Multiple carriers,24/06/2019,Delhi,Cochin,DEL → BOM → COK,06:00,19:00,13h,1 stop,No info,12524
Jet Airways,6/06/2019,Delhi,Cochin,DEL → LKO → BOM → COK,09:25,04:25 07 Jun,19h,2 stops,No info,13882
Jet Airways,6/03/2019,Delhi,Cochin,DEL → BOM → COK,19:45,04:25 07 Mar,8h 40m,1 stop,No info,15764
Jet Airways,27/03/2019,Delhi,Cochin,DEL → BOM → COK,19:45,04:25 28 Mar,8h 40m,1 stop,In-flight meal not included,6540
Vistara,24/05/2019,Kolkata,Banglore,CCU → DEL → BLR,20:20,22:40 25 May,26h 20m,1 stop,No info,8452
Multiple carriers,24/06/2019,Delhi,Cochin,DEL → BOM → COK,11:30,01:30 25 Jun,14h,1 stop,No info,13377
Jet Airways,27/05/2019,Delhi,Cochin,DEL → BOM → COK,14:00,12:35 28 May,22h 35m,1 stop,In-flight meal not included,12898
Jet Airways,12/03/2019,Banglore,New Delhi,BLR → BOM → DEL,21:25,15:15 13 Mar,17h 50m,1 stop,No info,13817
Jet Airways,21/05/2019,Delhi,Cochin,DEL → BOM → COK,19:45,04:25 22 May,8h 40m,1 stop,In-flight meal not included,12898
Multiple carriers,18/05/2019,Delhi,Cochin,DEL → BOM → COK,11:30,21:00,9h 30m,1 stop,No info,13727
Air Asia,24/05/2019,Kolkata,Banglore,CCU → IXR → DEL → BLR,15:10,23:30,8h 20m,2 stops,No info,5192
Jet Airways,6/06/2019,Delhi,Cochin,DEL → JAI → BOM → COK,09:40,19:00,9h 20m,2 stops,In-flight meal not included,10368
SpiceJet,1/04/2019,Banglore,Delhi,BLR → DEL,09:30,12:20,2h 50m,non-stop,No info,3971
Multiple carriers,27/03/2019,Delhi,Cochin,DEL → BOM → COK,10:45,19:15,8h 30m,1 stop,No info,7154
Multiple carriers,15/06/2019,Delhi,Cochin,DEL → BOM → COK,11:30,21:00,9h 30m,1 stop,No info,13587
Multiple carriers,18/05/2019,Delhi,Cochin,DEL → BOM → COK,09:00,21:00,12h,1 stop,No info,13727
Jet Airways,12/05/2019,Mumbai,Hyderabad,BOM → HYD,10:20,11:50,1h 30m,non-stop,No info,5678
SpiceJet,15/05/2019,Kolkata,Banglore,CCU → IXB → BLR,15:55,21:25,5h 30m,1 stop,No info,7804
Air India,15/05/2019,Delhi,Cochin,DEL → BLR → COK,20:30,23:00 16 May,26h 30m,1 stop,No info,8907
Vistara,12/06/2019,Chennai,Kolkata,MAA → CCU,07:05,09:20,2h 15m,non-stop,No info,3687
Jet Airways,9/06/2019,Delhi,Cochin,DEL → BOM → COK,19:45,19:00 10 Jun,23h 15m,1 stop,No info,14924
Multiple carriers,27/06/2019,Delhi,Cochin,DEL → BOM → COK,06:40,19:15,12h 35m,1 stop,No info,7354
Air India,21/05/2019,Kolkata,Banglore,CCU → JAI → BOM → BLR,08:20,18:30,10h 10m,2 stops,No info,10697
SpiceJet,21/05/2019,Kolkata,Banglore,CCU → PNQ → BLR,08:35,17:15,8h 40m,1 stop,No info,6381
Jet Airways,9/06/2019,Delhi,Cochin,DEL → JAI → BOM → COK,09:40,12:35 10 Jun,26h 55m,2 stops,In-flight meal not included,10368
IndiGo,12/06/2019,Mumbai,Hyderabad,BOM → HYD,20:05,21:40,1h 35m,non-stop,No info,2227
Jet Airways,1/06/2019,Banglore,Delhi,BLR → DEL,18:55,22:00,3h 5m,non-stop,In-flight meal not included,7229
Multiple carriers Premium economy,21/03/2019,Delhi,Cochin,DEL → BOM → COK,07:30,15:30,8h,1 stop,No info,11269
Air India,6/06/2019,Delhi,Cochin,DEL → BLR → COK,09:45,23:00,13h 15m,1 stop,No info,8907
Jet Airways,06/03/2019,Banglore,New Delhi,BLR → BOM → DEL,14:05,08:15 07 Mar,18h 10m,1 stop,No info,14815
Jet Airways,15/06/2019,Delhi,Cochin,DEL → JAI → BOM → COK,19:30,12:35 16 Jun,17h 5m,2 stops,In-flight meal not included,10368
Jet Airways,18/05/2019,Kolkata,Banglore,CCU → BOM → BLR,18:55,08:15 19 May,13h 20m,1 stop,In-flight meal not included,7757
GoAir,27/06/2019,Banglore,Delhi,BLR → DEL,07:45,10:40,2h 55m,non-stop,No info,3419
Jet Airways,24/04/2019,Banglore,Delhi,BLR → DEL,19:50,22:50,3h,non-stop,In-flight meal not included,4544
Air India,9/06/2019,Delhi,Cochin,DEL → CCU → BOM → COK,14:25,19:15 10 Jun,28h 50m,2 stops,No info,13381
Air Asia,3/05/2019,Kolkata,Banglore,CCU → BLR,19:55,22:25,2h 30m,non-stop,No info,5989
Air India,12/03/2019,Mumbai,Hyderabad,BOM → DEL → HYD,21:00,19:25 13 Mar,22h 25m,1 stop,No info,10943
Jet Airways,21/05/2019,Kolkata,Banglore,CCU → BOM → BLR,21:10,12:00 22 May,14h 50m,1 stop,In-flight meal not included,10844
Jet Airways,15/05/2019,Kolkata,Banglore,CCU → DEL → BLR,09:35,23:35,14h,1 stop,No info,14151
Jet Airways,12/05/2019,Kolkata,Banglore,CCU → BOM → BLR,14:05,20:45,6h 40m,1 stop,In-flight meal not included,10844
Jet Airways,1/04/2019,Kolkata,Banglore,CCU → BOM → BLR,06:30,16:20,9h 50m,1 stop,In-flight meal not included,7851
Jet Airways,18/03/2019,Banglore,New Delhi,BLR → BOM → DEL,14:05,20:20,6h 15m,1 stop,In-flight meal not included,11087
Multiple carriers,21/05/2019,Delhi,Cochin,DEL → BOM → COK,10:00,01:30 22 May,15h 30m,1 stop,No info,14067
IndiGo,21/04/2019,Kolkata,Banglore,CCU → BLR,21:25,00:05 22 Apr,2h 40m,non-stop,No info,4804
Jet Airways,6/05/2019,Kolkata,Banglore,CCU → BOM → BLR,08:25,19:50,11h 25m,1 stop,In-flight meal not included,10844
Multiple carriers,9/03/2019,Delhi,Cochin,DEL → HYD → COK,09:45,16:10,6h 25m,1 stop,No info,8386
Jet Airways,15/03/2019,Banglore,New Delhi,BLR → BOM → DEL,05:45,15:15,9h 30m,1 stop,In-flight meal not included,9134
Air Asia,1/05/2019,Kolkata,Banglore,CCU → BLR,22:50,01:20 02 May,2h 30m,non-stop,No info,4409
IndiGo,24/06/2019,Delhi,Cochin,DEL → COK,14:20,17:35,3h 15m,non-stop,No info,5000
Air India,15/03/2019,Banglore,New Delhi,BLR → VGA → HYD → DEL,10:30,21:25,10h 55m,2 stops,No info,6593
Multiple carriers,27/06/2019,Delhi,Cochin,DEL → BOM → COK,12:50,19:15,6h 25m,1 stop,In-flight meal not included,7268
Air India,21/05/2019,Kolkata,Banglore,CCU → VNS → DEL → BLR,14:30,08:55 22 May,18h 25m,2 stops,No info,15107
Jet Airways,24/05/2019,Kolkata,Banglore,CCU → BOM → BLR,08:25,20:45,12h 20m,1 stop,No info,14571
Jet Airways,15/06/2019,Delhi,Cochin,DEL → JAI → BOM → COK,05:30,04:25 16 Jun,22h 55m,2 stops,No info,13014
Air India,6/06/2019,Kolkata,Banglore,CCU → DEL → COK → BLR,10:00,01:20 07 Jun,15h 20m,2 stops,No info,13033
SpiceJet,21/05/2019,Mumbai,Hyderabad,BOM → HYD,13:15,14:45,1h 30m,non-stop,No info,2017
Air India,15/06/2019,Delhi,Cochin,DEL → BOM → COK,07:00,19:15,12h 15m,1 stop,No info,9929
SpiceJet,24/05/2019,Mumbai,Hyderabad,BOM → HYD,22:45,00:15 25 May,1h 30m,non-stop,No check-in baggage included,1965
Multiple carriers,6/06/2019,Delhi,Cochin,DEL → BOM → COK,09:00,19:00,10h,1 stop,No info,12192
Jet Airways,6/06/2019,Delhi,Cochin,DEL → BOM → COK,13:00,19:00,6h,1 stop,In-flight meal not included,10262
Air India,01/03/2019,Banglore,New Delhi,BLR → CCU → BBI → HYD → VGA → DEL,05:50,11:20 02 Mar,29h 30m,4 stops,Change airports,17686
Jet Airways,6/03/2019,Delhi,Cochin,DEL → UDR → BOM → COK,17:55,04:25 08 Mar,34h 30m,2 stops,No info,17072
Jet Airways,6/03/2019,Delhi,Cochin,DEL → BOM → COK,23:05,04:25 07 Mar,5h 20m,1 stop,No info,15764
Jet Airways,6/05/2019,Kolkata,Banglore,CCU → BOM → BLR,06:30,20:45,14h 15m,1 stop,In-flight meal not included,9663
Jet Airways,15/06/2019,Delhi,Cochin,DEL → NAG → BOM → COK,14:35,12:35 16 Jun,22h,2 stops,In-flight meal not included,10919
Air Asia,1/03/2019,Kolkata,Banglore,CCU → BLR,10:20,12:55,2h 35m,non-stop,No info,5620
IndiGo,15/06/2019,Delhi,Cochin,DEL → BOM → COK,09:15,21:00,11h 45m,1 stop,No info,6838
Multiple carriers,6/03/2019,Delhi,Cochin,DEL → BOM → COK,04:00,15:30,11h 30m,1 stop,No info,13135
SpiceJet,24/03/2019,Mumbai,Hyderabad,BOM → HYD,05:45,07:05,1h 20m,non-stop,No check-in baggage included,2175
Vistara,9/05/2019,Banglore,Delhi,BLR → DEL,09:45,12:35,2h 50m,non-stop,No info,4668
Jet Airways,21/03/2019,Delhi,Cochin,DEL → AMD → BOM → COK,19:10,04:25 23 Mar,33h 15m,2 stops,No info,10929
Jet Airways,27/05/2019,Delhi,Cochin,DEL → BOM → COK,19:15,04:25 28 May,9h 10m,1 stop,In-flight meal not included,12898
Jet Airways,9/05/2019,Banglore,Delhi,BLR → DEL,19:50,22:50,3h,non-stop,No info,7229
Jet Airways,15/05/2019,Banglore,Delhi,BLR → DEL,08:20,11:20,3h,non-stop,In-flight meal not included,4030
Jet Airways,1/05/2019,Kolkata,Banglore,CCU → BOM → BLR,14:05,22:35,8h 30m,1 stop,No info,14781
IndiGo,3/04/2019,Delhi,Cochin,DEL → HYD → COK,07:35,12:10,4h 35m,1 stop,No info,5073
Air India,12/06/2019,Banglore,Delhi,BLR → DEL,10:00,12:45,2h 45m,non-stop,No info,6961
Jet Airways,27/04/2019,Banglore,Delhi,BLR → DEL,08:20,11:20,3h,non-stop,In-flight meal not included,5198
IndiGo,24/03/2019,Banglore,New Delhi,BLR → DEL,04:00,06:50,2h 50m,non-stop,No info,4777
Jet Airways,15/06/2019,Delhi,Cochin,DEL → BOM → COK,19:15,04:25 16 Jun,9h 10m,1 stop,In-flight meal not included,10262
Air India,12/03/2019,Banglore,New Delhi,BLR → BOM → IXC → DEL,08:50,13:55 13 Mar,29h 5m,2 stops,No info,13303
Jet Airways,27/05/2019,Delhi,Cochin,DEL → AMD → BOM → COK,23:05,04:25 29 May,29h 20m,2 stops,No info,15129
Jet Airways,9/06/2019,Banglore,Delhi,BLR → DEL,08:20,11:20,3h,non-stop,No info,8016
IndiGo,12/04/2019,Kolkata,Banglore,CCU → BLR,22:15,00:50 13 Apr,2h 35m,non-stop,No info,4174
Jet Airways,15/03/2019,Banglore,New Delhi,BLR → BOM → DEL,05:45,11:25,5h 40m,1 stop,In-flight meal not included,9134
Jet Airways,27/06/2019,Delhi,Cochin,DEL → LKO → BOM → COK,09:25,04:25 28 Jun,19h,2 stops,No info,13882
IndiGo,24/05/2019,Banglore,Delhi,BLR → DEL,18:25,21:20,2h 55m,non-stop,No info,4823
IndiGo,01/03/2019,Banglore,New Delhi,BLR → HYD → DEL,05:15,10:00,4h 45m,1 stop,No Info,8064
Air Asia,3/06/2019,Banglore,Delhi,BLR → DEL,11:10,13:55,2h 45m,non-stop,No info,4483
Vistara,24/05/2019,Chennai,Kolkata,MAA → CCU,17:45,20:05,2h 20m,non-stop,No info,11982
Jet Airways,15/05/2019,Kolkata,Banglore,CCU → BOM → BLR,20:00,08:15 16 May,12h 15m,1 stop,No info,13941
GoAir,15/04/2019,Delhi,Cochin,DEL → BOM → COK,10:35,19:35,9h,1 stop,No info,5752
Jet Airways,3/06/2019,Delhi,Cochin,DEL → JAI → BOM → COK,05:30,19:00,13h 30m,2 stops,In-flight meal not included,10368
Jet Airways,27/06/2019,Delhi,Cochin,DEL → BOM → COK,10:00,19:00,9h,1 stop,In-flight meal not included,10262
Air India,27/04/2019,Banglore,Delhi,BLR → DEL,10:00,12:45,2h 45m,non-stop,No info,5228
IndiGo,12/06/2019,Banglore,Delhi,BLR → DEL,18:55,21:50,2h 55m,non-stop,No info,4823
Jet Airways,27/06/2019,Delhi,Cochin,DEL → NAG → BOM → COK,14:35,12:35 28 Jun,22h,2 stops,In-flight meal not included,10919
Air India,1/04/2019,Kolkata,Banglore,CCU → DEL → BLR,20:30,08:55 02 Apr,12h 25m,1 stop,No info,7893
IndiGo,24/03/2019,Chennai,Kolkata,MAA → CCU,13:20,15:35,2h 15m,non-stop,No info,4752
Multiple carriers,6/06/2019,Delhi,Cochin,DEL → BOM → COK,07:05,21:00,13h 55m,1 stop,No info,13587
Air Asia,15/06/2019,Delhi,Cochin,DEL → BLR → COK,16:45,07:10 16 Jun,14h 25m,1 stop,No info,6853
Jet Airways,24/06/2019,Banglore,Delhi,BLR → DEL,06:00,08:45,2h 45m,non-stop,In-flight meal not included,5769
Air Asia,24/03/2019,Kolkata,Banglore,CCU → BLR,10:20,12:55,2h 35m,non-stop,No info,5620
SpiceJet,18/05/2019,Kolkata,Banglore,CCU → BLR,17:10,19:40,2h 30m,non-stop,No info,4174
Jet Airways,21/05/2019,Kolkata,Banglore,CCU → BOM → BLR,08:25,20:45,12h 20m,1 stop,No info,14781
IndiGo,3/04/2019,Kolkata,Banglore,CCU → BLR,15:15,17:45,2h 30m,non-stop,No info,4174
Jet Airways,1/06/2019,Delhi,Cochin,DEL → BOM → COK,21:50,04:25 02 Jun,6h 35m,1 stop,No info,14714
Multiple carriers,15/05/2019,Delhi,Cochin,DEL → BOM → COK,19:00,01:30 16 May,6h 30m,1 stop,No info,8073
Air India,12/06/2019,Delhi,Cochin,DEL → GOI → BOM → COK,10:55,19:15,8h 20m,2 stops,No info,11753
IndiGo,3/05/2019,Chennai,Kolkata,MAA → CCU,22:05,00:25 04 May,2h 20m,non-stop,No info,5277
Air India,12/03/2019,Mumbai,Hyderabad,BOM → AMD → ISK → HYD,05:30,14:50,9h 20m,2 stops,No info,11342
Multiple carriers,27/03/2019,Delhi,Cochin,DEL → BOM → COK,07:30,21:00,13h 30m,1 stop,No info,8055
Multiple carriers Premium economy,21/03/2019,Delhi,Cochin,DEL → BOM → COK,19:00,01:35 22 Mar,6h 35m,1 stop,No info,10885
Jet Airways,27/05/2019,Mumbai,Hyderabad,BOM → HYD,02:55,04:20,1h 25m,non-stop,No info,5678
IndiGo,21/04/2019,Delhi,Cochin,DEL → COK,05:35,08:50,3h 15m,non-stop,No info,6015
Vistara,9/05/2019,Kolkata,Banglore,CCU → DEL → BLR,20:20,09:05 10 May,12h 45m,1 stop,No info,9187
SpiceJet,21/03/2019,Delhi,Cochin,DEL → PNQ → COK,08:45,13:15,4h 30m,1 stop,No info,6460
IndiGo,15/04/2019,Kolkata,Banglore,CCU → HYD → BLR,15:15,20:05,4h 50m,1 stop,No info,4775
Multiple carriers,3/03/2019,Delhi,Cochin,DEL → BOM → COK,10:45,18:50,8h 5m,1 stop,No info,15135
IndiGo,24/05/2019,Kolkata,Banglore,CCU → PNQ → BLR,21:00,02:15 25 May,5h 15m,1 stop,No info,6534
IndiGo,12/03/2019,Kolkata,Banglore,CCU → BLR,21:25,00:05 13 Mar,2h 40m,non-stop,No info,4148
Jet Airways,27/06/2019,Banglore,Delhi,BLR → DEL,19:50,22:50,3h,non-stop,In-flight meal not included,7229
IndiGo,27/05/2019,Delhi,Cochin,DEL → HYD → COK,07:35,12:10,4h 35m,1 stop,No info,5054
Vistara,1/06/2019,Delhi,Cochin,DEL → COK,14:40,17:50,3h 10m,non-stop,No info,6741
Multiple carriers,12/06/2019,Delhi,Cochin,DEL → BOM → COK,15:15,01:30 13 Jun,10h 15m,1 stop,No info,6795
Vistara,1/04/2019,Banglore,Delhi,BLR → DEL,09:45,12:35,2h 50m,non-stop,No info,5403
IndiGo,03/03/2019,Banglore,New Delhi,BLR → DEL,07:10,10:05,2h 55m,non-stop,No info,7648
IndiGo,1/03/2019,Chennai,Kolkata,MAA → CCU,07:55,10:15,2h 20m,non-stop,No info,8580
Jet Airways,6/06/2019,Kolkata,Banglore,CCU → BOM → BLR,08:25,18:15,9h 50m,1 stop,No info,14571
Jet Airways,06/03/2019,Banglore,New Delhi,BLR → BOM → DEL,14:05,08:15 07 Mar,18h 10m,1 stop,In-flight meal not included,13502
Air India,12/06/2019,Banglore,Delhi,BLR → DEL,21:05,23:55,2h 50m,non-stop,No info,5228
Vistara,24/05/2019,Kolkata,Banglore,CCU → DEL → BLR,20:20,23:25 25 May,27h 5m,1 stop,No info,9345
IndiGo,12/06/2019,Delhi,Cochin,DEL → BOM → COK,18:35,01:30 13 Jun,6h 55m,1 stop,No info,5883
Air Asia,12/05/2019,Kolkata,Banglore,CCU → DEL → BLR,22:40,10:40 13 May,12h,1 stop,No info,5192
Jet Airways,12/06/2019,Delhi,Cochin,DEL → NAG → BOM → COK,06:45,04:25 13 Jun,21h 40m,2 stops,No info,13376
Jet Airways,27/06/2019,Delhi,Cochin,DEL → BOM → COK,15:00,19:00 28 Jun,28h,1 stop,In-flight meal not included,10262
IndiGo,6/06/2019,Kolkata,Banglore,CCU → BLR,21:25,00:05 07 Jun,2h 40m,non-stop,No info,4804
IndiGo,3/06/2019,Chennai,Kolkata,MAA → CCU,22:05,00:25 04 Jun,2h 20m,non-stop,No info,5277
Multiple carriers,3/06/2019,Delhi,Cochin,DEL → BOM → COK,03:50,19:00,15h 10m,1 stop,No info,12192
Jet Airways,6/05/2019,Kolkata,Banglore,CCU → DEL → BLR,09:35,21:05,11h 30m,1 stop,No info,12121
Jet Airways,9/06/2019,Kolkata,Banglore,CCU → BOM → BLR,21:10,23:35 10 Jun,26h 25m,1 stop,In-flight meal not included,10844
Jet Airways,3/03/2019,Delhi,Cochin,DEL → IDR → BOM → COK,05:25,18:50 04 Mar,37h 25m,2 stops,No info,20064
Jet Airways,6/05/2019,Kolkata,Banglore,CCU → DEL → BLR,20:25,22:05 07 May,25h 40m,1 stop,No info,11467
Jet Airways,9/05/2019,Kolkata,Banglore,CCU → BOM → BLR,16:30,23:35,7h 5m,1 stop,No info,14781
Air India,9/06/2019,Mumbai,Hyderabad,BOM → HYD,13:55,15:25,1h 30m,non-stop,No info,3100
Air India,18/03/2019,Delhi,Cochin,DEL → COK,18:05,21:10,3h 5m,non-stop,No info,4729
IndiGo,3/05/2019,Banglore,Delhi,BLR → DEL,00:30,03:25,2h 55m,non-stop,No info,3943
SpiceJet,6/04/2019,Kolkata,Banglore,CCU → BLR,09:00,11:25,2h 25m,non-stop,No check-in baggage included,3841
IndiGo,9/06/2019,Kolkata,Banglore,CCU → BLR,17:15,19:50,2h 35m,non-stop,No info,4804
Jet Airways,24/06/2019,Delhi,Cochin,DEL → AMD → BOM → COK,13:25,12:35 25 Jun,23h 10m,2 stops,No info,12819
Multiple carriers,15/05/2019,Delhi,Cochin,DEL → IDR → BOM → COK,15:05,01:30 16 May,10h 25m,2 stops,No info,16840
Jet Airways,06/03/2019,Banglore,New Delhi,BLR → BOM → DEL,21:25,05:05 07 Mar,7h 40m,1 stop,No info,19225
Jet Airways,6/04/2019,Delhi,Cochin,DEL → BOM → COK,02:15,19:00,16h 45m,1 stop,In-flight meal not included,5177
Jet Airways,15/06/2019,Banglore,Delhi,BLR → DEL,17:45,20:45,3h,non-stop,No info,8016
Air India,18/04/2019,Delhi,Cochin,DEL → COK,14:10,17:10,3h,non-stop,No info,6094
Jet Airways,21/03/2019,Delhi,Cochin,DEL → IDR → BOM → COK,05:25,18:50 22 Mar,37h 25m,2 stops,No info,12814
Multiple carriers,21/03/2019,Delhi,Cochin,DEL → BOM → COK,07:00,18:50,11h 50m,1 stop,No info,12402
Air India,3/03/2019,Delhi,Cochin,DEL → BHO → BOM → COK,20:00,19:15 04 Mar,23h 15m,2 stops,No info,17266
IndiGo,09/03/2019,Banglore,New Delhi,BLR → DEL,16:55,19:45,2h 50m,non-stop,No info,7648
IndiGo,1/06/2019,Delhi,Cochin,DEL → BLR → COK,02:00,07:45,5h 45m,1 stop,No info,6386
Jet Airways,9/06/2019,Kolkata,Banglore,CCU → BOM → BLR,06:30,23:35,17h 5m,1 stop,No info,14571
IndiGo,27/06/2019,Mumbai,Hyderabad,BOM → HYD,06:25,07:55,1h 30m,non-stop,No info,4049
Multiple carriers,12/06/2019,Delhi,Cochin,DEL → BOM → COK,08:00,21:00,13h,1 stop,No info,13797
Jet Airways,24/05/2019,Kolkata,Banglore,CCU → BOM → BLR,18:55,08:15 25 May,13h 20m,1 stop,No info,13731
Jet Airways,12/05/2019,Kolkata,Banglore,CCU → BOM → BLR,20:00,09:20 13 May,13h 20m,1 stop,No info,14388
Multiple carriers,15/05/2019,Delhi,Cochin,DEL → BOM → COK,10:00,21:00,11h,1 stop,No info,8073
Jet Airways,21/03/2019,Delhi,Cochin,DEL → BDQ → BOM → COK,10:45,18:50 22 Mar,32h 5m,2 stops,In-flight meal not included,9270
Vistara,12/06/2019,Banglore,Delhi,BLR → DEL,17:00,19:35,2h 35m,non-stop,No info,4878
Air Asia,15/06/2019,Banglore,Delhi,BLR → DEL,11:10,13:55,2h 45m,non-stop,No info,3383
Jet Airways,15/06/2019,Delhi,Cochin,DEL → IDR → BOM → COK,09:35,12:35 16 Jun,27h,2 stops,No info,12609
Jet Airways,9/06/2019,Kolkata,Banglore,CCU → DEL → BLR,17:00,09:45 10 Jun,16h 45m,1 stop,No info,14151
IndiGo,24/06/2019,Mumbai,Hyderabad,BOM → HYD,01:40,03:10,1h 30m,non-stop,No info,2754
Jet Airways,27/05/2019,Delhi,Cochin,DEL → BOM → COK,13:00,19:00,6h,1 stop,In-flight meal not included,12898
IndiGo,3/05/2019,Banglore,Delhi,BLR → DEL,21:15,00:15 04 May,3h,non-stop,No info,3943
Air India,1/04/2019,Kolkata,Banglore,CCU → BBI → BOM → BLR,12:00,18:30 02 Apr,30h 30m,2 stops,No info,9258
Air India,3/04/2019,Kolkata,Banglore,CCU → BBI → HYD → BLR,09:10,04:40 04 Apr,19h 30m,2 stops,No info,4647
Air Asia,21/05/2019,Kolkata,Banglore,CCU → BLR,22:50,01:20 22 May,2h 30m,non-stop,No info,4107
Air India,21/05/2019,Delhi,Cochin,DEL → BHO → BOM → COK,05:55,07:40 22 May,25h 45m,2 stops,No info,11911
Jet Airways,27/06/2019,Delhi,Cochin,DEL → AMD → BOM → COK,13:25,19:00 28 Jun,29h 35m,2 stops,No info,15339
Multiple carriers,15/06/2019,Delhi,Cochin,DEL → HYD → COK,14:55,22:30,7h 35m,1 stop,In-flight meal not included,6093
Jet Airways,27/06/2019,Mumbai,Hyderabad,BOM → HYD,02:55,04:20,1h 25m,non-stop,In-flight meal not included,3210
Air India,15/05/2019,Banglore,Delhi,BLR → DEL,06:10,08:55,2h 45m,non-stop,No info,6961
GoAir,3/06/2019,Delhi,Cochin,DEL → BOM → COK,14:25,19:35,5h 10m,1 stop,No info,9069
Jet Airways,06/03/2019,Banglore,New Delhi,BLR → BOM → DEL,05:45,12:25,6h 40m,1 stop,No info,22270
Vistara,1/04/2019,Kolkata,Banglore,CCU → DEL → BLR,20:20,22:55 02 Apr,26h 35m,1 stop,No info,7770
IndiGo,3/05/2019,Kolkata,Banglore,CCU → BLR,04:40,07:15,2h 35m,non-stop,No info,4804
Jet Airways,12/06/2019,Kolkata,Banglore,CCU → BOM → BLR,14:05,04:40 13 Jun,14h 35m,1 stop,No info,12739
Air India,21/05/2019,Kolkata,Banglore,CCU → BOM → BLR,09:25,07:55 22 May,22h 30m,1 stop,No info,8891
SpiceJet,18/06/2019,Banglore,Delhi,BLR → DEL,05:55,08:35,2h 40m,non-stop,No check-in baggage included,3573
Jet Airways,12/06/2019,Delhi,Cochin,DEL → BOM → COK,13:00,19:00,6h,1 stop,No info,14714
Jet Airways,1/05/2019,Kolkata,Banglore,CCU → DEL → BLR,20:25,23:35 02 May,27h 10m,1 stop,No info,11467
Multiple carriers,27/06/2019,Delhi,Cochin,DEL → BOM → COK,13:00,19:15,6h 15m,1 stop,No info,14848
Air India,3/05/2019,Kolkata,Banglore,CCU → BLR,14:15,16:45,2h 30m,non-stop,No info,5510
Air India,24/03/2019,Kolkata,Banglore,CCU → MAA → BLR,14:35,14:35 25 Mar,24h,1 stop,No info,6241
Air India,1/04/2019,Banglore,Delhi,BLR → DEL,17:00,19:45,2h 45m,non-stop,No info,5176
Jet Airways,24/03/2019,Kolkata,Banglore,CCU → BOM → BLR,08:25,18:10,9h 45m,1 stop,No info,13759
Jet Airways,21/05/2019,Delhi,Cochin,DEL → JAI → BOM → COK,09:40,04:25 22 May,18h 45m,2 stops,In-flight meal not included,13029
Air Asia,6/06/2019,Banglore,Delhi,BLR → DEL,04:55,07:45,2h 50m,non-stop,No info,4282
IndiGo,3/03/2019,Delhi,Cochin,DEL → HYD → COK,08:35,22:20,13h 45m,1 stop,No info,10236
Air India,3/06/2019,Delhi,Cochin,DEL → MAA → COK,20:40,09:25 04 Jun,12h 45m,1 stop,No info,7480
Jet Airways,12/06/2019,Kolkata,Banglore,CCU → DEL → BLR,17:00,23:35,6h 35m,1 stop,No info,12692
IndiGo,12/03/2019,Mumbai,Hyderabad,BOM → HYD,06:20,07:45,1h 25m,non-stop,No info,4049
SpiceJet,18/03/2019,Banglore,New Delhi,BLR → DEL,05:45,08:35,2h 50m,non-stop,No check-in baggage included,4273
Air India,1/04/2019,Kolkata,Banglore,CCU → DEL → AMD → BLR,07:00,05:25 02 Apr,22h 25m,2 stops,No info,12849
IndiGo,21/03/2019,Mumbai,Hyderabad,BOM → HYD,09:10,10:35,1h 25m,non-stop,No info,4049
IndiGo,1/06/2019,Delhi,Cochin,DEL → MAA → COK,02:00,07:25,5h 25m,1 stop,No info,5636
IndiGo,3/05/2019,Mumbai,Hyderabad,BOM → HYD,06:25,07:55,1h 30m,non-stop,No info,4049
Air India,09/03/2019,Banglore,New Delhi,BLR → HYD → DEL,06:50,12:15,5h 25m,1 stop,No info,5118
Air India,18/05/2019,Kolkata,Banglore,CCU → JAI → BOM → BLR,08:20,11:10 19 May,26h 50m,2 stops,No info,11222
IndiGo,09/03/2019,Banglore,New Delhi,BLR → DEL,00:40,03:25,2h 45m,non-stop,No info,4545
Air India,6/06/2019,Kolkata,Banglore,CCU → BOM → COK → BLR,09:25,01:20 07 Jun,15h 55m,2 stops,No info,11458
SpiceJet,1/05/2019,Kolkata,Banglore,CCU → MAA → BLR,15:05,20:20,5h 15m,1 stop,No info,4649
IndiGo,3/04/2019,Mumbai,Hyderabad,BOM → HYD,19:05,20:35,1h 30m,non-stop,No info,2754
Air India,18/05/2019,Kolkata,Banglore,CCU → BOM → COK → BLR,09:25,01:20 19 May,15h 55m,2 stops,No info,11668
Vistara,01/03/2019,Banglore,New Delhi,BLR → DEL,19:40,22:20,2h 40m,non-stop,No info,21730
Vistara,9/05/2019,Kolkata,Banglore,CCU → DEL → BLR,17:00,10:45 10 May,17h 45m,1 stop,No info,8452
Air India,18/05/2019,Delhi,Cochin,DEL → AMD → BOM → COK,16:40,19:15 19 May,26h 35m,2 stops,No info,9863
IndiGo,9/05/2019,Delhi,Cochin,DEL → COK,14:25,17:40,3h 15m,non-stop,No info,6015
SpiceJet,9/06/2019,Chennai,Kolkata,MAA → CCU,17:45,20:05,2h 20m,non-stop,No check-in baggage included,3543
IndiGo,1/04/2019,Delhi,Cochin,DEL → BOM → COK,20:25,01:30 02 Apr,5h 5m,1 stop,No info,5073
Jet Airways,9/05/2019,Kolkata,Banglore,CCU → BOM → BLR,16:30,22:35,6h 5m,1 stop,No info,14781
Air India,3/03/2019,Delhi,Cochin,DEL → MAA → COK,12:30,09:25 04 Mar,20h 55m,1 stop,No info,16142
Multiple carriers,6/03/2019,Delhi,Cochin,DEL → BOM → COK,13:00,21:00,8h,1 stop,In-flight meal not included,15136
Vistara,1/04/2019,Kolkata,Banglore,CCU → DEL → BLR,17:00,10:45 02 Apr,17h 45m,1 stop,No info,9187
Vistara,27/05/2019,Banglore,Delhi,BLR → DEL,07:00,09:40,2h 40m,non-stop,No info,4668
Multiple carriers,3/03/2019,Delhi,Cochin,DEL → BOM → COK,11:30,01:35 04 Mar,14h 5m,1 stop,No info,18286
Jet Airways,15/06/2019,Delhi,Cochin,DEL → NAG → BOM → COK,14:35,04:25 16 Jun,13h 50m,2 stops,In-flight meal not included,10919
IndiGo,9/05/2019,Chennai,Kolkata,MAA → CCU,19:35,21:55,2h 20m,non-stop,No info,3597
Jet Airways,27/06/2019,Delhi,Cochin,DEL → AMD → BOM → COK,23:05,04:25 29 Jun,29h 20m,2 stops,In-flight meal not included,11150
Jet Airways,27/05/2019,Delhi,Cochin,DEL → JAI → BOM → COK,09:40,04:25 28 May,18h 45m,2 stops,No info,15129
IndiGo,21/05/2019,Mumbai,Hyderabad,BOM → HYD,21:20,22:50,1h 30m,non-stop,No info,2227
Jet Airways,12/06/2019,Delhi,Cochin,DEL → JAI → BOM → COK,09:40,04:25 13 Jun,18h 45m,2 stops,In-flight meal not included,10368
Jet Airways,01/03/2019,Banglore,New Delhi,BLR → BOM → DEL,22:50,11:25 02 Mar,12h 35m,1 stop,1 Long layover,31825
Vistara,15/05/2019,Kolkata,Banglore,CCU → DEL → BLR,17:00,18:50 16 May,25h 50m,1 stop,No info,9345
Jet Airways,01/03/2019,Banglore,New Delhi,BLR → BOM → DEL,08:00,07:40 02 Mar,23h 40m,1 stop,No info,22270
Jet Airways,24/05/2019,Mumbai,Hyderabad,BOM → HYD,02:55,04:20,1h 25m,non-stop,In-flight meal not included,4995
IndiGo,24/06/2019,Kolkata,Banglore,CCU → BLR,15:15,17:45,2h 30m,non-stop,No info,4804
Vistara,18/05/2019,Kolkata,Banglore,CCU → DEL → BLR,17:00,20:20 19 May,27h 20m,1 stop,No info,9555
Air India,27/05/2019,Delhi,Cochin,DEL → BLR → COK,17:40,23:00,5h 20m,1 stop,No info,7174
Jet Airways,9/05/2019,Delhi,Cochin,DEL → BOM → COK,20:55,04:25 10 May,7h 30m,1 stop,In-flight meal not included,12373
Jet Airways,12/06/2019,Kolkata,Banglore,CCU → BOM → BLR,16:30,10:05 13 Jun,17h 35m,1 stop,In-flight meal not included,8529
Jet Airways,9/06/2019,Delhi,Cochin,DEL → BOM → COK,08:00,04:25 10 Jun,20h 25m,1 stop,In-flight meal not included,10262
IndiGo,03/03/2019,Banglore,New Delhi,BLR → DEL,13:00,15:50,2h 50m,non-stop,No info,7648
Jet Airways,6/06/2019,Kolkata,Banglore,CCU → BOM → BLR,18:55,22:35 07 Jun,27h 40m,1 stop,In-flight meal not included,10844
SpiceJet,24/06/2019,Kolkata,Banglore,CCU → BLR,06:55,09:30,2h 35m,non-stop,No check-in baggage included,3841
Jet Airways,27/03/2019,Delhi,Cochin,DEL → BOM → COK,17:30,19:45 28 Mar,26h 15m,1 stop,In-flight meal not included,5406
Air India,18/05/2019,Kolkata,Banglore,CCU → DEL → BLR,07:00,20:25,13h 25m,1 stop,No info,11306
Jet Airways,6/05/2019,Delhi,Cochin,DEL → AMD → BOM → COK,19:10,19:00 07 May,23h 50m,2 stops,No info,15129
Vistara,27/04/2019,Banglore,Delhi,BLR → DEL,11:30,14:20,2h 50m,non-stop,No info,5403
Air India,6/06/2019,Mumbai,Hyderabad,BOM → HYD,13:55,15:25,1h 30m,non-stop,No info,3625
IndiGo,21/03/2019,Kolkata,Banglore,CCU → BLR,17:15,19:55,2h 40m,non-stop,No info,4148
IndiGo,27/06/2019,Delhi,Cochin,DEL → COK,14:25,17:40,3h 15m,non-stop,No info,5000
Air India,15/06/2019,Banglore,Delhi,BLR → DEL,17:00,19:45,2h 45m,non-stop,No info,7171
Jet Airways,12/06/2019,Kolkata,Banglore,CCU → BOM → BLR,06:30,04:40 13 Jun,22h 10m,1 stop,In-flight meal not included,7594
IndiGo,27/03/2019,Delhi,Cochin,DEL → HYD → COK,14:20,22:20,8h,1 stop,No info,6938
Air India,21/05/2019,Kolkata,Banglore,CCU → MAA → BLR,14:35,14:35 22 May,24h,1 stop,No info,6528
Jet Airways,9/05/2019,Kolkata,Banglore,CCU → BOM → BLR,08:25,12:00 10 May,27h 35m,1 stop,In-flight meal not included,9663
Vistara,6/06/2019,Banglore,Delhi,BLR → DEL,07:00,09:40,2h 40m,non-stop,No info,4668
SpiceJet,9/06/2019,Chennai,Kolkata,MAA → CCU,09:45,12:00,2h 15m,non-stop,No check-in baggage included,3543
SpiceJet,15/06/2019,Chennai,Kolkata,MAA → CCU,09:45,12:00,2h 15m,non-stop,No check-in baggage included,3543
Air India,24/03/2019,Kolkata,Banglore,CCU → BBI → BLR,09:10,13:40,4h 30m,1 stop,No info,8026
Jet Airways,6/06/2019,Delhi,Cochin,DEL → BOM → COK,07:05,19:00,11h 55m,1 stop,In-flight meal not included,10262
Multiple carriers,18/05/2019,Delhi,Cochin,DEL → BOM → COK,08:45,19:15,10h 30m,1 stop,No info,8476
Vistara,1/05/2019,Kolkata,Banglore,CCU → DEL → BLR,07:10,18:50,11h 40m,1 stop,No info,9345
IndiGo,24/03/2019,Chennai,Kolkata,MAA → CCU,19:35,21:55,2h 20m,non-stop,No info,7295
GoAir,12/06/2019,Banglore,Delhi,BLR → DEL,07:45,10:40,2h 55m,non-stop,No info,3419
IndiGo,1/06/2019,Chennai,Kolkata,MAA → CCU,14:45,17:05,2h 20m,non-stop,No info,3597
Air India,15/06/2019,Delhi,Cochin,DEL → MAA → COK,12:30,09:25 16 Jun,20h 55m,1 stop,No info,7480
Multiple carriers,6/06/2019,Delhi,Cochin,DEL → BOM → COK,07:30,19:15,11h 45m,1 stop,No info,7354
Jet Airways,24/05/2019,Kolkata,Banglore,CCU → BOM → BLR,18:55,10:05 25 May,15h 10m,1 stop,In-flight meal not included,8586
Jet Airways,12/05/2019,Kolkata,Banglore,CCU → BOM → BLR,20:00,12:00 13 May,16h,1 stop,In-flight meal not included,9663
Jet Airways,1/06/2019,Delhi,Cochin,DEL → JAI → BOM → COK,05:30,04:25 02 Jun,22h 55m,2 stops,In-flight meal not included,10368
Jet Airways,15/03/2019,Mumbai,Hyderabad,BOM → HYD,02:55,04:25,1h 30m,non-stop,In-flight meal not included,2071
Air Asia,27/03/2019,Kolkata,Banglore,CCU → BLR,22:50,01:20 28 Mar,2h 30m,non-stop,No info,3782
IndiGo,9/05/2019,Kolkata,Banglore,CCU → BBI → BLR,07:10,12:40,5h 30m,1 stop,No info,4864
IndiGo,24/04/2019,Kolkata,Banglore,CCU → BLR,11:30,14:05,2h 35m,non-stop,No info,4804
Jet Airways,3/04/2019,Mumbai,Hyderabad,BOM → HYD,02:55,04:20,1h 25m,non-stop,In-flight meal not included,2228
Vistara,1/04/2019,Kolkata,Banglore,CCU → DEL → BLR,20:20,20:20 02 Apr,24h,1 stop,No info,8452
Multiple carriers,18/05/2019,Delhi,Cochin,DEL → BOM → COK,07:00,21:00,14h,1 stop,No info,8073
Jet Airways,27/04/2019,Banglore,Delhi,BLR → DEL,19:50,22:50,3h,non-stop,In-flight meal not included,4544
Jet Airways,27/05/2019,Mumbai,Hyderabad,BOM → HYD,10:20,11:50,1h 30m,non-stop,No info,8040
GoAir,27/06/2019,Delhi,Cochin,DEL → AMD → COK,07:25,13:35,6h 10m,1 stop,No info,4525
Jet Airways,9/05/2019,Mumbai,Hyderabad,BOM → HYD,10:20,11:50,1h 30m,non-stop,No info,8040
GoAir,15/03/2019,Banglore,New Delhi,BLR → GOI → DEL,15:45,20:15,4h 30m,1 stop,No info,7657
IndiGo,15/05/2019,Delhi,Cochin,DEL → HYD → COK,07:35,16:10,8h 35m,1 stop,No info,6442
Jet Airways,18/05/2019,Delhi,Cochin,DEL → JAI → BOM → COK,05:30,04:25 19 May,22h 55m,2 stops,In-flight meal not included,13029
Air India,12/03/2019,Mumbai,Hyderabad,BOM → MAA → HYD,05:55,19:10,13h 15m,1 stop,No info,8528
Jet Airways,24/05/2019,Kolkata,Banglore,CCU → BOM → BLR,06:30,18:15,11h 45m,1 stop,No info,14571
Vistara,12/05/2019,Kolkata,Banglore,CCU → DEL → BLR,17:00,09:05 13 May,16h 5m,1 stop,No info,9922
Multiple carriers,27/05/2019,Delhi,Cochin,DEL → BOM → COK,09:00,19:15,10h 15m,1 stop,In-flight meal not included,10197
Multiple carriers,9/04/2019,Delhi,Cochin,DEL → HYD → COK,07:05,18:10,11h 5m,1 stop,No info,6601
Jet Airways,1/05/2019,Kolkata,Banglore,CCU → DEL → BLR,17:00,14:25 02 May,21h 25m,1 stop,In-flight meal not included,9314
Jet Airways,3/03/2019,Mumbai,Hyderabad,BOM → HYD,02:55,04:25,1h 30m,non-stop,No info,5678
Air India,18/03/2019,Banglore,New Delhi,BLR → BOM → BHO → DEL,08:50,23:25,14h 35m,2 stops,No info,11728
Jet Airways,27/05/2019,Delhi,Cochin,DEL → AMD → BOM → COK,23:05,04:25 29 May,29h 20m,2 stops,No info,16704
Air India,6/05/2019,Delhi,Cochin,,09:45,09:25 07 May,23h 40m,,No info,7480
Air India,21/03/2019,Delhi,Cochin,DEL → LKO → BOM → COK,12:20,19:15 22 Mar,30h 55m,2 stops,No info,10703
Jet Airways,9/03/2019,Delhi,Cochin,DEL → BOM → COK,02:15,04:25 10 Mar,26h 10m,1 stop,No info,15029
Jet Airways,6/06/2019,Banglore,Delhi,BLR → DEL,19:50,22:50,3h,non-stop,No info,8016
Jet Airways,6/05/2019,Kolkata,Banglore,CCU → DEL → BLR,20:25,22:05 07 May,25h 40m,1 stop,In-flight meal not included,9314
SpiceJet,6/04/2019,Kolkata,Banglore,CCU → BLR,06:55,09:30,2h 35m,non-stop,No check-in baggage included,3841
Multiple carriers,9/05/2019,Delhi,Cochin,DEL → BOM → COK,11:40,19:15,7h 35m,1 stop,No info,8266
Multiple carriers,1/06/2019,Delhi,Cochin,DEL → HYD → COK,13:15,22:30,9h 15m,1 stop,No info,9646
Jet Airways,6/05/2019,Kolkata,Banglore,CCU → BOM → BLR,21:10,08:15 07 May,11h 5m,1 stop,No info,13584
IndiGo,18/06/2019,Chennai,Kolkata,MAA → CCU,05:15,07:40,2h 25m,non-stop,No info,3540
Air Asia,1/05/2019,Kolkata,Banglore,CCU → DEL → BLR,22:40,10:40 02 May,12h,1 stop,No info,5192
IndiGo,12/03/2019,Kolkata,Banglore,CCU → BLR,15:10,17:45,2h 35m,non-stop,No info,4148
Air India,24/05/2019,Kolkata,Banglore,CCU → IXR → DEL → BLR,05:50,08:55 25 May,27h 5m,2 stops,No info,12723
Jet Airways,21/03/2019,Delhi,Cochin,DEL → BOM → COK,02:15,04:25 22 Mar,26h 10m,1 stop,In-flight meal not included,7438
Air India,15/05/2019,Kolkata,Banglore,CCU → DEL → BLR,20:30,20:25 16 May,23h 55m,1 stop,No info,10203
Jet Airways,12/06/2019,Banglore,Delhi,BLR → DEL,06:00,08:45,2h 45m,non-stop,In-flight meal not included,6478
Air India,9/04/2019,Delhi,Cochin,DEL → BLR → COK,20:30,08:15 10 Apr,11h 45m,1 stop,No info,5683
Jet Airways,27/05/2019,Mumbai,Hyderabad,BOM → HYD,02:55,04:20,1h 25m,non-stop,In-flight meal not included,4050
Jet Airways,1/05/2019,Kolkata,Banglore,CCU → BOM → BLR,14:05,10:05 02 May,20h,1 stop,No info,13941
Jet Airways,6/05/2019,Delhi,Cochin,DEL → BOM → COK,22:50,04:25 07 May,5h 35m,1 stop,No info,15554
Multiple carriers,15/05/2019,Delhi,Cochin,DEL → BOM → COK,11:25,19:00,7h 35m,1 stop,No info,9103
Jet Airways,21/06/2019,Mumbai,Hyderabad,BOM → HYD,10:20,11:50,1h 30m,non-stop,No info,8040
IndiGo,9/03/2019,Delhi,Cochin,DEL → HYD → MAA → COK,11:55,21:20,9h 25m,2 stops,No info,8378
Jet Airways,12/06/2019,Delhi,Cochin,DEL → JAI → BOM → COK,09:40,19:00,9h 20m,2 stops,No info,13014
Air India,21/06/2019,Banglore,Delhi,BLR → DEL,21:05,23:55,2h 50m,non-stop,No info,5228
Multiple carriers,27/06/2019,Delhi,Cochin,DEL → BOM → COK,09:00,21:00,12h,1 stop,No info,7408
Air India,6/06/2019,Delhi,Cochin,DEL → HYD → BOM → COK,17:15,19:15 07 Jun,26h,2 stops,No info,12760
Jet Airways,1/04/2019,Kolkata,Banglore,CCU → BOM → BLR,06:30,19:50,13h 20m,1 stop,No info,12681
Air Asia,21/05/2019,Banglore,Delhi,BLR → DEL,23:55,02:45 22 May,2h 50m,non-stop,No info,3383
Jet Airways,24/06/2019,Delhi,Cochin,DEL → NAG → BOM → COK,14:35,04:25 25 Jun,13h 50m,2 stops,No info,13376
Air India,9/05/2019,Kolkata,Banglore,CCU → IXR → DEL → BLR,05:50,20:25,14h 35m,2 stops,No info,10991
Air India,9/05/2019,Delhi,Cochin,DEL → COK,14:10,17:10,3h,non-stop,No info,6094
Air India,1/06/2019,Delhi,Cochin,DEL → MAA → COK,09:45,09:25 02 Jun,23h 40m,1 stop,No info,8372
Air India,12/03/2019,Mumbai,Hyderabad,BOM → HYD,19:30,20:45,1h 15m,non-stop,No info,4307
IndiGo,27/06/2019,Delhi,Cochin,DEL → HYD → COK,05:05,12:10,7h 5m,1 stop,No info,6442
IndiGo,6/05/2019,Kolkata,Banglore,CCU → HYD → BLR,19:20,23:45,4h 25m,1 stop,No info,3809
Jet Airways,21/03/2019,Banglore,New Delhi,BLR → BOM → DEL,05:45,15:15,9h 30m,1 stop,In-flight meal not included,7832
Jet Airways,6/06/2019,Delhi,Cochin,DEL → BOM → COK,16:00,04:25 07 Jun,12h 25m,1 stop,In-flight meal not included,10262
SpiceJet,24/05/2019,Banglore,Delhi,BLR → DEL,05:55,08:35,2h 40m,non-stop,No info,3311
Air India,9/05/2019,Delhi,Cochin,DEL → MAA → COK,20:40,09:25 10 May,12h 45m,1 stop,No info,7480
Air India,03/03/2019,Banglore,New Delhi,BLR → HBX → BOM → NAG → DEL,12:00,10:35 07 Mar,22h 35m,3 stops,No info,12358
Multiple carriers,1/06/2019,Delhi,Cochin,DEL → HYD → COK,07:10,22:30,15h 20m,1 stop,No info,7038
Vistara,6/03/2019,Mumbai,Hyderabad,BOM → DEL → HYD,10:25,22:55,12h 30m,1 stop,No info,12395
Jet Airways,1/06/2019,Delhi,Cochin,DEL → JAI → BOM → COK,09:40,12:35 02 Jun,26h 55m,2 stops,No info,13014
Air India,12/04/2019,Kolkata,Banglore,CCU → BLR,14:15,16:45,2h 30m,non-stop,No info,5195
IndiGo,18/05/2019,Kolkata,Banglore,CCU → BLR,20:20,22:55,2h 35m,non-stop,No info,4804
Jet Airways,3/06/2019,Delhi,Cochin,DEL → BDQ → BOM → COK,18:25,12:35 04 Jun,18h 10m,2 stops,No info,14237
Vistara,9/04/2019,Banglore,Delhi,BLR → DEL,07:00,09:40,2h 40m,non-stop,No info,5403
SpiceJet,9/06/2019,Delhi,Cochin,DEL → PNQ → COK,08:45,13:15,4h 30m,1 stop,No info,5264
Jet Airways,18/05/2019,Delhi,Cochin,DEL → ATQ → BOM → COK,20:00,04:25 19 May,8h 25m,2 stops,No info,16263
Jet Airways,01/03/2019,Banglore,New Delhi,BLR → BOM → DEL,22:50,23:00 02 Mar,24h 10m,1 stop,No info,25735
Air Asia,24/04/2019,Delhi,Cochin,DEL → BLR → COK,16:45,22:25,5h 40m,1 stop,No info,6152
Jet Airways,9/05/2019,Kolkata,Banglore,CCU → BOM → BLR,06:30,16:20,9h 50m,1 stop,No info,13941
IndiGo,3/06/2019,Banglore,Delhi,BLR → DEL,18:25,21:20,2h 55m,non-stop,No info,4823
Jet Airways,15/03/2019,Banglore,New Delhi,BLR → BOM → DEL,08:00,08:15 16 Mar,24h 15m,1 stop,In-flight meal not included,10405
Jet Airways,9/06/2019,Delhi,Cochin,DEL → BOM → COK,17:30,12:35 10 Jun,19h 5m,1 stop,In-flight meal not included,10262
IndiGo,12/05/2019,Kolkata,Banglore,CCU → BBI → BLR,19:35,23:15,3h 40m,1 stop,No info,5276
Jet Airways,15/05/2019,Kolkata,Banglore,CCU → BOM → BLR,18:55,08:15 16 May,13h 20m,1 stop,No info,14388
Air India,9/06/2019,Delhi,Cochin,DEL → HYD → BOM → COK,17:15,19:15 10 Jun,26h,2 stops,No info,12199
SpiceJet,6/05/2019,Kolkata,Banglore,CCU → BLR,09:00,11:25,2h 25m,non-stop,No info,4174
Jet Airways,6/06/2019,Delhi,Cochin,DEL → BOM → COK,15:00,04:25 07 Jun,13h 25m,1 stop,No info,14714
Multiple carriers,18/05/2019,Delhi,Cochin,DEL → BOM → COK,10:20,19:00,8h 40m,1 stop,No info,9794
Multiple carriers,21/05/2019,Delhi,Cochin,DEL → BOM → COK,07:05,21:00,13h 55m,1 stop,In-flight meal not included,9930
Jet Airways,21/05/2019,Kolkata,Banglore,CCU → BOM → BLR,20:00,16:20 22 May,20h 20m,1 stop,In-flight meal not included,10844
Air India,18/05/2019,Kolkata,Banglore,CCU → GAU → DEL → BLR,09:50,23:15,13h 25m,2 stops,No info,15957
Jet Airways,6/05/2019,Kolkata,Banglore,CCU → BOM → BLR,16:30,04:40 07 May,12h 10m,1 stop,No info,13941
Jet Airways,21/06/2019,Banglore,Delhi,BLR → DEL,19:50,22:50,3h,non-stop,No info,8541
Air India,24/06/2019,Delhi,Cochin,DEL → HYD → MAA → COK,09:45,09:25 25 Jun,23h 40m,2 stops,No info,10975
Air India,27/06/2019,Delhi,Cochin,DEL → JAI → BOM → COK,12:00,07:40 28 Jun,19h 40m,2 stops,No info,9653
Jet Airways,3/06/2019,Delhi,Cochin,DEL → IDR → BOM → COK,05:30,19:00,13h 30m,2 stops,No info,13292
Multiple carriers,3/06/2019,Delhi,Cochin,DEL → HYD → COK,07:05,22:30,15h 25m,1 stop,No info,10696
IndiGo,15/06/2019,Delhi,Cochin,DEL → BOM → COK,18:35,01:30 16 Jun,6h 55m,1 stop,No info,5883
Jet Airways,18/05/2019,Kolkata,Banglore,CCU → BOM → BLR,08:25,08:15 19 May,23h 50m,1 stop,In-flight meal not included,9663
Multiple carriers,3/06/2019,Delhi,Cochin,DEL → BOM → COK,07:30,19:00,11h 30m,1 stop,No info,10877
SpiceJet,24/05/2019,Kolkata,Banglore,CCU → KNU → BLR,11:35,18:50,7h 15m,1 stop,No info,8479
Jet Airways,21/03/2019,Mumbai,Hyderabad,BOM → HYD,19:35,21:05,1h 30m,non-stop,No info,5678
Jet Airways,24/05/2019,Banglore,Delhi,BLR → DEL,08:20,11:20,3h,non-stop,In-flight meal not included,4030
Air India,12/05/2019,Kolkata,Banglore,CCU → DEL → COK → BLR,10:00,01:20 13 May,15h 20m,2 stops,No info,13243
IndiGo,24/03/2019,Kolkata,Banglore,CCU → BLR,09:35,12:20,2h 45m,non-stop,No info,6038
Air India,1/06/2019,Delhi,Cochin,DEL → BLR → COK,13:30,23:00,9h 30m,1 stop,No info,8907
Jet Airways,9/03/2019,Delhi,Cochin,DEL → BDQ → BOM → COK,10:45,04:25 10 Mar,17h 40m,2 stops,In-flight meal not included,15654
IndiGo,3/03/2019,Delhi,Cochin,DEL → COK,21:05,00:20 04 Mar,3h 15m,non-stop,No info,7673
Jet Airways,9/03/2019,Delhi,Cochin,DEL → BOM → COK,02:15,04:25 10 Mar,26h 10m,1 stop,In-flight meal not included,11848
Jet Airways,18/03/2019,Banglore,New Delhi,BLR → BOM → DEL,11:40,07:40 16 Mar,20h,1 stop,No info,12284
Multiple carriers,18/05/2019,Delhi,Cochin,DEL → BOM → COK,17:00,01:30 19 May,8h 30m,1 stop,No info,8283
Air India,9/05/2019,Kolkata,Banglore,CCU → DEL → AMD → BLR,10:00,05:25 10 May,19h 25m,2 stops,No info,14424
SpiceJet,18/06/2019,Chennai,Kolkata,MAA → CCU,17:45,20:05,2h 20m,non-stop,No info,3597
SpiceJet,9/04/2019,Banglore,Delhi,BLR → DEL,09:30,12:20,2h 50m,non-stop,No check-in baggage included,4319
Vistara,15/03/2019,Banglore,New Delhi,BLR → AMD → DEL,06:40,12:35,5h 55m,1 stop,No info,6800
Air Asia,15/05/2019,Kolkata,Banglore,CCU → BLR,10:20,12:55,2h 35m,non-stop,No info,4409
Air India,1/04/2019,Kolkata,Banglore,CCU → DEL → COK → TRV → BLR,10:00,10:30 02 Apr,24h 30m,3 stops,No info,12954
Air Asia,18/06/2019,Kolkata,Banglore,CCU → BLR,22:50,01:20 19 Jun,2h 30m,non-stop,No info,3807
Jet Airways,6/06/2019,Mumbai,Hyderabad,BOM → HYD,19:35,21:05,1h 30m,non-stop,In-flight meal not included,3210
IndiGo,6/05/2019,Banglore,Delhi,BLR → DEL,10:10,13:00,2h 50m,non-stop,No info,3943
Air Asia,18/05/2019,Banglore,Delhi,BLR → DEL,23:55,02:45 19 May,2h 50m,non-stop,No info,4483
SpiceJet,27/05/2019,Banglore,Delhi,BLR → DEL,09:30,12:20,2h 50m,non-stop,No check-in baggage included,3573
Multiple carriers,9/03/2019,Delhi,Cochin,DEL → BOM → COK,18:15,01:35 10 Mar,7h 20m,1 stop,In-flight meal not included,14086
Vistara,12/04/2019,Banglore,Delhi,BLR → DEL,11:30,14:20,2h 50m,non-stop,No info,5403
Jet Airways,9/03/2019,Delhi,Cochin,DEL → ATQ → BOM → COK,08:20,04:25 10 Mar,20h 5m,2 stops,No info,18909
Multiple carriers,12/06/2019,Delhi,Cochin,DEL → BOM → COK,08:30,19:00,10h 30m,1 stop,No info,10877
IndiGo,27/04/2019,Kolkata,Banglore,CCU → BLR,11:30,14:05,2h 35m,non-stop,No info,4804
Air India,15/04/2019,Banglore,Delhi,BLR → DEL,10:00,12:45,2h 45m,non-stop,No info,6121
IndiGo,24/03/2019,Banglore,New Delhi,BLR → DEL,01:30,04:15,2h 45m,non-stop,No info,4777
Jet Airways,9/05/2019,Delhi,Cochin,DEL → BOM → COK,11:30,19:00,7h 30m,1 stop,In-flight meal not included,12373
Jet Airways,3/06/2019,Delhi,Cochin,DEL → BOM → COK,16:00,12:35 04 Jun,20h 35m,1 stop,In-flight meal not included,10262
Air India,12/06/2019,Kolkata,Banglore,CCU → BLR,20:45,23:20,2h 35m,non-stop,No info,4145
Air India,18/05/2019,Delhi,Cochin,DEL → HYD → BOM → COK,17:15,19:15 19 May,26h,2 stops,No info,12409
IndiGo,27/04/2019,Delhi,Cochin,DEL → HYD → COK,05:05,12:10,7h 5m,1 stop,No info,7160
Air India,12/03/2019,Banglore,New Delhi,BLR → HYD → VGA → DEL,06:50,22:55,16h 5m,2 stops,No info,11474
Multiple carriers,27/05/2019,Delhi,Cochin,DEL → BOM → COK,08:00,19:15,11h 15m,1 stop,In-flight meal not included,11761
Jet Airways,18/05/2019,Delhi,Cochin,DEL → AMD → BOM → COK,23:05,19:00 19 May,19h 55m,2 stops,No info,15129
Jet Airways,18/06/2019,Banglore,Delhi,BLR → DEL,07:10,10:10,3h,non-stop,No info,8016
IndiGo,15/05/2019,Delhi,Cochin,DEL → BOM → COK,11:25,21:00,9h 35m,1 stop,No info,6979
Jet Airways,24/03/2019,Kolkata,Banglore,CCU → BOM → BLR,08:25,23:25,15h,1 stop,In-flight meal not included,10031
Multiple carriers,3/06/2019,Delhi,Cochin,DEL → BOM → COK,11:40,01:30 04 Jun,13h 50m,1 stop,No info,7530
Jet Airways,1/05/2019,Banglore,Delhi,BLR → DEL,11:10,14:05,2h 55m,non-stop,In-flight meal not included,4030
Jet Airways,09/03/2019,Banglore,New Delhi,BLR → BOM → DEL,07:00,09:30 13 Mar,26h 30m,1 stop,In-flight meal not included,11087
Air India,9/05/2019,Delhi,Cochin,DEL → BOM → COK,09:00,19:15,10h 15m,1 stop,No info,8372
IndiGo,3/03/2019,Delhi,Cochin,DEL → HYD → COK,11:55,22:20,10h 25m,1 stop,No info,11600
Air India,01/03/2019,Banglore,New Delhi,BLR → CCU → BBI → DEL,05:50,16:20,10h 30m,2 stops,Change airports,15119
GoAir,9/06/2019,Delhi,Cochin,DEL → BOM → COK,14:25,19:35,5h 10m,1 stop,No info,9069
Air India,9/06/2019,Kolkata,Banglore,CCU → DEL → AMD → BLR,07:00,05:25 10 Jun,22h 25m,2 stops,No info,12534
Air India,21/03/2019,Delhi,Cochin,DEL → RPR → NAG → BOM → COK,05:15,19:15 22 Mar,38h,3 stops,No info,9128
IndiGo,18/06/2019,Delhi,Cochin,DEL → COK,05:35,08:50,3h 15m,non-stop,No info,5000
Jet Airways,6/05/2019,Mumbai,Hyderabad,BOM → HYD,07:05,08:30,1h 25m,non-stop,No info,8040
SpiceJet,27/03/2019,Chennai,Kolkata,MAA → CCU,17:45,20:05,2h 20m,non-stop,No check-in baggage included,3332
Jet Airways,9/05/2019,Delhi,Cochin,DEL → BOM → COK,08:00,19:00,11h,1 stop,No info,15554
Jet Airways,27/03/2019,Delhi,Cochin,DEL → MAA → BOM → COK,17:35,19:45 28 Mar,26h 10m,2 stops,In-flight meal not included,8098
SpiceJet,1/05/2019,Banglore,Delhi,BLR → DEL,09:30,12:20,2h 50m,non-stop,No info,4423
IndiGo,6/03/2019,Delhi,Cochin,DEL → BOM → COK,04:45,13:20,8h 35m,1 stop,No info,13611
IndiGo,12/06/2019,Delhi,Cochin,DEL → COK,14:25,17:40,3h 15m,non-stop,No info,5601
IndiGo,21/05/2019,Banglore,Delhi,BLR → DEL,10:10,13:00,2h 50m,non-stop,No info,3943
Vistara,03/03/2019,Banglore,New Delhi,BLR → DEL,16:00,18:35,2h 35m,non-stop,No info,13383
Jet Airways,18/05/2019,Banglore,Delhi,BLR → DEL,19:50,22:50,3h,non-stop,In-flight meal not included,5198
Jet Airways,6/06/2019,Kolkata,Banglore,CCU → BOM → BLR,18:55,19:50 07 Jun,24h 55m,1 stop,No info,14571
IndiGo,3/05/2019,Chennai,Kolkata,MAA → CCU,07:55,10:15,2h 20m,non-stop,No info,3850
Multiple carriers,27/05/2019,Delhi,Cochin,DEL → BOM → COK,14:00,01:30 28 May,11h 30m,1 stop,In-flight meal not included,6943
Air India,21/03/2019,Banglore,New Delhi,BLR → HYD → VGA → DEL,08:15,11:20 19 Mar,27h 5m,2 stops,No info,7642
Jet Airways,3/06/2019,Delhi,Cochin,DEL → BOM → COK,08:00,19:00,11h,1 stop,In-flight meal not included,10577
Jet Airways,12/06/2019,Delhi,Cochin,DEL → JAI → BOM → COK,05:30,19:00,13h 30m,2 stops,No info,13014
Multiple carriers,6/03/2019,Delhi,Cochin,DEL → BOM → COK,06:40,18:50,12h 10m,1 stop,No info,15135
Air India,6/06/2019,Kolkata,Banglore,CCU → BOM → BLR,16:50,11:10 07 Jun,18h 20m,1 stop,No info,8366
Jet Airways,9/06/2019,Delhi,Cochin,DEL → IDR → BOM → COK,05:30,04:25 10 Jun,22h 55m,2 stops,No info,13292
Jet Airways,6/06/2019,Delhi,Cochin,DEL → BOM → COK,16:00,19:00 07 Jun,27h,1 stop,In-flight meal not included,10262
IndiGo,18/06/2019,Banglore,Delhi,BLR → DEL,04:00,06:50,2h 50m,non-stop,No info,3943
SpiceJet,15/05/2019,Kolkata,Banglore,CCU → BLR,09:00,11:25,2h 25m,non-stop,No check-in baggage included,3841
Jet Airways,24/03/2019,Kolkata,Banglore,CCU → BOM → BLR,18:55,16:20 25 Mar,21h 25m,1 stop,No info,14231
Jet Airways,12/06/2019,Delhi,Cochin,DEL → BOM → COK,21:50,12:35 13 Jun,14h 45m,1 stop,In-flight meal not included,10262
Jet Airways,21/03/2019,Delhi,Cochin,DEL → BOM → COK,14:00,04:25 22 Mar,14h 25m,1 stop,In-flight meal not included,7438
SpiceJet,9/06/2019,Chennai,Kolkata,MAA → CCU,08:20,10:35,2h 15m,non-stop,No check-in baggage included,3543
IndiGo,15/06/2019,Delhi,Cochin,DEL → BOM → COK,06:40,21:00,14h 20m,1 stop,No info,6093
Multiple carriers,21/03/2019,Delhi,Cochin,DEL → BOM → COK,07:05,21:00,13h 55m,1 stop,No info,13062
Jet Airways,6/05/2019,Kolkata,Banglore,CCU → BOM → BLR,21:10,09:20 07 May,12h 10m,1 stop,No info,14388
Vistara,24/06/2019,Delhi,Cochin,DEL → COK,06:00,09:10,3h 10m,non-stop,No info,6216
Air Asia,6/06/2019,Delhi,Cochin,DEL → BLR → COK,16:45,22:25,5h 40m,1 stop,No info,11410
GoAir,24/06/2019,Delhi,Cochin,DEL → AMD → COK,07:25,13:35,6h 10m,1 stop,No info,4692
Multiple carriers,3/06/2019,Delhi,Cochin,DEL → BOM → COK,09:00,19:00,10h,1 stop,No info,13714
Jet Airways,18/05/2019,Kolkata,Banglore,CCU → BOM → BLR,20:00,22:35 19 May,26h 35m,1 stop,In-flight meal not included,10844
SpiceJet,18/04/2019,Kolkata,Banglore,CCU → BLR,06:55,09:30,2h 35m,non-stop,No info,3873
Jet Airways,6/06/2019,Delhi,Cochin,DEL → BOM → COK,16:00,04:25 07 Jun,12h 25m,1 stop,No info,14714
IndiGo,27/05/2019,Delhi,Cochin,DEL → LKO → COK,21:50,03:35 28 May,5h 45m,1 stop,No info,6769
Multiple carriers,3/06/2019,Delhi,Cochin,DEL → BOM → COK,19:00,01:30 04 Jun,6h 30m,1 stop,No info,7198
Jet Airways,24/06/2019,Delhi,Cochin,DEL → AMD → BOM → COK,19:10,19:00 25 Jun,23h 50m,2 stops,No info,12819
GoAir,12/05/2019,Banglore,Delhi,BLR → DEL,20:55,23:40,2h 45m,non-stop,No info,3419
Jet Airways,12/03/2019,Banglore,New Delhi,BLR → BOM → DEL,22:55,10:45 13 Mar,11h 50m,1 stop,In-flight meal not included,11087
Vistara,3/06/2019,Banglore,Delhi,BLR → DEL,07:00,09:40,2h 40m,non-stop,No info,4668
IndiGo,6/04/2019,Delhi,Cochin,DEL → BOM → COK,16:00,21:00,5h,1 stop,No info,5073
Vistara,27/06/2019,Banglore,Delhi,BLR → DEL,21:00,23:50,2h 50m,non-stop,No info,4878
IndiGo,27/03/2019,Delhi,Cochin,DEL → HYD → MAA → COK,06:40,21:20,14h 40m,2 stops,No info,6494
Multiple carriers,21/05/2019,Delhi,Cochin,DEL → BOM → COK,10:20,01:30 22 May,15h 10m,1 stop,No info,7485
Air India,3/03/2019,Delhi,Cochin,DEL → BLR → COK,09:45,23:00,13h 15m,1 stop,No info,27282
IndiGo,9/05/2019,Kolkata,Banglore,CCU → BLR,15:30,18:05,2h 35m,non-stop,No info,4804
Jet Airways,9/06/2019,Banglore,Delhi,BLR → DEL,17:45,20:45,3h,non-stop,No info,8016
Jet Airways,3/06/2019,Banglore,Delhi,BLR → DEL,19:50,22:50,3h,non-stop,No info,8016
Jet Airways,1/04/2019,Mumbai,Hyderabad,BOM → HYD,19:35,21:05,1h 30m,non-stop,No info,5678
Jet Airways,06/03/2019,Banglore,New Delhi,BLR → BOM → DEL,22:50,09:30 07 Mar,10h 40m,1 stop,No info,17261
Jet Airways,3/06/2019,Delhi,Cochin,DEL → BOM → COK,18:15,04:25 04 Jun,10h 10m,1 stop,No info,14714
Jet Airways,9/06/2019,Kolkata,Banglore,CCU → BOM → BLR,06:30,18:15,11h 45m,1 stop,In-flight meal not included,10844
SpiceJet,12/06/2019,Delhi,Cochin,DEL → BLR → COK,17:55,22:50,4h 55m,1 stop,No info,4957
Air India,15/05/2019,Delhi,Cochin,DEL → MAA → COK,17:20,09:25 16 May,16h 5m,1 stop,No info,7480
Multiple carriers,3/06/2019,Delhi,Cochin,DEL → HYD → COK,09:45,16:10,6h 25m,1 stop,No info,9646
Multiple carriers,21/05/2019,Delhi,Cochin,DEL → BOM → COK,02:15,11:50,9h 35m,1 stop,No info,14067
Multiple carriers,6/06/2019,Delhi,Cochin,DEL → BOM → COK,11:40,01:30 07 Jun,13h 50m,1 stop,No info,6795
Jet Airways,21/03/2019,Banglore,New Delhi,BLR → BOM → DEL,22:50,11:25 19 Mar,12h 35m,1 stop,In-flight meal not included,7832
Air India,24/04/2019,Banglore,Delhi,BLR → DEL,21:05,23:55,2h 50m,non-stop,No info,5228
Jet Airways,21/05/2019,Kolkata,Banglore,CCU → DEL → BLR,20:25,21:05 22 May,24h 40m,1 stop,No info,14151
Multiple carriers,3/03/2019,Delhi,Cochin,DEL → BOM → COK,13:00,21:00,8h,1 stop,No info,17493
Multiple carriers,6/03/2019,Delhi,Cochin,DEL → BOM → COK,09:00,21:00,12h,1 stop,In-flight meal not included,15136
IndiGo,3/05/2019,Chennai,Kolkata,MAA → CCU,19:35,21:55,2h 20m,non-stop,No info,3597
Air India,1/03/2019,Delhi,Cochin,DEL → BLR → COK,09:45,08:15 02 Mar,22h 30m,1 stop,No info,22798
Air India,6/06/2019,Delhi,Cochin,DEL → MAA → COK,09:45,09:25 07 Jun,23h 40m,1 stop,No info,7952
IndiGo,6/06/2019,Delhi,Cochin,DEL → BOM → COK,09:15,01:30 07 Jun,16h 15m,1 stop,No info,6628
SpiceJet,15/04/2019,Delhi,Cochin,DEL → MAA → COK,06:05,11:20,5h 15m,1 stop,No info,5583
Jet Airways,1/05/2019,Kolkata,Banglore,CCU → DEL → BLR,17:00,19:10 02 May,26h 10m,1 stop,No info,11467
Air Asia,03/03/2019,Banglore,New Delhi,BLR → DEL,23:25,02:10 07 Mar,2h 45m,non-stop,No info,6477
Air Asia,15/05/2019,Kolkata,Banglore,CCU → BLR,22:50,01:20 16 May,2h 30m,non-stop,No info,4107
Air India,9/06/2019,Kolkata,Banglore,CCU → IXR → DEL → BLR,05:50,12:30 10 Jun,30h 40m,2 stops,No info,12723
IndiGo,1/06/2019,Mumbai,Hyderabad,BOM → HYD,06:25,07:55,1h 30m,non-stop,No info,4049
Jet Airways,1/05/2019,Kolkata,Banglore,CCU → DEL → BLR,17:00,21:05 02 May,28h 5m,1 stop,No info,12121
Jet Airways,6/06/2019,Delhi,Cochin,DEL → BOM → COK,15:00,19:00 07 Jun,28h,1 stop,In-flight meal not included,10262
Air Asia,9/05/2019,Kolkata,Banglore,CCU → BBI → BLR,19:55,23:30,3h 35m,1 stop,No info,5162
Air India,09/03/2019,Banglore,New Delhi,BLR → CCU → DEL,11:05,22:45,11h 40m,1 stop,No info,10657
Vistara,21/05/2019,Kolkata,Banglore,CCU → DEL → BLR,17:00,20:20 22 May,27h 20m,1 stop,No info,9345
Multiple carriers,21/05/2019,Delhi,Cochin,DEL → HYD → COK,09:45,18:10,8h 25m,1 stop,No info,9646
IndiGo,27/03/2019,Kolkata,Banglore,CCU → BLR,10:10,12:55,2h 45m,non-stop,No info,4148
Jet Airways,01/03/2019,Banglore,New Delhi,BLR → BOM → DEL,11:40,05:05 02 Mar,17h 25m,1 stop,No info,22270
Air India,15/06/2019,Banglore,Delhi,BLR → DEL,06:10,08:55,2h 45m,non-stop,No info,6961
SpiceJet,21/05/2019,Chennai,Kolkata,MAA → CCU,17:45,20:05,2h 20m,non-stop,No info,3597
Jet Airways,1/05/2019,Kolkata,Banglore,CCU → BOM → BLR,16:30,23:35,7h 5m,1 stop,No info,14781
Jet Airways,9/06/2019,Delhi,Cochin,DEL → BOM → COK,22:50,19:00 10 Jun,20h 10m,1 stop,In-flight meal not included,10262
IndiGo,12/06/2019,Banglore,Delhi,BLR → DEL,00:30,03:25,2h 55m,non-stop,No info,3419
SpiceJet,12/05/2019,Chennai,Kolkata,MAA → CCU,08:20,10:35,2h 15m,non-stop,No info,3597
IndiGo,03/03/2019,Banglore,New Delhi,BLR → DEL,16:55,19:45,2h 50m,non-stop,No info,8855
SpiceJet,3/06/2019,Banglore,Delhi,BLR → DEL,09:30,12:20,2h 50m,non-stop,No check-in baggage included,3919
Jet Airways,12/05/2019,Kolkata,Banglore,CCU → BOM → BLR,20:00,04:40 13 May,8h 40m,1 stop,No info,13941
Jet Airways,6/06/2019,Kolkata,Banglore,CCU → DEL → BLR,09:35,19:10,9h 35m,1 stop,No info,14151
Jet Airways,27/06/2019,Banglore,Delhi,BLR → DEL,08:20,11:20,3h,non-stop,In-flight meal not included,6478
SpiceJet,15/04/2019,Delhi,Cochin,DEL → MAA → COK,15:45,22:05,6h 20m,1 stop,No info,5899
SpiceJet,27/05/2019,Delhi,Cochin,DEL → BLR → COK,17:55,22:50,4h 55m,1 stop,No info,5673
Jet Airways,9/05/2019,Delhi,Cochin,DEL → BOM → COK,08:00,04:25 10 May,20h 25m,1 stop,In-flight meal not included,12373
Jet Airways,24/03/2019,Kolkata,Banglore,CCU → BOM → BLR,16:55,09:15 25 Mar,16h 20m,1 stop,No info,14231
Air India,15/03/2019,Banglore,New Delhi,BLR → VGA → DEL,10:30,11:20 16 Mar,24h 50m,1 stop,No info,7013
Multiple carriers,1/06/2019,Delhi,Cochin,DEL → BOM → COK,09:00,19:15,10h 15m,1 stop,No info,16108
IndiGo,24/05/2019,Banglore,Delhi,BLR → DEL,18:55,21:50,2h 55m,non-stop,No info,4823
IndiGo,24/06/2019,Delhi,Cochin,DEL → BOM → COK,07:30,21:00,13h 30m,1 stop,No info,6093
Jet Airways,9/06/2019,Banglore,Delhi,BLR → DEL,11:10,14:05,2h 55m,non-stop,No info,8016
IndiGo,15/04/2019,Delhi,Cochin,DEL → HYD → COK,07:35,16:10,8h 35m,1 stop,No info,6442
IndiGo,6/05/2019,Chennai,Kolkata,MAA → CCU,05:15,07:40,2h 25m,non-stop,No info,3540
Air Asia,27/06/2019,Delhi,Cochin,DEL → BLR → COK,07:55,13:25,5h 30m,1 stop,No info,6152
Jet Airways,21/06/2019,Mumbai,Hyderabad,BOM → HYD,19:35,21:05,1h 30m,non-stop,In-flight meal not included,3210
Multiple carriers,3/03/2019,Delhi,Cochin,DEL → BOM → COK,10:00,21:00,11h,1 stop,No info,16863
Jet Airways,24/03/2019,Kolkata,Banglore,CCU → BOM → BLR,21:10,16:20 25 Mar,19h 10m,1 stop,No info,13759
Air India,6/06/2019,Delhi,Cochin,DEL → CCU → BOM → COK,16:55,19:15 07 Jun,26h 20m,2 stops,No info,13591
Air India,9/04/2019,Kolkata,Banglore,CCU → HYD → BLR,19:00,11:05 10 Apr,16h 5m,1 stop,No info,4647
Air India,1/04/2019,Kolkata,Banglore,CCU → BBI → BOM → BLR,12:00,21:50,9h 50m,2 stops,No info,9258
Jet Airways,1/04/2019,Kolkata,Banglore,CCU → GAU → BLR,10:20,17:35,7h 15m,1 stop,In-flight meal not included,6077
Jet Airways,21/03/2019,Banglore,New Delhi,BLR → BOM → DEL,22:50,10:25 19 Mar,11h 35m,1 stop,In-flight meal not included,7832
Jet Airways,12/06/2019,Mumbai,Hyderabad,BOM → HYD,02:55,04:20,1h 25m,non-stop,No info,5678
Jet Airways,1/05/2019,Kolkata,Banglore,CCU → BOM → BLR,21:10,08:15 02 May,11h 5m,1 stop,No info,14781
Multiple carriers,27/06/2019,Delhi,Cochin,DEL → HYD → COK,07:10,16:10,9h,1 stop,In-flight meal not included,6093
IndiGo,15/05/2019,Kolkata,Banglore,CCU → MAA → BLR,06:20,10:20,4h,1 stop,No info,4226
Jet Airways,12/03/2019,Banglore,New Delhi,BLR → BOM → DEL,21:25,11:25 13 Mar,14h,1 stop,No info,13817
Jet Airways,15/04/2019,Banglore,Delhi,BLR → DEL,17:45,20:45,3h,non-stop,No info,7229
Jet Airways,1/04/2019,Kolkata,Banglore,CCU → BOM → BLR,18:55,16:20 02 Apr,21h 25m,1 stop,No info,12681
IndiGo,27/03/2019,Delhi,Cochin,DEL → HYD → COK,07:35,12:00,4h 25m,1 stop,No info,5073
Jet Airways,6/05/2019,Kolkata,Banglore,CCU → BOM → BLR,20:00,20:45 07 May,24h 45m,1 stop,No info,14388
Jet Airways,24/06/2019,Delhi,Cochin,DEL → IDR → BOM → COK,05:30,04:25 25 Jun,22h 55m,2 stops,No info,13292
Air India,15/05/2019,Kolkata,Banglore,CCU → DEL → BLR,17:30,20:25 16 May,26h 55m,1 stop,No info,10203
Jet Airways,3/06/2019,Mumbai,Hyderabad,BOM → HYD,07:05,08:30,1h 25m,non-stop,No info,8040
Vistara,21/05/2019,Kolkata,Banglore,CCU → DEL → BLR,07:10,18:50,11h 40m,1 stop,No info,9345
Air India,12/03/2019,Banglore,New Delhi,BLR → BOM → NAG → DEL,17:25,10:15 13 Mar,16h 50m,2 stops,No info,12778
Jet Airways,15/06/2019,Banglore,Delhi,BLR → DEL,08:20,11:20,3h,non-stop,No info,8016
Multiple carriers,12/06/2019,Delhi,Cochin,DEL → BOM → COK,17:45,01:30 13 Jun,7h 45m,1 stop,No info,6795
Multiple carriers,27/06/2019,Delhi,Cochin,DEL → BOM → COK,08:30,19:00,10h 30m,1 stop,No info,11200
Air India,9/05/2019,Delhi,Cochin,DEL → BLR → COK,17:40,23:00,5h 20m,1 stop,No info,7174
IndiGo,1/06/2019,Delhi,Cochin,DEL → HYD → COK,07:35,22:30,14h 55m,1 stop,No info,6442
Air India,21/03/2019,Delhi,Cochin,DEL → MAA → COK,06:05,09:25 22 Mar,27h 20m,1 stop,No info,7532
IndiGo,9/06/2019,Banglore,Delhi,BLR → DEL,18:55,21:50,2h 55m,non-stop,No info,4823
Jet Airways,6/06/2019,Kolkata,Banglore,CCU → DEL → BLR,09:35,18:00,8h 25m,1 stop,In-flight meal not included,10539
GoAir,03/03/2019,Banglore,New Delhi,BLR → DEL,20:55,23:50,2h 55m,non-stop,No info,7222
Multiple carriers,15/05/2019,Delhi,Cochin,DEL → BOM → COK,11:30,21:00,9h 30m,1 stop,No info,13727
SpiceJet,24/04/2019,Banglore,Delhi,BLR → DEL,21:10,00:05 25 Apr,2h 55m,non-stop,No info,3625
Air Asia,24/06/2019,Delhi,Cochin,DEL → BLR → COK,16:45,06:35 25 Jun,13h 50m,1 stop,No info,6752
Jet Airways,18/04/2019,Banglore,Delhi,BLR → DEL,11:10,14:05,2h 55m,non-stop,No info,7229
Jet Airways,1/05/2019,Delhi,Cochin,DEL → AMD → BOM → COK,19:10,19:00 02 May,23h 50m,2 stops,No info,15129
IndiGo,27/03/2019,Chennai,Kolkata,MAA → CCU,11:35,14:00,2h 25m,non-stop,No info,3858
Jet Airways,15/06/2019,Delhi,Cochin,DEL → BOM → COK,22:50,12:35 16 Jun,13h 45m,1 stop,In-flight meal not included,10262
Multiple carriers,27/06/2019,Delhi,Cochin,DEL → IDR → BOM → COK,15:05,01:30 28 Jun,10h 25m,2 stops,No info,15965
Jet Airways,9/05/2019,Delhi,Cochin,DEL → BOM → COK,13:00,19:00,6h,1 stop,No info,15554
IndiGo,27/06/2019,Banglore,Delhi,BLR → DEL,04:00,06:50,2h 50m,non-stop,No info,3943
Multiple carriers,12/06/2019,Delhi,Cochin,DEL → BOM → COK,12:50,21:00,8h 10m,1 stop,No info,7005
Jet Airways,18/05/2019,Delhi,Cochin,DEL → JAI → BOM → COK,09:40,19:00,9h 20m,2 stops,No info,15129
Air India,21/05/2019,Delhi,Cochin,DEL → AMD → BOM → COK,05:00,07:40 22 May,26h 40m,2 stops,No info,11806
Jet Airways,15/03/2019,Banglore,New Delhi,BLR → BOM → DEL,18:55,00:45 13 Mar,5h 50m,1 stop,No info,21934
Jet Airways,15/06/2019,Delhi,Cochin,DEL → BOM → COK,14:00,19:00,5h,1 stop,No info,14714
IndiGo,1/04/2019,Kolkata,Banglore,CCU → BLR,11:30,14:05,2h 35m,non-stop,No info,4174
Jet Airways,27/06/2019,Delhi,Cochin,DEL → JAI → BOM → COK,19:30,12:35 28 Jun,17h 5m,2 stops,No info,13764
Air India,01/03/2019,Banglore,New Delhi,BLR → HYD → DEL,17:00,08:50 02 Mar,15h 50m,1 stop,1 Long layover,10981
IndiGo,21/03/2019,Delhi,Cochin,DEL → BOM → COK,07:30,21:00,13h 30m,1 stop,No info,8784
GoAir,3/03/2019,Delhi,Cochin,DEL → HYD → COK,07:30,13:20,5h 50m,1 stop,No info,6112
Air India,3/03/2019,Delhi,Cochin,DEL → BHO → BOM → COK,05:55,19:15 04 Mar,37h 20m,2 stops,No info,13748
Multiple carriers,15/05/2019,Delhi,Cochin,DEL → BOM → COK,13:00,21:00,8h,1 stop,No info,13727
Vistara,1/05/2019,Kolkata,Banglore,CCU → DEL → BLR,20:20,20:20 02 May,24h,1 stop,No info,8610
Vistara,1/04/2019,Kolkata,Banglore,CCU → DEL → BLR,20:20,18:50 02 Apr,22h 30m,1 stop,No info,7927
SpiceJet,09/03/2019,Banglore,New Delhi,BLR → DEL,20:30,23:20,2h 50m,non-stop,No info,6205
Jet Airways,27/06/2019,Delhi,Cochin,DEL → AMD → BOM → COK,23:05,12:35 28 Jun,13h 30m,2 stops,No info,12819
Jet Airways,21/05/2019,Delhi,Cochin,DEL → BOM → COK,15:00,19:00 22 May,28h,1 stop,No info,16079
Jet Airways,1/05/2019,Kolkata,Banglore,CCU → DEL → BLR,17:00,18:00 02 May,25h,1 stop,In-flight meal not included,9314
Air Asia,24/03/2019,Banglore,New Delhi,BLR → DEL,11:10,13:55,2h 45m,non-stop,No info,3383
Jet Airways,24/06/2019,Banglore,Delhi,BLR → DEL,19:50,22:50,3h,non-stop,In-flight meal not included,6478
IndiGo,9/05/2019,Delhi,Cochin,DEL → HYD → COK,16:10,22:30,6h 20m,1 stop,No info,6704
IndiGo,9/05/2019,Kolkata,Banglore,CCU → MAA → BLR,06:20,10:20,4h,1 stop,No info,4226
Jet Airways,18/05/2019,Delhi,Cochin,DEL → BOM → COK,11:30,12:35 19 May,25h 5m,1 stop,In-flight meal not included,12373
IndiGo,6/04/2019,Banglore,Delhi,BLR → DEL,10:30,13:20,2h 50m,non-stop,No info,4423
Jet Airways,12/03/2019,Banglore,New Delhi,BLR → BOM → DEL,20:35,18:25 13 Mar,21h 50m,1 stop,In-flight meal not included,11087
SpiceJet,12/05/2019,Chennai,Kolkata,MAA → CCU,09:45,12:00,2h 15m,non-stop,No check-in baggage included,3543
SpiceJet,6/03/2019,Kolkata,Banglore,CCU → BLR,17:15,19:45,2h 30m,non-stop,No info,4622
Jet Airways,1/06/2019,Delhi,Cochin,DEL → BOM → COK,15:00,04:25 02 Jun,13h 25m,1 stop,No info,14714
IndiGo,9/06/2019,Chennai,Kolkata,MAA → CCU,05:15,07:40,2h 25m,non-stop,No info,3540
IndiGo,3/04/2019,Mumbai,Hyderabad,BOM → HYD,02:35,04:05,1h 30m,non-stop,No info,2754
Jet Airways,18/05/2019,Kolkata,Banglore,CCU → DEL → BLR,09:35,19:10,9h 35m,1 stop,No info,13067
Jet Airways,27/04/2019,Banglore,Delhi,BLR → DEL,19:50,22:50,3h,non-stop,No info,7229
Multiple carriers,9/05/2019,Delhi,Cochin,DEL → BOM → COK,08:30,19:15,10h 45m,1 stop,No info,8099
Air India,27/03/2019,Delhi,Cochin,DEL → AMD → BOM → COK,05:00,19:15 28 Mar,38h 15m,2 stops,No info,8026
Air India,24/03/2019,Banglore,New Delhi,BLR → DEL,13:20,16:10,2h 50m,non-stop,No info,7276
IndiGo,9/03/2019,Delhi,Cochin,DEL → BBI → COK,02:35,08:30,5h 55m,1 stop,No info,11532
Jet Airways,12/06/2019,Kolkata,Banglore,CCU → BOM → BLR,14:05,20:45,6h 40m,1 stop,No info,13626
Air Asia,15/05/2019,Banglore,Delhi,BLR → DEL,04:55,07:45,2h 50m,non-stop,No info,4282
Jet Airways,12/05/2019,Banglore,Delhi,BLR → DEL,11:10,14:05,2h 55m,non-stop,In-flight meal not included,5198
Jet Airways,21/05/2019,Delhi,Cochin,DEL → AMD → BOM → COK,23:05,04:25 23 May,29h 20m,2 stops,No info,15129
Jet Airways,09/03/2019,Banglore,New Delhi,BLR → BOM → DEL,08:00,10:25 13 Mar,26h 25m,1 stop,In-flight meal not included,11087
Jet Airways,9/06/2019,Delhi,Cochin,DEL → BOM → COK,21:50,12:35 10 Jun,14h 45m,1 stop,In-flight meal not included,10262
Air India,27/03/2019,Mumbai,Hyderabad,BOM → HYD,13:55,15:25,1h 30m,non-stop,No info,2050
Air India,12/05/2019,Delhi,Cochin,DEL → COK,05:10,08:00,2h 50m,non-stop,No info,6094
Jet Airways,15/06/2019,Delhi,Cochin,DEL → NAG → BOM → COK,14:35,12:35 16 Jun,22h,2 stops,No info,13376
Multiple carriers,27/05/2019,Delhi,Cochin,DEL → HYD → COK,07:05,22:30,15h 25m,1 stop,No info,9856
IndiGo,21/05/2019,Banglore,Delhi,BLR → DEL,07:10,10:05,2h 55m,non-stop,No info,4823
Jet Airways,12/03/2019,Banglore,New Delhi,BLR → BOM → DEL,18:55,08:15 13 Mar,13h 20m,1 stop,No info,13817
IndiGo,21/03/2019,Delhi,Cochin,DEL → MAA → COK,07:20,12:30,5h 10m,1 stop,No info,6388
IndiGo,9/03/2019,Delhi,Cochin,DEL → BOM → COK,20:30,01:35 10 Mar,5h 5m,1 stop,No info,6937
IndiGo,3/06/2019,Chennai,Kolkata,MAA → CCU,13:15,15:35,2h 20m,non-stop,No info,3597
Jet Airways,9/06/2019,Kolkata,Banglore,CCU → DEL → BLR,09:35,21:05,11h 30m,1 stop,In-flight meal not included,13994
Jet Airways,1/06/2019,Delhi,Cochin,DEL → JAI → BOM → COK,09:40,04:25 02 Jun,18h 45m,2 stops,No info,13014
SpiceJet,6/05/2019,Chennai,Kolkata,MAA → CCU,17:45,20:05,2h 20m,non-stop,No info,3597
Jet Airways,12/03/2019,Banglore,New Delhi,BLR → BOM → DEL,20:35,20:20 13 Mar,23h 45m,1 stop,In-flight meal not included,11087
Jet Airways,12/06/2019,Delhi,Cochin,DEL → JAI → BOM → COK,09:40,04:25 13 Jun,18h 45m,2 stops,In-flight meal not included,10368
Multiple carriers,24/06/2019,Delhi,Cochin,DEL → BOM → COK,13:00,01:30 25 Jun,12h 30m,1 stop,No info,7198
Jet Airways,9/05/2019,Delhi,Cochin,DEL → BOM → COK,14:00,12:35 10 May,22h 35m,1 stop,In-flight meal not included,12373
Jet Airways,6/06/2019,Delhi,Cochin,DEL → NAG → BOM → COK,14:35,04:25 07 Jun,13h 50m,2 stops,No info,13376
Air India,15/05/2019,Kolkata,Banglore,CCU → IXR → DEL → BLR,05:50,08:55 16 May,27h 5m,2 stops,No info,12723
Jet Airways,27/06/2019,Delhi,Cochin,DEL → BOM → COK,21:50,04:25 28 Jun,6h 35m,1 stop,In-flight meal not included,12898
Vistara,27/04/2019,Delhi,Cochin,DEL → COK,14:40,17:50,3h 10m,non-stop,No info,6216
IndiGo,1/04/2019,Banglore,Delhi,BLR → DEL,16:55,19:55,3h,non-stop,No info,4823
Jet Airways,27/05/2019,Delhi,Cochin,DEL → BOM → COK,10:00,19:00,9h,1 stop,In-flight meal not included,11924
Jet Airways,24/06/2019,Banglore,Delhi,BLR → DEL,18:55,22:00,3h 5m,non-stop,In-flight meal not included,6478
SpiceJet,9/05/2019,Banglore,Delhi,BLR → DEL,09:30,12:20,2h 50m,non-stop,No check-in baggage included,4885
Jet Airways,18/05/2019,Delhi,Cochin,DEL → JAI → BOM → COK,09:40,19:00,9h 20m,2 stops,In-flight meal not included,13029
Jet Airways,9/05/2019,Kolkata,Banglore,CCU → DEL → BLR,17:00,18:00 10 May,25h,1 stop,In-flight meal not included,7341
IndiGo,21/05/2019,Chennai,Kolkata,MAA → CCU,07:55,10:15,2h 20m,non-stop,No info,3850
Jet Airways,24/03/2019,Kolkata,Banglore,CCU → BOM → BLR,19:45,08:10 25 Mar,12h 25m,1 stop,No info,14231
Air India,24/05/2019,Kolkata,Banglore,CCU → GAU → DEL → BLR,09:50,08:55 25 May,23h 5m,2 stops,No info,15170
Multiple carriers,15/05/2019,Delhi,Cochin,DEL → BOM → COK,03:50,19:00,15h 10m,1 stop,No info,10197
Jet Airways,9/06/2019,Kolkata,Banglore,CCU → BOM → BLR,20:00,04:40 10 Jun,8h 40m,1 stop,In-flight meal not included,9663
Jet Airways,12/03/2019,Banglore,New Delhi,BLR → BOM → DEL,18:55,10:25 13 Mar,15h 30m,1 stop,No info,13817
Jet Airways,9/06/2019,Kolkata,Banglore,CCU → BOM → BLR,20:00,20:45 10 Jun,24h 45m,1 stop,In-flight meal not included,10844
IndiGo,15/04/2019,Banglore,Delhi,BLR → DEL,13:00,15:50,2h 50m,non-stop,No info,4591
SpiceJet,27/06/2019,Kolkata,Banglore,CCU → BLR,06:55,09:30,2h 35m,non-stop,No check-in baggage included,3841
Jet Airways,6/06/2019,Mumbai,Hyderabad,BOM → HYD,02:55,04:20,1h 25m,non-stop,No info,5678
IndiGo,15/05/2019,Kolkata,Banglore,CCU → NAG → BLR,18:05,23:30,5h 25m,1 stop,No info,6218
IndiGo,15/05/2019,Chennai,Kolkata,MAA → CCU,22:05,00:25 16 May,2h 20m,non-stop,No info,5277
Vistara,12/03/2019,Mumbai,Hyderabad,BOM → DEL → HYD,19:45,19:55 13 Mar,24h 10m,1 stop,No info,12080
Jet Airways,24/05/2019,Kolkata,Banglore,CCU → BOM → BLR,21:10,12:00 25 May,14h 50m,1 stop,In-flight meal not included,9663
Air India,3/06/2019,Delhi,Cochin,DEL → JAI → BOM → COK,12:00,19:15,7h 15m,2 stops,No info,8603
Air India,3/06/2019,Delhi,Cochin,DEL → GOI → BOM → COK,22:00,19:15 04 Jun,21h 15m,2 stops,No info,10231
Jet Airways,15/03/2019,Banglore,New Delhi,BLR → BOM → DEL,14:05,08:15 16 Mar,18h 10m,1 stop,In-flight meal not included,9134
IndiGo,12/06/2019,Mumbai,Hyderabad,BOM → HYD,21:20,22:50,1h 30m,non-stop,No info,2227
SpiceJet,9/05/2019,Kolkata,Banglore,CCU → KNU → BLR,11:35,18:50,7h 15m,1 stop,No info,8479
SpiceJet,21/06/2019,Banglore,Delhi,BLR → DEL,21:10,00:05 22 Jun,2h 55m,non-stop,No check-in baggage included,3919
Jet Airways,21/03/2019,Delhi,Cochin,DEL → BOM → COK,18:15,04:25 22 Mar,10h 10m,1 stop,No info,12557
Air India,12/06/2019,Kolkata,Banglore,CCU → IXR → DEL → BLR,05:50,08:55 13 Jun,27h 5m,2 stops,No info,12723
IndiGo,24/06/2019,Kolkata,Banglore,CCU → BLR,11:30,14:05,2h 35m,non-stop,No info,4804
IndiGo,9/06/2019,Delhi,Cochin,DEL → BOM → COK,10:35,01:30 10 Jun,14h 55m,1 stop,No info,6104
Air India,3/03/2019,Delhi,Cochin,DEL → MAA → COK,09:45,09:25 04 Mar,23h 40m,1 stop,No info,24017
Jet Airways,27/05/2019,Delhi,Cochin,DEL → ATQ → BOM → COK,20:00,04:25 28 May,8h 25m,2 stops,In-flight meal not included,15318
Vistara,12/03/2019,Mumbai,Hyderabad,BOM → DEL → HYD,07:30,19:55,12h 25m,1 stop,No info,12080
Air Asia,27/05/2019,Banglore,Delhi,BLR → DEL,23:55,02:45 28 May,2h 50m,non-stop,No info,3383
Air Asia,27/04/2019,Kolkata,Banglore,CCU → BLR,22:50,01:20 28 Apr,2h 30m,non-stop,No info,4409
Multiple carriers,15/05/2019,Delhi,Cochin,DEL → HYD → COK,09:45,16:10,6h 25m,1 stop,No info,9646
Air India,6/03/2019,Delhi,Cochin,DEL → TRV → COK,05:15,06:50 07 Mar,25h 35m,1 stop,No info,11522
Vistara,09/03/2019,Banglore,New Delhi,BLR → DEL,11:30,14:10,2h 40m,non-stop,No info,9918
Air India,6/03/2019,Chennai,Kolkata,MAA → CCU,11:40,13:55,2h 15m,non-stop,No info,9340
IndiGo,18/06/2019,Mumbai,Hyderabad,BOM → HYD,09:15,10:45,1h 30m,non-stop,No info,4049
SpiceJet,9/06/2019,Mumbai,Hyderabad,BOM → HYD,22:45,00:15 10 Jun,1h 30m,non-stop,No check-in baggage included,1965
Air Asia,21/04/2019,Kolkata,Banglore,CCU → BLR,22:50,01:20 22 Apr,2h 30m,non-stop,No info,5645
IndiGo,1/06/2019,Chennai,Kolkata,MAA → CCU,19:35,21:55,2h 20m,non-stop,No info,3597
SpiceJet,27/05/2019,Banglore,Delhi,BLR → DEL,09:30,12:20,2h 50m,non-stop,No info,3625
Air India,9/05/2019,Kolkata,Banglore,CCU → BBI → BLR,12:00,13:15 10 May,25h 15m,1 stop,No info,6612
GoAir,12/05/2019,Banglore,Delhi,BLR → DEL,07:45,10:40,2h 55m,non-stop,No info,3898
Air India,1/06/2019,Delhi,Cochin,DEL → BOM → COK,17:00,19:15 02 Jun,26h 15m,1 stop,No info,8792
Multiple carriers,27/03/2019,Delhi,Cochin,DEL → HYD → COK,14:35,22:20,7h 45m,1 stop,In-flight meal not included,5883
Vistara,6/06/2019,Kolkata,Banglore,CCU → DEL → BLR,17:00,18:50 07 Jun,25h 50m,1 stop,No info,8820
Jet Airways,27/06/2019,Delhi,Cochin,DEL → BHO → BOM → COK,05:30,12:35,7h 5m,2 stops,In-flight meal not included,13344
Jet Airways,24/03/2019,Kolkata,Banglore,CCU → BOM → BLR,13:55,19:40,5h 45m,1 stop,In-flight meal not included,11134
Air Asia,27/05/2019,Banglore,Delhi,BLR → DEL,11:10,13:55,2h 45m,non-stop,No info,3383
Jet Airways,1/04/2019,Kolkata,Banglore,CCU → BOM → BLR,20:00,18:15 02 Apr,22h 15m,1 stop,No info,12681
Air India,24/06/2019,Delhi,Cochin,DEL → TRV → COK,05:15,06:50 25 Jun,25h 35m,1 stop,No info,6587
Multiple carriers,27/06/2019,Delhi,Cochin,DEL → BOM → COK,09:15,19:00,9h 45m,1 stop,No info,11622
Air India,9/03/2019,Delhi,Cochin,DEL → GOI → BOM → COK,10:55,19:15 10 Mar,32h 20m,2 stops,No info,17476
IndiGo,27/05/2019,Delhi,Cochin,DEL → BOM → COK,11:25,21:00,9h 35m,1 stop,No info,6314
Jet Airways,6/05/2019,Kolkata,Banglore,CCU → BOM → BLR,06:30,18:15,11h 45m,1 stop,In-flight meal not included,10844
Air India,21/06/2019,Mumbai,Hyderabad,BOM → HYD,21:05,22:25,1h 20m,non-stop,No info,3100
IndiGo,9/06/2019,Delhi,Cochin,DEL → HYD → COK,06:50,16:10,9h 20m,1 stop,No info,6442
Jet Airways,12/06/2019,Banglore,Delhi,BLR → DEL,15:15,18:10,2h 55m,non-stop,No info,8016
Jet Airways,24/06/2019,Delhi,Cochin,DEL → IDR → BOM → COK,21:25,12:35 25 Jun,15h 10m,2 stops,In-flight meal not included,10199
Air India,21/03/2019,Banglore,New Delhi,BLR → HYD → DEL,08:15,23:10,14h 55m,1 stop,No info,4943
Multiple carriers,6/06/2019,Delhi,Cochin,DEL → BOM → COK,10:20,19:00,8h 40m,1 stop,No info,11789
Air India,01/03/2019,Banglore,New Delhi,BLR → CCU → BBI → HYD → DEL,05:50,08:50 02 Mar,27h,3 stops,No info,13081
Jet Airways,12/03/2019,Banglore,New Delhi,BLR → BOM → DEL,22:55,13:15 13 Mar,14h 20m,1 stop,In-flight meal not included,11087
Jet Airways,18/06/2019,Banglore,Delhi,BLR → DEL,19:50,22:50,3h,non-stop,No info,8016
IndiGo,24/06/2019,Chennai,Kolkata,MAA → CCU,19:35,21:55,2h 20m,non-stop,No info,3597
Multiple carriers,12/06/2019,Delhi,Cochin,DEL → BOM → COK,13:00,01:30 13 Jun,12h 30m,1 stop,No info,13377
Air Asia,9/06/2019,Kolkata,Banglore,CCU → DEL → BLR,07:35,23:30,15h 55m,1 stop,No info,7870
Vistara,12/06/2019,Kolkata,Banglore,CCU → DEL → BLR,20:20,10:45 13 Jun,14h 25m,1 stop,No info,8452
Air Asia,9/06/2019,Kolkata,Banglore,CCU → BLR,10:20,12:55,2h 35m,non-stop,No info,5645
Air India,9/04/2019,Delhi,Cochin,DEL → HYD → BOM → COK,13:05,07:40 10 Apr,18h 35m,2 stops,No info,8577
Multiple carriers,12/06/2019,Delhi,Cochin,DEL → BOM → COK,06:00,12:35,6h 35m,1 stop,No info,11789
Air India,9/05/2019,Kolkata,Banglore,CCU → VNS → DEL → BLR,14:30,08:55 10 May,18h 25m,2 stops,No info,14214
Jet Airways,21/05/2019,Kolkata,Banglore,CCU → BOM → BLR,16:30,22:35,6h 5m,1 stop,No info,14781
Jet Airways,15/06/2019,Delhi,Cochin,DEL → BOM → COK,11:30,19:00,7h 30m,1 stop,No info,14714
Air India,27/03/2019,Delhi,Cochin,DEL → MAA → COK,06:05,09:25 28 Mar,27h 20m,1 stop,No info,5117
IndiGo,9/03/2019,Delhi,Cochin,DEL → BOM → COK,15:00,01:35 10 Mar,10h 35m,1 stop,No info,13611
Air India,6/04/2019,Banglore,Delhi,BLR → DEL,17:00,19:45,2h 45m,non-stop,No info,4651
Jet Airways,6/05/2019,Banglore,Delhi,BLR → DEL,17:45,20:45,3h,non-stop,No info,7229
Air India,9/06/2019,Delhi,Cochin,DEL → CCU → BOM → COK,20:15,19:15 10 Jun,23h,2 stops,No info,13381
SpiceJet,3/03/2019,Chennai,Kolkata,MAA → CCU,08:20,10:35,2h 15m,non-stop,No info,7050
Jet Airways,21/05/2019,Kolkata,Banglore,CCU → DEL → BLR,20:25,18:00 22 May,21h 35m,1 stop,No info,14151
Air India,24/05/2019,Kolkata,Banglore,CCU → IXR → DEL → BLR,05:50,20:25,14h 35m,2 stops,No info,11201
Jet Airways,18/05/2019,Delhi,Cochin,DEL → COK,11:00,14:15,3h 15m,non-stop,In-flight meal not included,7202
Vistara,24/05/2019,Kolkata,Banglore,CCU → DEL → BLR,20:20,20:20 25 May,24h,1 stop,No info,9345
Vistara,15/06/2019,Delhi,Cochin,DEL → COK,14:40,17:50,3h 10m,non-stop,No info,6216
SpiceJet,24/03/2019,Mumbai,Hyderabad,BOM → HYD,13:10,14:30,1h 20m,non-stop,No info,2753
SpiceJet,24/03/2019,Kolkata,Banglore,CCU → KNU → BLR,11:35,18:50,7h 15m,1 stop,No info,9923
Jet Airways,15/06/2019,Delhi,Cochin,DEL → BOM → COK,10:00,04:25 16 Jun,18h 25m,1 stop,In-flight meal not included,10262
Jet Airways,6/06/2019,Kolkata,Banglore,CCU → DEL → BLR,17:00,18:00 07 Jun,25h,1 stop,In-flight meal not included,10539
IndiGo,1/04/2019,Kolkata,Banglore,CCU → BLR,09:35,12:20,2h 45m,non-stop,No info,4174
IndiGo,21/06/2019,Chennai,Kolkata,MAA → CCU,13:15,15:35,2h 20m,non-stop,No info,3597
IndiGo,27/05/2019,Delhi,Cochin,DEL → HYD → COK,06:50,22:30,15h 40m,1 stop,No info,6674
Jet Airways,21/06/2019,Banglore,Delhi,BLR → DEL,08:20,11:20,3h,non-stop,No info,8016
Jet Airways,6/04/2019,Delhi,Cochin,DEL → BOM → COK,07:05,12:35,5h 30m,1 stop,In-flight meal not included,5406
Jet Airways,12/03/2019,Banglore,New Delhi,BLR → BOM → DEL,05:45,21:20,15h 35m,1 stop,No info,13817
Air India,12/03/2019,Banglore,New Delhi,BLR → BOM → BHO → DEL,08:50,23:25,14h 35m,2 stops,No info,13250
IndiGo,27/03/2019,Delhi,Cochin,DEL → HYD → COK,04:55,12:00,7h 5m,1 stop,No info,6171
Jet Airways,18/05/2019,Delhi,Cochin,DEL → AMD → BOM → COK,13:25,19:00 19 May,29h 35m,2 stops,No info,15129
Air India,6/03/2019,Mumbai,Hyderabad,BOM → BBI → HYD,12:00,12:25 07 Mar,24h 25m,1 stop,No info,14408
IndiGo,24/03/2019,Banglore,New Delhi,BLR → DEL,21:20,00:15 22 Mar,2h 55m,non-stop,No info,4777
Air India,6/03/2019,Delhi,Cochin,DEL → AMD → BOM → COK,16:40,19:15 07 Mar,26h 35m,2 stops,No info,12646
Multiple carriers,6/05/2019,Delhi,Cochin,DEL → BOM → COK,07:30,19:00,11h 30m,1 stop,No info,10529
Multiple carriers,27/05/2019,Delhi,Cochin,DEL → BOM → COK,09:00,21:00,12h,1 stop,In-flight meal not included,7886
SpiceJet,18/06/2019,Mumbai,Hyderabad,BOM → HYD,22:45,00:15 19 Jun,1h 30m,non-stop,No info,2017
IndiGo,12/06/2019,Kolkata,Banglore,CCU → PNQ → BLR,21:00,02:15 13 Jun,5h 15m,1 stop,No info,5930
GoAir,24/05/2019,Kolkata,Banglore,CCU → AMD → BLR,16:40,00:15 25 May,7h 35m,1 stop,No info,8855
Air India,9/06/2019,Kolkata,Banglore,CCU → BOM → BLR,09:25,18:30,9h 5m,1 stop,No info,8576
Air India,12/06/2019,Kolkata,Banglore,CCU → BOM → BLR,16:50,11:10 13 Jun,18h 20m,1 stop,No info,8366
IndiGo,24/05/2019,Banglore,Delhi,BLR → DEL,07:10,10:05,2h 55m,non-stop,No info,4823
Jet Airways,18/05/2019,Kolkata,Banglore,CCU → BOM → BLR,16:30,23:35,7h 5m,1 stop,In-flight meal not included,10844
Jet Airways,9/03/2019,Delhi,Cochin,DEL → BDQ → BOM → COK,10:45,18:50 10 Mar,32h 5m,2 stops,No info,19329
IndiGo,15/05/2019,Banglore,Delhi,BLR → DEL,22:10,01:00 16 May,2h 50m,non-stop,No info,3419
GoAir,1/04/2019,Delhi,Cochin,DEL → AMD → COK,07:25,13:35,6h 10m,1 stop,No info,4563
Air India,01/03/2019,Banglore,New Delhi,BLR → DEL,13:20,16:10,2h 50m,non-stop,No info,12526
Jet Airways,1/05/2019,Kolkata,Banglore,CCU → BOM → BLR,18:55,08:15 02 May,13h 20m,1 stop,In-flight meal not included,8586
Multiple carriers,9/03/2019,Delhi,Cochin,DEL → BOM → COK,07:30,19:45,12h 15m,1 stop,No info,12615
Jet Airways,1/06/2019,Delhi,Cochin,DEL → JAI → BOM → COK,05:30,04:25 02 Jun,22h 55m,2 stops,No info,13014
Jet Airways,06/03/2019,Banglore,New Delhi,BLR → BOM → DEL,16:55,08:15 07 Mar,15h 20m,1 stop,No info,16736
IndiGo,27/03/2019,Delhi,Cochin,DEL → HYD → COK,04:55,16:10,11h 15m,1 stop,No info,6171
Jet Airways,18/05/2019,Delhi,Cochin,DEL → BOM → COK,14:00,12:35 19 May,22h 35m,1 stop,In-flight meal not included,12373
IndiGo,27/05/2019,Mumbai,Hyderabad,BOM → HYD,21:20,22:50,1h 30m,non-stop,No info,2227
Jet Airways,12/05/2019,Kolkata,Banglore,CCU → DEL → BLR,20:25,21:05 13 May,24h 40m,1 stop,In-flight meal not included,10703
Vistara,15/03/2019,Banglore,New Delhi,BLR → DEL,09:50,12:35,2h 45m,non-stop,No info,6138
Multiple carriers,9/06/2019,Delhi,Cochin,DEL → BOM → COK,14:00,01:30 10 Jun,11h 30m,1 stop,No info,13377
Air India,18/05/2019,Delhi,Cochin,DEL → HYD → MAA → COK,09:45,09:25 19 May,23h 40m,2 stops,No info,10975
IndiGo,27/05/2019,Delhi,Cochin,DEL → BOM → COK,17:10,01:30 28 May,8h 20m,1 stop,No info,6206
Air India,6/03/2019,Delhi,Cochin,DEL → HYD → BOM → COK,21:30,19:15 07 Mar,21h 45m,2 stops,No info,11552
Air India,1/05/2019,Kolkata,Banglore,CCU → BOM → COK → BLR,09:25,13:45 02 May,28h 20m,2 stops,No info,15532
Jet Airways,09/03/2019,Banglore,New Delhi,BLR → BDQ → DEL,05:50,12:20,6h 30m,1 stop,In-flight meal not included,10037
Jet Airways,1/05/2019,Kolkata,Banglore,CCU → BOM → BLR,08:25,04:40 02 May,20h 15m,1 stop,In-flight meal not included,8586
Multiple carriers,3/03/2019,Delhi,Cochin,DEL → HYD → MAA → COK,13:05,21:20,8h 15m,2 stops,No info,11966
Air India,1/04/2019,Banglore,Delhi,BLR → DEL,13:20,16:10,2h 50m,non-stop,No info,5911
SpiceJet,3/04/2019,Delhi,Cochin,DEL → PNQ → COK,08:45,13:15,4h 30m,1 stop,No check-in baggage included,4098
Jet Airways,9/05/2019,Kolkata,Banglore,CCU → BOM → BLR,18:55,09:20 10 May,14h 25m,1 stop,In-flight meal not included,9663
Jet Airways,1/06/2019,Delhi,Cochin,DEL → BOM → COK,19:15,04:25 02 Jun,9h 10m,1 stop,In-flight meal not included,10262
Jet Airways,15/05/2019,Kolkata,Banglore,CCU → BOM → BLR,06:30,19:50,13h 20m,1 stop,No info,14781
Air India,6/05/2019,Kolkata,Banglore,CCU → BBI → BOM → BLR,12:00,21:50,9h 50m,2 stops,No info,10151
Multiple carriers,1/06/2019,Delhi,Cochin,DEL → BOM → COK,11:25,19:15,7h 50m,1 stop,No info,8937
Jet Airways,18/03/2019,Banglore,New Delhi,BLR → BOM → DEL,05:45,16:10,10h 25m,1 stop,No info,12284
IndiGo,27/06/2019,Delhi,Cochin,DEL → BLR → COK,05:10,10:05,4h 55m,1 stop,No info,6496
Vistara,15/05/2019,Kolkata,Banglore,CCU → DEL → BLR,17:00,10:45 16 May,17h 45m,1 stop,No info,8452
Jet Airways,1/05/2019,Kolkata,Banglore,CCU → DEL → BLR,20:25,23:35 02 May,27h 10m,1 stop,In-flight meal not included,9314
Jet Airways,6/03/2019,Delhi,Cochin,DEL → IDR → BOM → COK,05:25,04:25 07 Mar,23h,2 stops,In-flight meal not included,16389
SpiceJet,3/05/2019,Mumbai,Hyderabad,BOM → HYD,22:45,00:15 04 May,1h 30m,non-stop,No info,2227
Air India,27/05/2019,Delhi,Cochin,DEL → BOM → COK,18:00,19:15 28 May,25h 15m,1 stop,No info,8372
Jet Airways,21/05/2019,Kolkata,Banglore,CCU → DEL → BLR,20:25,19:10 22 May,22h 45m,1 stop,No info,13067
IndiGo,9/03/2019,Chennai,Kolkata,MAA → CCU,13:20,15:35,2h 15m,non-stop,No info,6297
Jet Airways,27/06/2019,Delhi,Cochin,DEL → AMD → BOM → COK,23:05,12:35 28 Jun,13h 30m,2 stops,In-flight meal not included,11150
Jet Airways,21/05/2019,Kolkata,Banglore,CCU → BOM → BLR,14:05,08:15 22 May,18h 10m,1 stop,In-flight meal not included,9663
IndiGo,1/06/2019,Banglore,Delhi,BLR → DEL,00:25,03:15,2h 50m,non-stop,No info,4077
Jet Airways,9/05/2019,Kolkata,Banglore,CCU → DEL → BLR,17:00,18:00 10 May,25h,1 stop,No info,10624
Multiple carriers,9/03/2019,Delhi,Cochin,DEL → BOM → COK,06:50,21:00,14h 10m,1 stop,In-flight meal not included,14086
Jet Airways,24/05/2019,Kolkata,Banglore,CCU → BOM → BLR,16:30,22:35,6h 5m,1 stop,In-flight meal not included,10844
Jet Airways,9/05/2019,Kolkata,Banglore,CCU → DEL → BLR,20:25,10:55 10 May,14h 30m,1 stop,No info,10953
IndiGo,1/06/2019,Delhi,Cochin,DEL → BOM → COK,11:25,01:30 02 Jun,14h 5m,1 stop,No info,6206
SpiceJet,27/05/2019,Kolkata,Banglore,CCU → BLR,22:20,00:40 28 May,2h 20m,non-stop,No info,3873
Multiple carriers,27/05/2019,Delhi,Cochin,DEL → BOM → COK,09:00,21:00,12h,1 stop,No info,7618
Multiple carriers,18/05/2019,Delhi,Cochin,DEL → BOM → COK,06:00,21:00,15h,1 stop,No info,7670
Jet Airways,27/05/2019,Delhi,Cochin,DEL → BOM → COK,11:30,04:25 28 May,16h 55m,1 stop,In-flight meal not included,12898
Multiple carriers,21/03/2019,Delhi,Cochin,DEL → BOM → COK,14:00,21:00,7h,1 stop,No info,13062
Jet Airways,15/06/2019,Delhi,Cochin,DEL → BOM → COK,14:00,04:25 16 Jun,14h 25m,1 stop,In-flight meal not included,10262
Jet Airways,09/03/2019,Banglore,New Delhi,BLR → BOM → DEL,08:55,11:25 13 Mar,26h 30m,1 stop,In-flight meal not included,11087
Air India,6/03/2019,Delhi,Cochin,DEL → HYD → MAA → COK,07:05,09:25 07 Mar,26h 20m,2 stops,No info,9190
Air Asia,15/05/2019,Delhi,Cochin,DEL → BLR → COK,07:55,13:25,5h 30m,1 stop,No info,6451
IndiGo,3/03/2019,Chennai,Kolkata,MAA → CCU,11:35,14:00,2h 25m,non-stop,No info,7295
Air India,24/06/2019,Delhi,Cochin,DEL → GOI → BOM → COK,22:00,19:15 25 Jun,21h 15m,2 stops,No info,9181
SpiceJet,18/03/2019,Mumbai,Hyderabad,BOM → HYD,05:45,07:05,1h 20m,non-stop,No info,2437
Jet Airways,24/05/2019,Kolkata,Banglore,CCU → BOM → BLR,06:30,16:20,9h 50m,1 stop,No info,14571
Multiple carriers,21/03/2019,Delhi,Cochin,DEL → BOM → COK,13:00,21:00,8h,1 stop,No info,13062
Jet Airways,24/06/2019,Delhi,Cochin,DEL → JAI → BOM → COK,09:40,04:25 25 Jun,18h 45m,2 stops,In-flight meal not included,10368
Jet Airways,1/05/2019,Kolkata,Banglore,CCU → BOM → BLR,14:05,09:20 02 May,19h 15m,1 stop,In-flight meal not included,9663
Air India,24/03/2019,Kolkata,Banglore,CCU → DEL → BLR,20:30,12:30 25 Mar,16h,1 stop,No info,12173
Jet Airways,27/03/2019,Delhi,Cochin,DEL → BOM → COK,15:05,04:25 28 Mar,13h 20m,1 stop,No info,12242
Air India,18/05/2019,Delhi,Cochin,DEL → BOM → COK,10:00,19:15,9h 15m,1 stop,No info,8879
Jet Airways,6/06/2019,Delhi,Cochin,DEL → JAI → BOM → COK,19:30,04:25 07 Jun,8h 55m,2 stops,No info,13014
Multiple carriers,27/03/2019,Delhi,Cochin,DEL → BOM → COK,17:45,01:35 28 Mar,7h 50m,1 stop,No info,7845
Jet Airways,21/05/2019,Banglore,Delhi,BLR → DEL,11:10,14:05,2h 55m,non-stop,No info,7229
Jet Airways,12/06/2019,Kolkata,Banglore,CCU → GAU → BLR,10:20,17:35,7h 15m,1 stop,In-flight meal not included,5608
Jet Airways,9/05/2019,Kolkata,Banglore,CCU → DEL → BLR,17:00,14:25 10 May,21h 25m,1 stop,In-flight meal not included,9314
Jet Airways,18/05/2019,Delhi,Cochin,DEL → COK,11:00,14:15,3h 15m,non-stop,No info,9564
Jet Airways,9/06/2019,Banglore,Delhi,BLR → DEL,17:45,20:45,3h,non-stop,In-flight meal not included,7229
Air India,9/05/2019,Kolkata,Banglore,CCU → DEL → COK → BLR,10:00,01:20 10 May,15h 20m,2 stops,No info,13033
Jet Airways Business,6/03/2019,Delhi,Cochin,DEL → ATQ → BOM → COK,20:05,04:25 07 Mar,8h 20m,2 stops,No info,52285
IndiGo,9/05/2019,Delhi,Cochin,DEL → BOM → COK,11:25,01:30 10 May,14h 5m,1 stop,No info,8330
Jet Airways,9/05/2019,Delhi,Cochin,DEL → BOM → COK,09:00,04:25 10 May,19h 25m,1 stop,In-flight meal not included,12373
Jet Airways,3/06/2019,Delhi,Cochin,DEL → BOM → COK,10:00,19:00,9h,1 stop,In-flight meal not included,10262
IndiGo,15/03/2019,Banglore,New Delhi,BLR → BOM → DEL,19:35,00:35 16 Mar,5h,1 stop,No info,10509
Multiple carriers,3/06/2019,Delhi,Cochin,DEL → BOM → COK,07:00,21:00,14h,1 stop,No info,7618
Multiple carriers,27/06/2019,Delhi,Cochin,DEL → BOM → COK,08:00,21:00,13h,1 stop,No info,7408
IndiGo,27/03/2019,Delhi,Cochin,DEL → BOM → COK,09:10,15:30,6h 20m,1 stop,No info,10141
Multiple carriers,9/04/2019,Delhi,Cochin,DEL → BOM → COK,08:30,19:00,10h 30m,1 stop,No info,10877
Air Asia,9/05/2019,Banglore,Delhi,BLR → DEL,11:10,13:55,2h 45m,non-stop,No info,3383
IndiGo,27/04/2019,Delhi,Cochin,DEL → HYD → COK,05:05,16:10,11h 5m,1 stop,No info,6171
Air Asia,18/05/2019,Banglore,Delhi,BLR → DEL,04:55,07:45,2h 50m,non-stop,No info,4282
IndiGo,27/06/2019,Delhi,Cochin,DEL → BOM → COK,17:10,01:30 28 Jun,8h 20m,1 stop,No info,5684
Air India,27/06/2019,Kolkata,Banglore,CCU → BLR,14:15,16:45,2h 30m,non-stop,No info,5510
Jet Airways,12/06/2019,Delhi,Cochin,DEL → ATQ → BOM → COK,20:00,04:25 13 Jun,8h 25m,2 stops,In-flight meal not included,12410
Multiple carriers,9/05/2019,Delhi,Cochin,DEL → BOM → COK,11:30,19:15,7h 45m,1 stop,No info,14323
Jet Airways,15/06/2019,Delhi,Cochin,DEL → BOM → COK,07:05,04:25 16 Jun,21h 20m,1 stop,In-flight meal not included,10262
Jet Airways,3/03/2019,Delhi,Cochin,DEL → BOM → COK,16:00,18:50 04 Mar,26h 50m,1 stop,No info,17234
Multiple carriers,27/05/2019,Delhi,Cochin,DEL → BOM → COK,08:30,19:00,10h 30m,1 stop,No info,9627
IndiGo,27/06/2019,Delhi,Cochin,DEL → BOM → COK,11:25,01:30 28 Jun,14h 5m,1 stop,No info,5684
Multiple carriers,27/06/2019,Delhi,Cochin,DEL → BOM → COK,16:00,01:30 28 Jun,9h 30m,1 stop,No info,13377
Jet Airways,24/03/2019,Kolkata,Banglore,CCU → BOM → BLR,21:10,22:35 25 Mar,25h 25m,1 stop,In-flight meal not included,10031
Jet Airways,21/05/2019,Delhi,Cochin,DEL → BOM → COK,13:00,04:25 22 May,15h 25m,1 stop,In-flight meal not included,12898
Multiple carriers,27/03/2019,Delhi,Cochin,DEL → BOM → COK,11:30,21:00,9h 30m,1 stop,No info,12537
Jet Airways,15/03/2019,Banglore,New Delhi,BLR → BOM → DEL,07:00,15:15,8h 15m,1 stop,In-flight meal not included,9134
Jet Airways,27/06/2019,Delhi,Cochin,DEL → BOM → COK,11:30,19:00,7h 30m,1 stop,In-flight meal not included,10262
IndiGo,6/06/2019,Banglore,Delhi,BLR → DEL,04:00,06:50,2h 50m,non-stop,No info,3943
Air India,15/03/2019,Banglore,New Delhi,BLR → COK → DEL,22:00,13:20 16 Mar,15h 20m,1 stop,No info,8845
Jet Airways,6/05/2019,Kolkata,Banglore,CCU → BOM → BLR,18:55,08:15 07 May,13h 20m,1 stop,No info,13584
Vistara,15/05/2019,Kolkata,Banglore,CCU → DEL → BLR,07:10,18:50,11h 40m,1 stop,No info,9345
Jet Airways,24/03/2019,Mumbai,Hyderabad,BOM → HYD,02:55,04:25,1h 30m,non-stop,No info,5678
Jet Airways,9/06/2019,Kolkata,Banglore,CCU → BOM → BLR,14:05,04:40 10 Jun,14h 35m,1 stop,No info,14178
Jet Airways,1/06/2019,Banglore,Delhi,BLR → DEL,08:20,11:20,3h,non-stop,In-flight meal not included,7229
Multiple carriers,6/03/2019,Delhi,Cochin,DEL → BOM → COK,06:40,19:15,12h 35m,1 stop,No info,15077
Jet Airways,6/04/2019,Delhi,Cochin,DEL → BOM → COK,11:30,19:00,7h 30m,1 stop,In-flight meal not included,5177
SpiceJet,9/06/2019,Chennai,Kolkata,MAA → CCU,17:45,20:05,2h 20m,non-stop,No info,3597
Multiple carriers,27/06/2019,Delhi,Cochin,DEL → HYD → COK,07:05,16:10,9h 5m,1 stop,No info,9646
Air India,12/06/2019,Mumbai,Hyderabad,BOM → HYD,19:30,20:45,1h 15m,non-stop,No info,3100
Multiple carriers,3/06/2019,Delhi,Cochin,DEL → BOM → COK,06:00,12:35,6h 35m,1 stop,No info,13259
Jet Airways,24/03/2019,Kolkata,Banglore,CCU → BOM → BLR,21:10,18:10 25 Mar,21h,1 stop,No info,13759
Multiple carriers,27/06/2019,Delhi,Cochin,DEL → BOM → COK,11:40,01:30 28 Jun,13h 50m,1 stop,In-flight meal not included,5797
Multiple carriers,1/06/2019,Delhi,Cochin,DEL → BOM → COK,12:50,19:15,6h 25m,1 stop,No info,9526
Air India,3/06/2019,Delhi,Cochin,DEL → GOI → BOM → COK,10:55,19:15,8h 20m,2 stops,No info,12173
Jet Airways,9/05/2019,Banglore,Delhi,BLR → DEL,07:10,10:10,3h,non-stop,No info,7229
Air India,12/06/2019,Delhi,Cochin,DEL → LKO → BOM → COK,07:10,07:40 13 Jun,24h 30m,2 stops,No info,12488
Jet Airways,9/05/2019,Delhi,Cochin,DEL → JAI → BOM → COK,19:30,04:25 10 May,8h 55m,2 stops,In-flight meal not included,13029
IndiGo,18/03/2019,Mumbai,Hyderabad,BOM → HYD,09:10,10:40,1h 30m,non-stop,No info,4049
Jet Airways,15/03/2019,Banglore,New Delhi,BLR → BOM → DEL,16:55,00:45 13 Mar,7h 50m,1 stop,No info,21934
Jet Airways,27/03/2019,Delhi,Cochin,DEL → IXC → BOM → COK,06:20,04:25 28 Mar,22h 5m,2 stops,No info,12273
Air India,21/05/2019,Delhi,Cochin,DEL → NAG → BOM → COK,05:55,07:40 22 May,25h 45m,2 stops,No info,11543
Jet Airways,27/03/2019,Delhi,Cochin,DEL → AMD → BOM → COK,19:10,19:45 28 Mar,24h 35m,2 stops,No info,10929
SpiceJet,15/05/2019,Banglore,Delhi,BLR → DEL,21:10,00:05 16 May,2h 55m,non-stop,No check-in baggage included,3573
IndiGo,21/05/2019,Banglore,Delhi,BLR → DEL,20:00,22:50,2h 50m,non-stop,No info,4823
Jet Airways,1/04/2019,Kolkata,Banglore,CCU → BOM → BLR,21:10,09:20 02 Apr,12h 10m,1 stop,No info,13364
Jet Airways,27/03/2019,Delhi,Cochin,DEL → MAA → BOM → COK,05:10,04:25 28 Mar,23h 15m,2 stops,In-flight meal not included,9412
Jet Airways,9/06/2019,Kolkata,Banglore,CCU → DEL → BLR,20:25,23:35 10 Jun,27h 10m,1 stop,No info,12692
Jet Airways,12/06/2019,Delhi,Cochin,DEL → JAI → BOM → COK,05:30,04:25 13 Jun,22h 55m,2 stops,In-flight meal not included,10368
Jet Airways,24/05/2019,Kolkata,Banglore,CCU → BOM → BLR,06:30,12:00,5h 30m,1 stop,In-flight meal not included,9663
Multiple carriers,18/05/2019,Delhi,Cochin,DEL → BOM → COK,03:50,19:00,15h 10m,1 stop,No info,10197
Air Asia,9/05/2019,Kolkata,Banglore,CCU → BBI → BLR,06:50,10:30,3h 40m,1 stop,No info,5162
Jet Airways,12/06/2019,Delhi,Cochin,DEL → JAI → BOM → COK,09:40,12:35 13 Jun,26h 55m,2 stops,No info,13014
Multiple carriers,21/03/2019,Delhi,Cochin,DEL → HYD → COK,09:45,16:10,6h 25m,1 stop,No info,7242
Jet Airways,27/06/2019,Mumbai,Hyderabad,BOM → HYD,10:20,11:50,1h 30m,non-stop,In-flight meal not included,4995
IndiGo,6/03/2019,Delhi,Cochin,DEL → HYD → MAA → COK,06:40,21:20,14h 40m,2 stops,No info,6610
Jet Airways,27/05/2019,Delhi,Cochin,DEL → BOM → COK,17:30,19:00 28 May,25h 30m,1 stop,In-flight meal not included,12898
Jet Airways,1/04/2019,Kolkata,Banglore,CCU → BOM → BLR,16:30,08:15 02 Apr,15h 45m,1 stop,In-flight meal not included,7064
Jet Airways,24/06/2019,Delhi,Cochin,DEL → BOM → COK,02:15,19:00,16h 45m,1 stop,In-flight meal not included,10262
Air Asia,24/06/2019,Delhi,Cochin,DEL → BLR → COK,07:55,22:25,14h 30m,1 stop,No info,6152
Multiple carriers,27/05/2019,Delhi,Cochin,DEL → BOM → COK,10:20,01:30 28 May,15h 10m,1 stop,No info,6795
GoAir,15/05/2019,Delhi,Cochin,DEL → BOM → COK,10:35,19:35,9h,1 stop,No info,7378
SpiceJet,9/05/2019,Kolkata,Banglore,CCU → BLR,17:10,19:40,2h 30m,non-stop,No check-in baggage included,3841
IndiGo,9/06/2019,Delhi,Cochin,DEL → BOM → COK,04:55,21:00,16h 5m,1 stop,No info,6093
Jet Airways,15/05/2019,Kolkata,Banglore,CCU → DEL → BLR,09:35,21:05,11h 30m,1 stop,In-flight meal not included,10703
Jet Airways,6/06/2019,Delhi,Cochin,DEL → BOM → COK,14:00,19:00,5h,1 stop,No info,14714
IndiGo,09/03/2019,Banglore,New Delhi,BLR → DEL,22:20,01:10 10 Mar,2h 50m,non-stop,No info,6144
Air India,6/03/2019,Delhi,Cochin,DEL → AMD → BOM → COK,19:45,19:15 07 Mar,23h 30m,2 stops,No info,12646
Air India,1/04/2019,Kolkata,Banglore,CCU → DEL → COK → BLR,10:00,01:20 02 Apr,15h 20m,2 stops,No info,10408
Jet Airways,24/06/2019,Delhi,Cochin,DEL → NAG → BOM → COK,14:35,04:25 25 Jun,13h 50m,2 stops,No info,13376
Air India,1/04/2019,Mumbai,Hyderabad,BOM → HYD,19:30,20:45,1h 15m,non-stop,No info,2050
Jet Airways,27/05/2019,Delhi,Cochin,DEL → BOM → COK,15:00,19:00 28 May,28h,1 stop,In-flight meal not included,12898
IndiGo,18/04/2019,Banglore,Delhi,BLR → DEL,20:00,22:50,2h 50m,non-stop,No info,4823
Vistara,27/06/2019,Delhi,Cochin,DEL → COK,06:00,09:10,3h 10m,non-stop,No info,6216
Jet Airways,27/03/2019,Delhi,Cochin,DEL → AMD → BOM → COK,19:10,04:25 29 Mar,33h 15m,2 stops,No info,10929
Jet Airways,9/05/2019,Banglore,Delhi,BLR → DEL,08:20,11:20,3h,non-stop,No info,7229
SpiceJet,3/06/2019,Kolkata,Banglore,CCU → BLR,09:00,11:25,2h 25m,non-stop,No info,3873
Air India,12/05/2019,Banglore,Delhi,BLR → DEL,13:20,16:10,2h 50m,non-stop,No info,6121
Air Asia,21/04/2019,Banglore,Delhi,BLR → DEL,23:55,02:45 22 Apr,2h 50m,non-stop,No info,4483
Vistara,24/03/2019,Kolkata,Banglore,CCU → DEL → BLR,09:55,09:10 25 Mar,23h 15m,1 stop,No info,10842
Multiple carriers,24/05/2019,Delhi,Cochin,DEL → BOM → COK,17:45,01:30 25 May,7h 45m,1 stop,No info,9140
Jet Airways,9/05/2019,Kolkata,Banglore,CCU → BOM → BLR,14:05,18:15 10 May,28h 10m,1 stop,No info,13584
Jet Airways,24/06/2019,Delhi,Cochin,DEL → BOM → COK,13:00,19:00,6h,1 stop,In-flight meal not included,10262
SpiceJet,3/06/2019,Chennai,Kolkata,MAA → CCU,08:20,10:35,2h 15m,non-stop,No info,3597
Multiple carriers,9/05/2019,Delhi,Cochin,DEL → BOM → COK,14:00,21:00,7h,1 stop,No info,13727
Jet Airways,12/06/2019,Delhi,Cochin,DEL → IDR → BOM → COK,09:35,04:25 13 Jun,18h 50m,2 stops,No info,13292
SpiceJet,3/03/2019,Delhi,Cochin,DEL → MAA → COK,15:55,21:55,6h,1 stop,No info,11349
IndiGo,21/03/2019,Banglore,New Delhi,BLR → AMD → DEL,14:25,19:25,5h,1 stop,No info,7708
Jet Airways,21/06/2019,Mumbai,Hyderabad,BOM → HYD,08:45,10:15,1h 30m,non-stop,No info,8040
SpiceJet,27/05/2019,Kolkata,Banglore,CCU → BLR,17:10,19:40,2h 30m,non-stop,No check-in baggage included,3841
IndiGo,6/06/2019,Delhi,Cochin,DEL → BOM → COK,20:25,01:30 07 Jun,5h 5m,1 stop,No info,5054
SpiceJet,21/04/2019,Banglore,Delhi,BLR → DEL,05:55,08:35,2h 40m,non-stop,No check-in baggage included,4319
Jet Airways,3/06/2019,Delhi,Cochin,DEL → IDR → BOM → COK,09:35,12:35 04 Jun,27h,2 stops,In-flight meal not included,11507
Air India,3/06/2019,Delhi,Cochin,DEL → LKO → BOM → COK,18:30,19:15 04 Jun,24h 45m,2 stops,No info,12488
IndiGo,09/03/2019,Banglore,New Delhi,BLR → HYD → DEL,15:40,20:35,4h 55m,1 stop,No info,5226
Jet Airways,09/03/2019,Banglore,New Delhi,BLR → BOM → DEL,18:40,00:45 07 Mar,6h 5m,1 stop,No info,22270
SpiceJet,15/06/2019,Banglore,Delhi,BLR → DEL,05:55,08:35,2h 40m,non-stop,No info,4423
Jet Airways,6/04/2019,Delhi,Cochin,DEL → BOM → COK,22:50,12:35 07 Apr,13h 45m,1 stop,In-flight meal not included,5177
Jet Airways,6/05/2019,Kolkata,Banglore,CCU → DEL → BLR,20:25,18:00 07 May,21h 35m,1 stop,In-flight meal not included,9314
Multiple carriers,6/06/2019,Delhi,Cochin,DEL → BOM → COK,11:25,19:00,7h 35m,1 stop,No info,10877
Jet Airways,1/06/2019,Delhi,Cochin,DEL → NAG → BOM → COK,14:35,12:35 02 Jun,22h,2 stops,No info,13376
IndiGo,3/04/2019,Kolkata,Banglore,CCU → BLR,04:40,07:15,2h 35m,non-stop,No info,4174
Jet Airways,12/06/2019,Delhi,Cochin,DEL → BOM → COK,15:00,12:35 13 Jun,21h 35m,1 stop,In-flight meal not included,10262
SpiceJet,27/06/2019,Kolkata,Banglore,CCU → BLR,17:10,19:40,2h 30m,non-stop,No info,3873
Air India,18/03/2019,Banglore,New Delhi,BLR → DEL,21:05,23:55,2h 50m,non-stop,No info,4441
Air India,6/06/2019,Kolkata,Banglore,CCU → HYD → BLR,19:00,11:05 07 Jun,16h 5m,1 stop,No info,6117
Jet Airways,12/06/2019,Kolkata,Banglore,CCU → BOM → BLR,16:30,12:00 13 Jun,19h 30m,1 stop,No info,13044
Multiple carriers,15/06/2019,Delhi,Cochin,DEL → BOM → COK,10:20,19:00,8h 40m,1 stop,No info,11789
Air Asia,18/05/2019,Kolkata,Banglore,CCU → BLR,10:20,12:55,2h 35m,non-stop,No info,5645
Air India,03/03/2019,Banglore,New Delhi,BLR → BBI → DEL,09:30,16:20,6h 50m,1 stop,No info,11654
IndiGo,27/05/2019,Delhi,Cochin,DEL → HYD → COK,06:50,16:10,9h 20m,1 stop,No info,6674
IndiGo,27/06/2019,Chennai,Kolkata,MAA → CCU,07:55,10:15,2h 20m,non-stop,No info,3850
Air India,12/03/2019,Banglore,New Delhi,BLR → BOM → NAG → DEL,08:50,10:15 13 Mar,25h 25m,2 stops,No info,12778
IndiGo,24/06/2019,Delhi,Cochin,DEL → BLR → COK,02:00,07:45,5h 45m,1 stop,No info,6016
Air India,18/05/2019,Kolkata,Banglore,CCU → DEL → COK → BLR,10:00,01:20 19 May,15h 20m,2 stops,No info,13243
Jet Airways,3/04/2019,Mumbai,Hyderabad,BOM → HYD,10:20,11:50,1h 30m,non-stop,In-flight meal not included,3205
SpiceJet,1/06/2019,Mumbai,Hyderabad,BOM → HYD,22:45,00:15 02 Jun,1h 30m,non-stop,No check-in baggage included,1965
Air Asia,3/05/2019,Kolkata,Banglore,CCU → BLR,10:20,12:55,2h 35m,non-stop,No info,4409
Jet Airways,9/05/2019,Delhi,Cochin,DEL → AMD → BOM → COK,23:05,04:25 11 May,29h 20m,2 stops,No info,15129
Jet Airways,1/04/2019,Kolkata,Banglore,CCU → BOM → BLR,08:25,18:15,9h 50m,1 stop,In-flight meal not included,7064
Vistara,3/06/2019,Banglore,Delhi,BLR → DEL,17:00,19:35,2h 35m,non-stop,No info,4878
Jet Airways,21/06/2019,Mumbai,Hyderabad,BOM → HYD,19:35,21:05,1h 30m,non-stop,No info,5678
Jet Airways,12/06/2019,Kolkata,Banglore,CCU → BOM → BLR,21:10,04:40 13 Jun,7h 30m,1 stop,In-flight meal not included,7594
IndiGo,6/06/2019,Delhi,Cochin,DEL → BOM → COK,16:00,21:00,5h,1 stop,No info,6069
Multiple carriers,15/05/2019,Delhi,Cochin,DEL → BOM → COK,08:00,21:00,13h,1 stop,No info,13937
SpiceJet,9/06/2019,Chennai,Kolkata,MAA → CCU,09:45,12:00,2h 15m,non-stop,No info,3597
Jet Airways,24/06/2019,Delhi,Cochin,DEL → JDH → BOM → COK,11:40,19:00,7h 20m,2 stops,No info,18804
Multiple carriers,9/06/2019,Delhi,Cochin,DEL → BOM → COK,16:00,01:30 10 Jun,9h 30m,1 stop,No info,13587
Jet Airways,21/03/2019,Delhi,Cochin,DEL → BOM → COK,19:45,04:25 22 Mar,8h 40m,1 stop,In-flight meal not included,5963
Air India,21/05/2019,Delhi,Cochin,DEL → AMD → BOM → COK,05:00,19:15 22 May,38h 15m,2 stops,No info,9968
Air India,24/03/2019,Kolkata,Banglore,CCU → HYD → BLR,19:00,11:05 25 Mar,16h 5m,1 stop,No info,5567
SpiceJet,9/05/2019,Kolkata,Banglore,CCU → MAA → BLR,15:05,20:20,5h 15m,1 stop,No info,4963
IndiGo,24/06/2019,Delhi,Cochin,DEL → BOM → COK,09:15,21:00,11h 45m,1 stop,No info,6838
IndiGo,27/04/2019,Delhi,Cochin,DEL → HYD → COK,07:35,12:10,4h 35m,1 stop,No info,5073
GoAir,27/06/2019,Delhi,Cochin,DEL → BOM → COK,14:25,19:35,5h 10m,1 stop,No info,7870
Air India,24/06/2019,Delhi,Cochin,DEL → JDH → BOM → COK,12:55,19:15 25 Jun,30h 20m,2 stops,No info,12436
Air India,24/05/2019,Kolkata,Banglore,CCU → GAU → DEL → BLR,09:50,12:30 25 May,26h 40m,2 stops,No info,15170
Vistara,1/04/2019,Kolkata,Banglore,CCU → DEL → BLR,17:00,20:20 02 Apr,27h 20m,1 stop,No info,9135
Jet Airways,12/06/2019,Kolkata,Banglore,CCU → DEL → BLR,09:35,09:45 13 Jun,24h 10m,1 stop,No info,12692
IndiGo,15/05/2019,Kolkata,Banglore,CCU → BLR,04:40,07:15,2h 35m,non-stop,No info,4804
Jet Airways,06/03/2019,Banglore,New Delhi,BLR → BOM → DEL,08:55,16:10,7h 15m,1 stop,No info,19225
Air India,06/03/2019,Banglore,New Delhi,BLR → HYD → VGA → DEL,08:15,22:55,14h 40m,2 stops,No info,13942
Jet Airways,3/06/2019,Mumbai,Hyderabad,BOM → HYD,02:55,04:20,1h 25m,non-stop,In-flight meal not included,4050
IndiGo,3/05/2019,Mumbai,Hyderabad,BOM → HYD,20:05,21:40,1h 35m,non-stop,No info,2754
Jet Airways,9/06/2019,Mumbai,Hyderabad,BOM → HYD,10:20,11:50,1h 30m,non-stop,No info,5678
Jet Airways,1/05/2019,Kolkata,Banglore,CCU → BOM → BLR,06:30,08:15 02 May,25h 45m,1 stop,In-flight meal not included,9663
GoAir,15/04/2019,Banglore,Delhi,BLR → DEL,07:45,10:40,2h 55m,non-stop,No info,4632
Jet Airways,12/03/2019,Banglore,New Delhi,BLR → BOM → DEL,05:45,08:15 13 Mar,26h 30m,1 stop,No info,12547
Air India,9/06/2019,Chennai,Kolkata,MAA → CCU,11:40,13:55,2h 15m,non-stop,No info,4667
SpiceJet,1/05/2019,Mumbai,Hyderabad,BOM → HYD,13:15,14:45,1h 30m,non-stop,No check-in baggage included,2385
Jet Airways,9/06/2019,Delhi,Cochin,DEL → BOM → COK,21:50,04:25 10 Jun,6h 35m,1 stop,In-flight meal not included,10262
IndiGo,21/04/2019,Kolkata,Banglore,CCU → BLR,11:30,14:05,2h 35m,non-stop,No info,5644
Jet Airways,27/06/2019,Delhi,Cochin,DEL → BOM → COK,13:00,19:00,6h,1 stop,In-flight meal not included,10262
IndiGo,21/03/2019,Delhi,Cochin,DEL → BOM → COK,08:25,15:30,7h 5m,1 stop,No info,9709
IndiGo,27/04/2019,Delhi,Cochin,DEL → BLR → COK,02:00,07:45,5h 45m,1 stop,No info,7173
Jet Airways,01/03/2019,Banglore,New Delhi,BLR → BOM → DEL,05:45,21:20,15h 35m,1 stop,No info,27992
Jet Airways,18/05/2019,Kolkata,Banglore,CCU → DEL → BLR,09:35,14:25 19 May,28h 50m,1 stop,No info,13067
Multiple carriers,6/06/2019,Delhi,Cochin,DEL → BOM → COK,06:00,19:15,13h 15m,1 stop,No info,8266
IndiGo,15/05/2019,Delhi,Cochin,DEL → BOM → COK,18:35,01:30 16 May,6h 55m,1 stop,No info,7191
Multiple carriers,15/06/2019,Delhi,Cochin,DEL → BOM → COK,08:00,21:00,13h,1 stop,No info,7408
IndiGo,27/05/2019,Kolkata,Banglore,CCU → BLR,22:15,00:50 28 May,2h 35m,non-stop,No info,4804
Air India,18/05/2019,Kolkata,Banglore,CCU → GAU → DEL → BLR,16:45,12:30 19 May,19h 45m,2 stops,No info,15170
Jet Airways,21/05/2019,Delhi,Cochin,DEL → BOM → COK,21:50,19:00 22 May,21h 10m,1 stop,No info,16079
Jet Airways,12/06/2019,Delhi,Cochin,DEL → BOM → COK,20:55,19:00 13 Jun,22h 5m,1 stop,In-flight meal not included,10262
Air India,01/03/2019,Banglore,New Delhi,BLR → BBI → DEL,09:30,12:05 02 Mar,26h 35m,1 stop,No info,12704
Jet Airways,12/03/2019,Banglore,New Delhi,BLR → BOM → DEL,07:00,21:20,14h 20m,1 stop,No info,13817
Vistara,27/05/2019,Delhi,Cochin,DEL → COK,06:00,09:10,3h 10m,non-stop,No info,6216
Multiple carriers,27/05/2019,Delhi,Cochin,DEL → BOM → COK,12:50,21:00,8h 10m,1 stop,No info,7005
Jet Airways,6/05/2019,Kolkata,Banglore,CCU → BOM → BLR,16:30,23:35,7h 5m,1 stop,In-flight meal not included,11841
Jet Airways,1/04/2019,Kolkata,Banglore,CCU → BOM → BLR,16:30,04:40 02 Apr,12h 10m,1 stop,No info,12681
SpiceJet,27/04/2019,Kolkata,Banglore,CCU → BLR,09:00,11:25,2h 25m,non-stop,No info,4174
Jet Airways,6/06/2019,Kolkata,Banglore,CCU → DEL → BLR,17:00,10:55 07 Jun,17h 55m,1 stop,In-flight meal not included,10539
Air India,01/03/2019,Banglore,New Delhi,BLR → BOM → AMD → DEL,08:50,23:55 02 Mar,39h 5m,2 stops,No info,17135
Jet Airways,24/03/2019,Kolkata,Banglore,CCU → BOM → BLR,06:30,22:35,16h 5m,1 stop,No info,13339
Multiple carriers,12/06/2019,Delhi,Cochin,DEL → BOM → COK,09:15,19:00,9h 45m,1 stop,No info,11622
Jet Airways,9/04/2019,Banglore,Delhi,BLR → DEL,19:50,22:50,3h,non-stop,No info,7229
GoAir,1/04/2019,Banglore,Delhi,BLR → DEL,20:55,23:40,2h 45m,non-stop,No info,4239
Jet Airways,12/06/2019,Kolkata,Banglore,CCU → BOM → BLR,20:00,09:20 13 Jun,13h 20m,1 stop,In-flight meal not included,8529
SpiceJet,21/03/2019,Delhi,Cochin,DEL → MAA → COK,15:55,21:55,6h,1 stop,No info,5511
IndiGo,3/06/2019,Banglore,Delhi,BLR → DEL,01:30,04:15,2h 45m,non-stop,No info,3943
Multiple carriers,1/05/2019,Delhi,Cochin,DEL → BOM → COK,08:30,19:00,10h 30m,1 stop,No info,9627
SpiceJet,15/05/2019,Kolkata,Banglore,CCU → BLR,22:20,00:40 16 May,2h 20m,non-stop,No check-in baggage included,3841
Multiple carriers,27/05/2019,Delhi,Cochin,DEL → HYD → COK,09:45,22:30,12h 45m,1 stop,No info,10486
IndiGo,24/04/2019,Banglore,Delhi,BLR → DEL,22:10,01:00 25 Apr,2h 50m,non-stop,No info,3625
IndiGo,1/04/2019,Kolkata,Banglore,CCU → BBI → BLR,19:35,23:15,3h 40m,1 stop,No info,4226
Jet Airways,18/06/2019,Mumbai,Hyderabad,BOM → HYD,10:20,11:50,1h 30m,non-stop,In-flight meal not included,4995
Air India,03/03/2019,Banglore,New Delhi,BLR → DEL,13:20,16:10,2h 50m,non-stop,No info,12841
Jet Airways,15/05/2019,Kolkata,Banglore,CCU → BOM → BLR,21:10,09:20 16 May,12h 10m,1 stop,In-flight meal not included,9663
Air India,9/06/2019,Delhi,Cochin,DEL → BOM → COK,21:00,19:15 10 Jun,22h 15m,1 stop,No info,8372
Jet Airways,24/06/2019,Delhi,Cochin,DEL → BOM → COK,16:00,12:35 25 Jun,20h 35m,1 stop,In-flight meal not included,10262
Jet Airways,12/06/2019,Kolkata,Banglore,CCU → BOM → BLR,21:10,08:15 13 Jun,11h 5m,1 stop,In-flight meal not included,8529
Multiple carriers,18/05/2019,Delhi,Cochin,DEL → BOM → COK,04:55,19:15,14h 20m,1 stop,No info,7564
Jet Airways,9/06/2019,Kolkata,Banglore,CCU → BOM → BLR,18:55,16:20 10 Jun,21h 25m,1 stop,In-flight meal not included,10844
Multiple carriers,15/06/2019,Delhi,Cochin,DEL → BOM → COK,08:30,19:15,10h 45m,1 stop,No info,8937
Jet Airways,18/03/2019,Banglore,New Delhi,BLR → BOM → DEL,16:55,08:15 16 Mar,15h 20m,1 stop,No info,13555
Multiple carriers,3/06/2019,Delhi,Cochin,DEL → HYD → COK,07:05,16:10,9h 5m,1 stop,No info,10696
IndiGo,27/05/2019,Delhi,Cochin,DEL → BLR → COK,17:05,22:15,5h 10m,1 stop,No info,6373
Air India,21/03/2019,Banglore,New Delhi,BLR → VGA → DEL,10:30,11:20 19 Mar,24h 50m,1 stop,No info,6383
Multiple carriers,1/06/2019,Delhi,Cochin,DEL → BOM → COK,07:05,21:00,13h 55m,1 stop,In-flight meal not included,10406
Jet Airways,3/06/2019,Delhi,Cochin,DEL → BOM → COK,02:15,04:25 04 Jun,26h 10m,1 stop,In-flight meal not included,11627
Jet Airways,3/03/2019,Delhi,Cochin,DEL → IDR → BOM → COK,05:25,04:25 04 Mar,23h,2 stops,No info,18799
Air Asia,24/03/2019,Kolkata,Banglore,CCU → DEL → BLR,07:35,22:55,15h 20m,1 stop,No info,6785
Jet Airways,27/06/2019,Mumbai,Hyderabad,BOM → HYD,07:05,08:30,1h 25m,non-stop,No info,8040
Air India,9/04/2019,Delhi,Cochin,DEL → BOM → COK,08:00,19:15,11h 15m,1 stop,No info,6377
Air India,9/06/2019,Delhi,Cochin,DEL → HYD → BOM → COK,17:15,07:40 10 Jun,14h 25m,2 stops,No info,12199
Jet Airways,06/03/2019,Banglore,New Delhi,BLR → BOM → DEL,14:05,00:45 07 Mar,10h 40m,1 stop,No info,14815
Air India,15/05/2019,Kolkata,Banglore,CCU → BOM → HBX → BLR,09:25,17:20 16 May,31h 55m,2 stops,No info,13616
Jet Airways,12/06/2019,Kolkata,Banglore,CCU → DEL → BLR,20:25,09:45 13 Jun,13h 20m,1 stop,In-flight meal not included,10539
Air India,9/03/2019,Delhi,Cochin,DEL → BLR → COK,20:30,23:00 10 Mar,26h 30m,1 stop,No info,8119
IndiGo,1/06/2019,Banglore,Delhi,BLR → DEL,18:55,21:50,2h 55m,non-stop,No info,4823
Air India,21/05/2019,Banglore,Delhi,BLR → DEL,05:45,08:45,3h,non-stop,No info,6961
SpiceJet,1/05/2019,Chennai,Kolkata,MAA → CCU,09:45,12:00,2h 15m,non-stop,No check-in baggage included,3543
Multiple carriers,24/06/2019,Delhi,Cochin,DEL → HYD → COK,07:05,16:10,9h 5m,1 stop,No info,9856
Jet Airways,24/06/2019,Delhi,Cochin,DEL → JAI → BOM → COK,09:40,12:35 25 Jun,26h 55m,2 stops,No info,13014
Air India,12/06/2019,Delhi,Cochin,DEL → LKO → BOM → COK,18:30,19:15 13 Jun,24h 45m,2 stops,No info,12488
Jet Airways,27/05/2019,Delhi,Cochin,DEL → COK,11:00,14:15,3h 15m,non-stop,No info,9564
Jet Airways,18/05/2019,Kolkata,Banglore,CCU → BOM → BLR,20:00,08:15 19 May,12h 15m,1 stop,In-flight meal not included,8586
IndiGo,18/04/2019,Kolkata,Banglore,CCU → BLR,09:35,12:20,2h 45m,non-stop,No info,5644
Jet Airways,01/03/2019,Banglore,New Delhi,BLR → BOM → DEL,14:05,09:00 02 Mar,18h 55m,1 stop,No info,20800
SpiceJet,12/06/2019,Delhi,Cochin,DEL → PNQ → COK,08:45,13:15,4h 30m,1 stop,No check-in baggage included,5158
Jet Airways,21/04/2019,Banglore,Delhi,BLR → DEL,15:15,18:10,2h 55m,non-stop,In-flight meal not included,4544
Air India,18/05/2019,Delhi,Cochin,DEL → AMD → BOM → COK,05:00,07:40 19 May,26h 40m,2 stops,No info,11228
Vistara,6/04/2019,Banglore,Delhi,BLR → DEL,07:00,09:40,2h 40m,non-stop,No info,5613
Vistara,1/05/2019,Banglore,Delhi,BLR → DEL,21:00,23:50,2h 50m,non-stop,No info,4668
Air India,24/03/2019,Kolkata,Banglore,CCU → BOM → GOI → BLR,09:25,05:35 25 Mar,20h 10m,2 stops,No info,12352
Jet Airways,12/06/2019,Delhi,Cochin,DEL → BOM → COK,18:15,19:00 13 Jun,24h 45m,1 stop,In-flight meal not included,10262
SpiceJet,21/05/2019,Banglore,Delhi,BLR → DEL,05:55,08:35,2h 40m,non-stop,No check-in baggage included,3257
IndiGo,6/03/2019,Delhi,Cochin,DEL → MAA → COK,02:05,07:25,5h 20m,1 stop,No info,10851
Vistara,18/03/2019,Banglore,New Delhi,BLR → DEL,21:10,00:05 16 Mar,2h 55m,non-stop,No info,11598
IndiGo,9/05/2019,Delhi,Cochin,DEL → BOM → COK,11:25,21:00,9h 35m,1 stop,No info,6979
Jet Airways,3/06/2019,Delhi,Cochin,DEL → BOM → COK,18:15,19:00 04 Jun,24h 45m,1 stop,No info,14714
Jet Airways,24/06/2019,Delhi,Cochin,DEL → BOM → COK,16:00,19:00 25 Jun,27h,1 stop,In-flight meal not included,10262
Jet Airways,24/03/2019,Mumbai,Hyderabad,BOM → HYD,10:20,11:50,1h 30m,non-stop,In-flight meal not included,2759
IndiGo,12/05/2019,Mumbai,Hyderabad,BOM → HYD,20:05,21:40,1h 35m,non-stop,No info,2227
Multiple carriers,27/05/2019,Delhi,Cochin,DEL → BOM → COK,19:00,01:30 28 May,6h 30m,1 stop,No info,7198
Jet Airways,01/03/2019,Banglore,New Delhi,BLR → BOM → DEL,07:00,13:15,6h 15m,1 stop,No info,26890
Air India,18/03/2019,Banglore,New Delhi,BLR → BOM → UDR → DEL,08:50,16:30 16 Mar,31h 40m,2 stops,No info,10835
Multiple carriers,27/05/2019,Delhi,Cochin,DEL → BOM → COK,03:50,12:35,8h 45m,1 stop,No info,10197
Jet Airways,6/05/2019,Kolkata,Banglore,CCU → BOM → BLR,21:10,08:15 07 May,11h 5m,1 stop,In-flight meal not included,7757
IndiGo,15/03/2019,Banglore,New Delhi,BLR → LKO → DEL,05:25,10:10,4h 45m,1 stop,No info,8021
Vistara,12/06/2019,Kolkata,Banglore,CCU → DEL → BLR,07:10,18:50,11h 40m,1 stop,No info,8610
Air India,18/05/2019,Delhi,Cochin,DEL → COK,14:10,17:10,3h,non-stop,No info,6934
Jet Airways,3/06/2019,Delhi,Cochin,DEL → NAG → BOM → COK,14:35,12:35 04 Jun,22h,2 stops,In-flight meal not included,10919
Air India,24/03/2019,Kolkata,Banglore,CCU → GAU → BLR,16:45,21:05 25 Mar,28h 20m,1 stop,No info,6535
IndiGo,18/05/2019,Delhi,Cochin,DEL → BOM → COK,18:35,01:30 19 May,6h 55m,1 stop,No info,7503
SpiceJet,24/04/2019,Delhi,Cochin,DEL → PNQ → COK,08:45,13:15,4h 30m,1 stop,No check-in baggage included,4760
Jet Airways,27/06/2019,Delhi,Cochin,DEL → BOM → COK,14:00,19:00,5h,1 stop,In-flight meal not included,10262
Air India,6/06/2019,Delhi,Cochin,DEL → HYD → MAA → COK,07:05,09:25 07 Jun,26h 20m,2 stops,No info,11447
Jet Airways,21/05/2019,Delhi,Cochin,DEL → ATQ → BOM → COK,20:00,04:25 22 May,8h 25m,2 stops,In-flight meal not included,15318
Jet Airways,9/03/2019,Delhi,Cochin,DEL → BOM → COK,18:15,04:25 10 Mar,10h 10m,1 stop,In-flight meal not included,14053
Jet Airways,27/06/2019,Delhi,Cochin,DEL → AMD → BOM → COK,13:25,12:35 28 Jun,23h 10m,2 stops,In-flight meal not included,11150
Air Asia,18/04/2019,Kolkata,Banglore,CCU → BLR,19:55,22:25,2h 30m,non-stop,No info,4409
Vistara,6/05/2019,Banglore,Delhi,BLR → DEL,11:30,14:20,2h 50m,non-stop,No info,4668
Multiple carriers,21/03/2019,Delhi,Cochin,DEL → BOM → COK,19:00,01:35 22 Mar,6h 35m,1 stop,No info,6838
Jet Airways,12/03/2019,Mumbai,Hyderabad,BOM → DEL → HYD,03:00,16:35,13h 35m,1 stop,No info,22294
Jet Airways,6/03/2019,Delhi,Cochin,DEL → BOM → COK,22:20,04:25 07 Mar,6h 5m,1 stop,No info,15764
Air India,6/03/2019,Delhi,Cochin,DEL → AMD → BOM → COK,16:40,19:15 07 Mar,26h 35m,2 stops,No info,12646
Air India,03/03/2019,Banglore,New Delhi,BLR → BOM → AMD → DEL,17:25,08:45 07 Mar,15h 20m,2 stops,No info,11570
Air Asia,12/04/2019,Kolkata,Banglore,CCU → BLR,19:55,22:25,2h 30m,non-stop,No info,4409
Jet Airways,01/03/2019,Banglore,New Delhi,BLR → BOM → DEL,18:40,09:00 02 Mar,14h 20m,1 stop,No info,31825
Jet Airways,27/03/2019,Delhi,Cochin,DEL → AMD → BOM → COK,19:10,19:45 28 Mar,24h 35m,2 stops,In-flight meal not included,8882
IndiGo,12/06/2019,Banglore,Delhi,BLR → DEL,22:10,01:00 13 Jun,2h 50m,non-stop,No info,3419
Air India,3/03/2019,Delhi,Cochin,DEL → AMD → BOM → COK,19:45,19:15 04 Mar,23h 30m,2 stops,No info,12646
Jet Airways,24/03/2019,Kolkata,Banglore,CCU → BOM → BLR,16:55,22:35,5h 40m,1 stop,In-flight meal not included,11134
Jet Airways,12/06/2019,Banglore,Delhi,BLR → DEL,11:10,14:05,2h 55m,non-stop,In-flight meal not included,5769
Jet Airways,1/04/2019,Kolkata,Banglore,CCU → BOM → BLR,16:30,20:45 02 Apr,28h 15m,1 stop,No info,12681
Air India,24/05/2019,Kolkata,Banglore,CCU → BOM → AMD → BLR,09:25,05:25 25 May,20h,2 stops,No info,14897
IndiGo,12/05/2019,Mumbai,Hyderabad,BOM → HYD,12:00,13:30,1h 30m,non-stop,No info,2754
Jet Airways,1/06/2019,Delhi,Cochin,DEL → JAI → BOM → COK,09:40,12:35 02 Jun,26h 55m,2 stops,No info,13014
Multiple carriers,3/03/2019,Delhi,Cochin,DEL → HYD → COK,07:05,16:10,9h 5m,1 stop,No info,7905
Jet Airways,6/06/2019,Kolkata,Banglore,CCU → DEL → BLR,17:00,10:55 07 Jun,17h 55m,1 stop,No info,12692
Air India,9/05/2019,Delhi,Cochin,DEL → BOM → COK,13:00,19:15,6h 15m,1 stop,No info,8372
IndiGo,9/04/2019,Banglore,Delhi,BLR → DEL,18:55,21:50,2h 55m,non-stop,No info,4823
Air India,21/03/2019,Delhi,Cochin,DEL → BLR → COK,09:45,23:00,13h 15m,1 stop,No info,5704
GoAir,21/05/2019,Delhi,Cochin,DEL → BOM → COK,10:35,19:35,9h,1 stop,No info,6195
IndiGo,27/03/2019,Chennai,Kolkata,MAA → CCU,22:05,00:25 28 Mar,2h 20m,non-stop,No info,5277
Jet Airways,9/06/2019,Delhi,Cochin,DEL → BOM → COK,19:45,19:00 10 Jun,23h 15m,1 stop,In-flight meal not included,10577
Jet Airways,18/05/2019,Kolkata,Banglore,CCU → BOM → BLR,05:45,19:50,14h 5m,1 stop,In-flight meal not included,10844
Air India,6/05/2019,Chennai,Kolkata,MAA → CCU,11:40,13:55,2h 15m,non-stop,No info,4667
Jet Airways,18/05/2019,Delhi,Cochin,DEL → JAI → BOM → COK,05:30,04:25 19 May,22h 55m,2 stops,No info,15129
Multiple carriers,3/06/2019,Delhi,Cochin,DEL → BOM → COK,15:00,01:30 04 Jun,10h 30m,1 stop,No info,13377
IndiGo,27/03/2019,Chennai,Kolkata,MAA → CCU,19:35,21:55,2h 20m,non-stop,No info,3858
Jet Airways,24/06/2019,Delhi,Cochin,DEL → AMD → BOM → COK,19:10,12:35 25 Jun,17h 25m,2 stops,No info,12819
Jet Airways,21/03/2019,Delhi,Cochin,DEL → BOM → COK,22:00,18:50 22 Mar,20h 50m,1 stop,In-flight meal not included,6017
Jet Airways,18/05/2019,Kolkata,Banglore,CCU → BOM → BLR,18:55,18:15 19 May,23h 20m,1 stop,In-flight meal not included,10844
Air India,21/05/2019,Delhi,Cochin,DEL → HYD → BOM → COK,17:15,19:15 22 May,26h,2 stops,No info,11972
Multiple carriers,21/05/2019,Delhi,Cochin,DEL → HYD → COK,07:10,18:10,11h,1 stop,No info,7038
Jet Airways,15/06/2019,Delhi,Cochin,DEL → BOM → COK,18:15,12:35 16 Jun,18h 20m,1 stop,In-flight meal not included,10262
IndiGo,18/05/2019,Delhi,Cochin,DEL → HYD → COK,14:20,22:30,8h 10m,1 stop,No info,7640
Jet Airways,6/05/2019,Kolkata,Banglore,CCU → DEL → BLR,20:25,21:05 07 May,24h 40m,1 stop,No info,13067
IndiGo,24/03/2019,Kolkata,Banglore,CCU → BLR,05:30,08:20,2h 50m,non-stop,No info,4778
SpiceJet,3/03/2019,Delhi,Cochin,DEL → MAA → COK,06:10,11:20,5h 10m,1 stop,No info,9748
Air Asia,3/03/2019,Kolkata,Banglore,CCU → BLR,19:35,22:05,2h 30m,non-stop,No info,5964
Air India,9/06/2019,Kolkata,Banglore,CCU → DEL → BLR,17:30,20:25 10 Jun,26h 55m,1 stop,No info,10413
Jet Airways,9/05/2019,Kolkata,Banglore,CCU → BOM → BLR,08:25,16:20,7h 55m,1 stop,No info,13941
Jet Airways,6/05/2019,Banglore,Delhi,BLR → DEL,07:10,10:10,3h,non-stop,No info,7229
IndiGo,9/03/2019,Kolkata,Banglore,CCU → BLR,15:10,17:45,2h 35m,non-stop,No info,4462
IndiGo,27/03/2019,Delhi,Cochin,DEL → BOM → COK,17:30,01:35 28 Mar,8h 5m,1 stop,No info,6628
IndiGo,03/03/2019,Banglore,New Delhi,BLR → DEL,08:30,11:30,3h,non-stop,No info,6860
Multiple carriers,21/05/2019,Delhi,Cochin,DEL → BOM → COK,16:00,01:30 22 May,9h 30m,1 stop,No info,14067
Air India,15/06/2019,Delhi,Cochin,DEL → JDH → BOM → COK,12:55,19:15 16 Jun,30h 20m,2 stops,No info,12646
IndiGo,6/03/2019,Mumbai,Hyderabad,BOM → HYD,16:55,18:25,1h 30m,non-stop,No info,4784
Jet Airways,06/03/2019,Banglore,New Delhi,BLR → BOM → DEL,08:55,21:20,12h 25m,1 stop,No info,16736
Jet Airways,6/04/2019,Banglore,Delhi,BLR → DEL,19:50,22:50,3h,non-stop,No info,7229
SpiceJet,12/06/2019,Mumbai,Hyderabad,BOM → HYD,05:45,07:15,1h 30m,non-stop,No info,2753
Jet Airways,12/03/2019,Banglore,New Delhi,BLR → MAA → DEL,09:45,16:00,6h 15m,1 stop,No info,12295
Air India,12/05/2019,Kolkata,Banglore,CCU → BBI → BLR,09:10,13:15,4h 5m,1 stop,No info,8996
Jet Airways,15/05/2019,Kolkata,Banglore,CCU → BOM → BLR,18:55,22:35 16 May,27h 40m,1 stop,In-flight meal not included,10844
Air Asia,12/03/2019,Kolkata,Banglore,CCU → BLR,19:35,22:05,2h 30m,non-stop,No info,4384
Multiple carriers,3/03/2019,Delhi,Cochin,DEL → BOM → COK,02:15,11:30,9h 15m,1 stop,No info,17057
Jet Airways,6/05/2019,Kolkata,Banglore,CCU → BOM → BLR,14:05,20:45,6h 40m,1 stop,In-flight meal not included,9663
IndiGo,27/04/2019,Delhi,Cochin,DEL → LKO → COK,21:50,03:35 28 Apr,5h 45m,1 stop,No info,6307
Jet Airways,6/06/2019,Delhi,Cochin,DEL → JAI → BOM → COK,09:40,12:35 07 Jun,26h 55m,2 stops,In-flight meal not included,11733
Jet Airways,27/06/2019,Delhi,Cochin,DEL → AMD → BOM → COK,23:05,19:00 28 Jun,19h 55m,2 stops,In-flight meal not included,11150
Multiple carriers,1/05/2019,Delhi,Cochin,DEL → BOM → COK,10:20,19:00,8h 40m,1 stop,No info,9794
Air India,18/05/2019,Kolkata,Banglore,CCU → DEL → COK → BLR,07:00,01:20 19 May,18h 20m,2 stops,No info,13873
IndiGo,27/03/2019,Mumbai,Hyderabad,BOM → HYD,06:20,07:45,1h 25m,non-stop,No info,3175
Air India,1/06/2019,Delhi,Cochin,DEL → JAI → BOM → COK,12:00,19:15,7h 15m,2 stops,No info,10336
Multiple carriers,3/03/2019,Delhi,Cochin,DEL → BOM → COK,13:00,01:35 04 Mar,12h 35m,1 stop,No info,17493
Jet Airways,9/06/2019,Kolkata,Banglore,CCU → BOM → BLR,20:00,22:35 10 Jun,26h 35m,1 stop,In-flight meal not included,10844
Multiple carriers,12/06/2019,Delhi,Cochin,DEL → BOM → COK,08:00,19:15,11h 15m,1 stop,No info,15058
Jet Airways,12/06/2019,Delhi,Cochin,DEL → JAI → BOM → COK,19:30,04:25 13 Jun,8h 55m,2 stops,No info,13014
IndiGo,21/04/2019,Banglore,Delhi,BLR → DEL,18:25,21:20,2h 55m,non-stop,No info,4823
SpiceJet,21/06/2019,Banglore,Delhi,BLR → DEL,05:55,08:35,2h 40m,non-stop,No check-in baggage included,3919
Air India,6/06/2019,Delhi,Cochin,DEL → MAA → COK,06:05,09:25 07 Jun,27h 20m,1 stop,No info,7952
IndiGo,03/03/2019,Banglore,New Delhi,BLR → AMD → DEL,14:25,19:25,5h,1 stop,No info,11873
IndiGo,12/06/2019,Delhi,Cochin,DEL → BOM → COK,08:50,21:00,12h 10m,1 stop,No info,6093
Jet Airways,18/05/2019,Kolkata,Banglore,CCU → BOM → BLR,20:00,20:45 19 May,24h 45m,1 stop,In-flight meal not included,10844
Air India,27/05/2019,Delhi,Cochin,DEL → TRV → COK,05:15,06:50 28 May,25h 35m,1 stop,No info,8425
IndiGo,9/03/2019,Kolkata,Banglore,CCU → BLR,22:10,00:55 10 Mar,2h 45m,non-stop,No info,4148
Jet Airways,1/04/2019,Kolkata,Banglore,CCU → BOM → BLR,18:55,19:50 02 Apr,24h 55m,1 stop,No info,12681
Vistara,3/06/2019,Chennai,Kolkata,MAA → CCU,07:05,09:20,2h 15m,non-stop,No info,3687
Jet Airways,27/06/2019,Delhi,Cochin,DEL → BOM → COK,14:00,12:35 28 Jun,22h 35m,1 stop,In-flight meal not included,10262
Air India,24/05/2019,Mumbai,Hyderabad,BOM → HYD,06:20,07:40,1h 20m,non-stop,No info,3100
Vistara,24/06/2019,Chennai,Kolkata,MAA → CCU,07:45,10:00,2h 15m,non-stop,No info,3687
Jet Airways,9/06/2019,Delhi,Cochin,DEL → JAI → BOM → COK,09:40,19:00,9h 20m,2 stops,No info,13014
Vistara,1/04/2019,Banglore,Delhi,BLR → DEL,21:00,23:50,2h 50m,non-stop,No info,5403
Air India,03/03/2019,Banglore,New Delhi,BLR → VGA → DEL,10:30,22:55,12h 25m,1 stop,No info,11003
GoAir,03/03/2019,Banglore,New Delhi,BLR → DEL,07:45,10:40,2h 55m,non-stop,No info,7222
Jet Airways,15/06/2019,Delhi,Cochin,DEL → AMD → BOM → COK,23:05,04:25 17 Jun,29h 20m,2 stops,No info,15339
Air India,18/05/2019,Kolkata,Banglore,CCU → GAU → BLR,16:45,21:05 19 May,28h 20m,1 stop,No info,7872
Jet Airways,18/05/2019,Kolkata,Banglore,CCU → BOM → BLR,18:55,04:40 19 May,9h 45m,1 stop,No info,13941
IndiGo,9/04/2019,Banglore,Delhi,BLR → DEL,04:00,06:50,2h 50m,non-stop,No info,3943
GoAir,24/03/2019,Banglore,New Delhi,BLR → DEL,20:55,23:50,2h 55m,non-stop,No info,5706
Jet Airways,21/03/2019,Delhi,Cochin,DEL → BOM → COK,15:00,04:25 22 Mar,13h 25m,1 stop,In-flight meal not included,6017
Jet Airways,6/05/2019,Kolkata,Banglore,CCU → BOM → BLR,16:30,09:20 07 May,16h 50m,1 stop,In-flight meal not included,9663
IndiGo,6/05/2019,Mumbai,Hyderabad,BOM → HYD,19:05,20:35,1h 30m,non-stop,No info,2754
Multiple carriers,27/06/2019,Delhi,Cochin,DEL → BOM → COK,10:00,01:30 28 Jun,15h 30m,1 stop,No info,13377
Jet Airways,3/04/2019,Delhi,Cochin,DEL → BOM → COK,02:15,12:35,10h 20m,1 stop,In-flight meal not included,5177
Air India,9/05/2019,Kolkata,Banglore,CCU → BOM → GOI → BLR,16:50,05:35 10 May,12h 45m,2 stops,No info,11432
Air India,1/06/2019,Delhi,Cochin,DEL → AMD → BOM → COK,16:40,19:15 02 Jun,26h 35m,2 stops,No info,9863
Jet Airways,12/06/2019,Delhi,Cochin,DEL → ATQ → BOM → COK,20:00,19:00 13 Jun,23h,2 stops,No info,14300
Jet Airways,1/06/2019,Delhi,Cochin,DEL → BOM → COK,10:00,12:35 02 Jun,26h 35m,1 stop,In-flight meal not included,10262
IndiGo,21/03/2019,Delhi,Cochin,DEL → BOM → COK,09:10,01:35 22 Mar,16h 25m,1 stop,No info,8765
Vistara,12/04/2019,Banglore,Delhi,BLR → DEL,17:00,19:35,2h 35m,non-stop,No info,5613
SpiceJet,9/05/2019,Kolkata,Banglore,CCU → IXB → BLR,15:55,21:25,5h 30m,1 stop,No info,8224
Jet Airways,12/03/2019,Banglore,New Delhi,BLR → BOM → DEL,22:55,20:20 13 Mar,21h 25m,1 stop,In-flight meal not included,11087
Air Asia,9/04/2019,Kolkata,Banglore,CCU → BLR,19:55,22:25,2h 30m,non-stop,No info,4107
IndiGo,6/04/2019,Banglore,Delhi,BLR → DEL,10:10,13:00,2h 50m,non-stop,No info,4423
Jet Airways,1/04/2019,Kolkata,Banglore,CCU → BOM → BLR,06:30,23:35,17h 5m,1 stop,In-flight meal not included,7064
Jet Airways,15/04/2019,Banglore,Delhi,BLR → DEL,18:55,22:00,3h 5m,non-stop,No info,7229
Air Asia,21/04/2019,Delhi,Cochin,DEL → BLR → COK,07:55,22:25,14h 30m,1 stop,No info,7452
IndiGo,12/06/2019,Banglore,Delhi,BLR → DEL,10:10,13:00,2h 50m,non-stop,No info,3943
Jet Airways,9/03/2019,Delhi,Cochin,DEL → IXC → BOM → COK,13:45,18:50 10 Mar,29h 5m,2 stops,No info,18752
Jet Airways,21/05/2019,Kolkata,Banglore,CCU → BOM → BLR,06:30,12:00,5h 30m,1 stop,In-flight meal not included,9663
Jet Airways,24/05/2019,Kolkata,Banglore,CCU → BOM → BLR,06:30,09:20 25 May,26h 50m,1 stop,In-flight meal not included,9663
SpiceJet,3/05/2019,Chennai,Kolkata,MAA → CCU,09:45,12:00,2h 15m,non-stop,No check-in baggage included,3859
IndiGo,6/03/2019,Kolkata,Banglore,CCU → BLR,14:20,16:55,2h 35m,non-stop,No info,5618
Air India,01/03/2019,Banglore,New Delhi,BLR → VGA → VTZ → DEL,10:30,17:45,7h 15m,2 stops,Change airports,17461
Multiple carriers,15/05/2019,Delhi,Cochin,DEL → BOM → COK,10:00,19:15,9h 15m,1 stop,No info,14323
IndiGo,9/06/2019,Mumbai,Hyderabad,BOM → HYD,19:05,20:35,1h 30m,non-stop,No info,2754
Jet Airways,1/04/2019,Banglore,Delhi,BLR → DEL,19:50,22:50,3h,non-stop,In-flight meal not included,4544
Multiple carriers,21/03/2019,Delhi,Cochin,DEL → BOM → COK,08:25,18:50,10h 25m,1 stop,No info,13069
Jet Airways,27/05/2019,Delhi,Cochin,DEL → AMD → BOM → COK,19:10,12:35 28 May,17h 25m,2 stops,No info,15129
IndiGo,27/03/2019,Delhi,Cochin,DEL → BOM → COK,10:45,21:00,10h 15m,1 stop,No info,6838
Jet Airways,1/05/2019,Kolkata,Banglore,CCU → BOM → BLR,21:10,04:40 02 May,7h 30m,1 stop,No info,14781
Vistara,24/03/2019,Kolkata,Banglore,CCU → DEL → BLR,17:00,09:10 25 Mar,16h 10m,1 stop,No info,13310
Jet Airways,3/06/2019,Delhi,Cochin,DEL → JAI → BOM → COK,09:40,12:35 04 Jun,26h 55m,2 stops,In-flight meal not included,10368
Jet Airways,12/06/2019,Delhi,Cochin,DEL → BOM → COK,19:45,19:00 13 Jun,23h 15m,1 stop,In-flight meal not included,10262
IndiGo,09/03/2019,Banglore,New Delhi,BLR → DEL,23:30,02:20 10 Mar,2h 50m,non-stop,No info,5694
Air India,03/03/2019,Banglore,New Delhi,BLR → CCU → GAU → DEL,05:50,22:10 07 Mar,40h 20m,2 stops,No info,11791
SpiceJet,12/04/2019,Kolkata,Banglore,CCU → BLR,06:55,09:30,2h 35m,non-stop,No check-in baggage included,3841
Jet Airways,24/03/2019,Kolkata,Banglore,CCU → BOM → BLR,19:45,04:45 25 Mar,9h,1 stop,In-flight meal not included,10031
Air India,18/05/2019,Delhi,Cochin,DEL → MAA → COK,06:05,09:25 19 May,27h 20m,1 stop,No info,7480
GoAir,15/06/2019,Kolkata,Banglore,CCU → BLR,15:20,17:55,2h 35m,non-stop,No info,3514
Jet Airways,21/05/2019,Kolkata,Banglore,CCU → BOM → BLR,06:30,16:20,9h 50m,1 stop,In-flight meal not included,10844
Jet Airways,18/03/2019,Banglore,New Delhi,BLR → BOM → DEL,11:40,08:15 16 Mar,20h 35m,1 stop,No info,12284
Jet Airways,21/05/2019,Kolkata,Banglore,CCU → BOM → BLR,08:25,16:20,7h 55m,1 stop,No info,14781
Air India,6/06/2019,Delhi,Cochin,DEL → JDH → BOM → COK,12:55,19:15 07 Jun,30h 20m,2 stops,No info,12646
Air India,6/06/2019,Kolkata,Banglore,CCU → BOM → BLR,09:25,18:30,9h 5m,1 stop,No info,8366
Jet Airways,18/03/2019,Banglore,New Delhi,BLR → BOM → DEL,11:40,18:25,6h 45m,1 stop,No info,12284
Jet Airways,21/03/2019,Delhi,Cochin,DEL → BOM → COK,15:00,04:25 22 Mar,13h 25m,1 stop,No info,12767
IndiGo,15/06/2019,Delhi,Cochin,DEL → BLR → COK,17:05,22:25,5h 20m,1 stop,No info,6147
Jet Airways,6/03/2019,Delhi,Cochin,DEL → BHO → BOM → COK,05:40,04:25 07 Mar,22h 45m,2 stops,In-flight meal not included,17271
GoAir,15/03/2019,Banglore,New Delhi,BLR → DEL,11:40,14:35,2h 55m,non-stop,No info,6113
Air India,01/03/2019,Banglore,New Delhi,BLR → BOM → BHO → DEL,06:45,09:25 02 Mar,26h 40m,2 stops,2 Long layover,26480
GoAir,21/06/2019,Banglore,Delhi,BLR → DEL,11:40,14:30,2h 50m,non-stop,No info,3398
Jet Airways,12/04/2019,Banglore,Delhi,BLR → DEL,07:10,10:10,3h,non-stop,No info,7229
Jet Airways,24/03/2019,Banglore,New Delhi,BLR → DEL,19:55,22:35,2h 40m,non-stop,No info,7229
Multiple carriers,15/06/2019,Delhi,Cochin,DEL → BOM → COK,08:30,19:00,10h 30m,1 stop,No info,11200
Jet Airways,9/05/2019,Kolkata,Banglore,CCU → BOM → BLR,16:30,18:15 10 May,25h 45m,1 stop,In-flight meal not included,8586
Jet Airways,12/05/2019,Kolkata,Banglore,CCU → BOM → BLR,21:10,18:15 13 May,21h 5m,1 stop,In-flight meal not included,10844
Jet Airways,9/06/2019,Kolkata,Banglore,CCU → BOM → BLR,14:05,19:50,5h 45m,1 stop,No info,14571
IndiGo,3/06/2019,Delhi,Cochin,DEL → HYD → COK,14:20,22:30,8h 10m,1 stop,No info,6938
IndiGo,21/03/2019,Banglore,New Delhi,BLR → DEL,20:00,22:55,2h 55m,non-stop,No info,6144
IndiGo,21/05/2019,Chennai,Kolkata,MAA → CCU,13:15,15:35,2h 20m,non-stop,No info,3597
IndiGo,6/04/2019,Kolkata,Banglore,CCU → BLR,17:15,19:50,2h 35m,non-stop,No info,4174
Jet Airways,9/05/2019,Delhi,Cochin,DEL → JDH → BOM → COK,11:40,19:00,7h 20m,2 stops,In-flight meal not included,19644
GoAir,24/03/2019,Banglore,New Delhi,BLR → DEL,11:40,14:35,2h 55m,non-stop,No info,4340
Jet Airways,21/05/2019,Kolkata,Banglore,CCU → BOM → BLR,20:00,18:15 22 May,22h 15m,1 stop,In-flight meal not included,10844
IndiGo,6/03/2019,Chennai,Kolkata,MAA → CCU,07:55,10:15,2h 20m,non-stop,No info,7295
Multiple carriers,18/05/2019,Delhi,Cochin,DEL → BOM → COK,19:00,01:30 19 May,6h 30m,1 stop,No info,7670
Jet Airways,15/05/2019,Kolkata,Banglore,CCU → DEL → BLR,09:35,18:00,8h 25m,1 stop,In-flight meal not included,12384
Jet Airways,6/06/2019,Delhi,Cochin,DEL → JAI → BOM → COK,19:30,12:35 07 Jun,17h 5m,2 stops,In-flight meal not included,11733
Jet Airways,12/03/2019,Banglore,New Delhi,BLR → BOM → DEL,20:35,21:20 13 Mar,24h 45m,1 stop,In-flight meal not included,11087
Air India,9/06/2019,Delhi,Cochin,DEL → BOM → COK,20:00,07:40 10 Jun,11h 40m,1 stop,No info,8372
IndiGo,18/06/2019,Chennai,Kolkata,MAA → CCU,19:35,21:55,2h 20m,non-stop,No info,3597
IndiGo,18/05/2019,Delhi,Cochin,DEL → HYD → COK,07:35,22:30,14h 55m,1 stop,No info,7144
IndiGo,24/03/2019,Chennai,Kolkata,MAA → CCU,22:05,00:25 25 Mar,2h 20m,non-stop,No info,5277
Air India,3/06/2019,Delhi,Cochin,DEL → JAI → BOM → COK,12:00,07:40 04 Jun,19h 40m,2 stops,No info,8603
Jet Airways,24/06/2019,Delhi,Cochin,DEL → JAI → BOM → COK,05:30,19:00,13h 30m,2 stops,No info,13014
SpiceJet,9/04/2019,Kolkata,Banglore,CCU → BLR,22:20,00:40 10 Apr,2h 20m,non-stop,No check-in baggage included,3841
Multiple carriers,21/05/2019,Delhi,Cochin,DEL → BOM → COK,13:00,19:15,6h 15m,1 stop,No info,14848
Air India,24/05/2019,Kolkata,Banglore,CCU → DEL → BLR,07:00,20:25,13h 25m,1 stop,No info,10413
Air India,09/03/2019,Banglore,New Delhi,BLR → DEL,10:00,12:45,2h 45m,non-stop,No info,7801
IndiGo,03/03/2019,Banglore,New Delhi,BLR → IDR → DEL,13:40,18:35,4h 55m,1 stop,No info,8662
Air India,9/04/2019,Delhi,Cochin,DEL → BOM → COK,07:00,19:15,12h 15m,1 stop,No info,6674
GoAir,24/04/2019,Banglore,Delhi,BLR → DEL,11:40,14:30,2h 50m,non-stop,No info,3898
Multiple carriers,27/03/2019,Delhi,Cochin,DEL → BOM → COK,08:25,19:15,10h 50m,1 stop,No info,8601
Jet Airways,3/06/2019,Delhi,Cochin,DEL → BOM → COK,22:50,19:00 04 Jun,20h 10m,1 stop,In-flight meal not included,10262
IndiGo,9/05/2019,Mumbai,Hyderabad,BOM → HYD,12:00,13:30,1h 30m,non-stop,No info,4392
Multiple carriers,6/03/2019,Delhi,Cochin,DEL → BOM → COK,08:55,18:50,9h 55m,1 stop,No info,15411
SpiceJet,18/06/2019,Chennai,Kolkata,MAA → CCU,17:45,20:05,2h 20m,non-stop,No check-in baggage included,3543
Vistara,24/03/2019,Kolkata,Banglore,CCU → DEL → BLR,20:20,18:45 25 Mar,22h 25m,1 stop,No info,12102
Air India,21/05/2019,Kolkata,Banglore,CCU → BOM → GOI → BLR,16:50,05:35 22 May,12h 45m,2 stops,No info,12324
Jet Airways,9/06/2019,Kolkata,Banglore,CCU → DEL → BLR,09:35,19:10,9h 35m,1 stop,In-flight meal not included,13994
Jet Airways,9/06/2019,Delhi,Cochin,DEL → BOM → COK,19:45,04:25 10 Jun,8h 40m,1 stop,In-flight meal not included,10577
Jet Airways,12/05/2019,Delhi,Cochin,DEL → COK,11:00,14:15,3h 15m,non-stop,No info,9564
Multiple carriers,27/06/2019,Delhi,Cochin,DEL → BOM → COK,11:40,19:15,7h 35m,1 stop,In-flight meal not included,7268
Air India,1/06/2019,Kolkata,Banglore,CCU → BLR,14:15,16:45,2h 30m,non-stop,No info,6245
Air India,6/06/2019,Kolkata,Banglore,CCU → IXR → DEL → BLR,05:50,08:55 07 Jun,27h 5m,2 stops,No info,12723
Air Asia,27/03/2019,Delhi,Cochin,DEL → BLR → COK,16:45,07:10 28 Mar,14h 25m,1 stop,No info,6151
GoAir,27/05/2019,Delhi,Cochin,DEL → BOM → COK,07:00,12:55,5h 55m,1 stop,No info,5752
Jet Airways,21/05/2019,Kolkata,Banglore,CCU → DEL → BLR,09:35,23:35,14h,1 stop,No info,14151
Vistara,6/04/2019,Banglore,Delhi,BLR → DEL,09:45,12:35,2h 50m,non-stop,No info,5613
Jet Airways,6/06/2019,Delhi,Cochin,DEL → BOM → COK,02:15,19:00,16h 45m,1 stop,No info,14714
Jet Airways,1/06/2019,Delhi,Cochin,DEL → BOM → COK,11:30,04:25 02 Jun,16h 55m,1 stop,In-flight meal not included,10262
SpiceJet,6/04/2019,Banglore,Delhi,BLR → DEL,21:10,00:05 07 Apr,2h 55m,non-stop,No check-in baggage included,3919
IndiGo,27/06/2019,Delhi,Cochin,DEL → MAA → COK,02:00,07:25,5h 25m,1 stop,No info,5636
SpiceJet,24/03/2019,Banglore,New Delhi,BLR → DEL,09:35,12:30,2h 55m,non-stop,No info,6309
Multiple carriers,27/05/2019,Delhi,Cochin,DEL → BOM → COK,07:05,21:00,13h 55m,1 stop,In-flight meal not included,10406
Multiple carriers,27/06/2019,Delhi,Cochin,DEL → BOM → COK,18:15,01:30 28 Jun,7h 15m,1 stop,No info,13377
IndiGo,9/06/2019,Chennai,Kolkata,MAA → CCU,11:35,14:00,2h 25m,non-stop,No info,3858
Jet Airways,9/06/2019,Mumbai,Hyderabad,BOM → HYD,02:55,04:20,1h 25m,non-stop,No info,5678
Air India,1/05/2019,Kolkata,Banglore,CCU → BBI → BOM → BLR,12:00,11:10 02 May,23h 10m,2 stops,No info,11148
Vistara,12/06/2019,Kolkata,Banglore,CCU → DEL → BLR,07:10,23:25,16h 15m,1 stop,No info,8610
SpiceJet,12/05/2019,Banglore,Delhi,BLR → DEL,09:30,12:20,2h 50m,non-stop,No info,4423
Jet Airways,18/05/2019,Delhi,Cochin,DEL → JAI → BOM → COK,19:30,12:35 19 May,17h 5m,2 stops,In-flight meal not included,10368
Air Asia,12/06/2019,Delhi,Cochin,DEL → BLR → COK,07:55,22:25,14h 30m,1 stop,No info,6152
SpiceJet,27/03/2019,Mumbai,Hyderabad,BOM → HYD,05:45,07:05,1h 20m,non-stop,No info,1759
Multiple carriers,6/03/2019,Delhi,Cochin,DEL → BOM → COK,07:05,13:20,6h 15m,1 stop,No info,17267
Jet Airways,21/03/2019,Delhi,Cochin,DEL → BOM → COK,22:00,18:50 22 Mar,20h 50m,1 stop,No info,12242
Air India,27/05/2019,Delhi,Cochin,DEL → BOM → COK,21:00,19:15 28 May,22h 15m,1 stop,No info,8372
Vistara,1/05/2019,Kolkata,Banglore,CCU → DEL → BLR,07:10,09:05 02 May,25h 55m,1 stop,No info,8452
Air India,18/05/2019,Kolkata,Banglore,CCU → BOM → COK → BLR,16:50,13:45 19 May,20h 55m,2 stops,No info,13432
Jet Airways,27/06/2019,Delhi,Cochin,DEL → AMD → BOM → COK,23:05,12:35 28 Jun,13h 30m,2 stops,No info,12819
Multiple carriers,6/03/2019,Delhi,Cochin,DEL → BOM → COK,10:20,21:00,10h 40m,1 stop,No info,15147
Jet Airways,1/06/2019,Delhi,Cochin,DEL → BOM → COK,22:50,12:35 02 Jun,13h 45m,1 stop,No info,14714
Air India,12/05/2019,Kolkata,Banglore,CCU → IXR → DEL → BLR,05:50,23:15,17h 25m,2 stops,No info,11411
Multiple carriers,15/06/2019,Delhi,Cochin,DEL → BOM → COK,08:45,21:00,12h 15m,1 stop,No info,7005
IndiGo,15/06/2019,Delhi,Cochin,DEL → BOM → COK,16:00,21:00,5h,1 stop,No info,6069
Air Asia,9/05/2019,Kolkata,Banglore,CCU → DEL → BLR,07:35,23:30,15h 55m,1 stop,No info,5192
Air India,24/03/2019,Kolkata,Banglore,CCU → BLR,20:45,23:20,2h 35m,non-stop,No info,31945
Jet Airways,9/06/2019,Delhi,Cochin,DEL → BHO → BOM → COK,05:30,12:35,7h 5m,2 stops,No info,14441
SpiceJet,1/06/2019,Mumbai,Hyderabad,BOM → HYD,05:45,07:15,1h 30m,non-stop,No info,2753
IndiGo,18/04/2019,Banglore,Delhi,BLR → DEL,10:10,13:00,2h 50m,non-stop,No info,4591
IndiGo,03/03/2019,Banglore,New Delhi,BLR → DEL,06:00,08:45,2h 45m,non-stop,No info,6144
Jet Airways,6/06/2019,Kolkata,Banglore,CCU → BOM → BLR,21:10,08:15 07 Jun,11h 5m,1 stop,In-flight meal not included,10844
Jet Airways,27/06/2019,Delhi,Cochin,DEL → BOM → COK,21:50,12:35 28 Jun,14h 45m,1 stop,In-flight meal not included,10262
GoAir,3/03/2019,Delhi,Cochin,DEL → HYD → COK,05:45,13:20,7h 35m,1 stop,No info,5628
Air India,3/06/2019,Delhi,Cochin,DEL → CCU → BOM → COK,20:15,19:15 04 Jun,23h,2 stops,No info,13381
IndiGo,9/04/2019,Delhi,Cochin,DEL → LKO → COK,21:50,03:35 10 Apr,5h 45m,1 stop,No info,7398
IndiGo,18/05/2019,Delhi,Cochin,DEL → HYD → COK,05:05,12:10,7h 5m,1 stop,No info,7520
Jet Airways,9/06/2019,Delhi,Cochin,DEL → BOM → COK,09:00,19:00,10h,1 stop,No info,14714
Jet Airways,24/03/2019,Kolkata,Banglore,CCU → BOM → BLR,21:10,09:15 25 Mar,12h 5m,1 stop,In-flight meal not included,11134
IndiGo,15/03/2019,Banglore,New Delhi,BLR → DEL,23:30,02:20 16 Mar,2h 50m,non-stop,No info,8033
IndiGo,1/04/2019,Mumbai,Hyderabad,BOM → HYD,19:05,20:35,1h 30m,non-stop,No info,2754
Air India,9/03/2019,Delhi,Cochin,DEL → BOM → COK,21:40,07:40 10 Mar,10h,1 stop,No info,13832
Air Asia,24/03/2019,Kolkata,Banglore,CCU → BLR,19:35,22:05,2h 30m,non-stop,No info,5964
GoAir,3/04/2019,Banglore,Delhi,BLR → DEL,20:55,23:40,2h 45m,non-stop,No info,4239
Air India,9/05/2019,Kolkata,Banglore,CCU → GAU → BLR,16:45,21:05 10 May,28h 20m,1 stop,No info,7662
Jet Airways,21/03/2019,Banglore,New Delhi,BLR → BOM → DEL,22:50,07:40 19 Mar,8h 50m,1 stop,In-flight meal not included,7045
Multiple carriers,3/06/2019,Delhi,Cochin,DEL → BOM → COK,06:00,19:00,13h,1 stop,No info,13259
Multiple carriers,3/06/2019,Delhi,Cochin,DEL → BOM → COK,11:40,19:15,7h 35m,1 stop,No info,9001
SpiceJet,15/06/2019,Mumbai,Hyderabad,BOM → HYD,13:15,14:45,1h 30m,non-stop,No info,2017
Jet Airways,12/03/2019,Banglore,New Delhi,BLR → BOM → DEL,22:55,10:25 13 Mar,11h 30m,1 stop,No info,13817
Jet Airways,3/03/2019,Delhi,Cochin,DEL → BOM → COK,07:05,18:50,11h 45m,1 stop,No info,17024
SpiceJet,27/05/2019,Chennai,Kolkata,MAA → CCU,09:45,12:00,2h 15m,non-stop,No info,3597
Air India,21/03/2019,Delhi,Cochin,DEL → MAA → COK,09:45,09:25 22 Mar,23h 40m,1 stop,No info,7532
IndiGo,15/03/2019,Chennai,Kolkata,MAA → CCU,22:05,00:30 13 Mar,2h 25m,non-stop,No info,6297
Multiple carriers,15/06/2019,Delhi,Cochin,DEL → BOM → COK,04:55,12:35,7h 40m,1 stop,No info,10678
Air India,9/03/2019,Delhi,Cochin,DEL → BHO → BOM → COK,05:55,19:15,13h 20m,2 stops,No info,18736
Air India,03/03/2019,Banglore,New Delhi,BLR → HYD → DEL,08:15,12:15,4h,1 stop,No info,6273
Air India,1/06/2019,Delhi,Cochin,DEL → JAI → BOM → COK,18:45,19:15 02 Jun,24h 30m,2 stops,No info,12940
Multiple carriers,12/06/2019,Delhi,Cochin,DEL → BOM → COK,11:25,19:00,7h 35m,1 stop,No info,10877
Jet Airways,15/05/2019,Kolkata,Banglore,CCU → DEL → BLR,09:35,19:10,9h 35m,1 stop,In-flight meal not included,12384
Jet Airways,24/05/2019,Kolkata,Banglore,CCU → BOM → BLR,14:05,09:20 25 May,19h 15m,1 stop,No info,14178
SpiceJet,27/04/2019,Kolkata,Banglore,CCU → BLR,22:20,00:40 28 Apr,2h 20m,non-stop,No check-in baggage included,3841
Multiple carriers,27/03/2019,Delhi,Cochin,DEL → BOM → COK,07:00,13:20,6h 20m,1 stop,No info,6148
Air Asia,24/03/2019,Banglore,New Delhi,BLR → DEL,23:25,02:10 22 Mar,2h 45m,non-stop,No info,3383
Jet Airways,1/05/2019,Kolkata,Banglore,CCU → BOM → BLR,08:25,19:50,11h 25m,1 stop,No info,14781
Jet Airways,18/05/2019,Mumbai,Hyderabad,BOM → HYD,07:05,08:30,1h 25m,non-stop,In-flight meal not included,4050
IndiGo,27/06/2019,Kolkata,Banglore,CCU → BLR,22:15,00:50 28 Jun,2h 35m,non-stop,No info,4804
Air India,3/06/2019,Delhi,Cochin,DEL → RPR → NAG → BOM → COK,05:15,19:15 04 Jun,38h,3 stops,No info,10493
Jet Airways,15/06/2019,Delhi,Cochin,DEL → JDH → BOM → COK,11:40,19:00,7h 20m,2 stops,No info,18804
Air India,9/05/2019,Kolkata,Banglore,CCU → BLR,20:45,23:20,2h 35m,non-stop,No info,4145
IndiGo,1/06/2019,Banglore,Delhi,BLR → DEL,10:30,13:20,2h 50m,non-stop,No info,3943
Jet Airways,27/05/2019,Delhi,Cochin,DEL → BOM → COK,08:00,19:00,11h,1 stop,In-flight meal not included,12239
Jet Airways,24/03/2019,Kolkata,Banglore,CCU → BOM → BLR,13:55,18:10 25 Mar,28h 15m,1 stop,No info,14231
Air Asia,6/05/2019,Kolkata,Banglore,CCU → DEL → BLR,07:35,19:25,11h 50m,1 stop,No info,5192
SpiceJet,9/06/2019,Kolkata,Banglore,CCU → IXB → BLR,15:55,21:25,5h 30m,1 stop,No info,9158
IndiGo,24/03/2019,Banglore,New Delhi,BLR → DEL,22:20,01:10 25 Mar,2h 50m,non-stop,No info,7303
Air India,6/06/2019,Kolkata,Banglore,CCU → DEL → BLR,07:00,20:25,13h 25m,1 stop,No info,10203
IndiGo,27/04/2019,Delhi,Cochin,DEL → HYD → COK,06:50,16:10,9h 20m,1 stop,No info,6442
Jet Airways,01/03/2019,Banglore,New Delhi,BLR → BOM → DEL,07:00,20:20,13h 20m,1 stop,No info,27992
SpiceJet,21/05/2019,Kolkata,Banglore,CCU → BLR,22:20,00:40 22 May,2h 20m,non-stop,No info,3873
Air India,21/05/2019,Kolkata,Banglore,CCU → IXR → DEL → BLR,05:50,23:15,17h 25m,2 stops,No info,13143
Air India,12/06/2019,Delhi,Cochin,DEL → GOI → BOM → COK,22:00,19:15 13 Jun,21h 15m,2 stops,No info,10231
Jet Airways,27/03/2019,Delhi,Cochin,DEL → BOM → COK,21:50,04:25 28 Mar,6h 35m,1 stop,No info,12242
Jet Airways,27/06/2019,Delhi,Cochin,DEL → BOM → COK,15:00,12:35 28 Jun,21h 35m,1 stop,In-flight meal not included,10262
IndiGo,18/03/2019,Banglore,New Delhi,BLR → HYD → DEL,12:10,17:05,4h 55m,1 stop,No info,4410
Jet Airways,9/06/2019,Delhi,Cochin,DEL → BOM → COK,19:15,19:00 10 Jun,23h 45m,1 stop,In-flight meal not included,10577
IndiGo,15/03/2019,Banglore,New Delhi,BLR → DEL,13:00,15:50,2h 50m,non-stop,No info,6144
Multiple carriers,27/03/2019,Delhi,Cochin,DEL → BOM → COK,13:00,01:35 28 Mar,12h 35m,1 stop,No info,12327
Air India,15/05/2019,Delhi,Cochin,DEL → HYD → BOM → COK,17:15,19:15 16 May,26h,2 stops,No info,13022
Multiple carriers,21/03/2019,Delhi,Cochin,DEL → BOM → COK,04:45,19:15,14h 30m,1 stop,No info,6630
IndiGo,12/05/2019,Kolkata,Banglore,CCU → BLR,22:15,00:50 13 May,2h 35m,non-stop,No info,4804
Jet Airways,12/05/2019,Mumbai,Hyderabad,BOM → HYD,02:55,04:20,1h 25m,non-stop,In-flight meal not included,4050
Jet Airways,01/03/2019,Banglore,New Delhi,BLR → BOM → DEL,07:00,05:05 02 Mar,22h 5m,1 stop,No info,26890
Air India,15/04/2019,Kolkata,Banglore,CCU → BLR,20:45,23:20,2h 35m,non-stop,No info,4145
Jet Airways,27/03/2019,Delhi,Cochin,DEL → BOM → COK,11:30,18:50,7h 20m,1 stop,In-flight meal not included,6017
Jet Airways,24/06/2019,Delhi,Cochin,DEL → BOM → COK,17:30,12:35 25 Jun,19h 5m,1 stop,In-flight meal not included,10262
IndiGo,21/04/2019,Kolkata,Banglore,CCU → BLR,15:15,17:45,2h 30m,non-stop,No info,5224
SpiceJet,27/03/2019,Delhi,Cochin,DEL → MAA → COK,06:10,11:20,5h 10m,1 stop,No info,5351
IndiGo,18/06/2019,Delhi,Cochin,DEL → COK,14:20,17:35,3h 15m,non-stop,No info,5000
IndiGo,15/06/2019,Delhi,Cochin,DEL → HYD → COK,07:35,16:10,8h 35m,1 stop,No info,6442
Air India,24/03/2019,Banglore,New Delhi,BLR → DEL,06:10,08:55,2h 45m,non-stop,No info,3758
SpiceJet,21/06/2019,Kolkata,Banglore,CCU → BLR,06:55,09:30,2h 35m,non-stop,No check-in baggage included,3841
IndiGo,9/05/2019,Mumbai,Hyderabad,BOM → HYD,20:05,21:40,1h 35m,non-stop,No info,2437
Air India,18/05/2019,Delhi,Cochin,DEL → CCU → BOM → COK,06:50,07:40 19 May,24h 50m,2 stops,No info,13591
Multiple carriers,6/06/2019,Delhi,Cochin,DEL → BOM → COK,15:15,01:30 07 Jun,10h 15m,1 stop,No info,6795
Jet Airways,12/05/2019,Banglore,Delhi,BLR → DEL,15:15,18:10,2h 55m,non-stop,In-flight meal not included,4544
Jet Airways,6/06/2019,Delhi,Cochin,DEL → IDR → BOM → COK,05:30,19:00,13h 30m,2 stops,In-flight meal not included,11507
Multiple carriers,27/06/2019,Delhi,Cochin,DEL → BOM → COK,04:55,12:35,7h 40m,1 stop,No info,10678
Jet Airways,9/05/2019,Delhi,Cochin,DEL → JDH → BOM → COK,11:40,19:00,7h 20m,2 stops,No info,21219
Jet Airways,27/05/2019,Delhi,Cochin,DEL → AMD → BOM → COK,13:25,04:25 28 May,15h,2 stops,No info,16704
Jet Airways,27/04/2019,Banglore,Delhi,BLR → DEL,08:20,11:20,3h,non-stop,No info,7229
Multiple carriers,27/05/2019,Delhi,Cochin,DEL → BOM → COK,08:30,19:15,10h 45m,1 stop,No info,9149
Air India,15/06/2019,Kolkata,Banglore,CCU → BLR,20:45,23:20,2h 35m,non-stop,No info,4145
SpiceJet,15/05/2019,Delhi,Cochin,DEL → PNQ → COK,08:45,13:15,4h 30m,1 stop,No check-in baggage included,4760
Vistara,18/06/2019,Chennai,Kolkata,MAA → CCU,17:45,20:05,2h 20m,non-stop,No info,11982
Multiple carriers,27/06/2019,Delhi,Cochin,DEL → BOM → COK,10:20,19:00,8h 40m,1 stop,No info,11264
Jet Airways,1/05/2019,Kolkata,Banglore,CCU → BOM → BLR,18:55,04:40 02 May,9h 45m,1 stop,In-flight meal not included,8586
Jet Airways,21/05/2019,Kolkata,Banglore,CCU → BOM → BLR,18:55,08:15 22 May,13h 20m,1 stop,No info,14388
IndiGo,15/04/2019,Banglore,Delhi,BLR → DEL,04:00,06:50,2h 50m,non-stop,No info,4423
Jet Airways,6/06/2019,Mumbai,Hyderabad,BOM → HYD,10:20,11:50,1h 30m,non-stop,In-flight meal not included,4995
Jet Airways,15/06/2019,Delhi,Cochin,DEL → NAG → BOM → COK,14:35,12:35 16 Jun,22h,2 stops,No info,13376
IndiGo,6/03/2019,Kolkata,Banglore,CCU → BLR,05:30,08:20,2h 50m,non-stop,No info,4778
IndiGo,6/06/2019,Delhi,Cochin,DEL → BOM → COK,15:00,01:30 07 Jun,10h 30m,1 stop,No info,5883
Vistara,6/06/2019,Delhi,Cochin,DEL → COK,06:00,09:10,3h 10m,non-stop,No info,6216
SpiceJet,3/06/2019,Delhi,Cochin,DEL → BLR → COK,17:55,22:50,4h 55m,1 stop,No info,5409
IndiGo,12/06/2019,Delhi,Cochin,DEL → BLR → COK,02:00,07:45,5h 45m,1 stop,No info,6386
Multiple carriers,3/06/2019,Delhi,Cochin,DEL → BOM → COK,16:00,01:30 04 Jun,9h 30m,1 stop,No info,13377
Jet Airways,24/05/2019,Banglore,Delhi,BLR → DEL,17:45,20:45,3h,non-stop,No info,7229
IndiGo,12/04/2019,Banglore,Delhi,BLR → DEL,06:05,08:50,2h 45m,non-stop,No info,4990
IndiGo,9/03/2019,Kolkata,Banglore,CCU → BLR,14:20,16:55,2h 35m,non-stop,No info,4148
Air India,15/05/2019,Kolkata,Banglore,CCU → DEL → AMD → BLR,10:00,05:25 16 May,19h 25m,2 stops,No info,14424
Air India,09/03/2019,Banglore,New Delhi,BLR → DEL,21:10,23:55,2h 45m,non-stop,No info,7591
Air India,15/03/2019,Banglore,New Delhi,BLR → COK → DEL,06:55,23:20,16h 25m,1 stop,No info,6987
Jet Airways,12/05/2019,Kolkata,Banglore,CCU → BOM → BLR,16:30,22:35,6h 5m,1 stop,In-flight meal not included,10844
Jet Airways,12/06/2019,Banglore,Delhi,BLR → DEL,08:20,11:20,3h,non-stop,In-flight meal not included,5769
IndiGo,24/04/2019,Kolkata,Banglore,CCU → BLR,09:35,12:20,2h 45m,non-stop,No info,4804
Vistara,18/05/2019,Banglore,Delhi,BLR → DEL,21:00,23:50,2h 50m,non-stop,No info,4668
IndiGo,15/06/2019,Banglore,Delhi,BLR → DEL,08:30,11:20,2h 50m,non-stop,No info,4823
SpiceJet,27/03/2019,Kolkata,Banglore,CCU → BLR,22:20,00:40 28 Mar,2h 20m,non-stop,No info,3847
Air India,15/05/2019,Delhi,Cochin,DEL → BOM → COK,09:00,19:15,10h 15m,1 stop,No info,8372
Air India,3/04/2019,Banglore,Delhi,BLR → DEL,10:00,12:45,2h 45m,non-stop,No info,5176
IndiGo,1/03/2019,Mumbai,Hyderabad,BOM → HYD,21:20,22:45,1h 25m,non-stop,No info,12475
IndiGo,12/06/2019,Kolkata,Banglore,CCU → BBI → BLR,07:10,12:40,5h 30m,1 stop,No info,4864
Air India,1/05/2019,Kolkata,Banglore,CCU → BOM → COK → BLR,16:50,13:45 02 May,20h 55m,2 stops,No info,16372
Air India,27/06/2019,Delhi,Cochin,DEL → AMD → BOM → COK,16:40,19:15 28 Jun,26h 35m,2 stops,No info,9653
Jet Airways,9/04/2019,Delhi,Cochin,DEL → AMD → BOM → COK,23:05,19:00 10 Apr,19h 55m,2 stops,No info,9483
Jet Airways,18/06/2019,Delhi,Cochin,DEL → COK,09:50,13:05,3h 15m,non-stop,In-flight meal not included,4466
Jet Airways,1/05/2019,Kolkata,Banglore,CCU → BOM → BLR,14:05,12:00 02 May,21h 55m,1 stop,No info,14388
Jet Airways,3/05/2019,Mumbai,Hyderabad,BOM → HYD,02:55,04:20,1h 25m,non-stop,No info,5678
Jet Airways,6/05/2019,Kolkata,Banglore,CCU → BOM → BLR,20:00,09:20 07 May,13h 20m,1 stop,In-flight meal not included,9663
IndiGo,27/04/2019,Kolkata,Banglore,CCU → BLR,15:15,17:45,2h 30m,non-stop,No info,4804
Air India,6/03/2019,Delhi,Cochin,DEL → BOM → COK,09:00,07:40 07 Mar,22h 40m,1 stop,No info,14882
Multiple carriers,15/06/2019,Delhi,Cochin,DEL → BOM → COK,10:20,19:15,8h 55m,1 stop,No info,9526
Jet Airways,18/05/2019,Delhi,Cochin,DEL → JAI → BOM → COK,05:30,04:25 19 May,22h 55m,2 stops,No info,15129
IndiGo,21/03/2019,Delhi,Cochin,DEL → HYD → MAA → COK,04:55,21:20,16h 25m,2 stops,No info,6223
Air Asia,1/05/2019,Kolkata,Banglore,CCU → BLR,19:55,22:25,2h 30m,non-stop,No info,5989
IndiGo,27/04/2019,Kolkata,Banglore,CCU → BLR,17:15,19:50,2h 35m,non-stop,No info,4804
Multiple carriers,15/06/2019,Delhi,Cochin,DEL → BOM → COK,19:00,01:30 16 Jun,6h 30m,1 stop,No info,7408
Jet Airways,21/03/2019,Delhi,Cochin,DEL → BOM → COK,08:00,18:50,10h 50m,1 stop,No info,12767
SpiceJet,12/03/2019,Kolkata,Banglore,CCU → BLR,09:00,11:30,2h 30m,non-stop,No info,6982
Jet Airways,1/05/2019,Kolkata,Banglore,CCU → DEL → BLR,17:00,09:45 02 May,16h 45m,1 stop,In-flight meal not included,9314
IndiGo,21/05/2019,Banglore,Delhi,BLR → DEL,21:15,00:15 22 May,3h,non-stop,No info,3943
GoAir,9/06/2019,Banglore,Delhi,BLR → DEL,20:55,23:40,2h 45m,non-stop,No info,3898
Jet Airways,1/06/2019,Delhi,Cochin,DEL → NAG → BOM → COK,06:45,04:25 02 Jun,21h 40m,2 stops,No info,13376
Air Asia,9/06/2019,Kolkata,Banglore,CCU → DEL → BLR,22:40,10:40 10 Jun,12h,1 stop,No info,11323
IndiGo,12/06/2019,Kolkata,Banglore,CCU → BLR,14:25,16:55,2h 30m,non-stop,No info,4804
GoAir,9/06/2019,Kolkata,Banglore,CCU → HYD → BLR,06:40,14:35,7h 55m,1 stop,No info,3673
Jet Airways,3/06/2019,Delhi,Cochin,DEL → BOM → COK,16:00,19:00 04 Jun,27h,1 stop,In-flight meal not included,10262
Jet Airways,6/06/2019,Delhi,Cochin,DEL → JAI → BOM → COK,09:40,04:25 07 Jun,18h 45m,2 stops,No info,13014
Jet Airways,9/05/2019,Kolkata,Banglore,CCU → DEL → BLR,09:35,09:45 10 May,24h 10m,1 stop,No info,12121
SpiceJet,18/05/2019,Mumbai,Hyderabad,BOM → HYD,05:45,07:15,1h 30m,non-stop,No check-in baggage included,1965
SpiceJet,1/05/2019,Kolkata,Banglore,CCU → KNU → BLR,11:35,18:50,7h 15m,1 stop,No info,8479
Jet Airways,12/05/2019,Kolkata,Banglore,CCU → BOM → BLR,18:55,09:20 13 May,14h 25m,1 stop,No info,14388
Multiple carriers,6/06/2019,Delhi,Cochin,DEL → BOM → COK,10:00,21:00,11h,1 stop,No info,7933
SpiceJet,18/03/2019,Mumbai,Hyderabad,BOM → HYD,22:45,00:10 19 Mar,1h 25m,non-stop,No info,2017
Jet Airways,6/06/2019,Delhi,Cochin,DEL → JAI → BOM → COK,09:40,04:25 07 Jun,18h 45m,2 stops,In-flight meal not included,10368
IndiGo,18/05/2019,Delhi,Cochin,DEL → BOM → COK,17:10,01:30 19 May,8h 20m,1 stop,No info,7081
IndiGo,18/06/2019,Kolkata,Banglore,CCU → BLR,22:15,00:50 19 Jun,2h 35m,non-stop,No info,4804
Jet Airways,12/06/2019,Delhi,Cochin,DEL → JAI → BOM → COK,05:30,19:00,13h 30m,2 stops,In-flight meal not included,10368
Air India,6/04/2019,Delhi,Cochin,DEL → MAA → COK,06:05,09:25 07 Apr,27h 20m,1 stop,No info,4487
Jet Airways,12/06/2019,Delhi,Cochin,DEL → IDR → BOM → COK,05:30,04:25 13 Jun,22h 55m,2 stops,No info,13292
SpiceJet,12/05/2019,Banglore,Delhi,BLR → DEL,09:30,12:20,2h 50m,non-stop,No check-in baggage included,4319
Multiple carriers,6/03/2019,Delhi,Cochin,DEL → BOM → COK,10:20,01:35 07 Mar,15h 15m,1 stop,No info,15147
Jet Airways,9/05/2019,Delhi,Cochin,DEL → BOM → COK,21:50,19:00 10 May,21h 10m,1 stop,In-flight meal not included,12373
Jet Airways,24/06/2019,Delhi,Cochin,DEL → BOM → COK,22:50,12:35 25 Jun,13h 45m,1 stop,In-flight meal not included,10262
Jet Airways,18/05/2019,Kolkata,Banglore,CCU → DEL → BLR,20:25,22:05 19 May,25h 40m,1 stop,No info,14151
Jet Airways,24/05/2019,Kolkata,Banglore,CCU → BOM → BLR,18:55,20:45 25 May,25h 50m,1 stop,In-flight meal not included,10844
Jet Airways,21/05/2019,Delhi,Cochin,DEL → BOM → COK,07:05,19:00,11h 55m,1 stop,No info,16289
Jet Airways,1/04/2019,Kolkata,Banglore,CCU → BOM → BLR,08:25,12:00 02 Apr,27h 35m,1 stop,In-flight meal not included,7064
Multiple carriers,6/03/2019,Delhi,Cochin,DEL → BOM → COK,17:00,01:35 07 Mar,8h 35m,1 stop,No info,24318
IndiGo,18/05/2019,Delhi,Cochin,DEL → BOM → COK,04:55,21:00,16h 5m,1 stop,No info,6758
IndiGo,3/06/2019,Kolkata,Banglore,CCU → BLR,14:25,16:55,2h 30m,non-stop,No info,5644
Air India,12/06/2019,Delhi,Cochin,DEL → HYD → MAA → COK,13:05,09:25 13 Jun,20h 20m,2 stops,No info,10975
Jet Airways,24/03/2019,Kolkata,Banglore,CCU → BOM → BLR,06:30,22:35,16h 5m,1 stop,In-flight meal not included,8824
Multiple carriers,15/05/2019,Delhi,Cochin,DEL → HYD → COK,13:05,22:30,9h 25m,1 stop,No info,9646
Air Asia,18/04/2019,Banglore,Delhi,BLR → DEL,23:55,02:45 19 Apr,2h 50m,non-stop,No info,4483
Jet Airways,12/05/2019,Kolkata,Banglore,CCU → DEL → BLR,20:25,19:10 13 May,22h 45m,1 stop,No info,13067
Vistara,21/05/2019,Kolkata,Banglore,CCU → DEL → BLR,20:20,20:20 22 May,24h,1 stop,No info,9345
Jet Airways,18/05/2019,Delhi,Cochin,DEL → JAI → BOM → COK,05:30,19:00,13h 30m,2 stops,In-flight meal not included,13029
IndiGo,12/06/2019,Banglore,Delhi,BLR → DEL,04:00,06:50,2h 50m,non-stop,No info,3943
Jet Airways,12/06/2019,Delhi,Cochin,DEL → BOM → COK,20:55,04:25 13 Jun,7h 30m,1 stop,No info,14714
IndiGo,21/05/2019,Mumbai,Hyderabad,BOM → HYD,02:35,04:05,1h 30m,non-stop,No info,2754
Vistara,21/06/2019,Chennai,Kolkata,MAA → CCU,17:45,20:05,2h 20m,non-stop,No info,11982
Air India,27/05/2019,Kolkata,Banglore,CCU → BLR,20:45,23:20,2h 35m,non-stop,No info,4145
Air India,12/06/2019,Kolkata,Banglore,CCU → BBI → HYD → BLR,09:10,11:05 13 Jun,25h 55m,2 stops,No info,6117
Air India,15/03/2019,Banglore,New Delhi,BLR → MAA → DEL,11:50,11:35 16 Mar,23h 45m,1 stop,No info,6982
Multiple carriers,9/03/2019,Delhi,Cochin,DEL → BOM → COK,06:40,19:15,12h 35m,1 stop,No info,13082
Air India,27/03/2019,Delhi,Cochin,DEL → AMD → BOM → COK,16:40,19:15 28 Mar,26h 35m,2 stops,No info,8656
IndiGo,18/03/2019,Mumbai,Hyderabad,BOM → HYD,20:05,21:35,1h 30m,non-stop,No info,2227
Vistara,27/06/2019,Delhi,Cochin,DEL → COK,14:40,17:50,3h 10m,non-stop,No info,6216
Jet Airways,9/05/2019,Kolkata,Banglore,CCU → BOM → BLR,14:05,08:15 10 May,18h 10m,1 stop,In-flight meal not included,7757
Jet Airways,15/05/2019,Kolkata,Banglore,CCU → BOM → BLR,14:05,22:35,8h 30m,1 stop,No info,14781
Multiple carriers,24/06/2019,Delhi,Cochin,DEL → BOM → COK,08:00,21:00,13h,1 stop,No info,13797
Jet Airways,6/06/2019,Delhi,Cochin,DEL → JAI → BOM → COK,05:30,19:00,13h 30m,2 stops,In-flight meal not included,10368
IndiGo,3/06/2019,Delhi,Cochin,DEL → BOM → COK,16:00,01:30 04 Jun,9h 30m,1 stop,No info,6628
Jet Airways,9/05/2019,Delhi,Cochin,DEL → BOM → COK,18:15,19:00 10 May,24h 45m,1 stop,In-flight meal not included,12373
Jet Airways,12/05/2019,Kolkata,Banglore,CCU → BOM → BLR,06:30,04:40 13 May,22h 10m,1 stop,In-flight meal not included,8586
IndiGo,27/05/2019,Mumbai,Hyderabad,BOM → HYD,02:35,04:05,1h 30m,non-stop,No info,2754
Air India,15/05/2019,Kolkata,Banglore,CCU → GAU → DEL → BLR,16:45,08:55 16 May,16h 10m,2 stops,No info,14960
Vistara,6/06/2019,Kolkata,Banglore,CCU → DEL → BLR,20:20,22:40 07 Jun,26h 20m,1 stop,No info,8662
IndiGo,15/05/2019,Delhi,Cochin,DEL → BLR → COK,02:00,07:45,5h 45m,1 stop,No info,6037
Jet Airways,21/03/2019,Banglore,New Delhi,BLR → BOM → DEL,21:25,11:25 19 Mar,14h,1 stop,In-flight meal not included,7832
Multiple carriers,6/06/2019,Delhi,Cochin,DEL → BOM → COK,10:35,19:00,8h 25m,1 stop,No info,10877
Multiple carriers,3/03/2019,Delhi,Cochin,DEL → BOM → COK,07:05,15:30,8h 25m,1 stop,No info,17057
Multiple carriers,27/03/2019,Delhi,Cochin,DEL → BOM → COK,09:00,21:00,12h,1 stop,No info,6883
IndiGo,3/06/2019,Delhi,Cochin,DEL → BOM → COK,10:35,01:30 04 Jun,14h 55m,1 stop,No info,5883
IndiGo,18/05/2019,Delhi,Cochin,DEL → BOM → COK,10:35,01:30 19 May,14h 55m,1 stop,No info,7503
Jet Airways,9/05/2019,Banglore,Delhi,BLR → DEL,06:00,08:45,2h 45m,non-stop,In-flight meal not included,4030
Multiple carriers,6/06/2019,Delhi,Cochin,DEL → BOM → COK,13:00,21:00,8h,1 stop,No info,7408
Air India,01/03/2019,Banglore,New Delhi,BLR → BOM → DEL,06:45,12:15,5h 30m,1 stop,No info,23677
Air India,1/05/2019,Kolkata,Banglore,CCU → GAU → DEL → BLR,09:50,08:55 02 May,23h 5m,2 stops,No info,13227
Jet Airways,6/05/2019,Mumbai,Hyderabad,BOM → HYD,19:35,21:05,1h 30m,non-stop,No info,5678
Multiple carriers,15/05/2019,Delhi,Cochin,DEL → HYD → COK,07:10,16:10,9h,1 stop,No info,6513
IndiGo,27/06/2019,Kolkata,Banglore,CCU → BLR,17:15,19:50,2h 35m,non-stop,No info,4804
Air India,21/03/2019,Delhi,Cochin,DEL → BOM → COK,09:00,19:15,10h 15m,1 stop,No info,6902
Jet Airways,1/05/2019,Kolkata,Banglore,CCU → DEL → BLR,20:25,22:05 02 May,25h 40m,1 stop,No info,14151
IndiGo,21/05/2019,Mumbai,Hyderabad,BOM → HYD,19:05,20:35,1h 30m,non-stop,No info,2754
Jet Airways,06/03/2019,Banglore,New Delhi,BLR → BOM → DEL,08:00,05:05 07 Mar,21h 5m,1 stop,No info,14815
Multiple carriers,9/06/2019,Delhi,Cochin,DEL → BOM → COK,10:20,19:00,8h 40m,1 stop,No info,11789
Jet Airways,24/04/2019,Banglore,Delhi,BLR → DEL,08:20,11:20,3h,non-stop,In-flight meal not included,4544
Jet Airways,6/03/2019,Delhi,Cochin,DEL → AMD → BOM → COK,19:10,18:50 08 Mar,47h 40m,2 stops,No info,20694
Air India,1/05/2019,Mumbai,Hyderabad,BOM → HYD,06:20,07:40,1h 20m,non-stop,No info,3625
Jet Airways,24/03/2019,Mumbai,Hyderabad,BOM → HYD,07:10,08:35,1h 25m,non-stop,In-flight meal not included,2470
Jet Airways,18/06/2019,Banglore,Delhi,BLR → DEL,15:50,18:45,2h 55m,non-stop,No info,8016
Jet Airways,21/05/2019,Kolkata,Banglore,CCU → DEL → BLR,17:00,14:25 22 May,21h 25m,1 stop,In-flight meal not included,9314
Multiple carriers,21/03/2019,Delhi,Cochin,DEL → BOM → COK,07:00,21:00,14h,1 stop,No info,7618
IndiGo,12/06/2019,Delhi,Cochin,DEL → BOM → COK,17:10,01:30 13 Jun,8h 20m,1 stop,No info,5883
GoAir,9/03/2019,Delhi,Cochin,DEL → AMD → COK,06:00,13:20,7h 20m,1 stop,No info,8422
Jet Airways,21/04/2019,Banglore,Delhi,BLR → DEL,06:00,08:45,2h 45m,non-stop,No info,7229
Vistara,12/05/2019,Banglore,Delhi,BLR → DEL,21:00,23:50,2h 50m,non-stop,No info,4668
IndiGo,21/06/2019,Mumbai,Hyderabad,BOM → HYD,09:10,10:40,1h 30m,non-stop,No info,5755
IndiGo,9/06/2019,Delhi,Cochin,DEL → MAA → COK,02:00,07:25,5h 25m,1 stop,No info,5636
Jet Airways,15/05/2019,Kolkata,Banglore,CCU → BOM → BLR,06:30,12:00,5h 30m,1 stop,No info,14388
Air India,21/05/2019,Kolkata,Banglore,CCU → JAI → BOM → BLR,08:20,11:10 22 May,26h 50m,2 stops,No info,11222
Jet Airways,18/06/2019,Banglore,Delhi,BLR → DEL,11:10,14:05,2h 55m,non-stop,In-flight meal not included,5769
Air India,15/06/2019,Delhi,Cochin,DEL → BOM → COK,08:00,19:15,11h 15m,1 stop,No info,9929
Air India,27/04/2019,Kolkata,Banglore,CCU → BLR,20:45,23:20,2h 35m,non-stop,No info,4145
Jet Airways,9/05/2019,Kolkata,Banglore,CCU → DEL → BLR,17:00,21:05 10 May,28h 5m,1 stop,No info,13067
Jet Airways,9/06/2019,Delhi,Cochin,DEL → BOM → COK,07:05,19:00,11h 55m,1 stop,No info,14714
SpiceJet,24/04/2019,Banglore,Delhi,BLR → DEL,09:30,12:20,2h 50m,non-stop,No info,3971
IndiGo,15/03/2019,Banglore,New Delhi,BLR → AMD → DEL,14:25,19:25,5h,1 stop,No info,9165
IndiGo,15/05/2019,Delhi,Cochin,DEL → LKO → COK,21:50,03:35 16 May,5h 45m,1 stop,No info,7189
Jet Airways,3/03/2019,Delhi,Cochin,DEL → BOM → COK,17:30,04:25 04 Mar,10h 55m,1 stop,No info,17024
Jet Airways,24/05/2019,Kolkata,Banglore,CCU → BOM → BLR,20:00,08:15 25 May,12h 15m,1 stop,No info,13731
IndiGo,27/03/2019,Mumbai,Hyderabad,BOM → HYD,21:20,22:45,1h 25m,non-stop,No info,2227
Multiple carriers,15/06/2019,Delhi,Cochin,DEL → BOM → COK,11:30,19:15,7h 45m,1 stop,No info,16108
Jet Airways,9/05/2019,Kolkata,Banglore,CCU → GAU → BLR,10:20,17:35,7h 15m,1 stop,No info,8355
Vistara,24/05/2019,Kolkata,Banglore,CCU → DEL → BLR,07:10,20:20,13h 10m,1 stop,No info,9555
SpiceJet,18/03/2019,Chennai,Kolkata,MAA → CCU,08:20,10:35,2h 15m,non-stop,No check-in baggage included,3807
SpiceJet,21/03/2019,Banglore,New Delhi,BLR → DEL,09:35,12:30,2h 55m,non-stop,No info,4945
Air Asia,9/03/2019,Delhi,Cochin,DEL → BLR → COK,16:45,07:10 10 Mar,14h 25m,1 stop,No info,8327
SpiceJet,12/06/2019,Kolkata,Banglore,CCU → BLR,22:20,00:40 13 Jun,2h 20m,non-stop,No info,3873
Air India,21/05/2019,Kolkata,Banglore,CCU → BLR,20:45,23:20,2h 35m,non-stop,No info,4145
IndiGo,15/06/2019,Mumbai,Hyderabad,BOM → HYD,19:05,20:35,1h 30m,non-stop,No info,2754
Jet Airways,24/06/2019,Delhi,Cochin,DEL → IDR → BOM → COK,21:25,12:35 25 Jun,15h 10m,2 stops,No info,12609
Vistara,24/03/2019,Kolkata,Banglore,CCU → DEL → BLR,17:00,18:45 25 Mar,25h 45m,1 stop,No info,13100
Jet Airways,3/04/2019,Banglore,Delhi,BLR → DEL,18:55,22:00,3h 5m,non-stop,In-flight meal not included,4544
Vistara,1/06/2019,Chennai,Kolkata,MAA → CCU,17:45,20:05,2h 20m,non-stop,No info,11982
Air India,1/06/2019,Delhi,Cochin,DEL → COK,14:10,17:10,3h,non-stop,No info,6934
SpiceJet,1/04/2019,Delhi,Cochin,DEL → BLR → COK,17:55,22:50,4h 55m,1 stop,No info,4957
Jet Airways,12/06/2019,Banglore,Delhi,BLR → DEL,07:10,10:10,3h,non-stop,In-flight meal not included,5769
Air India,9/06/2019,Mumbai,Hyderabad,BOM → HYD,15:00,16:25,1h 25m,non-stop,No info,3100
SpiceJet,3/06/2019,Kolkata,Banglore,CCU → BLR,22:20,00:40 04 Jun,2h 20m,non-stop,No info,3873
IndiGo,21/05/2019,Kolkata,Banglore,CCU → HYD → BLR,19:20,23:45,4h 25m,1 stop,No info,3574
Jet Airways,09/03/2019,Banglore,New Delhi,BLR → BOM → DEL,08:00,21:20,13h 20m,1 stop,In-flight meal not included,11087
Multiple carriers,27/05/2019,Delhi,Cochin,DEL → BOM → COK,18:15,01:30 28 May,7h 15m,1 stop,In-flight meal not included,7308
Air India,1/06/2019,Delhi,Cochin,DEL → CCU → BOM → COK,16:55,19:15 02 Jun,26h 20m,2 stops,No info,13801
IndiGo,1/03/2019,Kolkata,Banglore,CCU → BLR,21:25,00:05 02 Mar,2h 40m,non-stop,No info,4778
Air India,15/03/2019,Banglore,New Delhi,BLR → DEL,13:20,16:10,2h 50m,non-stop,No info,7276
Multiple carriers,9/05/2019,Delhi,Cochin,DEL → HYD → COK,07:05,16:10,9h 5m,1 stop,No info,8018
Jet Airways,9/05/2019,Mumbai,Hyderabad,BOM → HYD,02:55,04:20,1h 25m,non-stop,No info,5678
Jet Airways,24/03/2019,Kolkata,Banglore,CCU → BOM → BLR,13:55,20:40,6h 45m,1 stop,In-flight meal not included,11134
Jet Airways,6/06/2019,Kolkata,Banglore,CCU → BOM → BLR,06:30,16:20,9h 50m,1 stop,No info,14571
Jet Airways,21/05/2019,Delhi,Cochin,DEL → BOM → COK,08:00,04:25 22 May,20h 25m,1 stop,In-flight meal not included,12898
SpiceJet,9/05/2019,Kolkata,Banglore,CCU → BLR,06:55,09:30,2h 35m,non-stop,No check-in baggage included,3841
IndiGo,3/06/2019,Delhi,Cochin,DEL → BOM → COK,15:00,01:30 04 Jun,10h 30m,1 stop,No info,6104
Jet Airways,21/05/2019,Kolkata,Banglore,CCU → BOM → BLR,14:05,04:40 22 May,14h 35m,1 stop,In-flight meal not included,9663
Jet Airways,12/05/2019,Kolkata,Banglore,CCU → DEL → BLR,20:25,21:05 13 May,24h 40m,1 stop,No info,12121
Jet Airways,1/04/2019,Kolkata,Banglore,CCU → BOM → BLR,14:05,20:45,6h 40m,1 stop,No info,13364
IndiGo,9/04/2019,Kolkata,Banglore,CCU → MAA → BLR,11:30,16:05,4h 35m,1 stop,No info,4966
IndiGo,9/04/2019,Banglore,Delhi,BLR → DEL,01:30,04:15,2h 45m,non-stop,No info,3419
Jet Airways,6/06/2019,Delhi,Cochin,DEL → BOM → COK,11:30,04:25 07 Jun,16h 55m,1 stop,In-flight meal not included,10262
Jet Airways,9/05/2019,Kolkata,Banglore,CCU → BOM → BLR,06:30,16:20,9h 50m,1 stop,In-flight meal not included,8586
Jet Airways,24/06/2019,Delhi,Cochin,DEL → LKO → BOM → COK,09:25,12:35 25 Jun,27h 10m,2 stops,No info,13882
Air India,24/03/2019,Mumbai,Hyderabad,BOM → HYD,06:20,07:40,1h 20m,non-stop,No info,2575
Jet Airways,09/03/2019,Banglore,New Delhi,BLR → BOM → DEL,05:45,10:25,4h 40m,1 stop,In-flight meal not included,11087
Jet Airways,15/05/2019,Kolkata,Banglore,CCU → DEL → BLR,09:35,14:25 16 May,28h 50m,1 stop,No info,11467
Jet Airways,21/06/2019,Banglore,Delhi,BLR → DEL,18:55,22:00,3h 5m,non-stop,In-flight meal not included,7754
Air India,12/05/2019,Kolkata,Banglore,CCU → BBI → BOM → BLR,12:00,11:10 13 May,23h 10m,2 stops,No info,10676
Jet Airways,3/06/2019,Delhi,Cochin,DEL → BOM → COK,22:50,04:25 04 Jun,5h 35m,1 stop,No info,14714
Air India,27/05/2019,Mumbai,Hyderabad,BOM → HYD,19:30,20:45,1h 15m,non-stop,No info,3100
SpiceJet,12/04/2019,Kolkata,Banglore,CCU → BLR,09:00,11:25,2h 25m,non-stop,No check-in baggage included,3841
Jet Airways,18/03/2019,Banglore,New Delhi,BLR → BOM → DEL,21:25,10:25 16 Mar,13h,1 stop,No info,13555
Jet Airways,24/05/2019,Kolkata,Banglore,CCU → BOM → BLR,20:00,18:15 25 May,22h 15m,1 stop,In-flight meal not included,10844
Jet Airways,6/03/2019,Mumbai,Hyderabad,BOM → BDQ → DEL → HYD,19:50,16:50 07 Mar,21h,2 stops,No info,24210
SpiceJet,18/03/2019,Mumbai,Hyderabad,BOM → HYD,13:10,14:30,1h 20m,non-stop,No info,2437
Jet Airways,27/06/2019,Mumbai,Hyderabad,BOM → HYD,19:35,21:05,1h 30m,non-stop,No info,5678
Air Asia,12/06/2019,Banglore,Delhi,BLR → DEL,23:55,02:45 13 Jun,2h 50m,non-stop,No info,3383
Air Asia,9/05/2019,Delhi,Cochin,DEL → BLR → COK,16:45,07:10 10 May,14h 25m,1 stop,No info,7353
Jet Airways,9/05/2019,Delhi,Cochin,DEL → BHO → BOM → COK,05:30,12:35,7h 5m,2 stops,In-flight meal not included,15544
IndiGo,27/05/2019,Delhi,Cochin,DEL → BOM → COK,18:35,01:30 28 May,6h 55m,1 stop,No info,6628
SpiceJet,18/05/2019,Banglore,Delhi,BLR → DEL,21:10,00:05 19 May,2h 55m,non-stop,No check-in baggage included,3919
Jet Airways,27/05/2019,Delhi,Cochin,DEL → BOM → COK,09:00,19:00,10h,1 stop,No info,16079
SpiceJet,18/05/2019,Kolkata,Banglore,CCU → BLR,14:55,17:25,2h 30m,non-stop,No info,4174
IndiGo,1/06/2019,Delhi,Cochin,DEL → COK,14:25,17:40,3h 15m,non-stop,No info,6015
Multiple carriers,1/03/2019,Delhi,Cochin,DEL → HYD → COK,14:35,22:20,7h 45m,1 stop,No info,14762
Multiple carriers,15/06/2019,Delhi,Cochin,DEL → BOM → COK,10:35,19:00,8h 25m,1 stop,No info,10877
Jet Airways,1/05/2019,Banglore,Delhi,BLR → DEL,07:10,10:10,3h,non-stop,In-flight meal not included,4030
Vistara,15/04/2019,Banglore,Delhi,BLR → DEL,19:30,22:15,2h 45m,non-stop,No info,5613
Air India,24/05/2019,Kolkata,Banglore,CCU → BBI → BOM → BLR,12:00,07:55 25 May,19h 55m,2 stops,No info,9416
Air India,1/05/2019,Kolkata,Banglore,CCU → IXR → DEL → BLR,05:50,12:30 02 May,30h 40m,2 stops,No info,12723
Jet Airways,06/03/2019,Banglore,New Delhi,BLR → BOM → DEL,14:05,09:30 07 Mar,19h 25m,1 stop,No info,17261
SpiceJet,15/05/2019,Kolkata,Banglore,CCU → IXB → BLR,11:15,18:30,7h 15m,1 stop,No info,8844
Air India,15/05/2019,Delhi,Cochin,DEL → AMD → BOM → COK,05:00,07:40 16 May,26h 40m,2 stops,No info,11281
Vistara,21/03/2019,Banglore,New Delhi,BLR → DEL,21:10,00:05 19 Mar,2h 55m,non-stop,No info,4878
Air India,6/06/2019,Mumbai,Hyderabad,BOM → HYD,21:05,22:25,1h 20m,non-stop,No info,3100
Air India,9/06/2019,Mumbai,Hyderabad,BOM → HYD,06:20,07:40,1h 20m,non-stop,No info,3100
Multiple carriers,27/05/2019,Delhi,Cochin,DEL → BOM → COK,07:30,21:00,13h 30m,1 stop,No info,8475
Jet Airways,27/05/2019,Delhi,Cochin,DEL → BOM → COK,07:05,19:00,11h 55m,1 stop,In-flight meal not included,12898
Jet Airways,12/06/2019,Delhi,Cochin,DEL → IDR → BOM → COK,05:30,19:00,13h 30m,2 stops,In-flight meal not included,11507
Jet Airways,15/03/2019,Mumbai,Hyderabad,BOM → HYD,10:20,11:50,1h 30m,non-stop,In-flight meal not included,4160
Air Asia,21/03/2019,Delhi,Cochin,DEL → BLR → COK,16:45,22:15,5h 30m,1 stop,No info,6151
Jet Airways,3/06/2019,Delhi,Cochin,DEL → JAI → BOM → COK,09:40,12:35 04 Jun,26h 55m,2 stops,No info,13014
IndiGo,18/04/2019,Kolkata,Banglore,CCU → BLR,15:30,18:05,2h 35m,non-stop,No info,4174
Air Asia,9/05/2019,Kolkata,Banglore,CCU → IXR → DEL → BLR,15:10,23:30,8h 20m,2 stops,No info,5192
IndiGo,6/04/2019,Delhi,Cochin,DEL → BOM → COK,20:25,01:30 07 Apr,5h 5m,1 stop,No info,5073
Vistara,12/05/2019,Kolkata,Banglore,CCU → DEL → BLR,20:20,23:25 13 May,27h 5m,1 stop,No info,8085
Jet Airways,15/04/2019,Delhi,Cochin,DEL → COK,11:00,14:15,3h 15m,non-stop,In-flight meal not included,5443
IndiGo,09/03/2019,Banglore,New Delhi,BLR → DEL,10:05,13:00,2h 55m,non-stop,No info,6860
Air India,18/05/2019,Chennai,Kolkata,MAA → CCU,11:40,13:55,2h 15m,non-stop,No info,4667
IndiGo,24/06/2019,Mumbai,Hyderabad,BOM → HYD,21:20,22:50,1h 30m,non-stop,No info,2227
IndiGo,27/03/2019,Mumbai,Hyderabad,BOM → HYD,12:00,13:25,1h 25m,non-stop,No info,2754
Jet Airways,3/03/2019,Delhi,Cochin,DEL → IDR → BOM → COK,05:25,18:50,13h 25m,2 stops,No info,18799
Air India,24/05/2019,Kolkata,Banglore,CCU → IXR → DEL → BLR,05:50,12:30 25 May,30h 40m,2 stops,No info,12723
Jet Airways,21/05/2019,Banglore,Delhi,BLR → DEL,15:50,18:45,2h 55m,non-stop,No info,7229
Multiple carriers,21/03/2019,Delhi,Cochin,DEL → BOM → COK,15:00,01:35 22 Mar,10h 35m,1 stop,No info,13542
Jet Airways,21/05/2019,Kolkata,Banglore,CCU → BOM → BLR,20:00,08:15 22 May,12h 15m,1 stop,In-flight meal not included,10844
Air Asia,6/04/2019,Banglore,Delhi,BLR → DEL,11:10,13:55,2h 45m,non-stop,No info,3383
Jet Airways,21/05/2019,Kolkata,Banglore,CCU → BOM → BLR,06:30,19:50,13h 20m,1 stop,No info,14781
Air India,6/06/2019,Kolkata,Banglore,CCU → MAA → BLR,14:35,14:35 07 Jun,24h,1 stop,No info,6528
SpiceJet,24/04/2019,Kolkata,Banglore,CCU → MAA → BLR,15:05,20:20,5h 15m,1 stop,No info,4859
Multiple carriers,9/05/2019,Delhi,Cochin,DEL → BOM → COK,17:00,01:30 10 May,8h 30m,1 stop,No info,9424
Jet Airways,21/03/2019,Banglore,New Delhi,BLR → BOM → DEL,05:45,00:45 19 Mar,19h,1 stop,In-flight meal not included,7832
Jet Airways,24/05/2019,Kolkata,Banglore,CCU → BOM → BLR,14:05,22:35,8h 30m,1 stop,In-flight meal not included,10844
Air India,9/05/2019,Delhi,Cochin,DEL → HYD → MAA → COK,09:45,09:25 10 May,23h 40m,2 stops,No info,9925
Jet Airways Business,01/03/2019,Banglore,New Delhi,BLR → MAA → DEL,09:45,14:25,4h 40m,1 stop,Business class,57209
Jet Airways,24/05/2019,Kolkata,Banglore,CCU → BOM → BLR,21:10,08:15 25 May,11h 5m,1 stop,No info,14178
Air India,3/05/2019,Banglore,Delhi,BLR → DEL,13:20,16:10,2h 50m,non-stop,No info,6121
IndiGo,12/06/2019,Banglore,Delhi,BLR → DEL,16:55,19:55,3h,non-stop,No info,4823
IndiGo,18/06/2019,Kolkata,Banglore,CCU → BLR,17:15,19:50,2h 35m,non-stop,No info,4804
Jet Airways,1/05/2019,Kolkata,Banglore,CCU → BOM → BLR,08:25,18:15,9h 50m,1 stop,In-flight meal not included,10844
Air India,9/06/2019,Kolkata,Banglore,CCU → BOM → GOI → BLR,09:25,05:35 10 Jun,20h 10m,2 stops,No info,11432
IndiGo,3/03/2019,Delhi,Cochin,DEL → HYD → COK,04:55,16:10,11h 15m,1 stop,No info,8513
Jet Airways,18/05/2019,Delhi,Cochin,DEL → BOM → COK,15:00,04:25 19 May,13h 25m,1 stop,In-flight meal not included,12373
Air India,9/05/2019,Delhi,Cochin,DEL → BOM → COK,07:00,19:15,12h 15m,1 stop,No info,8669
Multiple carriers,15/06/2019,Delhi,Cochin,DEL → BOM → COK,08:45,19:00,10h 15m,1 stop,No info,11789
Jet Airways,24/06/2019,Delhi,Cochin,DEL → BOM → COK,18:15,19:00 25 Jun,24h 45m,1 stop,In-flight meal not included,10262
IndiGo,27/05/2019,Mumbai,Hyderabad,BOM → HYD,20:05,21:40,1h 35m,non-stop,No info,2227
Jet Airways,21/05/2019,Kolkata,Banglore,CCU → BOM → BLR,18:55,12:00 22 May,17h 5m,1 stop,In-flight meal not included,10844
Jet Airways,3/06/2019,Banglore,Delhi,BLR → DEL,18:55,22:00,3h 5m,non-stop,No info,8016
Jet Airways,24/03/2019,Kolkata,Banglore,CCU → BOM → BLR,16:55,19:40 25 Mar,26h 45m,1 stop,In-flight meal not included,11134
Air India,9/05/2019,Delhi,Cochin,DEL → AMD → BOM → COK,05:00,19:15 10 May,38h 15m,2 stops,No info,9653
Jet Airways,9/05/2019,Kolkata,Banglore,CCU → BOM → BLR,16:30,10:05 10 May,17h 35m,1 stop,No info,13941
Vistara,6/04/2019,Banglore,Delhi,BLR → DEL,17:00,19:35,2h 35m,non-stop,No info,5613
SpiceJet,21/06/2019,Banglore,Delhi,BLR → DEL,09:30,12:20,2h 50m,non-stop,No info,3625
Jet Airways,15/05/2019,Kolkata,Banglore,CCU → BOM → BLR,08:25,18:15,9h 50m,1 stop,No info,14781
IndiGo,12/06/2019,Chennai,Kolkata,MAA → CCU,07:55,10:15,2h 20m,non-stop,No info,3850
GoAir,24/04/2019,Banglore,Delhi,BLR → DEL,07:45,10:40,2h 55m,non-stop,No info,4632
Vistara,21/03/2019,Banglore,New Delhi,BLR → DEL,11:30,14:10,2h 40m,non-stop,No info,5403
Jet Airways,9/05/2019,Delhi,Cochin,DEL → BOM → COK,15:00,19:00 10 May,28h,1 stop,In-flight meal not included,12373
Jet Airways,6/05/2019,Kolkata,Banglore,CCU → BOM → BLR,18:55,16:20 07 May,21h 25m,1 stop,In-flight meal not included,7757
Jet Airways,9/05/2019,Banglore,Delhi,BLR → DEL,18:55,22:00,3h 5m,non-stop,No info,7229
Air Asia,21/03/2019,Delhi,Cochin,DEL → BLR → COK,16:45,07:10 22 Mar,14h 25m,1 stop,No info,6151
IndiGo,03/03/2019,Banglore,New Delhi,BLR → DEL,01:30,04:15,2h 45m,non-stop,No info,6144
Jet Airways,18/05/2019,Kolkata,Banglore,CCU → BOM → BLR,14:05,22:35,8h 30m,1 stop,In-flight meal not included,10844
Jet Airways,15/06/2019,Delhi,Cochin,DEL → BOM → COK,19:45,19:00 16 Jun,23h 15m,1 stop,In-flight meal not included,10262
Multiple carriers,9/05/2019,Delhi,Cochin,DEL → IDR → BOM → COK,15:05,01:30 10 May,10h 25m,2 stops,No info,18191
IndiGo,3/03/2019,Delhi,Cochin,DEL → HYD → MAA → COK,11:55,21:20,9h 25m,2 stops,No info,9413
Air India,27/06/2019,Banglore,Delhi,BLR → DEL,10:00,12:45,2h 45m,non-stop,No info,6961
Air India,12/05/2019,Mumbai,Hyderabad,BOM → HYD,19:30,20:45,1h 15m,non-stop,No info,3625
IndiGo,15/05/2019,Delhi,Cochin,DEL → COK,14:25,17:40,3h 15m,non-stop,No info,6541
Jet Airways,12/06/2019,Kolkata,Banglore,CCU → BOM → BLR,06:30,18:15,11h 45m,1 stop,In-flight meal not included,9899
Jet Airways,24/03/2019,Kolkata,Banglore,CCU → BOM → BLR,19:45,23:25 25 Mar,27h 40m,1 stop,In-flight meal not included,10031
SpiceJet,15/05/2019,Banglore,Delhi,BLR → DEL,21:10,00:05 16 May,2h 55m,non-stop,No info,3625
Jet Airways,15/06/2019,Delhi,Cochin,DEL → NAG → BOM → COK,14:35,04:25 16 Jun,13h 50m,2 stops,No info,13376
Vistara,6/06/2019,Banglore,Delhi,BLR → DEL,19:30,22:15,2h 45m,non-stop,No info,5088
IndiGo,27/06/2019,Kolkata,Banglore,CCU → BLR,20:25,23:10,2h 45m,non-stop,No info,4804
Jet Airways,27/06/2019,Delhi,Cochin,DEL → BOM → COK,20:55,19:00 28 Jun,22h 5m,1 stop,In-flight meal not included,10262
IndiGo,24/06/2019,Kolkata,Banglore,CCU → BLR,22:15,00:50 25 Jun,2h 35m,non-stop,No info,4804
SpiceJet,18/04/2019,Kolkata,Banglore,CCU → BLR,09:00,11:25,2h 25m,non-stop,No check-in baggage included,3841
Jet Airways,9/05/2019,Kolkata,Banglore,CCU → BOM → BLR,18:55,10:05 10 May,15h 10m,1 stop,In-flight meal not included,8586
IndiGo,21/05/2019,Delhi,Cochin,DEL → BOM → COK,07:30,21:00,13h 30m,1 stop,No info,7006
Multiple carriers,15/06/2019,Delhi,Cochin,DEL → BOM → COK,10:35,19:15,8h 40m,1 stop,No info,8614
Jet Airways,1/04/2019,Kolkata,Banglore,CCU → BOM → BLR,20:00,16:20 02 Apr,20h 20m,1 stop,In-flight meal not included,7064
Jet Airways,1/04/2019,Banglore,Delhi,BLR → DEL,15:15,18:10,2h 55m,non-stop,No info,7229
Jet Airways,24/04/2019,Banglore,Delhi,BLR → DEL,18:55,22:00,3h 5m,non-stop,No info,7229
Jet Airways,9/03/2019,Delhi,Cochin,DEL → BOM → COK,18:15,18:50 10 Mar,24h 35m,1 stop,In-flight meal not included,14053
Air India,9/03/2019,Delhi,Cochin,DEL → TRV → COK,05:15,06:50 10 Mar,25h 35m,1 stop,No info,9790
SpiceJet,12/06/2019,Banglore,Delhi,BLR → DEL,05:55,08:35,2h 40m,non-stop,No check-in baggage included,4319
Vistara,01/03/2019,Banglore,New Delhi,BLR → DEL,11:30,14:10,2h 40m,non-stop,No info,12648
Air India,3/03/2019,Delhi,Cochin,DEL → AMD → BOM → COK,16:40,19:15 04 Mar,26h 35m,2 stops,No info,14011
IndiGo,1/05/2019,Banglore,Delhi,BLR → DEL,18:55,21:50,2h 55m,non-stop,No info,4823
Vistara,15/06/2019,Chennai,Kolkata,MAA → CCU,07:05,09:20,2h 15m,non-stop,No info,3687
IndiGo,12/03/2019,Chennai,Kolkata,MAA → CCU,13:20,15:35,2h 15m,non-stop,No info,6297
Jet Airways,24/03/2019,Banglore,New Delhi,BLR → DEL,19:55,22:35,2h 40m,non-stop,No info,7229
Multiple carriers,6/03/2019,Delhi,Cochin,DEL → BOM → COK,02:15,13:20,11h 5m,1 stop,No info,17057
Jet Airways,3/06/2019,Banglore,Delhi,BLR → DEL,19:50,22:50,3h,non-stop,In-flight meal not included,6478
Air India,1/05/2019,Banglore,Delhi,BLR → DEL,06:10,08:55,2h 45m,non-stop,No info,6121
GoAir,27/06/2019,Delhi,Cochin,DEL → BOM → COK,07:00,12:55,5h 55m,1 stop,No info,5281
IndiGo,3/04/2019,Delhi,Cochin,DEL → BOM → COK,20:25,01:30 04 Apr,5h 5m,1 stop,No info,5073
Multiple carriers,9/06/2019,Delhi,Cochin,DEL → BOM → COK,09:00,19:00,10h,1 stop,No info,12192
Air India,12/06/2019,Delhi,Cochin,DEL → BOM → COK,09:00,19:15,10h 15m,1 stop,No info,8372
Multiple carriers,9/05/2019,Delhi,Cochin,DEL → BOM → COK,10:00,19:15,9h 15m,1 stop,No info,14323
Jet Airways,9/06/2019,Delhi,Cochin,DEL → JAI → BOM → COK,05:30,04:25 10 Jun,22h 55m,2 stops,No info,13014
IndiGo,15/03/2019,Banglore,New Delhi,BLR → DEL,18:25,21:20,2h 55m,non-stop,No info,8855
Jet Airways,6/06/2019,Kolkata,Banglore,CCU → BOM → BLR,06:30,12:00,5h 30m,1 stop,In-flight meal not included,10844
IndiGo,24/06/2019,Delhi,Cochin,DEL → BOM → COK,11:25,01:30 25 Jun,14h 5m,1 stop,No info,5684
Jet Airways,27/05/2019,Delhi,Cochin,DEL → BOM → COK,20:55,04:25 28 May,7h 30m,1 stop,In-flight meal not included,12898
Jet Airways,15/03/2019,Banglore,New Delhi,BLR → BOM → DEL,08:00,15:15,7h 15m,1 stop,In-flight meal not included,9134
IndiGo,15/05/2019,Delhi,Cochin,DEL → BLR → COK,05:10,10:05,4h 55m,1 stop,No info,6496
Jet Airways,9/06/2019,Banglore,Delhi,BLR → DEL,18:55,22:00,3h 5m,non-stop,No info,8016
Jet Airways,9/05/2019,Delhi,Cochin,DEL → JAI → BOM → COK,19:30,12:35 10 May,17h 5m,2 stops,No info,15129
IndiGo,18/05/2019,Kolkata,Banglore,CCU → BLR,22:15,00:50 19 May,2h 35m,non-stop,No info,4804
IndiGo,18/04/2019,Banglore,Delhi,BLR → DEL,23:30,02:20 19 Apr,2h 50m,non-stop,No info,4591
Jet Airways,12/06/2019,Kolkata,Banglore,CCU → BOM → BLR,18:55,12:00 13 Jun,17h 5m,1 stop,No info,13044
Jet Airways,18/05/2019,Delhi,Cochin,DEL → BOM → COK,19:45,19:00 19 May,23h 15m,1 stop,In-flight meal not included,12373
Jet Airways,12/05/2019,Kolkata,Banglore,CCU → BOM → BLR,08:25,20:45,12h 20m,1 stop,In-flight meal not included,10844
IndiGo,6/06/2019,Delhi,Cochin,DEL → HYD → COK,05:05,12:10,7h 5m,1 stop,No info,6818
Vistara,3/05/2019,Banglore,Delhi,BLR → DEL,07:00,09:40,2h 40m,non-stop,No info,4668
IndiGo,18/05/2019,Kolkata,Banglore,CCU → HYD → BLR,19:20,23:45,4h 25m,1 stop,No info,3717
Air India,01/03/2019,Banglore,New Delhi,BLR → CCU → DEL,05:50,22:45,16h 55m,1 stop,No info,14069
Air India,24/06/2019,Chennai,Kolkata,MAA → CCU,11:40,13:55,2h 15m,non-stop,No info,4667
Jet Airways,6/05/2019,Kolkata,Banglore,CCU → BOM → BLR,18:55,08:15 07 May,13h 20m,1 stop,In-flight meal not included,7757
Jet Airways,18/05/2019,Delhi,Cochin,DEL → BOM → COK,07:05,12:35,5h 30m,1 stop,In-flight meal not included,12373
Jet Airways,3/06/2019,Delhi,Cochin,DEL → BOM → COK,07:05,19:00,11h 55m,1 stop,No info,14924
Vistara,24/05/2019,Chennai,Kolkata,MAA → CCU,07:05,09:20,2h 15m,non-stop,No info,3687
Multiple carriers,18/05/2019,Delhi,Cochin,DEL → BOM → COK,09:00,19:00,10h,1 stop,No info,10197
Jet Airways,12/06/2019,Delhi,Cochin,DEL → ATQ → BOM → COK,20:00,12:35 13 Jun,16h 35m,2 stops,No info,14300
Jet Airways,18/05/2019,Delhi,Cochin,DEL → JAI → BOM → COK,19:30,04:25 19 May,8h 55m,2 stops,In-flight meal not included,13029
IndiGo,12/05/2019,Chennai,Kolkata,MAA → CCU,05:15,07:40,2h 25m,non-stop,No info,3540
IndiGo,15/06/2019,Delhi,Cochin,DEL → MAA → COK,02:00,07:25,5h 25m,1 stop,No info,5636
IndiGo,12/05/2019,Chennai,Kolkata,MAA → CCU,14:45,17:05,2h 20m,non-stop,No info,3858
Jet Airways,6/06/2019,Kolkata,Banglore,CCU → DEL → BLR,09:35,09:45 07 Jun,24h 10m,1 stop,In-flight meal not included,10539
SpiceJet,27/06/2019,Chennai,Kolkata,MAA → CCU,09:45,12:00,2h 15m,non-stop,No check-in baggage included,3543
Jet Airways,12/06/2019,Kolkata,Banglore,CCU → BOM → BLR,16:30,04:40 13 Jun,12h 10m,1 stop,No info,12471
IndiGo,24/04/2019,Delhi,Cochin,DEL → COK,05:35,08:50,3h 15m,non-stop,No info,5013
IndiGo,1/06/2019,Banglore,Delhi,BLR → DEL,01:30,04:15,2h 45m,non-stop,No info,4077
Jet Airways,24/05/2019,Kolkata,Banglore,CCU → BOM → BLR,16:30,19:50 25 May,27h 20m,1 stop,In-flight meal not included,10844
IndiGo,24/06/2019,Delhi,Cochin,DEL → COK,05:35,08:50,3h 15m,non-stop,No info,5000
Jet Airways,6/06/2019,Kolkata,Banglore,CCU → BOM → BLR,20:00,18:15 07 Jun,22h 15m,1 stop,In-flight meal not included,10844
Air Asia,12/05/2019,Kolkata,Banglore,CCU → BLR,10:20,12:55,2h 35m,non-stop,No info,5216
Jet Airways,24/06/2019,Delhi,Cochin,DEL → BOM → COK,14:00,12:35 25 Jun,22h 35m,1 stop,In-flight meal not included,10262
IndiGo,3/06/2019,Chennai,Kolkata,MAA → CCU,19:35,21:55,2h 20m,non-stop,No info,3597
Jet Airways,6/06/2019,Kolkata,Banglore,CCU → BOM → BLR,20:00,04:40 07 Jun,8h 40m,1 stop,No info,13731
Multiple carriers,3/06/2019,Delhi,Cochin,DEL → BOM → COK,13:00,19:15,6h 15m,1 stop,No info,14848
Jet Airways,21/03/2019,Delhi,Cochin,DEL → BOM → COK,22:50,04:25 22 Mar,5h 35m,1 stop,No info,12242
Vistara,24/03/2019,Kolkata,Banglore,CCU → DEL → BLR,20:20,22:10 25 Mar,25h 50m,1 stop,No info,11105
IndiGo,12/04/2019,Banglore,Delhi,BLR → DEL,23:30,02:20 13 Apr,2h 50m,non-stop,No info,6906
Vistara,21/04/2019,Delhi,Cochin,DEL → COK,14:40,17:50,3h 10m,non-stop,No info,6741
Air India,24/06/2019,Delhi,Cochin,DEL → CCU → BOM → COK,16:55,19:15 25 Jun,26h 20m,2 stops,No info,13381
Jet Airways,1/04/2019,Kolkata,Banglore,CCU → BOM → BLR,18:55,19:50 02 Apr,24h 55m,1 stop,In-flight meal not included,7064
Multiple carriers,9/06/2019,Delhi,Cochin,DEL → BOM → COK,19:00,01:30 10 Jun,6h 30m,1 stop,No info,7408
GoAir,3/03/2019,Delhi,Cochin,DEL → BOM → COK,07:00,12:50,5h 50m,1 stop,No info,7378
Multiple carriers,9/05/2019,Delhi,Cochin,DEL → BOM → COK,10:00,19:00,9h,1 stop,No info,10197
IndiGo,6/03/2019,Chennai,Kolkata,MAA → CCU,05:15,07:35,2h 20m,non-stop,No info,6482
Air India,18/03/2019,Banglore,New Delhi,BLR → CCU → GAU → DEL,11:05,22:10,11h 5m,2 stops,No info,10846
Jet Airways,6/05/2019,Kolkata,Banglore,CCU → BOM → BLR,14:05,09:20 07 May,19h 15m,1 stop,In-flight meal not included,9663
Jet Airways,9/03/2019,Delhi,Cochin,DEL → COK,11:00,14:15,3h 15m,non-stop,In-flight meal not included,7202
IndiGo,18/06/2019,Banglore,Delhi,BLR → DEL,21:15,00:15 19 Jun,3h,non-stop,No info,3943
Vistara,09/03/2019,Banglore,New Delhi,BLR → DEL,09:50,12:35,2h 45m,non-stop,No info,7240
Jet Airways,24/05/2019,Delhi,Cochin,DEL → AMD → BOM → COK,23:05,19:00 25 May,19h 55m,2 stops,No info,15129
Jet Airways,24/05/2019,Banglore,Delhi,BLR → DEL,06:00,08:45,2h 45m,non-stop,In-flight meal not included,4030
Jet Airways,12/05/2019,Kolkata,Banglore,CCU → BOM → BLR,08:25,20:45,12h 20m,1 stop,No info,14781
IndiGo,24/03/2019,Banglore,New Delhi,BLR → DEL,00:40,03:25,2h 45m,non-stop,No info,4777
IndiGo,27/05/2019,Banglore,Delhi,BLR → DEL,01:30,04:15,2h 45m,non-stop,No info,3419
Multiple carriers,27/06/2019,Delhi,Cochin,DEL → BOM → COK,11:30,21:00,9h 30m,1 stop,No info,13587
Jet Airways,12/03/2019,Banglore,New Delhi,BLR → BOM → DEL,20:35,15:15 13 Mar,18h 40m,1 stop,In-flight meal not included,11087
IndiGo,12/05/2019,Banglore,Delhi,BLR → DEL,16:55,19:55,3h,non-stop,No info,4823
SpiceJet,6/03/2019,Mumbai,Hyderabad,BOM → HYD,05:45,07:05,1h 20m,non-stop,No info,4129
Jet Airways,9/06/2019,Delhi,Cochin,DEL → BOM → COK,22:50,04:25 10 Jun,5h 35m,1 stop,In-flight meal not included,10262
SpiceJet,15/06/2019,Kolkata,Banglore,CCU → BLR,14:55,17:25,2h 30m,non-stop,No check-in baggage included,3841
Multiple carriers,6/03/2019,Delhi,Cochin,DEL → BOM → COK,07:30,19:15,11h 45m,1 stop,No info,15353
Air Asia,6/05/2019,Kolkata,Banglore,CCU → DEL → BLR,07:35,23:30,15h 55m,1 stop,No info,5192
IndiGo,3/03/2019,Chennai,Kolkata,MAA → CCU,14:40,17:05,2h 25m,non-stop,No info,7295
Vistara,6/05/2019,Kolkata,Banglore,CCU → DEL → BLR,20:20,22:40 07 May,26h 20m,1 stop,No info,8452
Multiple carriers,6/06/2019,Delhi,Cochin,DEL → BOM → COK,10:35,19:15,8h 40m,1 stop,No info,7354
SpiceJet,24/05/2019,Kolkata,Banglore,CCU → PNQ → BLR,08:35,17:15,8h 40m,1 stop,No info,6643
IndiGo,18/04/2019,Kolkata,Banglore,CCU → BLR,20:20,22:55,2h 35m,non-stop,No info,4174
Air India,12/05/2019,Kolkata,Banglore,CCU → MAA → BLR,14:35,14:35 13 May,24h,1 stop,No info,6528
Vistara,12/06/2019,Banglore,Delhi,BLR → DEL,07:00,09:40,2h 40m,non-stop,No info,4668
SpiceJet,9/04/2019,Banglore,Delhi,BLR → DEL,05:55,08:35,2h 40m,non-stop,No info,3971
IndiGo,24/06/2019,Banglore,Delhi,BLR → DEL,04:00,06:50,2h 50m,non-stop,No info,3943
Jet Airways,21/05/2019,Kolkata,Banglore,CCU → BOM → BLR,20:00,23:35 22 May,27h 35m,1 stop,In-flight meal not included,10844
Multiple carriers,9/06/2019,Delhi,Cochin,DEL → BOM → COK,12:50,21:00,8h 10m,1 stop,No info,7005
Jet Airways,6/03/2019,Delhi,Cochin,DEL → BOM → COK,02:15,04:25 07 Mar,26h 10m,1 stop,No info,17024
Jet Airways,9/06/2019,Kolkata,Banglore,CCU → DEL → BLR,09:35,21:05,11h 30m,1 stop,No info,14676
IndiGo,03/03/2019,Banglore,New Delhi,BLR → HYD → DEL,12:10,17:05,4h 55m,1 stop,No info,8738
Jet Airways,27/06/2019,Banglore,Delhi,BLR → DEL,18:55,22:00,3h 5m,non-stop,No info,8016
Multiple carriers,27/03/2019,Delhi,Cochin,DEL → BOM → COK,07:05,15:30,8h 25m,1 stop,No info,12537
Air India,12/04/2019,Kolkata,Banglore,CCU → BLR,20:45,23:20,2h 35m,non-stop,No info,4460
IndiGo,1/05/2019,Delhi,Cochin,DEL → LKO → COK,21:50,03:35 02 May,5h 45m,1 stop,No info,6349
SpiceJet,6/06/2019,Delhi,Cochin,DEL → PNQ → COK,08:45,13:15,4h 30m,1 stop,No info,5264
Multiple carriers,21/03/2019,Delhi,Cochin,DEL → BOM → COK,11:40,01:35 22 Mar,13h 55m,1 stop,No info,7695
Jet Airways,06/03/2019,Banglore,New Delhi,BLR → BOM → DEL,14:05,05:05 07 Mar,15h,1 stop,In-flight meal not included,13502
Air India,3/03/2019,Delhi,Cochin,DEL → MAA → COK,06:05,09:25 04 Mar,27h 20m,1 stop,No info,14042
Jet Airways,6/06/2019,Kolkata,Banglore,CCU → BOM → BLR,18:55,12:00 07 Jun,17h 5m,1 stop,In-flight meal not included,10844
Jet Airways,24/06/2019,Delhi,Cochin,DEL → BOM → COK,09:00,12:35 25 Jun,27h 35m,1 stop,In-flight meal not included,10262
IndiGo,3/03/2019,Delhi,Cochin,DEL → BOM → COK,04:45,13:20,8h 35m,1 stop,No info,14871
SpiceJet,24/04/2019,Kolkata,Banglore,CCU → BLR,17:10,19:40,2h 30m,non-stop,No info,4174
Multiple carriers,27/06/2019,Delhi,Cochin,DEL → BOM → COK,19:00,01:30 28 Jun,6h 30m,1 stop,No info,7198
Jet Airways,27/05/2019,Delhi,Cochin,DEL → BOM → COK,11:30,19:00,7h 30m,1 stop,No info,16079
Air Asia,9/04/2019,Kolkata,Banglore,CCU → BBI → BLR,06:50,10:30,3h 40m,1 stop,No info,5162
Multiple carriers,6/03/2019,Delhi,Cochin,DEL → BOM → COK,13:00,01:35 07 Mar,12h 35m,1 stop,No info,15603
Air India,21/05/2019,Delhi,Cochin,DEL → BHO → BOM → COK,05:55,07:40 22 May,25h 45m,2 stops,No info,11911
Jet Airways,9/03/2019,Delhi,Cochin,DEL → BOM → COK,19:45,18:50 10 Mar,23h 5m,1 stop,No info,16289
Air India,1/04/2019,Kolkata,Banglore,CCU → DEL → AMD → BLR,10:00,05:25 02 Apr,19h 25m,2 stops,No info,12639
Vistara,1/06/2019,Banglore,Delhi,BLR → DEL,19:30,22:15,2h 45m,non-stop,No info,4878
Jet Airways,21/03/2019,Delhi,Cochin,DEL → UDR → BOM → COK,18:20,04:25 23 Mar,34h 5m,2 stops,No info,13082
IndiGo,3/04/2019,Banglore,Delhi,BLR → DEL,04:00,06:50,2h 50m,non-stop,No info,3943
Jet Airways,9/06/2019,Delhi,Cochin,DEL → IDR → BOM → COK,21:25,12:35 10 Jun,15h 10m,2 stops,No info,13292
Jet Airways,6/05/2019,Kolkata,Banglore,CCU → BOM → BLR,06:30,04:40 07 May,22h 10m,1 stop,No info,13941
Jet Airways,12/03/2019,Banglore,New Delhi,BLR → BOM → DEL,16:55,10:25 13 Mar,17h 30m,1 stop,No info,13817
Multiple carriers,27/03/2019,Delhi,Cochin,DEL → BOM → COK,11:40,18:50,7h 10m,1 stop,No info,11421
Air India,9/05/2019,Delhi,Cochin,DEL → JDH → BOM → COK,12:55,19:15 10 May,30h 20m,2 stops,No info,11596
Jet Airways,18/03/2019,Banglore,New Delhi,BLR → BOM → DEL,14:05,05:05 16 Mar,15h,1 stop,No info,13555
Jet Airways,12/06/2019,Kolkata,Banglore,CCU → BOM → BLR,14:05,08:15 13 Jun,18h 10m,1 stop,No info,13044
Air India,21/03/2019,Banglore,New Delhi,BLR → MAA → DEL,11:50,19:50,8h,1 stop,No info,5932
GoAir,6/06/2019,Kolkata,Banglore,CCU → BOM → BLR,23:30,07:45 07 Jun,8h 15m,1 stop,No info,6686
Vistara,21/05/2019,Kolkata,Banglore,CCU → DEL → BLR,17:00,18:50 22 May,25h 50m,1 stop,No info,9345
Jet Airways,6/05/2019,Kolkata,Banglore,CCU → BOM → BLR,20:00,12:00 07 May,16h,1 stop,In-flight meal not included,9663
SpiceJet,24/06/2019,Delhi,Cochin,DEL → PNQ → COK,08:45,13:15,4h 30m,1 stop,No info,4812
IndiGo,27/06/2019,Delhi,Cochin,DEL → LKO → COK,21:50,03:35 28 Jun,5h 45m,1 stop,No info,5775
Air India,3/06/2019,Banglore,Delhi,BLR → DEL,21:05,23:55,2h 50m,non-stop,No info,6961
Jet Airways,12/05/2019,Banglore,Delhi,BLR → DEL,15:15,18:10,2h 55m,non-stop,No info,7229
Jet Airways,3/03/2019,Delhi,Cochin,DEL → IDR → BOM → COK,05:25,18:50 04 Mar,37h 25m,2 stops,No info,18799
IndiGo,27/04/2019,Banglore,Delhi,BLR → DEL,23:30,02:20 28 Apr,2h 50m,non-stop,No info,3943
IndiGo,9/03/2019,Delhi,Cochin,DEL → HYD → COK,04:55,16:10,11h 15m,1 stop,No info,6171
Air India,12/06/2019,Kolkata,Banglore,CCU → BOM → BLR,16:50,07:55 13 Jun,15h 5m,1 stop,No info,8366
GoAir,9/04/2019,Banglore,Delhi,BLR → DEL,20:55,23:40,2h 45m,non-stop,No info,4239
Multiple carriers,24/06/2019,Delhi,Cochin,DEL → IDR → BOM → COK,15:05,01:30 25 Jun,10h 25m,2 stops,No info,15965
Air India,9/04/2019,Delhi,Cochin,DEL → JDH → BOM → COK,12:55,19:15 10 Apr,30h 20m,2 stops,No info,9968
SpiceJet,3/04/2019,Banglore,Delhi,BLR → DEL,09:30,12:20,2h 50m,non-stop,No check-in baggage included,3919
Jet Airways,3/06/2019,Delhi,Cochin,DEL → IDR → BOM → COK,09:35,12:35 04 Jun,27h,2 stops,No info,13292
IndiGo,15/05/2019,Delhi,Cochin,DEL → HYD → COK,06:50,16:10,9h 20m,1 stop,No info,6442
Jet Airways,18/05/2019,Kolkata,Banglore,CCU → BOM → BLR,08:25,16:20,7h 55m,1 stop,In-flight meal not included,10844
Air India,18/05/2019,Delhi,Cochin,DEL → GOI → BOM → COK,22:00,19:15 19 May,21h 15m,2 stops,No info,10441
Jet Airways,01/03/2019,Banglore,New Delhi,BLR → BOM → DEL,08:55,15:15,6h 20m,1 stop,No info,26890
Air India,6/03/2019,Delhi,Cochin,DEL → NAG → BOM → COK,05:55,07:40 07 Mar,25h 45m,2 stops,No info,14641
Vistara,15/05/2019,Kolkata,Banglore,CCU → DEL → BLR,20:20,20:20 16 May,24h,1 stop,No info,8610
SpiceJet,24/06/2019,Kolkata,Banglore,CCU → BLR,09:00,11:25,2h 25m,non-stop,No info,3873
IndiGo,6/04/2019,Banglore,Delhi,BLR → DEL,04:00,06:50,2h 50m,non-stop,No info,4423
Air India,3/05/2019,Chennai,Kolkata,MAA → CCU,11:40,13:55,2h 15m,non-stop,No info,4667
Jet Airways,27/06/2019,Delhi,Cochin,DEL → AMD → BOM → COK,23:05,19:00 28 Jun,19h 55m,2 stops,In-flight meal not included,11150
Vistara,6/03/2019,Mumbai,Hyderabad,BOM → DEL → HYD,15:40,16:45 07 Mar,25h 5m,1 stop,No info,12395
Multiple carriers,3/06/2019,Delhi,Cochin,DEL → BOM → COK,08:45,19:00,10h 15m,1 stop,No info,12524
Jet Airways,9/06/2019,Kolkata,Banglore,CCU → BOM → BLR,21:10,12:00 10 Jun,14h 50m,1 stop,In-flight meal not included,10844
Jet Airways,6/06/2019,Delhi,Cochin,DEL → JAI → BOM → COK,09:40,04:25 07 Jun,18h 45m,2 stops,No info,13014
Jet Airways,6/05/2019,Kolkata,Banglore,CCU → BOM → BLR,20:00,12:00 07 May,16h,1 stop,No info,14388
IndiGo,3/06/2019,Chennai,Kolkata,MAA → CCU,14:45,17:05,2h 20m,non-stop,No info,3597
Jet Airways,18/05/2019,Delhi,Cochin,DEL → AMD → BOM → COK,19:10,19:00 19 May,23h 50m,2 stops,No info,15129
SpiceJet,21/05/2019,Banglore,Delhi,BLR → DEL,05:55,08:35,2h 40m,non-stop,No info,3311
Jet Airways,6/05/2019,Kolkata,Banglore,CCU → BOM → BLR,14:05,10:05 07 May,20h,1 stop,In-flight meal not included,9663
Air India,27/03/2019,Delhi,Cochin,DEL → TRV → COK,05:15,06:50 28 Mar,25h 35m,1 stop,No info,7165
Vistara,27/06/2019,Banglore,Delhi,BLR → DEL,17:00,19:35,2h 35m,non-stop,No info,4878
Multiple carriers,3/06/2019,Delhi,Cochin,DEL → BOM → COK,08:30,19:15,10h 45m,1 stop,No info,7677
Jet Airways,24/06/2019,Mumbai,Hyderabad,BOM → HYD,08:45,10:15,1h 30m,non-stop,In-flight meal not included,4995
Multiple carriers,24/06/2019,Delhi,Cochin,DEL → BOM → COK,08:45,19:00,10h 15m,1 stop,No info,12524
Air India,1/06/2019,Delhi,Cochin,DEL → AMD → BOM → COK,19:45,19:15 02 Jun,23h 30m,2 stops,No info,10651
Jet Airways,12/06/2019,Kolkata,Banglore,CCU → BOM → BLR,18:55,19:50 13 Jun,24h 55m,1 stop,In-flight meal not included,8529
Air India,12/03/2019,Banglore,New Delhi,BLR → BOM → JDH → DEL,17:25,16:20 13 Mar,22h 55m,2 stops,No info,12778
Vistara,9/05/2019,Banglore,Delhi,BLR → DEL,17:00,19:35,2h 35m,non-stop,No info,4878
Jet Airways,3/06/2019,Delhi,Cochin,DEL → BOM → COK,16:00,19:00 04 Jun,27h,1 stop,No info,14714
IndiGo,24/03/2019,Banglore,New Delhi,BLR → DEL,18:25,21:20,2h 55m,non-stop,No info,7303
Air India,9/06/2019,Kolkata,Banglore,CCU → BBI → BLR,09:10,13:15,4h 5m,1 stop,No info,8996
IndiGo,12/03/2019,Kolkata,Banglore,CCU → BLR,20:25,23:05,2h 40m,non-stop,No info,4148
Air Asia,21/03/2019,Delhi,Cochin,DEL → BLR → COK,20:10,07:10 22 Mar,11h,1 stop,No info,6151
IndiGo,3/06/2019,Mumbai,Hyderabad,BOM → HYD,19:05,20:35,1h 30m,non-stop,No info,2754
IndiGo,27/06/2019,Chennai,Kolkata,MAA → CCU,11:35,14:00,2h 25m,non-stop,No info,3858
IndiGo,18/05/2019,Kolkata,Banglore,CCU → PNQ → BLR,21:00,02:15 19 May,5h 15m,1 stop,No info,6534
Jet Airways,1/05/2019,Banglore,Delhi,BLR → DEL,19:50,22:50,3h,non-stop,No info,7229
SpiceJet,15/06/2019,Kolkata,Banglore,CCU → BLR,14:55,17:25,2h 30m,non-stop,No info,3873
IndiGo,24/06/2019,Delhi,Cochin,DEL → BOM → COK,16:00,01:30 25 Jun,9h 30m,1 stop,No info,6316
Jet Airways,12/06/2019,Delhi,Cochin,DEL → BDQ → BOM → COK,18:25,12:35 13 Jun,18h 10m,2 stops,No info,14237
IndiGo,12/05/2019,Kolkata,Banglore,CCU → NAG → BLR,18:05,23:30,5h 25m,1 stop,No info,6218
Jet Airways,12/03/2019,Banglore,New Delhi,BLR → BOM → DEL,08:55,10:25 13 Mar,25h 30m,1 stop,In-flight meal not included,11087
Jet Airways,9/05/2019,Kolkata,Banglore,CCU → BOM → BLR,21:10,09:20 10 May,12h 10m,1 stop,In-flight meal not included,9663
SpiceJet,21/05/2019,Kolkata,Banglore,CCU → MAA → BLR,15:05,20:20,5h 15m,1 stop,No info,4649
Multiple carriers,6/05/2019,Delhi,Cochin,DEL → BOM → COK,19:00,01:30 07 May,6h 30m,1 stop,No info,8073
Jet Airways,15/06/2019,Delhi,Cochin,DEL → BOM → COK,17:30,12:35 16 Jun,19h 5m,1 stop,In-flight meal not included,10262
Multiple carriers,27/03/2019,Delhi,Cochin,DEL → BOM → COK,04:45,19:15,14h 30m,1 stop,No info,7574
Multiple carriers,3/03/2019,Delhi,Cochin,DEL → BOM → COK,15:25,01:35 04 Mar,10h 10m,1 stop,No info,15147
Multiple carriers,21/05/2019,Delhi,Cochin,DEL → BOM → COK,11:30,01:30 22 May,14h,1 stop,No info,14067
Jet Airways,3/03/2019,Delhi,Cochin,DEL → BOM → COK,08:00,18:50,10h 50m,1 stop,No info,17024
Jet Airways,12/06/2019,Kolkata,Banglore,CCU → BOM → BLR,16:30,10:05 13 Jun,17h 35m,1 stop,No info,13044
Multiple carriers,15/05/2019,Delhi,Cochin,DEL → BOM → COK,16:00,01:30 16 May,9h 30m,1 stop,No info,13727
IndiGo,24/06/2019,Delhi,Cochin,DEL → HYD → COK,16:10,22:30,6h 20m,1 stop,No info,6412
GoAir,24/03/2019,Kolkata,Banglore,CCU → BOM → BLR,22:25,07:40 25 Mar,9h 15m,1 stop,No info,10091
Jet Airways,18/04/2019,Banglore,Delhi,BLR → DEL,15:15,18:10,2h 55m,non-stop,No info,7229
Air India,6/06/2019,Delhi,Cochin,DEL → CCU → BOM → COK,14:25,19:15 07 Jun,28h 50m,2 stops,No info,13591
Jet Airways,9/06/2019,Delhi,Cochin,DEL → BOM → COK,19:15,04:25 10 Jun,9h 10m,1 stop,In-flight meal not included,10577
Jet Airways,3/06/2019,Delhi,Cochin,DEL → JAI → BOM → COK,05:30,19:00,13h 30m,2 stops,No info,13014
GoAir,03/03/2019,Banglore,New Delhi,BLR → DEL,20:55,23:50,2h 55m,non-stop,No info,6722
Air India,1/03/2019,Chennai,Kolkata,MAA → CCU,11:40,13:55,2h 15m,non-stop,No info,19630
Jet Airways,24/05/2019,Banglore,Delhi,BLR → DEL,11:10,14:05,2h 55m,non-stop,In-flight meal not included,4030
Jet Airways,27/06/2019,Banglore,Delhi,BLR → DEL,15:15,18:10,2h 55m,non-stop,No info,8016
IndiGo,21/03/2019,Delhi,Cochin,DEL → HYD → COK,14:20,22:20,8h,1 stop,No info,6528
Jet Airways,9/04/2019,Delhi,Cochin,DEL → AMD → BOM → COK,13:25,12:35 10 Apr,23h 10m,2 stops,No info,9483
Jet Airways,9/05/2019,Kolkata,Banglore,CCU → DEL → BLR,09:35,10:55 10 May,25h 20m,1 stop,No info,10953
Jet Airways,27/05/2019,Delhi,Cochin,DEL → BOM → COK,10:00,19:00,9h,1 stop,No info,16079
Air India,9/06/2019,Kolkata,Banglore,CCU → BOM → COK → BLR,09:25,13:45 10 Jun,28h 20m,2 stops,No info,11542
Jet Airways,27/03/2019,Delhi,Cochin,DEL → BOM → COK,18:15,04:25 28 Mar,10h 10m,1 stop,In-flight meal not included,6540
Air India,15/06/2019,Delhi,Cochin,DEL → RPR → NAG → BOM → COK,05:15,07:40 16 Jun,26h 25m,3 stops,No info,10493
Jet Airways,21/05/2019,Delhi,Cochin,DEL → BOM → COK,07:05,04:25 22 May,21h 20m,1 stop,In-flight meal not included,12898
SpiceJet,9/04/2019,Banglore,Delhi,BLR → DEL,21:10,00:05 10 Apr,2h 55m,non-stop,No info,3971
Multiple carriers,9/05/2019,Delhi,Cochin,DEL → BOM → COK,10:00,21:00,11h,1 stop,No info,13727
Jet Airways,3/04/2019,Delhi,Cochin,DEL → BOM → COK,14:00,19:00,5h,1 stop,In-flight meal not included,5177
Multiple carriers,15/06/2019,Delhi,Cochin,DEL → BOM → COK,10:20,01:30 16 Jun,15h 10m,1 stop,No info,6795
Multiple carriers,3/06/2019,Delhi,Cochin,DEL → BOM → COK,07:30,19:15,11h 45m,1 stop,No info,9736
IndiGo,09/03/2019,Banglore,New Delhi,BLR → DEL,06:00,08:45,2h 45m,non-stop,No info,7648
Jet Airways,3/04/2019,Banglore,Delhi,BLR → DEL,08:20,11:20,3h,non-stop,No info,7229
SpiceJet,15/04/2019,Delhi,Cochin,DEL → PNQ → COK,08:45,13:15,4h 30m,1 stop,No info,5830
IndiGo,24/03/2019,Banglore,New Delhi,BLR → DEL,22:20,01:10 28 Mar,2h 50m,non-stop,No info,4377
Air India,6/06/2019,Kolkata,Banglore,CCU → BOM → BLR,09:25,21:50,12h 25m,1 stop,No info,8366
IndiGo,24/06/2019,Delhi,Cochin,DEL → MAA → COK,02:00,07:25,5h 25m,1 stop,No info,5636
Vistara,12/05/2019,Kolkata,Banglore,CCU → DEL → BLR,20:20,09:05 13 May,12h 45m,1 stop,No info,9397
Jet Airways,6/03/2019,Delhi,Cochin,DEL → BOM → COK,18:15,04:25 07 Mar,10h 10m,1 stop,No info,17024
Multiple carriers,18/05/2019,Delhi,Cochin,DEL → HYD → COK,07:05,22:30,15h 25m,1 stop,No info,10348
Air India,6/03/2019,Delhi,Cochin,DEL → MAA → COK,17:20,09:25 07 Mar,16h 5m,1 stop,No info,12677
Jet Airways,15/06/2019,Delhi,Cochin,DEL → BOM → COK,11:30,04:25 16 Jun,16h 55m,1 stop,In-flight meal not included,10262
Jet Airways,21/03/2019,Delhi,Cochin,DEL → BDQ → BOM → COK,18:25,18:50 22 Mar,24h 25m,2 stops,In-flight meal not included,9270
Jet Airways,27/03/2019,Delhi,Cochin,DEL → BOM → COK,19:15,04:25 28 Mar,9h 10m,1 stop,In-flight meal not included,6540
IndiGo,12/05/2019,Banglore,Delhi,BLR → DEL,00:30,03:25,2h 55m,non-stop,No info,3943
SpiceJet,21/05/2019,Mumbai,Hyderabad,BOM → HYD,05:45,07:15,1h 30m,non-stop,No check-in baggage included,1965
Air Asia,1/05/2019,Kolkata,Banglore,CCU → BLR,10:20,12:55,2h 35m,non-stop,No info,4409
IndiGo,18/03/2019,Kolkata,Banglore,CCU → BLR,09:35,12:20,2h 45m,non-stop,No info,4462
IndiGo,15/03/2019,Mumbai,Hyderabad,BOM → HYD,21:20,22:45,1h 25m,non-stop,No info,2754
Air India,27/03/2019,Mumbai,Hyderabad,BOM → HYD,06:20,07:40,1h 20m,non-stop,No info,2575
Vistara,27/06/2019,Banglore,Delhi,BLR → DEL,07:00,09:40,2h 40m,non-stop,No info,4668
Jet Airways,6/06/2019,Delhi,Cochin,DEL → JAI → BOM → COK,05:30,04:25 07 Jun,22h 55m,2 stops,In-flight meal not included,10368
Air India,6/06/2019,Delhi,Cochin,DEL → GOI → BOM → COK,10:55,07:40 07 Jun,20h 45m,2 stops,No info,11753
Jet Airways,3/06/2019,Delhi,Cochin,DEL → JDH → BOM → COK,11:40,19:00,7h 20m,2 stops,No info,18804
IndiGo,1/06/2019,Banglore,Delhi,BLR → DEL,23:30,02:20 02 Jun,2h 50m,non-stop,No info,4591
Jet Airways,24/03/2019,Kolkata,Banglore,CCU → BOM → BLR,16:55,04:45 25 Mar,11h 50m,1 stop,No info,14231
Air India,15/05/2019,Delhi,Cochin,DEL → TRV → COK,05:15,06:50 16 May,25h 35m,1 stop,No info,8425
Air India,09/03/2019,Banglore,New Delhi,BLR → DEL,17:00,19:45,2h 45m,non-stop,No info,10741
Air India,6/06/2019,Delhi,Cochin,DEL → CCU → BOM → COK,06:50,07:40 07 Jun,24h 50m,2 stops,No info,13381
Jet Airways,27/06/2019,Delhi,Cochin,DEL → AMD → BOM → COK,19:10,12:35 28 Jun,17h 25m,2 stops,No info,15339
GoAir,18/04/2019,Banglore,Delhi,BLR → DEL,11:40,14:30,2h 50m,non-stop,No info,4937
Jet Airways,12/05/2019,Kolkata,Banglore,CCU → BOM → BLR,18:55,04:40 13 May,9h 45m,1 stop,No info,14388
Jet Airways,12/03/2019,Banglore,New Delhi,BLR → BOM → DEL,18:55,10:25 13 Mar,15h 30m,1 stop,In-flight meal not included,11087
Air India,1/06/2019,Delhi,Cochin,DEL → BLR → COK,09:45,23:00,13h 15m,1 stop,No info,8907
Jet Airways,09/03/2019,Banglore,New Delhi,BLR → BOM → DEL,05:45,08:15 13 Mar,26h 30m,1 stop,In-flight meal not included,9134
Multiple carriers,24/06/2019,Delhi,Cochin,DEL → BOM → COK,11:40,19:00,7h 20m,1 stop,In-flight meal not included,10791
IndiGo,21/03/2019,Delhi,Cochin,DEL → BLR → COK,05:05,10:05,5h,1 stop,No info,6893
IndiGo,3/04/2019,Mumbai,Hyderabad,BOM → HYD,06:25,07:55,1h 30m,non-stop,No info,4049
Jet Airways,1/04/2019,Kolkata,Banglore,CCU → BOM → BLR,08:25,20:45,12h 20m,1 stop,In-flight meal not included,7064
Multiple carriers,27/05/2019,Delhi,Cochin,DEL → HYD → COK,13:15,22:30,9h 15m,1 stop,No info,9646
Air India,6/03/2019,Delhi,Cochin,DEL → BHO → BOM → COK,05:55,19:15,13h 20m,2 stops,No info,13748
Jet Airways,18/06/2019,Mumbai,Hyderabad,BOM → HYD,07:05,08:30,1h 25m,non-stop,No info,8040
Jet Airways,24/06/2019,Delhi,Cochin,DEL → BOM → COK,20:55,04:25 25 Jun,7h 30m,1 stop,In-flight meal not included,10262
IndiGo,15/06/2019,Kolkata,Banglore,CCU → BLR,20:25,23:10,2h 45m,non-stop,No info,4804
IndiGo,24/06/2019,Delhi,Cochin,DEL → BLR → COK,15:10,20:00,4h 50m,1 stop,No info,6147
Air India,3/03/2019,Mumbai,Hyderabad,BOM → HYD,13:55,15:25,1h 30m,non-stop,No info,6092
Jet Airways,3/04/2019,Delhi,Cochin,DEL → BOM → COK,14:00,12:35 04 Apr,22h 35m,1 stop,In-flight meal not included,5177
Multiple carriers,21/05/2019,Delhi,Cochin,DEL → BOM → COK,08:00,21:00,13h,1 stop,No info,14277
Air India,18/03/2019,Banglore,New Delhi,BLR → DEL,13:20,16:10,2h 50m,non-stop,No info,4441
Multiple carriers,3/06/2019,Delhi,Cochin,DEL → BOM → COK,06:40,19:00,12h 20m,1 stop,No info,10877
Jet Airways,21/05/2019,Kolkata,Banglore,CCU → BOM → BLR,14:05,23:35,9h 30m,1 stop,In-flight meal not included,10844
Jet Airways,18/03/2019,Banglore,New Delhi,BLR → BOM → DEL,11:40,20:20,8h 40m,1 stop,No info,13555
Vistara,3/03/2019,Delhi,Cochin,DEL → COK,06:00,09:10,3h 10m,non-stop,No info,8001
Air India,9/05/2019,Banglore,Delhi,BLR → DEL,10:00,12:45,2h 45m,non-stop,No info,5228
IndiGo,3/06/2019,Banglore,Delhi,BLR → DEL,22:10,01:00 04 Jun,2h 50m,non-stop,No info,3359
Air India,1/06/2019,Delhi,Cochin,DEL → BOM → COK,07:00,19:15,12h 15m,1 stop,No info,9929
IndiGo,18/05/2019,Kolkata,Banglore,CCU → BLR,21:25,00:05 19 May,2h 40m,non-stop,No info,4804
Jet Airways,12/03/2019,Banglore,New Delhi,BLR → MAA → DEL,09:45,00:30 13 Mar,14h 45m,1 stop,No info,11507
Jet Airways,24/04/2019,Banglore,Delhi,BLR → DEL,17:45,20:45,3h,non-stop,No info,7229
Jet Airways,27/04/2019,Banglore,Delhi,BLR → DEL,06:00,08:45,2h 45m,non-stop,In-flight meal not included,4544
SpiceJet,24/03/2019,Kolkata,Banglore,CCU → BLR,06:55,09:35,2h 40m,non-stop,No check-in baggage included,4781
Air India,06/03/2019,Banglore,New Delhi,BLR → MAA → DEL,11:50,08:55 07 Mar,21h 5m,1 stop,No info,14594
IndiGo,9/04/2019,Banglore,Delhi,BLR → DEL,20:00,22:50,2h 50m,non-stop,No info,4823
Multiple carriers,27/03/2019,Delhi,Cochin,DEL → BOM → COK,10:00,18:50,8h 50m,1 stop,No info,11667
IndiGo,3/03/2019,Delhi,Cochin,DEL → BOM → COK,17:30,01:35 04 Mar,8h 5m,1 stop,No info,14871
Multiple carriers,1/03/2019,Delhi,Cochin,DEL → BOM → COK,12:50,19:15,6h 25m,1 stop,No info,36983
GoAir,09/03/2019,Banglore,New Delhi,BLR → DEL,07:45,10:40,2h 55m,non-stop,No info,7631
Jet Airways,9/06/2019,Delhi,Cochin,DEL → BOM → COK,07:05,19:00,11h 55m,1 stop,In-flight meal not included,10262
SpiceJet,21/05/2019,Delhi,Cochin,DEL → MAA → COK,06:05,11:20,5h 15m,1 stop,No info,6297
Jet Airways,01/03/2019,Banglore,New Delhi,BLR → BOM → DEL,08:00,05:05 02 Mar,21h 5m,1 stop,No info,22270
Air India,12/06/2019,Delhi,Cochin,DEL → CCU → BOM → COK,20:15,19:15 13 Jun,23h,2 stops,No info,13381
GoAir,6/03/2019,Delhi,Cochin,DEL → BOM → COK,14:10,19:20,5h 10m,1 stop,No info,19495
Air India,1/05/2019,Kolkata,Banglore,CCU → GAU → DEL → BLR,09:50,23:15,13h 25m,2 stops,No info,13227
IndiGo,27/05/2019,Banglore,Delhi,BLR → DEL,04:00,06:50,2h 50m,non-stop,No info,3943
Air Asia,3/04/2019,Banglore,Delhi,BLR → DEL,23:55,02:45 04 Apr,2h 50m,non-stop,No info,4483
Jet Airways,9/06/2019,Kolkata,Banglore,CCU → BOM → BLR,20:00,08:15 10 Jun,12h 15m,1 stop,No info,14939
Jet Airways,6/06/2019,Delhi,Cochin,DEL → NAG → BOM → COK,06:45,04:25 07 Jun,21h 40m,2 stops,No info,13376
Jet Airways,24/05/2019,Kolkata,Banglore,CCU → BOM → BLR,20:00,08:15 25 May,12h 15m,1 stop,In-flight meal not included,8586
Jet Airways,27/06/2019,Delhi,Cochin,DEL → ATQ → BOM → COK,20:00,12:35 28 Jun,16h 35m,2 stops,No info,14300
Jet Airways,27/05/2019,Delhi,Cochin,DEL → BOM → COK,13:00,04:25 28 May,15h 25m,1 stop,In-flight meal not included,12898
IndiGo,3/06/2019,Kolkata,Banglore,CCU → BLR,15:30,18:05,2h 35m,non-stop,No info,4804
IndiGo,1/06/2019,Delhi,Cochin,DEL → BLR → COK,05:10,10:05,4h 55m,1 stop,No info,6842
Jet Airways,18/03/2019,Mumbai,Hyderabad,BOM → HYD,07:10,08:35,1h 25m,non-stop,In-flight meal not included,4995
Jet Airways,27/05/2019,Mumbai,Hyderabad,BOM → HYD,10:20,11:50,1h 30m,non-stop,In-flight meal not included,4995
Multiple carriers,18/05/2019,Delhi,Cochin,DEL → BOM → COK,07:05,21:00,13h 55m,1 stop,No info,13727
Vistara,18/03/2019,Chennai,Kolkata,MAA → CCU,07:05,09:20,2h 15m,non-stop,No info,4842
Air India,21/03/2019,Delhi,Cochin,DEL → BOM → COK,19:00,19:15 22 Mar,24h 15m,1 stop,No info,6587
Jet Airways,1/05/2019,Kolkata,Banglore,CCU → BOM → BLR,21:10,10:05 02 May,12h 55m,1 stop,No info,14781
Jet Airways,1/06/2019,Delhi,Cochin,DEL → BOM → COK,08:00,04:25 02 Jun,20h 25m,1 stop,In-flight meal not included,10262
Jet Airways,27/05/2019,Delhi,Cochin,DEL → BOM → COK,17:30,19:00 28 May,25h 30m,1 stop,No info,16079
Multiple carriers,27/05/2019,Delhi,Cochin,DEL → BOM → COK,17:45,01:30 28 May,7h 45m,1 stop,No info,6795
IndiGo,15/06/2019,Kolkata,Banglore,CCU → BLR,21:25,00:05 16 Jun,2h 40m,non-stop,No info,4804
Vistara,27/06/2019,Banglore,Delhi,BLR → DEL,11:30,14:20,2h 50m,non-stop,No info,4668
IndiGo,9/04/2019,Banglore,Delhi,BLR → DEL,16:55,19:55,3h,non-stop,No info,4823
Multiple carriers,6/06/2019,Delhi,Cochin,DEL → BOM → COK,07:30,19:00,11h 30m,1 stop,No info,12524
SpiceJet,6/06/2019,Banglore,Delhi,BLR → DEL,09:30,12:20,2h 50m,non-stop,No check-in baggage included,3919
IndiGo,18/05/2019,Banglore,Delhi,BLR → DEL,10:10,13:00,2h 50m,non-stop,No info,3943
Jet Airways,18/05/2019,Delhi,Cochin,DEL → JAI → BOM → COK,19:30,12:35 19 May,17h 5m,2 stops,No info,13014
SpiceJet,21/05/2019,Chennai,Kolkata,MAA → CCU,09:45,12:00,2h 15m,non-stop,No check-in baggage included,3543
Air India,21/04/2019,Banglore,Delhi,BLR → DEL,21:05,23:55,2h 50m,non-stop,No info,5228
Jet Airways,9/06/2019,Kolkata,Banglore,CCU → BOM → BLR,18:55,04:40 10 Jun,9h 45m,1 stop,In-flight meal not included,9663
Jet Airways,18/05/2019,Kolkata,Banglore,CCU → BOM → BLR,16:30,19:50 19 May,27h 20m,1 stop,In-flight meal not included,10844
Jet Airways,12/06/2019,Kolkata,Banglore,CCU → BOM → BLR,20:00,12:00 13 Jun,16h,1 stop,In-flight meal not included,8529
Jet Airways,9/06/2019,Delhi,Cochin,DEL → LKO → BOM → COK,09:25,04:25 10 Jun,19h,2 stops,No info,13882
Multiple carriers,27/05/2019,Delhi,Cochin,DEL → BOM → COK,11:25,19:15,7h 50m,1 stop,No info,8625
Jet Airways,27/05/2019,Delhi,Cochin,DEL → BOM → COK,16:00,12:35 28 May,20h 35m,1 stop,In-flight meal not included,12898
Air India,18/05/2019,Kolkata,Banglore,CCU → BLR,14:15,16:45,2h 30m,non-stop,No info,6245
Multiple carriers,21/03/2019,Delhi,Cochin,DEL → BOM → COK,09:00,21:00,12h,1 stop,No info,13062
Jet Airways,24/06/2019,Delhi,Cochin,DEL → AMD → BOM → COK,23:05,12:35 25 Jun,13h 30m,2 stops,No info,12819
Air India,21/04/2019,Kolkata,Banglore,CCU → BLR,20:45,23:20,2h 35m,non-stop,No info,4880
IndiGo,21/06/2019,Chennai,Kolkata,MAA → CCU,05:15,07:40,2h 25m,non-stop,No info,3540
IndiGo,12/04/2019,Banglore,Delhi,BLR → DEL,18:55,21:50,2h 55m,non-stop,No info,5780
Multiple carriers,9/04/2019,Delhi,Cochin,DEL → BOM → COK,17:30,01:30 10 Apr,8h,1 stop,No info,13017
GoAir,27/06/2019,Banglore,Delhi,BLR → DEL,11:40,14:30,2h 50m,non-stop,No info,3898
IndiGo,03/03/2019,Banglore,New Delhi,BLR → DEL,18:55,21:45,2h 50m,non-stop,No info,8855
Jet Airways,24/06/2019,Delhi,Cochin,DEL → BOM → COK,09:00,04:25 25 Jun,19h 25m,1 stop,In-flight meal not included,10262
IndiGo,15/05/2019,Delhi,Cochin,DEL → BOM → COK,10:35,21:00,10h 25m,1 stop,No info,6979
Multiple carriers,27/03/2019,Delhi,Cochin,DEL → HYD → COK,09:45,22:20,12h 35m,1 stop,No info,6601
Jet Airways,6/06/2019,Delhi,Cochin,DEL → BOM → COK,08:00,19:00,11h,1 stop,No info,14714
Multiple carriers,12/06/2019,Delhi,Cochin,DEL → HYD → COK,07:10,16:10,9h,1 stop,No info,6513
Air India,21/03/2019,Delhi,Cochin,DEL → UDR → BOM → COK,13:20,19:15 22 Mar,29h 55m,2 stops,No info,8708
Jet Airways,6/05/2019,Banglore,Delhi,BLR → DEL,08:20,11:20,3h,non-stop,No info,7229
Jet Airways,21/03/2019,Banglore,New Delhi,BLR → BOM → DEL,07:00,19:10,12h 10m,1 stop,In-flight meal not included,7832
SpiceJet,18/03/2019,Chennai,Kolkata,MAA → CCU,09:30,12:05,2h 35m,non-stop,No info,3859
Multiple carriers,6/06/2019,Delhi,Cochin,DEL → BOM → COK,07:30,19:15,11h 45m,1 stop,No info,9001
IndiGo,3/05/2019,Mumbai,Hyderabad,BOM → HYD,02:35,04:05,1h 30m,non-stop,No info,2754
Multiple carriers,9/05/2019,Delhi,Cochin,DEL → BOM → COK,07:30,19:00,11h 30m,1 stop,No info,9315
Air India,6/06/2019,Kolkata,Banglore,CCU → BOM → GOI → BLR,16:50,05:35 07 Jun,12h 45m,2 stops,No info,11432
Air India,18/05/2019,Delhi,Cochin,DEL → HYD → BOM → COK,17:15,19:15 19 May,26h,2 stops,No info,12392
Jet Airways,18/05/2019,Mumbai,Hyderabad,BOM → HYD,10:20,11:50,1h 30m,non-stop,No info,5678
Vistara,12/04/2019,Banglore,Delhi,BLR → DEL,07:00,09:40,2h 40m,non-stop,No info,5403
Multiple carriers,9/04/2019,Delhi,Cochin,DEL → BOM → COK,12:50,19:15,6h 25m,1 stop,No info,6481
Air India,3/06/2019,Delhi,Cochin,DEL → BOM → COK,03:50,19:15,15h 25m,1 stop,No info,8669
Jet Airways,6/03/2019,Delhi,Cochin,DEL → BOM → COK,22:20,04:25 07 Mar,6h 5m,1 stop,In-flight meal not included,12583
Vistara,09/03/2019,Banglore,New Delhi,BLR → DEL,16:10,18:50,2h 40m,non-stop,No info,7923
SpiceJet,21/04/2019,Kolkata,Banglore,CCU → BLR,22:20,00:40 22 Apr,2h 20m,non-stop,No info,4911
Jet Airways,1/04/2019,Delhi,Cochin,DEL → BOM → COK,22:50,12:35 02 Apr,13h 45m,1 stop,In-flight meal not included,5177
Air India,1/05/2019,Kolkata,Banglore,CCU → IXR → BBI → BLR,05:50,13:15,7h 25m,2 stops,No info,7662
IndiGo,01/03/2019,Banglore,New Delhi,BLR → NAG → DEL,16:50,21:35,4h 45m,1 stop,No info,13302
IndiGo,24/04/2019,Kolkata,Banglore,CCU → BLR,17:15,19:50,2h 35m,non-stop,No info,4804
Jet Airways,12/06/2019,Delhi,Cochin,DEL → BOM → COK,14:00,12:35 13 Jun,22h 35m,1 stop,In-flight meal not included,10262
Air India,21/03/2019,Banglore,New Delhi,BLR → COK → DEL,22:00,13:20 19 Mar,15h 20m,1 stop,No info,6955
IndiGo,1/06/2019,Delhi,Cochin,DEL → LKO → COK,21:50,03:35 02 Jun,5h 45m,1 stop,No info,8238
Vistara,18/06/2019,Chennai,Kolkata,MAA → CCU,07:05,09:20,2h 15m,non-stop,No info,3687
IndiGo,27/06/2019,Delhi,Cochin,DEL → BOM → COK,10:35,21:00,10h 25m,1 stop,No info,5894
Air Asia,6/05/2019,Banglore,Delhi,BLR → DEL,11:10,13:55,2h 45m,non-stop,No info,3383
Vistara,6/03/2019,Chennai,Kolkata,MAA → CCU,07:05,09:20,2h 15m,non-stop,No info,7414
IndiGo,24/06/2019,Delhi,Cochin,DEL → BOM → COK,10:35,21:00,10h 25m,1 stop,No info,5894
SpiceJet,21/03/2019,Chennai,Kolkata,MAA → CCU,08:20,10:35,2h 15m,non-stop,No check-in baggage included,3332
IndiGo,27/06/2019,Delhi,Cochin,DEL → BOM → COK,11:25,21:00,9h 35m,1 stop,No info,5894
Jet Airways,24/05/2019,Kolkata,Banglore,CCU → DEL → BLR,20:25,14:25 25 May,18h,1 stop,In-flight meal not included,10703
SpiceJet,15/05/2019,Banglore,Delhi,BLR → DEL,05:55,08:35,2h 40m,non-stop,No check-in baggage included,3257
Jet Airways,9/05/2019,Delhi,Cochin,DEL → BOM → COK,07:05,19:00,11h 55m,1 stop,No info,15554
Jet Airways,6/05/2019,Kolkata,Banglore,CCU → BOM → BLR,20:00,10:05 07 May,14h 5m,1 stop,In-flight meal not included,9663
Air India,18/04/2019,Delhi,Cochin,DEL → COK,18:05,21:10,3h 5m,non-stop,No info,8246
Jet Airways,1/06/2019,Delhi,Cochin,DEL → BOM → COK,10:00,04:25 02 Jun,18h 25m,1 stop,In-flight meal not included,10262
Air India,18/05/2019,Delhi,Cochin,DEL → COK,05:10,08:00,2h 50m,non-stop,No info,6934
SpiceJet,12/06/2019,Kolkata,Banglore,CCU → IXB → BLR,15:55,21:25,5h 30m,1 stop,No info,8224
IndiGo,9/03/2019,Delhi,Cochin,DEL → HYD → MAA → COK,06:40,21:20,14h 40m,2 stops,No info,8146
Jet Airways,27/03/2019,Delhi,Cochin,DEL → BOM → COK,13:00,04:25 28 Mar,15h 25m,1 stop,No info,12242
Air India,6/06/2019,Delhi,Cochin,DEL → HYD → MAA → COK,13:15,09:25 07 Jun,20h 10m,2 stops,No info,10939
IndiGo,3/03/2019,Delhi,Cochin,DEL → BOM → COK,09:10,21:00,11h 50m,1 stop,No info,14871
SpiceJet,24/05/2019,Banglore,Delhi,BLR → DEL,21:10,00:05 25 May,2h 55m,non-stop,No info,3971
Multiple carriers,12/06/2019,Delhi,Cochin,DEL → HYD → COK,07:05,22:30,15h 25m,1 stop,No info,9646
Jet Airways,18/03/2019,Banglore,New Delhi,BLR → BOM → DEL,16:55,09:00 16 Mar,16h 5m,1 stop,In-flight meal not included,11087
Vistara,1/05/2019,Kolkata,Banglore,CCU → DEL → BLR,07:10,22:40,15h 30m,1 stop,No info,8452
Jet Airways,27/05/2019,Delhi,Cochin,DEL → BOM → COK,18:15,19:00 28 May,24h 45m,1 stop,No info,16079
Jet Airways,21/05/2019,Delhi,Cochin,DEL → BOM → COK,14:00,19:00,5h,1 stop,In-flight meal not included,12898
Vistara Premium economy,03/03/2019,Banglore,New Delhi,BLR → DEL,16:00,18:35,2h 35m,non-stop,No info,11793
Multiple carriers,3/03/2019,Delhi,Cochin,DEL → HYD → COK,07:10,16:10,9h,1 stop,In-flight meal not included,8552
Air India,1/06/2019,Delhi,Cochin,DEL → GOI → BOM → COK,10:55,19:15,8h 20m,2 stops,No info,13013
Vistara,3/06/2019,Banglore,Delhi,BLR → DEL,19:30,22:15,2h 45m,non-stop,No info,4878
IndiGo,24/03/2019,Banglore,New Delhi,BLR → DEL,22:20,01:10 22 Mar,2h 50m,non-stop,No info,3897
GoAir,15/05/2019,Delhi,Cochin,DEL → BOM → COK,07:00,12:55,5h 55m,1 stop,No info,7682
Multiple carriers,21/05/2019,Delhi,Cochin,DEL → HYD → COK,07:05,18:10,11h 5m,1 stop,No info,9646
SpiceJet,3/04/2019,Kolkata,Banglore,CCU → BLR,22:20,00:40 04 Apr,2h 20m,non-stop,No info,3873
Jet Airways,6/05/2019,Kolkata,Banglore,CCU → BOM → BLR,21:10,09:20 07 May,12h 10m,1 stop,In-flight meal not included,9663
IndiGo,27/03/2019,Delhi,Cochin,DEL → BOM → COK,16:00,01:35 28 Mar,9h 35m,1 stop,No info,7048
Air India,12/04/2019,Banglore,Delhi,BLR → DEL,10:00,12:45,2h 45m,non-stop,No info,5911
Jet Airways,9/03/2019,Delhi,Cochin,DEL → BOM → COK,02:15,19:45,17h 30m,1 stop,In-flight meal not included,13843
Jet Airways,6/03/2019,Delhi,Cochin,DEL → BOM → COK,18:15,19:45 07 Mar,25h 30m,1 stop,No info,17024
SpiceJet,12/06/2019,Chennai,Kolkata,MAA → CCU,09:45,12:00,2h 15m,non-stop,No check-in baggage included,3543
IndiGo,24/04/2019,Banglore,Delhi,BLR → DEL,23:30,02:20 25 Apr,2h 50m,non-stop,No info,3943
SpiceJet,21/03/2019,Mumbai,Hyderabad,BOM → HYD,13:10,14:30,1h 20m,non-stop,No info,3173
Air India,9/03/2019,Delhi,Cochin,DEL → BLR → COK,20:30,08:15 10 Mar,11h 45m,1 stop,No info,8991
IndiGo,6/05/2019,Kolkata,Banglore,CCU → BLR,21:25,00:05 07 May,2h 40m,non-stop,No info,4804
SpiceJet,21/05/2019,Chennai,Kolkata,MAA → CCU,17:45,20:05,2h 20m,non-stop,No check-in baggage included,3543
Jet Airways,27/05/2019,Delhi,Cochin,DEL → BOM → COK,22:50,04:25 28 May,5h 35m,1 stop,In-flight meal not included,12898
Vistara,15/04/2019,Delhi,Cochin,DEL → COK,06:00,09:10,3h 10m,non-stop,No info,6216
Jet Airways,1/06/2019,Delhi,Cochin,DEL → BOM → COK,19:15,19:00 02 Jun,23h 45m,1 stop,In-flight meal not included,10262
Multiple carriers,6/03/2019,Delhi,Cochin,DEL → BOM → COK,10:20,18:50,8h 30m,1 stop,No info,15411
Jet Airways,18/04/2019,Banglore,Delhi,BLR → DEL,15:15,18:10,2h 55m,non-stop,In-flight meal not included,5198
Jet Airways,15/05/2019,Kolkata,Banglore,CCU → BOM → BLR,18:55,04:40 16 May,9h 45m,1 stop,In-flight meal not included,9663
Air India,21/03/2019,Delhi,Cochin,DEL → BLR → COK,17:45,23:00,5h 15m,1 stop,No info,5704
Jet Airways,6/06/2019,Delhi,Cochin,DEL → BOM → COK,20:55,04:25 07 Jun,7h 30m,1 stop,No info,14714
Jet Airways,1/04/2019,Delhi,Cochin,DEL → BOM → COK,10:00,19:00,9h,1 stop,In-flight meal not included,5406
SpiceJet,24/03/2019,Banglore,New Delhi,BLR → DEL,05:45,08:35,2h 50m,non-stop,No check-in baggage included,3527
Air India,3/04/2019,Delhi,Cochin,DEL → MAA → COK,06:05,09:25 04 Apr,27h 20m,1 stop,No info,5117
Air India,6/05/2019,Mumbai,Hyderabad,BOM → HYD,13:55,15:25,1h 30m,non-stop,No info,3625
Jet Airways,1/06/2019,Mumbai,Hyderabad,BOM → HYD,07:05,08:30,1h 25m,non-stop,No info,5678
Air India,3/05/2019,Mumbai,Hyderabad,BOM → HYD,15:00,16:25,1h 25m,non-stop,No info,3100
Air India,9/05/2019,Kolkata,Banglore,CCU → JAI → BOM → BLR,08:20,07:55 10 May,23h 35m,2 stops,No info,10697
IndiGo,9/05/2019,Delhi,Cochin,DEL → HYD → COK,06:50,16:10,9h 20m,1 stop,No info,6442
Air Asia,12/06/2019,Banglore,Delhi,BLR → DEL,11:10,13:55,2h 45m,non-stop,No info,3383
Jet Airways,18/05/2019,Delhi,Cochin,DEL → AMD → BOM → COK,23:05,04:25 20 May,29h 20m,2 stops,No info,15129
Vistara,9/06/2019,Kolkata,Banglore,CCU → DEL → BLR,07:10,18:50,11h 40m,1 stop,No info,9555
Air India,24/03/2019,Kolkata,Banglore,CCU → BOM → BLR,16:50,18:30 25 Mar,25h 40m,1 stop,No info,14641
Jet Airways,21/06/2019,Banglore,Delhi,BLR → DEL,07:10,10:10,3h,non-stop,In-flight meal not included,5769
Jet Airways,12/06/2019,Kolkata,Banglore,CCU → BOM → BLR,06:30,12:00,5h 30m,1 stop,In-flight meal not included,9899
Jet Airways,1/05/2019,Kolkata,Banglore,CCU → BOM → BLR,08:25,20:45,12h 20m,1 stop,No info,14781
SpiceJet,24/03/2019,Kolkata,Banglore,CCU → MAA → BLR,15:05,20:45,5h 40m,1 stop,No info,6197
IndiGo,18/03/2019,Banglore,New Delhi,BLR → HYD → DEL,16:15,20:35,4h 20m,1 stop,No info,4437
SpiceJet,27/03/2019,Chennai,Kolkata,MAA → CCU,17:45,20:05,2h 20m,non-stop,No info,3384
Jet Airways,1/06/2019,Delhi,Cochin,DEL → IDR → BOM → COK,21:25,19:00 02 Jun,21h 35m,2 stops,No info,13292
Air Asia,9/05/2019,Delhi,Cochin,DEL → BLR → COK,07:55,13:25,5h 30m,1 stop,No info,6751
Jet Airways,12/03/2019,Banglore,New Delhi,BLR → BOM → DEL,18:55,10:45 13 Mar,15h 50m,1 stop,In-flight meal not included,11087
Multiple carriers,15/05/2019,Delhi,Cochin,DEL → BOM → COK,11:30,19:15,7h 45m,1 stop,No info,14323
IndiGo,18/05/2019,Delhi,Cochin,DEL → HYD → COK,06:50,12:10,5h 20m,1 stop,No info,6347
SpiceJet,1/06/2019,Chennai,Kolkata,MAA → CCU,09:45,12:00,2h 15m,non-stop,No check-in baggage included,3543
Vistara,18/06/2019,Banglore,Delhi,BLR → DEL,09:45,12:35,2h 50m,non-stop,No info,4668
Jet Airways,15/06/2019,Delhi,Cochin,DEL → NAG → BOM → COK,14:35,12:35 16 Jun,22h,2 stops,In-flight meal not included,10919
Air India,15/03/2019,Banglore,New Delhi,BLR → BOM → DEL,06:45,15:15,8h 30m,1 stop,No info,8714
Jet Airways,18/05/2019,Delhi,Cochin,DEL → BOM → COK,20:55,19:00 19 May,22h 5m,1 stop,In-flight meal not included,12373
Jet Airways,1/05/2019,Kolkata,Banglore,CCU → DEL → BLR,09:35,10:55 02 May,25h 20m,1 stop,No info,12121
Air India,01/03/2019,Banglore,New Delhi,BLR → BOM → AMD → DEL,08:50,23:55,15h 5m,2 stops,No info,17345
IndiGo,15/05/2019,Delhi,Cochin,DEL → BOM → COK,15:00,01:30 16 May,10h 30m,1 stop,No info,7191
Vistara,24/04/2019,Banglore,Delhi,BLR → DEL,09:45,12:35,2h 50m,non-stop,No info,5403
Jet Airways,15/05/2019,Kolkata,Banglore,CCU → BOM → BLR,08:25,20:45,12h 20m,1 stop,No info,14781
Air India,1/03/2019,Delhi,Cochin,DEL → BOM → COK,23:00,19:15 02 Mar,20h 15m,1 stop,No info,27430
Vistara,12/05/2019,Delhi,Cochin,DEL → COK,14:40,17:50,3h 10m,non-stop,No info,6216
Air India,27/06/2019,Delhi,Cochin,DEL → GOI → BOM → COK,22:00,19:15 28 Jun,21h 15m,2 stops,No info,10441
Jet Airways,3/06/2019,Delhi,Cochin,DEL → ATQ → BOM → COK,20:00,04:25 04 Jun,8h 25m,2 stops,In-flight meal not included,15318
Air India,3/04/2019,Delhi,Cochin,DEL → MAA → COK,12:30,09:25 04 Apr,20h 55m,1 stop,No info,5117
Jet Airways,1/05/2019,Kolkata,Banglore,CCU → DEL → BLR,09:35,14:25 02 May,28h 50m,1 stop,In-flight meal not included,9314
Air India,9/06/2019,Kolkata,Banglore,CCU → BBI → BLR,12:00,13:15 10 Jun,25h 15m,1 stop,No info,7662
SpiceJet,12/06/2019,Delhi,Cochin,DEL → PNQ → COK,08:45,13:15,4h 30m,1 stop,No info,5264
Jet Airways,27/03/2019,Mumbai,Hyderabad,BOM → HYD,19:35,21:05,1h 30m,non-stop,No info,5678
SpiceJet,6/06/2019,Delhi,Cochin,DEL → MAA → COK,06:05,11:20,5h 15m,1 stop,No info,5583
Multiple carriers,6/06/2019,Delhi,Cochin,DEL → HYD → COK,07:05,16:10,9h 5m,1 stop,No info,9646
Multiple carriers,9/06/2019,Delhi,Cochin,DEL → BOM → COK,09:00,21:00,12h,1 stop,No info,13587
Vistara,27/06/2019,Chennai,Kolkata,MAA → CCU,17:45,20:05,2h 20m,non-stop,No info,11982
Multiple carriers,6/06/2019,Delhi,Cochin,DEL → IXU → BOM → COK,17:50,01:30 07 Jun,7h 40m,2 stops,No info,18275
Jet Airways,21/05/2019,Kolkata,Banglore,CCU → BOM → BLR,20:00,19:50 22 May,23h 50m,1 stop,In-flight meal not included,10844
IndiGo,6/03/2019,Chennai,Kolkata,MAA → CCU,13:20,15:35,2h 15m,non-stop,No info,7295
IndiGo,15/03/2019,Kolkata,Banglore,CCU → BLR,15:20,17:55,2h 35m,non-stop,No info,4148
Air India,18/06/2019,Delhi,Cochin,DEL → COK,05:10,08:00,2h 50m,non-stop,No info,5201
Jet Airways,15/06/2019,Banglore,Delhi,BLR → DEL,19:50,22:50,3h,non-stop,In-flight meal not included,7229
IndiGo,6/06/2019,Kolkata,Banglore,CCU → BLR,22:15,00:50 07 Jun,2h 35m,non-stop,No info,4804
Air India,01/03/2019,Banglore,New Delhi,BLR → CCU → DEL,11:05,09:15 02 Mar,22h 10m,1 stop,No info,13439
IndiGo,09/03/2019,Banglore,New Delhi,BLR → DEL,18:25,21:20,2h 55m,non-stop,No info,6860
Air Asia,24/05/2019,Kolkata,Banglore,CCU → DEL → BLR,07:35,19:25,11h 50m,1 stop,No info,5192
Jet Airways,12/06/2019,Kolkata,Banglore,CCU → BOM → BLR,08:25,04:40 13 Jun,20h 15m,1 stop,In-flight meal not included,6224
Multiple carriers,12/06/2019,Delhi,Cochin,DEL → BOM → COK,08:45,19:15,10h 30m,1 stop,No info,8266
Air India,15/03/2019,Banglore,New Delhi,BLR → HYD → DEL,08:15,12:15,4h,1 stop,No info,5013
Air Asia,3/03/2019,Delhi,Cochin,DEL → BLR → COK,16:45,22:15,5h 30m,1 stop,No info,13774
IndiGo,1/06/2019,Chennai,Kolkata,MAA → CCU,13:15,15:35,2h 20m,non-stop,No info,3597
Jet Airways,06/03/2019,Banglore,New Delhi,BLR → BOM → DEL,07:00,13:15,6h 15m,1 stop,No info,19225
Air India,15/05/2019,Kolkata,Banglore,CCU → HYD → BLR,19:00,11:05 16 May,16h 5m,1 stop,No info,6117
Jet Airways,24/03/2019,Kolkata,Banglore,CCU → BOM → BLR,19:45,12:00 25 Mar,16h 15m,1 stop,No info,14231
Air India,21/05/2019,Delhi,Cochin,DEL → BHO → BOM → COK,05:55,19:15,13h 20m,2 stops,No info,10861
GoAir,3/04/2019,Banglore,Delhi,BLR → DEL,11:40,14:30,2h 50m,non-stop,No info,3898
Jet Airways,06/03/2019,Banglore,New Delhi,BLR → BOM → DEL,14:05,11:25 07 Mar,21h 20m,1 stop,In-flight meal not included,13712
Air India,21/05/2019,Kolkata,Banglore,CCU → BBI → BOM → BLR,12:00,11:10 22 May,23h 10m,2 stops,No info,10676
IndiGo,9/06/2019,Delhi,Cochin,DEL → HYD → COK,07:35,16:10,8h 35m,1 stop,No info,6442
Multiple carriers,21/05/2019,Delhi,Cochin,DEL → HYD → COK,13:05,00:55 22 May,11h 50m,1 stop,No info,9486
Jet Airways,12/05/2019,Kolkata,Banglore,CCU → BOM → BLR,16:30,18:15 13 May,25h 45m,1 stop,In-flight meal not included,10844
Air India,18/05/2019,Delhi,Cochin,DEL → BOM → COK,13:00,19:15,6h 15m,1 stop,No info,10191
Air India,21/05/2019,Kolkata,Banglore,CCU → IXR → DEL → BLR,05:50,20:25,14h 35m,2 stops,No info,12303
Air India,9/04/2019,Delhi,Cochin,DEL → MAA → COK,06:05,09:25 10 Apr,27h 20m,1 stop,No info,4487
Multiple carriers,27/05/2019,Delhi,Cochin,DEL → BOM → COK,17:30,01:30 28 May,8h,1 stop,In-flight meal not included,7308
Air India,6/06/2019,Delhi,Cochin,DEL → JAI → BOM → COK,18:45,19:15 07 Jun,24h 30m,2 stops,No info,13465
Jet Airways,12/06/2019,Delhi,Cochin,DEL → IDR → BOM → COK,21:25,12:35 13 Jun,15h 10m,2 stops,In-flight meal not included,11507
Jet Airways,21/06/2019,Banglore,Delhi,BLR → DEL,17:45,20:45,3h,non-stop,In-flight meal not included,7754
Air India,24/03/2019,Kolkata,Banglore,CCU → BOM → GOI → BLR,09:25,05:35 25 Mar,20h 10m,2 stops,No info,13349
SpiceJet,18/06/2019,Mumbai,Hyderabad,BOM → HYD,13:15,14:45,1h 30m,non-stop,No check-in baggage included,1965
Air India,15/05/2019,Delhi,Cochin,DEL → BOM → COK,07:00,19:15,12h 15m,1 stop,No info,8669
Jet Airways,12/05/2019,Kolkata,Banglore,CCU → BOM → BLR,21:10,09:20 13 May,12h 10m,1 stop,No info,14388
Jet Airways,6/06/2019,Delhi,Cochin,DEL → BOM → COK,09:00,19:00,10h,1 stop,No info,14714
IndiGo,6/04/2019,Banglore,Delhi,BLR → DEL,18:25,21:20,2h 55m,non-stop,No info,4823
SpiceJet,24/04/2019,Delhi,Cochin,DEL → BLR → COK,17:55,22:50,4h 55m,1 stop,No info,4957
IndiGo,6/03/2019,Kolkata,Banglore,CCU → BLR,17:15,19:55,2h 40m,non-stop,No info,5618
Multiple carriers,18/05/2019,Delhi,Cochin,DEL → BOM → COK,14:00,21:00,7h,1 stop,No info,13727
IndiGo,6/06/2019,Delhi,Cochin,DEL → HYD → COK,08:35,22:30,13h 55m,1 stop,No info,6442
Air India,3/03/2019,Delhi,Cochin,DEL → GOI → BOM → COK,22:00,19:15 04 Mar,21h 15m,2 stops,No info,22096
Jet Airways,27/05/2019,Delhi,Cochin,DEL → BOM → COK,14:00,19:00,5h,1 stop,In-flight meal not included,12898
Jet Airways,6/06/2019,Delhi,Cochin,DEL → BOM → COK,18:15,04:25 07 Jun,10h 10m,1 stop,In-flight meal not included,10262
Jet Airways,9/05/2019,Kolkata,Banglore,CCU → BOM → BLR,14:05,18:15 10 May,28h 10m,1 stop,In-flight meal not included,7757
Jet Airways,24/03/2019,Kolkata,Banglore,CCU → BOM → BLR,08:25,16:20,7h 55m,1 stop,No info,13759
SpiceJet,12/06/2019,Kolkata,Banglore,CCU → BLR,06:55,09:30,2h 35m,non-stop,No check-in baggage included,3841
Jet Airways,15/05/2019,Kolkata,Banglore,CCU → DEL → BLR,17:00,23:35,6h 35m,1 stop,No info,14151
IndiGo,12/04/2019,Kolkata,Banglore,CCU → BLR,20:20,22:55,2h 35m,non-stop,No info,4488
Jet Airways,18/04/2019,Delhi,Cochin,DEL → COK,11:00,14:15,3h 15m,non-stop,In-flight meal not included,5443
Jet Airways,12/06/2019,Kolkata,Banglore,CCU → DEL → BLR,09:35,19:10,9h 35m,1 stop,In-flight meal not included,10539
Jet Airways,15/06/2019,Delhi,Cochin,DEL → BOM → COK,08:00,19:00,11h,1 stop,No info,14714
GoAir,15/06/2019,Delhi,Cochin,DEL → BOM → COK,10:35,19:35,9h,1 stop,No info,4959
Jet Airways,12/06/2019,Kolkata,Banglore,CCU → BOM → BLR,14:05,23:35,9h 30m,1 stop,In-flight meal not included,9899
IndiGo,9/06/2019,Mumbai,Hyderabad,BOM → HYD,12:00,13:30,1h 30m,non-stop,No info,2754
Vistara,24/06/2019,Banglore,Delhi,BLR → DEL,09:45,12:35,2h 50m,non-stop,No info,4668
Jet Airways,9/05/2019,Kolkata,Banglore,CCU → BOM → BLR,06:30,18:15,11h 45m,1 stop,No info,14781
Multiple carriers,1/06/2019,Delhi,Cochin,DEL → BOM → COK,08:30,19:15,10h 45m,1 stop,No info,8937
IndiGo,03/03/2019,Banglore,New Delhi,BLR → LKO → DEL,05:25,10:10,4h 45m,1 stop,No info,7774
IndiGo,18/05/2019,Kolkata,Banglore,CCU → MAA → BLR,06:20,10:20,4h,1 stop,No info,4226
Jet Airways,24/06/2019,Mumbai,Hyderabad,BOM → HYD,07:05,08:30,1h 25m,non-stop,In-flight meal not included,4995
IndiGo,6/03/2019,Delhi,Cochin,DEL → BOM → COK,07:30,15:30,8h,1 stop,No info,14871
Air Asia,27/05/2019,Kolkata,Banglore,CCU → BLR,10:20,12:55,2h 35m,non-stop,No info,4409
Jet Airways,6/05/2019,Delhi,Cochin,DEL → BOM → COK,13:00,04:25 07 May,15h 25m,1 stop,No info,15554
SpiceJet,21/05/2019,Banglore,Delhi,BLR → DEL,09:30,12:20,2h 50m,non-stop,No check-in baggage included,3573
Multiple carriers,9/06/2019,Delhi,Cochin,DEL → BOM → COK,11:40,01:30 10 Jun,13h 50m,1 stop,No info,6795
Air India,15/06/2019,Banglore,Delhi,BLR → DEL,13:20,16:10,2h 50m,non-stop,No info,6961
Jet Airways,6/06/2019,Banglore,Delhi,BLR → DEL,19:50,22:50,3h,non-stop,In-flight meal not included,7229
Multiple carriers,1/06/2019,Delhi,Cochin,DEL → BOM → COK,06:40,19:15,12h 35m,1 stop,No info,8937
Air India,1/06/2019,Banglore,Delhi,BLR → DEL,21:05,23:55,2h 50m,non-stop,No info,5228
Jet Airways,21/05/2019,Kolkata,Banglore,CCU → DEL → BLR,17:00,09:45 22 May,16h 45m,1 stop,No info,13067
Jet Airways,18/05/2019,Delhi,Cochin,DEL → BOM → COK,22:50,19:00 19 May,20h 10m,1 stop,No info,15554
Jet Airways,27/06/2019,Delhi,Cochin,DEL → BOM → COK,16:00,19:00 28 Jun,27h,1 stop,In-flight meal not included,10262
Air Asia,27/05/2019,Delhi,Cochin,DEL → BLR → COK,07:55,13:25,5h 30m,1 stop,No info,6451
Multiple carriers,27/06/2019,Delhi,Cochin,DEL → BOM → COK,04:55,19:15,14h 20m,1 stop,No info,7155
Vistara,3/04/2019,Banglore,Delhi,BLR → DEL,09:45,12:35,2h 50m,non-stop,No info,5403
IndiGo,21/04/2019,Delhi,Cochin,DEL → HYD → COK,07:35,12:10,4h 35m,1 stop,No info,5703
IndiGo,21/05/2019,Kolkata,Banglore,CCU → BLR,17:15,19:50,2h 35m,non-stop,No info,4804
SpiceJet,27/03/2019,Kolkata,Banglore,CCU → BLR,22:20,00:40 28 Mar,2h 20m,non-stop,No check-in baggage included,3815
Jet Airways,3/03/2019,Delhi,Cochin,DEL → BOM → COK,20:50,04:25 04 Mar,7h 35m,1 stop,No info,17234
Jet Airways,01/03/2019,Banglore,New Delhi,BLR → BOM → DEL,22:50,19:10 02 Mar,20h 20m,1 stop,No info,25735
IndiGo,6/06/2019,Chennai,Kolkata,MAA → CCU,22:05,00:25 07 Jun,2h 20m,non-stop,No info,5277
Jet Airways,01/03/2019,Banglore,New Delhi,BLR → BOM → DEL,22:50,00:45 03 Mar,25h 55m,1 stop,No info,26890
Jet Airways,12/03/2019,Banglore,New Delhi,BLR → BOM → DEL,05:45,11:25,5h 40m,1 stop,No info,13817
Multiple carriers,27/05/2019,Delhi,Cochin,DEL → BOM → COK,07:30,19:00,11h 30m,1 stop,No info,9315
Jet Airways,18/05/2019,Delhi,Cochin,DEL → BOM → COK,07:05,04:25 19 May,21h 20m,1 stop,In-flight meal not included,12373
Air India,24/04/2019,Delhi,Cochin,DEL → COK,05:10,08:00,2h 50m,non-stop,No info,5201
IndiGo,1/04/2019,Kolkata,Banglore,CCU → BLR,04:40,07:15,2h 35m,non-stop,No info,4174
Vistara,21/03/2019,Chennai,Kolkata,MAA → CCU,07:05,09:20,2h 15m,non-stop,No info,3739
IndiGo,21/06/2019,Kolkata,Banglore,CCU → BLR,20:20,22:55,2h 35m,non-stop,No info,4804
SpiceJet,21/03/2019,Banglore,New Delhi,BLR → PNQ → DEL,10:20,18:15,7h 55m,1 stop,No info,7139
SpiceJet,15/04/2019,Kolkata,Banglore,CCU → BLR,17:10,19:40,2h 30m,non-stop,No info,4174
Jet Airways,15/03/2019,Banglore,New Delhi,BLR → BOM → DEL,08:00,07:40 16 Mar,23h 40m,1 stop,In-flight meal not included,9134
Air India,21/03/2019,Delhi,Cochin,DEL → BOM → COK,23:00,19:15 22 Mar,20h 15m,1 stop,No info,6745
Jet Airways,27/03/2019,Delhi,Cochin,DEL → BOM → COK,17:30,04:25 28 Mar,10h 55m,1 stop,In-flight meal not included,6540
IndiGo,6/03/2019,Delhi,Cochin,DEL → HYD → COK,14:20,22:20,8h,1 stop,No info,7451
Vistara,18/05/2019,Kolkata,Banglore,CCU → DEL → BLR,17:00,10:45 19 May,17h 45m,1 stop,No info,9187
IndiGo,18/03/2019,Chennai,Kolkata,MAA → CCU,13:20,15:35,2h 15m,non-stop,No info,3858
Multiple carriers Premium economy,21/03/2019,Delhi,Cochin,DEL → BOM → COK,07:30,19:15,11h 45m,1 stop,No info,10161
IndiGo,12/06/2019,Mumbai,Hyderabad,BOM → HYD,16:55,18:25,1h 30m,non-stop,No info,3175
SpiceJet,15/04/2019,Kolkata,Banglore,CCU → MAA → BLR,15:05,20:20,5h 15m,1 stop,No info,4649
Jet Airways,21/05/2019,Banglore,Delhi,BLR → DEL,17:45,20:45,3h,non-stop,No info,7229
Vistara,9/06/2019,Banglore,Delhi,BLR → DEL,19:30,22:15,2h 45m,non-stop,No info,4878
Jet Airways,3/06/2019,Banglore,Delhi,BLR → DEL,15:15,18:10,2h 55m,non-stop,No info,8016
SpiceJet,27/06/2019,Delhi,Cochin,DEL → PNQ → COK,08:45,13:15,4h 30m,1 stop,No check-in baggage included,4760
IndiGo,9/06/2019,Kolkata,Banglore,CCU → HYD → BLR,19:20,23:45,4h 25m,1 stop,No info,4205
Air Asia,6/06/2019,Kolkata,Banglore,CCU → BLR,10:20,12:55,2h 35m,non-stop,No info,4508
Jet Airways,15/06/2019,Delhi,Cochin,DEL → JAI → BOM → COK,05:30,04:25 16 Jun,22h 55m,2 stops,In-flight meal not included,10368
Multiple carriers,27/05/2019,Delhi,Cochin,DEL → BOM → COK,09:00,19:00,10h,1 stop,No info,10407
IndiGo,27/03/2019,Mumbai,Hyderabad,BOM → HYD,20:05,21:35,1h 30m,non-stop,No info,2227
SpiceJet,21/05/2019,Chennai,Kolkata,MAA → CCU,08:20,10:35,2h 15m,non-stop,No check-in baggage included,3543
Air India,1/05/2019,Kolkata,Banglore,CCU → IXR → DEL → BLR,05:50,08:55 02 May,27h 5m,2 stops,No info,10991
IndiGo,18/05/2019,Kolkata,Banglore,CCU → MAA → BLR,17:35,22:15,4h 40m,1 stop,No info,5699
IndiGo,9/03/2019,Mumbai,Hyderabad,BOM → HYD,06:20,07:45,1h 25m,non-stop,No info,4392
Multiple carriers,18/05/2019,Delhi,Cochin,DEL → BOM → COK,06:00,19:00,13h,1 stop,No info,9794
Jet Airways,3/04/2019,Mumbai,Hyderabad,BOM → HYD,02:55,04:20,1h 25m,non-stop,No info,5678
IndiGo,15/06/2019,Delhi,Cochin,DEL → HYD → COK,08:35,16:10,7h 35m,1 stop,No info,6442
IndiGo,21/05/2019,Chennai,Kolkata,MAA → CCU,19:35,21:55,2h 20m,non-stop,No info,3597
Air India,21/03/2019,Banglore,New Delhi,BLR → COK → DEL,22:00,10:50 19 Mar,12h 50m,1 stop,No info,6955
Jet Airways,6/06/2019,Kolkata,Banglore,CCU → DEL → BLR,20:25,14:25 07 Jun,18h,1 stop,No info,12692
Jet Airways,6/05/2019,Kolkata,Banglore,CCU → DEL → BLR,09:35,22:05,12h 30m,1 stop,In-flight meal not included,10703
IndiGo,12/06/2019,Mumbai,Hyderabad,BOM → HYD,09:10,10:40,1h 30m,non-stop,No info,4049
IndiGo,3/05/2019,Chennai,Kolkata,MAA → CCU,13:15,15:35,2h 20m,non-stop,No info,3597
GoAir,12/06/2019,Delhi,Cochin,DEL → AMD → COK,07:25,13:35,6h 10m,1 stop,No info,5842
IndiGo,27/05/2019,Delhi,Cochin,DEL → HYD → COK,07:35,16:10,8h 35m,1 stop,No info,7514
Multiple carriers,15/06/2019,Delhi,Cochin,DEL → BOM → COK,12:50,01:30 16 Jun,12h 40m,1 stop,No info,6795
Jet Airways,21/03/2019,Delhi,Cochin,DEL → UDR → BOM → COK,18:20,18:50 22 Mar,24h 30m,2 stops,No info,12604
Air Asia,18/04/2019,Banglore,Delhi,BLR → DEL,11:10,13:55,2h 45m,non-stop,No info,4483
IndiGo,1/06/2019,Delhi,Cochin,DEL → BOM → COK,09:15,01:30 02 Jun,16h 15m,1 stop,No info,7048
Air India,1/06/2019,Delhi,Cochin,DEL → BOM → COK,21:00,19:15 02 Jun,22h 15m,1 stop,No info,8582
Multiple carriers,24/06/2019,Delhi,Cochin,DEL → BOM → COK,10:20,19:00,8h 40m,1 stop,In-flight meal not included,10791
Air India,9/05/2019,Kolkata,Banglore,CCU → BOM → AMD → BLR,09:25,05:25 10 May,20h,2 stops,No info,14687
Air India,24/05/2019,Kolkata,Banglore,CCU → MAA → BLR,14:35,14:35 25 May,24h,1 stop,No info,6528
Air India,3/03/2019,Delhi,Cochin,DEL → COK,18:05,21:10,3h 5m,non-stop,No info,8666
IndiGo,1/03/2019,Mumbai,Hyderabad,BOM → HYD,12:00,13:25,1h 25m,non-stop,No info,12475
Jet Airways,27/06/2019,Delhi,Cochin,DEL → BOM → COK,07:05,19:00,11h 55m,1 stop,In-flight meal not included,10262
IndiGo,24/05/2019,Kolkata,Banglore,CCU → BLR,09:35,12:20,2h 45m,non-stop,No info,4804
Multiple carriers,6/03/2019,Delhi,Cochin,DEL → BOM → COK,08:55,21:00,12h 5m,1 stop,No info,15147
Air Asia,15/05/2019,Kolkata,Banglore,CCU → BBI → BLR,06:50,10:30,3h 40m,1 stop,No info,5162
IndiGo,15/04/2019,Kolkata,Banglore,CCU → BLR,15:30,18:05,2h 35m,non-stop,No info,4174
Air India,1/03/2019,Kolkata,Banglore,CCU → BLR,14:15,16:45,2h 30m,non-stop,No info,6535
Air India,27/03/2019,Delhi,Cochin,DEL → BLR → COK,20:30,23:00 28 Mar,26h 30m,1 stop,No info,5022
Jet Airways,21/03/2019,Delhi,Cochin,DEL → MAA → BOM → COK,16:10,18:50 22 Mar,26h 40m,2 stops,In-flight meal not included,8728
Jet Airways,9/06/2019,Delhi,Cochin,DEL → BOM → COK,15:00,19:00 10 Jun,28h,1 stop,In-flight meal not included,10262
Vistara,6/06/2019,Kolkata,Banglore,CCU → DEL → BLR,17:00,10:45 07 Jun,17h 45m,1 stop,No info,9187
Jet Airways,21/03/2019,Delhi,Cochin,DEL → BOM → COK,19:45,04:25 22 Mar,8h 40m,1 stop,No info,12557
Air India,6/06/2019,Delhi,Cochin,DEL → BOM → COK,13:00,19:15,6h 15m,1 stop,No info,8372
Air India,27/06/2019,Delhi,Cochin,DEL → HYD → MAA → COK,13:15,09:25 28 Jun,20h 10m,2 stops,No info,8839
IndiGo,3/03/2019,Delhi,Cochin,DEL → HYD → MAA → COK,04:55,21:20,16h 25m,2 stops,No info,8899
Jet Airways,21/03/2019,Banglore,New Delhi,BLR → BOM → DEL,08:00,15:15,7h 15m,1 stop,In-flight meal not included,7832
GoAir,1/06/2019,Banglore,Delhi,BLR → DEL,07:45,10:40,2h 55m,non-stop,No info,5048
Multiple carriers,6/03/2019,Delhi,Cochin,DEL → BOM → COK,07:30,18:50,11h 20m,1 stop,No info,15411
Multiple carriers,27/05/2019,Delhi,Cochin,DEL → BOM → COK,07:30,19:15,11h 45m,1 stop,No info,10786
Jet Airways,9/05/2019,Delhi,Cochin,DEL → BOM → COK,02:15,04:25 10 May,26h 10m,1 stop,In-flight meal not included,12373
Jet Airways,15/03/2019,Banglore,New Delhi,BLR → BOM → DEL,22:55,05:05 13 Mar,6h 10m,1 stop,No info,27210
IndiGo,6/05/2019,Kolkata,Banglore,CCU → BLR,17:15,19:50,2h 35m,non-stop,No info,4804
Air India,27/04/2019,Banglore,Delhi,BLR → DEL,13:20,16:10,2h 50m,non-stop,No info,5228
IndiGo,9/04/2019,Kolkata,Banglore,CCU → BBI → BLR,19:55,23:50,3h 55m,1 stop,No info,4226
Air India,24/03/2019,Kolkata,Banglore,CCU → GAU → DEL → BLR,16:45,23:15 25 Mar,30h 30m,2 stops,No info,12835
SpiceJet,9/06/2019,Chennai,Kolkata,MAA → CCU,08:20,10:35,2h 15m,non-stop,No info,3597
Jet Airways,18/05/2019,Delhi,Cochin,DEL → BOM → COK,07:05,19:00,11h 55m,1 stop,No info,15554
Air India,6/05/2019,Banglore,Delhi,BLR → DEL,10:00,12:45,2h 45m,non-stop,No info,5228
IndiGo,24/03/2019,Kolkata,Banglore,CCU → BLR,20:25,23:05,2h 40m,non-stop,No info,8872
Vistara,15/06/2019,Banglore,Delhi,BLR → DEL,17:00,19:35,2h 35m,non-stop,No info,4878
IndiGo,15/05/2019,Delhi,Cochin,DEL → MAA → COK,02:00,07:25,5h 25m,1 stop,No info,8618
SpiceJet,1/06/2019,Kolkata,Banglore,CCU → BLR,22:20,00:40 02 Jun,2h 20m,non-stop,No info,3873
IndiGo,27/04/2019,Delhi,Cochin,DEL → HYD → COK,07:35,16:10,8h 35m,1 stop,No info,6442
Multiple carriers,3/03/2019,Delhi,Cochin,DEL → BOM → COK,17:00,01:35 04 Mar,8h 35m,1 stop,No info,17073
Vistara,24/04/2019,Delhi,Cochin,DEL → COK,14:40,17:50,3h 10m,non-stop,No info,6216
Vistara,24/03/2019,Kolkata,Banglore,CCU → DEL → BLR,07:10,20:25,13h 15m,1 stop,No info,13152
IndiGo,3/03/2019,Chennai,Kolkata,MAA → CCU,22:05,00:25 04 Mar,2h 20m,non-stop,No info,5277
Multiple carriers,21/03/2019,Delhi,Cochin,DEL → BOM → COK,13:00,01:35 22 Mar,12h 35m,1 stop,No info,13542
Jet Airways,15/06/2019,Delhi,Cochin,DEL → BOM → COK,14:00,19:00,5h,1 stop,In-flight meal not included,10262
IndiGo,6/06/2019,Banglore,Delhi,BLR → DEL,00:25,03:15,2h 50m,non-stop,No info,3943
Air India,9/05/2019,Delhi,Cochin,DEL → HYD → MAA → COK,07:05,09:25 10 May,26h 20m,2 stops,No info,9347
Jet Airways,15/05/2019,Kolkata,Banglore,CCU → BOM → BLR,21:10,10:05 16 May,12h 55m,1 stop,No info,15149
Jet Airways,27/05/2019,Delhi,Cochin,DEL → BOM → COK,16:00,04:25 28 May,12h 25m,1 stop,In-flight meal not included,12898
IndiGo,18/05/2019,Delhi,Cochin,DEL → HYD → COK,08:35,16:10,7h 35m,1 stop,No info,6442
Jet Airways,12/05/2019,Kolkata,Banglore,CCU → BOM → BLR,21:10,10:05 13 May,12h 55m,1 stop,No info,13941
Air India,1/03/2019,Mumbai,Hyderabad,BOM → HYD,15:00,16:25,1h 25m,non-stop,No info,6092
Multiple carriers,15/06/2019,Delhi,Cochin,DEL → IDR → BOM → COK,15:05,01:30 16 Jun,10h 25m,2 stops,No info,15965
Air Asia,12/04/2019,Kolkata,Banglore,CCU → BLR,22:50,01:20 13 Apr,2h 30m,non-stop,No info,4409
Vistara,21/05/2019,Kolkata,Banglore,CCU → DEL → BLR,20:20,18:50 22 May,22h 30m,1 stop,No info,9345
Jet Airways,21/03/2019,Banglore,New Delhi,BLR → BOM → DEL,08:55,16:10,7h 15m,1 stop,In-flight meal not included,7832
Air Asia,27/05/2019,Delhi,Cochin,DEL → BLR → COK,16:45,06:35 28 May,13h 50m,1 stop,No info,6752
Jet Airways,27/05/2019,Delhi,Cochin,DEL → BOM → COK,09:00,12:35 28 May,27h 35m,1 stop,In-flight meal not included,12898
SpiceJet,6/04/2019,Delhi,Cochin,DEL → BLR → COK,17:55,22:50,4h 55m,1 stop,No info,4957
Jet Airways,24/03/2019,Kolkata,Banglore,CCU → BOM → BLR,13:55,22:35,8h 40m,1 stop,In-flight meal not included,11134
Jet Airways,9/05/2019,Delhi,Cochin,DEL → BOM → COK,21:50,19:00 10 May,21h 10m,1 stop,No info,15554
Air India,27/03/2019,Delhi,Cochin,DEL → HYD → BOM → COK,21:30,19:15 28 Mar,21h 45m,2 stops,No info,8665
SpiceJet,3/05/2019,Mumbai,Hyderabad,BOM → HYD,13:15,14:45,1h 30m,non-stop,No check-in baggage included,1965
Air India,3/03/2019,Delhi,Cochin,DEL → AMD → BOM → COK,16:40,19:15 04 Mar,26h 35m,2 stops,No info,14221
IndiGo,15/05/2019,Delhi,Cochin,DEL → BLR → COK,17:05,22:15,5h 10m,1 stop,No info,6027
Multiple carriers,21/03/2019,Delhi,Cochin,DEL → BOM → COK,07:30,19:15,11h 45m,1 stop,No info,9100
Multiple carriers,15/06/2019,Delhi,Cochin,DEL → BOM → COK,07:30,19:00,11h 30m,1 stop,No info,10877
Jet Airways,12/06/2019,Delhi,Cochin,DEL → BHO → BOM → COK,05:30,12:35,7h 5m,2 stops,No info,14441
Vistara,03/03/2019,Banglore,New Delhi,BLR → DEL,11:30,14:10,2h 40m,non-stop,No info,8028
IndiGo,18/06/2019,Banglore,Delhi,BLR → DEL,01:30,04:15,2h 45m,non-stop,No info,3419
Jet Airways,15/06/2019,Delhi,Cochin,DEL → LKO → BOM → COK,11:45,12:35 16 Jun,24h 50m,2 stops,No info,13882
IndiGo,03/03/2019,Banglore,New Delhi,BLR → DEL,00:40,03:25,2h 45m,non-stop,No info,6144
Multiple carriers,27/06/2019,Delhi,Cochin,DEL → BOM → COK,10:20,01:30 28 Jun,15h 10m,1 stop,No info,6270
Jet Airways,24/03/2019,Kolkata,Banglore,CCU → BOM → BLR,13:55,18:10 25 Mar,28h 15m,1 stop,In-flight meal not included,11134
Jet Airways,9/06/2019,Kolkata,Banglore,CCU → BOM → BLR,20:00,16:20 10 Jun,20h 20m,1 stop,No info,14571
Air India,09/03/2019,Banglore,New Delhi,BLR → MAA → DEL,11:50,23:55,12h 5m,1 stop,No info,10972
Jet Airways,1/06/2019,Delhi,Cochin,DEL → BOM → COK,02:15,12:35,10h 20m,1 stop,In-flight meal not included,10262
Jet Airways,3/06/2019,Delhi,Cochin,DEL → BOM → COK,20:55,19:00 04 Jun,22h 5m,1 stop,In-flight meal not included,10262
Multiple carriers,3/03/2019,Delhi,Cochin,DEL → BOM → COK,19:00,01:35 04 Mar,6h 35m,1 stop,No info,16775
Jet Airways,27/06/2019,Delhi,Cochin,DEL → AMD → BOM → COK,13:25,19:00 28 Jun,29h 35m,2 stops,In-flight meal not included,11150
Jet Airways,9/05/2019,Delhi,Cochin,DEL → ATQ → BOM → COK,20:00,04:25 10 May,8h 25m,2 stops,No info,16263
Multiple carriers,24/06/2019,Delhi,Cochin,DEL → BOM → COK,11:40,01:30 25 Jun,13h 50m,1 stop,In-flight meal not included,5797
Air India,21/03/2019,Delhi,Cochin,DEL → BOM → COK,10:00,19:15,9h 15m,1 stop,No info,7934
Vistara,9/03/2019,Chennai,Kolkata,MAA → CCU,07:05,09:20,2h 15m,non-stop,No info,6627
GoAir,9/06/2019,Delhi,Cochin,DEL → BOM → COK,07:00,12:55,5h 55m,1 stop,No info,5897
Jet Airways,3/03/2019,Delhi,Cochin,DEL → BOM → COK,13:55,04:25 04 Mar,14h 30m,1 stop,No info,17024
Jet Airways,6/05/2019,Kolkata,Banglore,CCU → BOM → BLR,08:25,20:45,12h 20m,1 stop,No info,14388
Air India,6/03/2019,Delhi,Cochin,DEL → BOM → COK,08:00,19:15,11h 15m,1 stop,No info,15284
Jet Airways,6/05/2019,Kolkata,Banglore,CCU → DEL → BLR,09:35,21:05,11h 30m,1 stop,In-flight meal not included,10703
IndiGo,27/05/2019,Delhi,Cochin,DEL → HYD → COK,05:05,12:10,7h 5m,1 stop,No info,6600
SpiceJet,1/03/2019,Kolkata,Banglore,CCU → BLR,22:20,00:40 02 Mar,2h 20m,non-stop,No info,5515
Air India,15/05/2019,Delhi,Cochin,DEL → COK,18:05,21:10,3h 5m,non-stop,No info,6094
Jet Airways,9/05/2019,Delhi,Cochin,DEL → AMD → BOM → COK,23:05,04:25 11 May,29h 20m,2 stops,No info,16704
Jet Airways,15/03/2019,Banglore,New Delhi,BLR → BOM → DEL,05:45,10:45,5h,1 stop,In-flight meal not included,9134
Jet Airways,15/05/2019,Kolkata,Banglore,CCU → BOM → BLR,20:00,04:40 16 May,8h 40m,1 stop,In-flight meal not included,8586
Air India,12/03/2019,Banglore,New Delhi,BLR → BOM → BHO → DEL,17:25,23:25 13 Mar,30h,2 stops,No info,12725
Jet Airways,12/03/2019,Banglore,New Delhi,BLR → BOM → DEL,22:55,07:40 13 Mar,8h 45m,1 stop,No info,13817
Jet Airways,18/05/2019,Kolkata,Banglore,CCU → BOM → BLR,21:10,04:40 19 May,7h 30m,1 stop,No info,13941
Vistara,3/05/2019,Banglore,Delhi,BLR → DEL,21:00,23:50,2h 50m,non-stop,No info,5613
Air India,03/03/2019,Banglore,New Delhi,BLR → DEL,06:10,08:55,2h 45m,non-stop,No info,7591
Jet Airways Business,01/03/2019,Banglore,New Delhi,BLR → BOM → DEL,05:45,10:45,5h,1 stop,No info,52229
Multiple carriers,15/05/2019,Delhi,Cochin,DEL → BOM → COK,08:00,19:15,11h 15m,1 stop,No info,14533
Jet Airways,9/04/2019,Delhi,Cochin,DEL → BOM → COK,17:30,12:35 10 Apr,19h 5m,1 stop,No info,11822
SpiceJet,21/03/2019,Chennai,Kolkata,MAA → CCU,17:45,20:05,2h 20m,non-stop,No check-in baggage included,3332
Air India,01/03/2019,Banglore,New Delhi,BLR → BOM → BHO → DEL,08:50,23:25,14h 35m,2 stops,1 Short layover,26743
IndiGo,6/04/2019,Banglore,Delhi,BLR → DEL,22:10,01:00 07 Apr,2h 50m,non-stop,No info,3943
Jet Airways,9/06/2019,Delhi,Cochin,DEL → JAI → BOM → COK,19:30,04:25 10 Jun,8h 55m,2 stops,In-flight meal not included,10368
Multiple carriers,9/05/2019,Delhi,Cochin,DEL → BOM → COK,11:25,19:00,7h 35m,1 stop,No info,9103
IndiGo,9/03/2019,Kolkata,Banglore,CCU → BLR,05:30,08:20,2h 50m,non-stop,No info,4148
Jet Airways,24/05/2019,Kolkata,Banglore,CCU → BOM → BLR,20:00,09:20 25 May,13h 20m,1 stop,In-flight meal not included,10844
Jet Airways,21/03/2019,Banglore,New Delhi,BLR → BOM → DEL,08:00,20:20,12h 20m,1 stop,In-flight meal not included,7832
IndiGo,12/05/2019,Banglore,Delhi,BLR → DEL,04:00,06:50,2h 50m,non-stop,No info,3943
Jet Airways,12/05/2019,Kolkata,Banglore,CCU → BOM → BLR,18:55,16:20 13 May,21h 25m,1 stop,In-flight meal not included,10844
IndiGo,21/04/2019,Banglore,Delhi,BLR → DEL,16:55,19:55,3h,non-stop,No info,4990
IndiGo,9/06/2019,Banglore,Delhi,BLR → DEL,07:10,10:05,2h 55m,non-stop,No info,4823
Air India,27/05/2019,Mumbai,Hyderabad,BOM → HYD,21:05,22:25,1h 20m,non-stop,No info,3100
Jet Airways,6/04/2019,Banglore,Delhi,BLR → DEL,15:15,18:10,2h 55m,non-stop,No info,7229
Air India,9/06/2019,Banglore,Delhi,BLR → DEL,13:20,16:10,2h 50m,non-stop,No info,6961
Jet Airways,9/05/2019,Kolkata,Banglore,CCU → BOM → BLR,06:30,10:05 10 May,27h 35m,1 stop,In-flight meal not included,8586
Jet Airways,21/05/2019,Banglore,Delhi,BLR → DEL,07:10,10:10,3h,non-stop,No info,7229
Air India,03/03/2019,Banglore,New Delhi,BLR → DEL,21:10,23:55,2h 45m,non-stop,No info,7591
Air India,1/06/2019,Delhi,Cochin,DEL → CCU → BOM → COK,06:50,07:40 02 Jun,24h 50m,2 stops,No info,15481
IndiGo,24/05/2019,Banglore,Delhi,BLR → DEL,20:00,22:50,2h 50m,non-stop,No info,4823
Multiple carriers,21/05/2019,Delhi,Cochin,DEL → BOM → COK,07:00,21:00,14h,1 stop,No info,7888
Air India,6/06/2019,Delhi,Cochin,DEL → UDR → BOM → COK,13:20,19:15 07 Jun,29h 55m,2 stops,No info,12961
Jet Airways,3/04/2019,Mumbai,Hyderabad,BOM → HYD,19:35,21:05,1h 30m,non-stop,In-flight meal not included,2071
Multiple carriers,9/04/2019,Delhi,Cochin,DEL → BOM → COK,17:00,01:30 10 Apr,8h 30m,1 stop,No info,6838
GoAir,3/05/2019,Banglore,Delhi,BLR → DEL,11:40,14:30,2h 50m,non-stop,No info,3898
Jet Airways,21/03/2019,Delhi,Cochin,DEL → BOM → COK,18:15,04:25 22 Mar,10h 10m,1 stop,In-flight meal not included,5963
IndiGo,9/05/2019,Kolkata,Banglore,CCU → MAA → BLR,08:10,13:00,4h 50m,1 stop,No info,5069
Air Asia,9/06/2019,Delhi,Cochin,DEL → BLR → COK,07:55,13:25,5h 30m,1 stop,No info,8759
Air India,18/05/2019,Delhi,Cochin,DEL → BOM → COK,03:50,19:15,15h 25m,1 stop,No info,8879
Air India,3/03/2019,Delhi,Cochin,DEL → HYD → MAA → COK,07:05,09:25 04 Mar,26h 20m,2 stops,No info,9400
Multiple carriers,18/05/2019,Delhi,Cochin,DEL → BOM → COK,10:00,21:00,11h,1 stop,In-flight meal not included,9275
Jet Airways,12/06/2019,Kolkata,Banglore,CCU → BOM → BLR,18:55,20:45 13 Jun,25h 50m,1 stop,In-flight meal not included,8529
Multiple carriers,9/05/2019,Delhi,Cochin,DEL → BOM → COK,08:30,19:00,10h 30m,1 stop,No info,9627
IndiGo,6/06/2019,Kolkata,Banglore,CCU → PNQ → BLR,21:00,02:15 07 Jun,5h 15m,1 stop,No info,6711
Multiple carriers,21/03/2019,Delhi,Cochin,DEL → BOM → COK,13:00,21:00,8h,1 stop,No info,7618
IndiGo,18/03/2019,Mumbai,Hyderabad,BOM → HYD,16:55,18:25,1h 30m,non-stop,No info,3175
IndiGo,15/03/2019,Banglore,New Delhi,BLR → DEL,21:20,00:15 16 Mar,2h 55m,non-stop,No info,8033
Jet Airways,01/03/2019,Banglore,New Delhi,BLR → BOM → DEL,05:45,19:10,13h 25m,1 stop,No info,27992
SpiceJet,3/04/2019,Kolkata,Banglore,CCU → BLR,17:10,19:40,2h 30m,non-stop,No check-in baggage included,3841
Air India,24/05/2019,Mumbai,Hyderabad,BOM → HYD,21:05,22:25,1h 20m,non-stop,No info,3100
Multiple carriers,3/03/2019,Delhi,Cochin,DEL → HYD → MAA → COK,07:05,21:20,14h 15m,2 stops,No info,8291
Jet Airways,24/05/2019,Kolkata,Banglore,CCU → BOM → BLR,21:10,04:40 25 May,7h 30m,1 stop,In-flight meal not included,9663
SpiceJet,9/03/2019,Mumbai,Hyderabad,BOM → HYD,08:50,10:15,1h 25m,non-stop,No info,5755
SpiceJet,1/03/2019,Chennai,Kolkata,MAA → CCU,09:30,12:05,2h 35m,non-stop,No info,7298
Multiple carriers,15/06/2019,Delhi,Cochin,DEL → BOM → COK,18:00,01:30 16 Jun,7h 30m,1 stop,No info,7408
Vistara,18/05/2019,Banglore,Delhi,BLR → DEL,07:00,09:40,2h 40m,non-stop,No info,4878
Jet Airways,1/06/2019,Delhi,Cochin,DEL → JAI → BOM → COK,09:40,12:35 02 Jun,26h 55m,2 stops,In-flight meal not included,10368
SpiceJet,1/05/2019,Banglore,Delhi,BLR → DEL,21:10,00:05 02 May,2h 55m,non-stop,No info,4991
SpiceJet,6/04/2019,Kolkata,Banglore,CCU → BLR,17:10,19:40,2h 30m,non-stop,No info,3873
Air Asia,3/05/2019,Banglore,Delhi,BLR → DEL,04:55,07:45,2h 50m,non-stop,No info,6181
Multiple carriers,1/05/2019,Delhi,Cochin,DEL → BOM → COK,19:00,01:30 02 May,6h 30m,1 stop,No info,9424
SpiceJet,15/06/2019,Banglore,Delhi,BLR → DEL,21:10,00:05 16 Jun,2h 55m,non-stop,No info,3971
Jet Airways,12/03/2019,Banglore,New Delhi,BLR → BOM → DEL,21:25,10:45 13 Mar,13h 20m,1 stop,No info,13817
Jet Airways,27/05/2019,Delhi,Cochin,DEL → BOM → COK,19:15,12:35 28 May,17h 20m,1 stop,In-flight meal not included,12898
Jet Airways,6/05/2019,Kolkata,Banglore,CCU → BOM → BLR,21:10,12:00 07 May,14h 50m,1 stop,In-flight meal not included,9663
Vistara,12/06/2019,Kolkata,Banglore,CCU → DEL → BLR,20:20,09:05 13 Jun,12h 45m,1 stop,No info,7927
Air India,15/03/2019,Banglore,New Delhi,BLR → CCU → GAU → DEL,05:50,22:10,16h 20m,2 stops,No info,9796
Jet Airways,18/05/2019,Kolkata,Banglore,CCU → BOM → BLR,16:30,04:40 19 May,12h 10m,1 stop,No info,13941
Air India,24/05/2019,Mumbai,Hyderabad,BOM → HYD,19:30,20:45,1h 15m,non-stop,No info,3625
Air India,24/05/2019,Kolkata,Banglore,CCU → DEL → AMD → BLR,10:00,05:25 25 May,19h 25m,2 stops,No info,15422
Air India,15/05/2019,Kolkata,Banglore,CCU → BOM → COK → BLR,09:25,13:45 16 May,28h 20m,2 stops,No info,15532
Jet Airways,6/06/2019,Mumbai,Hyderabad,BOM → HYD,07:05,08:30,1h 25m,non-stop,In-flight meal not included,4995
Jet Airways,24/03/2019,Banglore,New Delhi,BLR → DEL,11:10,14:05,2h 55m,non-stop,No info,7229
Jet Airways,3/06/2019,Delhi,Cochin,DEL → BOM → COK,14:00,04:25 04 Jun,14h 25m,1 stop,In-flight meal not included,10262
Jet Airways,3/06/2019,Delhi,Cochin,DEL → IDR → BOM → COK,21:25,12:35 04 Jun,15h 10m,2 stops,In-flight meal not included,11507
IndiGo,9/05/2019,Chennai,Kolkata,MAA → CCU,22:05,00:25 10 May,2h 20m,non-stop,No info,5277
Jet Airways,06/03/2019,Banglore,New Delhi,BLR → BOM → DEL,16:55,10:25 07 Mar,17h 30m,1 stop,No info,17261
Jet Airways,24/06/2019,Delhi,Cochin,DEL → BOM → COK,20:55,12:35 25 Jun,15h 40m,1 stop,In-flight meal not included,10262
IndiGo,24/04/2019,Delhi,Cochin,DEL → HYD → COK,07:35,12:10,4h 35m,1 stop,No info,5073
Jet Airways,15/06/2019,Banglore,Delhi,BLR → DEL,18:55,22:00,3h 5m,non-stop,In-flight meal not included,7229
Jet Airways,9/05/2019,Kolkata,Banglore,CCU → BOM → BLR,16:30,04:40 10 May,12h 10m,1 stop,In-flight meal not included,10844
Air India,15/03/2019,Banglore,New Delhi,BLR → HYD → DEL,08:15,21:25,13h 10m,1 stop,No info,6046
Air Asia,6/06/2019,Kolkata,Banglore,CCU → DEL → BLR,22:40,10:40 07 Jun,12h,1 stop,No info,6810
IndiGo,3/03/2019,Mumbai,Hyderabad,BOM → HYD,21:20,22:45,1h 25m,non-stop,No info,4784
Vistara,21/04/2019,Banglore,Delhi,BLR → DEL,09:45,12:35,2h 50m,non-stop,No info,5403
Jet Airways,21/05/2019,Delhi,Cochin,DEL → JAI → BOM → COK,19:30,04:25 22 May,8h 55m,2 stops,In-flight meal not included,13029
IndiGo,27/05/2019,Banglore,Delhi,BLR → DEL,21:15,00:15 28 May,3h,non-stop,No info,3943
IndiGo,18/06/2019,Banglore,Delhi,BLR → DEL,18:25,21:20,2h 55m,non-stop,No info,4823
Jet Airways,12/05/2019,Kolkata,Banglore,CCU → DEL → BLR,17:00,14:25 13 May,21h 25m,1 stop,No info,13067
Jet Airways,21/05/2019,Kolkata,Banglore,CCU → GAU → BLR,10:20,17:35,7h 15m,1 stop,In-flight meal not included,5608
Jet Airways,27/03/2019,Delhi,Cochin,DEL → AMD → BOM → COK,19:10,19:45 28 Mar,24h 35m,2 stops,No info,10976
Vistara,24/03/2019,Kolkata,Banglore,CCU → DEL → BLR,20:20,09:10 25 Mar,12h 50m,1 stop,No info,12312
IndiGo,18/04/2019,Kolkata,Banglore,CCU → BLR,17:15,19:50,2h 35m,non-stop,No info,4174
GoAir,1/06/2019,Delhi,Cochin,DEL → BOM → COK,14:25,19:35,5h 10m,1 stop,No info,10651
Vistara,12/05/2019,Chennai,Kolkata,MAA → CCU,17:45,20:05,2h 20m,non-stop,No info,11982
IndiGo,15/05/2019,Delhi,Cochin,DEL → BOM → COK,10:35,01:30 16 May,14h 55m,1 stop,No info,6979
IndiGo,27/05/2019,Delhi,Cochin,DEL → BOM → COK,16:00,21:00,5h,1 stop,No info,5054
Vistara,21/03/2019,Banglore,New Delhi,BLR → DEL,07:00,09:40,2h 40m,non-stop,No info,5403
Jet Airways,21/06/2019,Banglore,Delhi,BLR → DEL,15:15,18:10,2h 55m,non-stop,No info,8016
Multiple carriers,6/06/2019,Delhi,Cochin,DEL → HYD → COK,09:45,16:10,6h 25m,1 stop,No info,9646
Jet Airways,27/06/2019,Delhi,Cochin,DEL → BOM → COK,22:50,12:35 28 Jun,13h 45m,1 stop,In-flight meal not included,10262
SpiceJet,18/04/2019,Kolkata,Banglore,CCU → BLR,09:00,11:25,2h 25m,non-stop,No info,4174
Jet Airways,9/06/2019,Delhi,Cochin,DEL → BOM → COK,09:00,04:25 10 Jun,19h 25m,1 stop,In-flight meal not included,10262
Jet Airways,18/05/2019,Delhi,Cochin,DEL → BOM → COK,14:00,04:25 19 May,14h 25m,1 stop,In-flight meal not included,12373
SpiceJet,09/03/2019,Banglore,New Delhi,BLR → DEL,05:45,08:35,2h 50m,non-stop,No info,5126
IndiGo,12/06/2019,Delhi,Cochin,DEL → PNQ → COK,23:30,04:35 13 Jun,5h 5m,1 stop,No info,10112
Multiple carriers,21/05/2019,Delhi,Cochin,DEL → BOM → COK,11:40,01:30 22 May,13h 50m,1 stop,No info,7485
IndiGo,9/05/2019,Chennai,Kolkata,MAA → CCU,05:15,07:40,2h 25m,non-stop,No info,3540
Vistara,27/05/2019,Chennai,Kolkata,MAA → CCU,07:05,09:20,2h 15m,non-stop,No info,3687
Air India,24/04/2019,Kolkata,Banglore,CCU → BLR,14:15,16:45,2h 30m,non-stop,No info,4880
Air India,21/05/2019,Kolkata,Banglore,CCU → DEL → BLR,07:00,20:25,13h 25m,1 stop,No info,11096
Multiple carriers,18/05/2019,Delhi,Cochin,DEL → BOM → COK,11:40,19:15,7h 35m,1 stop,No info,9211
Jet Airways,21/03/2019,Delhi,Cochin,DEL → BOM → COK,19:45,18:50 22 Mar,23h 5m,1 stop,In-flight meal not included,5406
Air India,15/06/2019,Chennai,Kolkata,MAA → CCU,11:40,13:55,2h 15m,non-stop,No info,4667
Jet Airways,21/05/2019,Kolkata,Banglore,CCU → BOM → BLR,14:05,19:50,5h 45m,1 stop,No info,14781
IndiGo,21/06/2019,Mumbai,Hyderabad,BOM → HYD,06:25,07:55,1h 30m,non-stop,No info,4049
Jet Airways,06/03/2019,Banglore,New Delhi,BLR → BOM → DEL,05:45,13:15,7h 30m,1 stop,No info,19225
Air India,21/03/2019,Delhi,Cochin,DEL → AMD → BOM → COK,19:45,19:15 22 Mar,23h 30m,2 stops,No info,8236
Jet Airways,15/05/2019,Kolkata,Banglore,CCU → DEL → BLR,20:25,09:45 16 May,13h 20m,1 stop,No info,13067
Multiple carriers,21/05/2019,Delhi,Cochin,DEL → BOM → COK,12:50,21:00,8h 10m,1 stop,No info,7485
Jet Airways,18/06/2019,Mumbai,Hyderabad,BOM → HYD,08:45,10:15,1h 30m,non-stop,In-flight meal not included,4995
IndiGo,15/05/2019,Chennai,Kolkata,MAA → CCU,05:15,07:40,2h 25m,non-stop,No info,3540
Jet Airways,9/04/2019,Banglore,Delhi,BLR → DEL,07:10,10:10,3h,non-stop,No info,7229
IndiGo,1/06/2019,Banglore,Delhi,BLR → DEL,22:10,01:00 02 Jun,2h 50m,non-stop,No info,3419
SpiceJet,21/03/2019,Kolkata,Banglore,CCU → BLR,06:55,09:35,2h 40m,non-stop,No check-in baggage included,3815
Jet Airways,9/05/2019,Delhi,Cochin,DEL → BOM → COK,13:00,04:25 10 May,15h 25m,1 stop,In-flight meal not included,12373
IndiGo,1/06/2019,Banglore,Delhi,BLR → DEL,21:15,00:15 02 Jun,3h,non-stop,No info,3943
Jet Airways,21/05/2019,Delhi,Cochin,DEL → BOM → COK,19:15,12:35 22 May,17h 20m,1 stop,In-flight meal not included,12898
IndiGo,27/05/2019,Delhi,Cochin,DEL → PNQ → COK,23:30,04:35 28 May,5h 5m,1 stop,No info,9476
Air India,21/05/2019,Delhi,Cochin,DEL → NAG → BOM → COK,05:55,19:15 22 May,37h 20m,2 stops,No info,10493
Jet Airways,21/05/2019,Kolkata,Banglore,CCU → BOM → BLR,20:00,04:40 22 May,8h 40m,1 stop,In-flight meal not included,10844
Vistara,24/03/2019,Kolkata,Banglore,CCU → DEL → BLR,09:55,18:45,8h 50m,1 stop,No info,16092
Vistara,9/05/2019,Delhi,Cochin,DEL → COK,14:40,17:50,3h 10m,non-stop,No info,6216
Jet Airways,21/04/2019,Banglore,Delhi,BLR → DEL,07:10,10:10,3h,non-stop,In-flight meal not included,6144
Air India,18/05/2019,Banglore,Delhi,BLR → DEL,10:00,12:45,2h 45m,non-stop,No info,6961
Jet Airways,27/03/2019,Delhi,Cochin,DEL → BOM → COK,21:50,04:25 28 Mar,6h 35m,1 stop,In-flight meal not included,6017
Jet Airways,9/06/2019,Delhi,Cochin,DEL → BOM → COK,11:30,19:00,7h 30m,1 stop,No info,14714
Jet Airways,18/05/2019,Kolkata,Banglore,CCU → BOM → BLR,21:10,10:05 19 May,12h 55m,1 stop,In-flight meal not included,8586
Jet Airways,3/06/2019,Delhi,Cochin,DEL → BOM → COK,19:45,04:25 04 Jun,8h 40m,1 stop,In-flight meal not included,10262
Jet Airways,1/05/2019,Delhi,Cochin,DEL → AMD → BOM → COK,23:05,04:25 03 May,29h 20m,2 stops,No info,16704
IndiGo,27/03/2019,Chennai,Kolkata,MAA → CCU,05:15,07:35,2h 20m,non-stop,No info,4326
Jet Airways,27/06/2019,Mumbai,Hyderabad,BOM → HYD,10:20,11:50,1h 30m,non-stop,No info,8040
Jet Airways,3/06/2019,Delhi,Cochin,DEL → JAI → BOM → COK,05:30,19:00,13h 30m,2 stops,In-flight meal not included,10368
Vistara,6/06/2019,Kolkata,Banglore,CCU → DEL → BLR,20:20,23:25 07 Jun,27h 5m,1 stop,No info,9345
Multiple carriers,21/05/2019,Delhi,Cochin,DEL → BOM → COK,07:00,19:00,12h,1 stop,No info,10197
IndiGo,15/05/2019,Delhi,Cochin,DEL → HYD → COK,14:20,22:30,8h 10m,1 stop,No info,6412
Jet Airways,18/05/2019,Kolkata,Banglore,CCU → BOM → BLR,16:30,18:15 19 May,25h 45m,1 stop,In-flight meal not included,10844
IndiGo,18/06/2019,Banglore,Delhi,BLR → DEL,05:30,08:20,2h 50m,non-stop,No info,3943
Jet Airways,1/05/2019,Kolkata,Banglore,CCU → BOM → BLR,20:00,10:05 02 May,14h 5m,1 stop,In-flight meal not included,8586
IndiGo,27/04/2019,Delhi,Cochin,DEL → COK,05:35,08:50,3h 15m,non-stop,No info,6015
Jet Airways,12/06/2019,Kolkata,Banglore,CCU → DEL → BLR,09:35,22:05,12h 30m,1 stop,No info,12692
IndiGo,15/05/2019,Banglore,Delhi,BLR → DEL,01:30,04:15,2h 45m,non-stop,No info,3419
Jet Airways,3/06/2019,Delhi,Cochin,DEL → BOM → COK,21:50,04:25 04 Jun,6h 35m,1 stop,In-flight meal not included,12898
Air India,18/05/2019,Kolkata,Banglore,CCU → JAI → BOM → BLR,08:20,07:55 19 May,23h 35m,2 stops,No info,10697
Jet Airways,1/04/2019,Kolkata,Banglore,CCU → BOM → BLR,21:10,04:40 02 Apr,7h 30m,1 stop,No info,13364
Air India,3/06/2019,Kolkata,Banglore,CCU → BLR,14:15,16:45,2h 30m,non-stop,No info,5510
Vistara,12/05/2019,Kolkata,Banglore,CCU → DEL → BLR,17:00,18:50 13 May,25h 50m,1 stop,No info,9135
Multiple carriers,21/03/2019,Delhi,Cochin,DEL → BOM → COK,11:30,01:35 22 Mar,14h 5m,1 stop,No info,13542
Air India,6/05/2019,Kolkata,Banglore,CCU → DEL → COK → BLR,10:00,01:20 07 May,15h 20m,2 stops,No info,13873
Jet Airways,6/05/2019,Kolkata,Banglore,CCU → DEL → BLR,09:35,19:10,9h 35m,1 stop,In-flight meal not included,12384
Air India,09/03/2019,Banglore,New Delhi,BLR → DEL,21:10,23:55,2h 45m,non-stop,No info,4966
Jet Airways,1/06/2019,Banglore,Delhi,BLR → DEL,07:10,10:10,3h,non-stop,In-flight meal not included,7229
Air India,6/03/2019,Mumbai,Hyderabad,BOM → JDH → DEL → HYD,09:40,15:15 07 Mar,29h 35m,2 stops,No info,25139
Jet Airways,27/05/2019,Delhi,Cochin,DEL → BOM → COK,20:55,19:00 28 May,22h 5m,1 stop,In-flight meal not included,12898
IndiGo,15/03/2019,Chennai,Kolkata,MAA → CCU,05:15,07:35,2h 20m,non-stop,No info,4326
Jet Airways,9/05/2019,Kolkata,Banglore,CCU → BOM → BLR,08:25,04:40 10 May,20h 15m,1 stop,No info,13941
Jet Airways,6/04/2019,Delhi,Cochin,DEL → BOM → COK,08:00,19:00,11h,1 stop,In-flight meal not included,5406
Jet Airways,1/06/2019,Delhi,Cochin,DEL → IDR → BOM → COK,21:25,12:35 02 Jun,15h 10m,2 stops,No info,13292
Jet Airways,24/05/2019,Kolkata,Banglore,CCU → BOM → BLR,18:55,23:35 25 May,28h 40m,1 stop,In-flight meal not included,10844
Multiple carriers,6/03/2019,Delhi,Cochin,DEL → BOM → COK,11:40,19:15,7h 35m,1 stop,No info,15353
GoAir,9/05/2019,Delhi,Cochin,DEL → BOM → COK,14:25,19:35,5h 10m,1 stop,No info,10188
Jet Airways,18/05/2019,Delhi,Cochin,DEL → AMD → BOM → COK,13:25,19:00 19 May,29h 35m,2 stops,No info,16704
Multiple carriers,27/05/2019,Delhi,Cochin,DEL → BOM → COK,13:00,01:30 28 May,12h 30m,1 stop,In-flight meal not included,6943
Jet Airways,18/05/2019,Delhi,Cochin,DEL → NAG → BOM → COK,14:35,04:25 19 May,13h 50m,2 stops,In-flight meal not included,13848
Vistara,6/05/2019,Banglore,Delhi,BLR → DEL,07:00,09:40,2h 40m,non-stop,No info,4668
IndiGo,9/05/2019,Banglore,Delhi,BLR → DEL,23:30,02:20 10 May,2h 50m,non-stop,No info,3943
Air India,18/05/2019,Delhi,Cochin,DEL → BLR → COK,17:40,23:00,5h 20m,1 stop,No info,8277
Jet Airways,6/06/2019,Kolkata,Banglore,CCU → BOM → BLR,16:30,23:35,7h 5m,1 stop,In-flight meal not included,10844
Jet Airways,18/05/2019,Kolkata,Banglore,CCU → BOM → BLR,21:10,10:05 19 May,12h 55m,1 stop,No info,13941
Jet Airways,1/04/2019,Kolkata,Banglore,CCU → DEL → BLR,09:35,19:10,9h 35m,1 stop,No info,11467
Jet Airways,6/06/2019,Kolkata,Banglore,CCU → DEL → BLR,09:35,09:45 07 Jun,24h 10m,1 stop,No info,12692
Air India,15/05/2019,Banglore,Delhi,BLR → DEL,13:20,16:10,2h 50m,non-stop,No info,5228
Multiple carriers,9/05/2019,Delhi,Cochin,DEL → BOM → COK,08:00,19:15,11h 15m,1 stop,In-flight meal not included,9871
Jet Airways,1/04/2019,Kolkata,Banglore,CCU → BOM → BLR,06:30,20:45,14h 15m,1 stop,No info,12681
Multiple carriers,12/06/2019,Delhi,Cochin,DEL → BOM → COK,17:00,01:30 13 Jun,8h 30m,1 stop,No info,7198
Jet Airways,15/06/2019,Delhi,Cochin,DEL → JAI → BOM → COK,09:40,04:25 16 Jun,18h 45m,2 stops,No info,13014
Air Asia,12/05/2019,Kolkata,Banglore,CCU → BLR,19:55,22:25,2h 30m,non-stop,No info,5530
Jet Airways,6/06/2019,Delhi,Cochin,DEL → BDQ → BOM → COK,18:25,04:25 07 Jun,10h,2 stops,No info,14237
Jet Airways,01/03/2019,Banglore,New Delhi,BLR → BOM → DEL,11:40,00:45 02 Mar,13h 5m,1 stop,No info,26890
SpiceJet,18/05/2019,Mumbai,Hyderabad,BOM → HYD,22:45,00:15 19 May,1h 30m,non-stop,No info,2017
Air Asia,12/06/2019,Kolkata,Banglore,CCU → BBI → BLR,06:50,10:30,3h 40m,1 stop,No info,5162
Air India,21/06/2019,Chennai,Kolkata,MAA → CCU,11:40,13:55,2h 15m,non-stop,No info,4667
Jet Airways,01/03/2019,Banglore,New Delhi,BLR → BOM → DEL,07:00,12:25,5h 25m,1 stop,No info,26890
Multiple carriers,15/05/2019,Delhi,Cochin,DEL → BOM → COK,08:30,19:00,10h 30m,1 stop,No info,9627
SpiceJet,21/04/2019,Delhi,Cochin,DEL → MAA → COK,06:05,11:20,5h 15m,1 stop,No info,5583
Jet Airways,24/03/2019,Kolkata,Banglore,CCU → BOM → BLR,21:10,10:05 25 Mar,12h 55m,1 stop,In-flight meal not included,12446
Jet Airways,15/06/2019,Delhi,Cochin,DEL → BOM → COK,22:50,19:00 16 Jun,20h 10m,1 stop,In-flight meal not included,10262
IndiGo,27/05/2019,Kolkata,Banglore,CCU → BLR,20:20,22:55,2h 35m,non-stop,No info,4804
Vistara,24/03/2019,Kolkata,Banglore,CCU → DEL → BLR,20:20,22:55 25 Mar,26h 35m,1 stop,No info,11682
IndiGo,6/03/2019,Mumbai,Hyderabad,BOM → GOI → HYD,15:45,23:00,7h 15m,1 stop,No info,7681
Jet Airways,9/06/2019,Kolkata,Banglore,CCU → BOM → BLR,21:10,16:20 10 Jun,19h 10m,1 stop,In-flight meal not included,10844
IndiGo,3/03/2019,Delhi,Cochin,DEL → BOM → COK,04:45,11:30,6h 45m,1 stop,No info,14871
IndiGo,9/04/2019,Banglore,Delhi,BLR → DEL,10:10,13:00,2h 50m,non-stop,No info,4423
Air India,9/05/2019,Kolkata,Banglore,CCU → HYD → BLR,19:00,11:05 10 May,16h 5m,1 stop,No info,6117
Jet Airways,21/05/2019,Delhi,Cochin,DEL → AMD → BOM → COK,19:10,19:00 22 May,23h 50m,2 stops,No info,15129
Jet Airways,24/06/2019,Delhi,Cochin,DEL → LKO → BOM → COK,11:45,04:25 25 Jun,16h 40m,2 stops,No info,13357
IndiGo,1/06/2019,Delhi,Cochin,DEL → HYD → COK,16:10,22:30,6h 20m,1 stop,No info,6938
Jet Airways,18/05/2019,Delhi,Cochin,DEL → BOM → COK,10:00,19:00,9h,1 stop,No info,15554
Jet Airways,01/03/2019,Banglore,New Delhi,BLR → BOM → DEL,05:45,16:10,10h 25m,1 stop,No info,26890
Vistara,21/05/2019,Kolkata,Banglore,CCU → DEL → BLR,20:20,22:40 22 May,26h 20m,1 stop,No info,8452
Multiple carriers,27/06/2019,Delhi,Cochin,DEL → BOM → COK,06:00,19:15,13h 15m,1 stop,In-flight meal not included,7268
Multiple carriers,9/04/2019,Delhi,Cochin,DEL → BOM → COK,08:00,19:00,11h,1 stop,No info,11142
Multiple carriers,21/03/2019,Delhi,Cochin,DEL → BOM → COK,09:00,19:15,10h 15m,1 stop,No info,13378
IndiGo,9/05/2019,Delhi,Cochin,DEL → BOM → COK,18:35,01:30 10 May,6h 55m,1 stop,No info,8542
Multiple carriers,15/06/2019,Delhi,Cochin,DEL → BOM → COK,13:00,19:15,6h 15m,1 stop,No info,16108
Multiple carriers,3/03/2019,Delhi,Cochin,DEL → BOM → COK,13:55,01:35 04 Mar,11h 40m,1 stop,No info,17057
Jet Airways,12/05/2019,Kolkata,Banglore,CCU → BOM → BLR,06:30,04:40 13 May,22h 10m,1 stop,No info,13941
SpiceJet,15/04/2019,Kolkata,Banglore,CCU → BLR,06:55,09:30,2h 35m,non-stop,No check-in baggage included,3841
Air India,12/03/2019,Banglore,New Delhi,BLR → AMD → DEL,00:30,08:45,8h 15m,1 stop,No info,13492
Air India,03/03/2019,Banglore,New Delhi,BLR → CCU → GAU → DEL,11:05,22:10 07 Mar,35h 5m,2 stops,No info,11791
Jet Airways,9/03/2019,Delhi,Cochin,DEL → BOM → COK,06:50,19:45,12h 55m,1 stop,In-flight meal not included,14053
IndiGo,27/04/2019,Banglore,Delhi,BLR → DEL,04:00,06:50,2h 50m,non-stop,No info,4423
Jet Airways,06/03/2019,Banglore,New Delhi,BLR → BOM → DEL,21:25,11:25 07 Mar,14h,1 stop,No info,17261
Jet Airways,18/05/2019,Kolkata,Banglore,CCU → DEL → BLR,17:00,19:10 19 May,26h 10m,1 stop,No info,14151
Jet Airways,21/04/2019,Banglore,Delhi,BLR → DEL,11:10,14:05,2h 55m,non-stop,No info,7229
Jet Airways,9/05/2019,Kolkata,Banglore,CCU → BOM → BLR,08:25,18:15,9h 50m,1 stop,In-flight meal not included,10844
Jet Airways,1/05/2019,Kolkata,Banglore,CCU → BOM → BLR,14:05,12:00 02 May,21h 55m,1 stop,In-flight meal not included,9663
Air India,01/03/2019,Banglore,New Delhi,BLR → HYD → DEL,17:00,12:15 02 Mar,19h 15m,1 stop,No info,10246
Air Asia,24/04/2019,Banglore,Delhi,BLR → DEL,11:10,13:55,2h 45m,non-stop,No info,3383
Air India,18/05/2019,Kolkata,Banglore,CCU → BOM → GOI → BLR,16:50,05:35 19 May,12h 45m,2 stops,No info,11642
Air India,9/05/2019,Kolkata,Banglore,CCU → BOM → BLR,16:50,18:30 10 May,25h 40m,1 stop,No info,8576
IndiGo,1/04/2019,Delhi,Cochin,DEL → HYD → COK,07:35,12:10,4h 35m,1 stop,No info,5073
Jet Airways,3/04/2019,Banglore,Delhi,BLR → DEL,15:15,18:10,2h 55m,non-stop,In-flight meal not included,4544
Jet Airways,9/06/2019,Mumbai,Hyderabad,BOM → HYD,02:55,04:20,1h 25m,non-stop,In-flight meal not included,4050
SpiceJet,27/06/2019,Banglore,Delhi,BLR → DEL,09:30,12:20,2h 50m,non-stop,No check-in baggage included,3573
Multiple carriers,21/03/2019,Delhi,Cochin,DEL → BOM → COK,06:40,18:50,12h 10m,1 stop,No info,13568
Vistara,09/03/2019,Banglore,New Delhi,BLR → DEL,07:00,09:40,2h 40m,non-stop,No info,7398
Jet Airways,9/05/2019,Delhi,Cochin,DEL → AMD → BOM → COK,23:05,04:25 11 May,29h 20m,2 stops,No info,15129
Jet Airways,1/04/2019,Banglore,Delhi,BLR → DEL,06:00,08:45,2h 45m,non-stop,In-flight meal not included,4544
Air India,12/06/2019,Banglore,Delhi,BLR → DEL,13:20,16:10,2h 50m,non-stop,No info,6961
Jet Airways,1/04/2019,Kolkata,Banglore,CCU → BOM → BLR,08:25,19:50,11h 25m,1 stop,No info,12681
Jet Airways,21/03/2019,Banglore,New Delhi,BLR → MAA → DEL,09:45,15:55,6h 10m,1 stop,In-flight meal not included,7280
SpiceJet,1/05/2019,Kolkata,Banglore,CCU → BLR,17:10,19:40,2h 30m,non-stop,No info,4174
Jet Airways,12/05/2019,Kolkata,Banglore,CCU → DEL → BLR,17:00,21:05 13 May,28h 5m,1 stop,No info,12121
Air India,09/03/2019,Banglore,New Delhi,BLR → CCU → DEL,05:50,22:45,16h 55m,1 stop,No info,10657
Jet Airways,21/05/2019,Kolkata,Banglore,CCU → BOM → BLR,18:55,04:40 22 May,9h 45m,1 stop,No info,14388
IndiGo,18/06/2019,Banglore,Delhi,BLR → DEL,23:30,02:20 19 Jun,2h 50m,non-stop,No info,3943
Air India,6/03/2019,Delhi,Cochin,DEL → HYD → BOM → COK,07:05,19:15 07 Mar,36h 10m,2 stops,No info,11552
Jet Airways,15/05/2019,Kolkata,Banglore,CCU → DEL → BLR,20:25,18:00 16 May,21h 35m,1 stop,No info,14151
GoAir,24/05/2019,Banglore,Delhi,BLR → DEL,11:40,14:30,2h 50m,non-stop,No info,3398
Air India,15/06/2019,Delhi,Cochin,DEL → BLR → COK,17:40,23:00,5h 20m,1 stop,No info,7384
Jet Airways,3/03/2019,Delhi,Cochin,DEL → BOM → COK,09:55,04:25 04 Mar,18h 30m,1 stop,No info,19828
Air India,6/04/2019,Delhi,Cochin,DEL → MAA → COK,20:40,09:25 07 Apr,12h 45m,1 stop,No info,5117
Air Asia,1/04/2019,Kolkata,Banglore,CCU → BLR,19:55,22:25,2h 30m,non-stop,No info,3807
Jet Airways,27/03/2019,Delhi,Cochin,DEL → BOM → COK,23:05,19:45 28 Mar,20h 40m,1 stop,In-flight meal not included,7438
Jet Airways,1/05/2019,Banglore,Delhi,BLR → DEL,08:20,11:20,3h,non-stop,In-flight meal not included,5198
IndiGo,6/03/2019,Delhi,Cochin,DEL → BOM → COK,08:25,21:00,12h 35m,1 stop,No info,14871
IndiGo,18/05/2019,Kolkata,Banglore,CCU → MAA → BLR,08:10,13:00,4h 50m,1 stop,No info,5279
GoAir,18/06/2019,Banglore,Delhi,BLR → DEL,20:55,23:40,2h 45m,non-stop,No info,3419
Jet Airways,15/06/2019,Delhi,Cochin,DEL → IDR → BOM → COK,05:30,19:00,13h 30m,2 stops,No info,13292
Jet Airways,1/06/2019,Delhi,Cochin,DEL → NAG → BOM → COK,14:35,04:25 02 Jun,13h 50m,2 stops,No info,13376
Multiple carriers,27/06/2019,Delhi,Cochin,DEL → HYD → COK,14:55,22:30,7h 35m,1 stop,In-flight meal not included,6093
Jet Airways,27/05/2019,Delhi,Cochin,DEL → ATQ → BOM → COK,20:00,04:25 28 May,8h 25m,2 stops,No info,16263
IndiGo,1/06/2019,Delhi,Cochin,DEL → BOM → COK,07:30,21:00,13h 30m,1 stop,No info,6416
IndiGo,09/03/2019,Banglore,New Delhi,BLR → DEL,21:20,00:15 10 Mar,2h 55m,non-stop,No info,6144
Jet Airways,24/03/2019,Kolkata,Banglore,CCU → BOM → BLR,21:10,18:10 25 Mar,21h,1 stop,In-flight meal not included,10031
IndiGo,24/06/2019,Banglore,Delhi,BLR → DEL,13:00,15:50,2h 50m,non-stop,No info,3943
Air Asia,3/04/2019,Kolkata,Banglore,CCU → BLR,10:20,12:55,2h 35m,non-stop,No info,4107
Multiple carriers,21/03/2019,Delhi,Cochin,DEL → BOM → COK,09:10,18:50,9h 40m,1 stop,No info,13069
Jet Airways,27/06/2019,Delhi,Cochin,DEL → IDR → BOM → COK,09:35,12:35 28 Jun,27h,2 stops,No info,13292
IndiGo,01/03/2019,Banglore,New Delhi,BLR → HYD → DEL,16:55,21:50,4h 55m,1 stop,No Info,8153
Multiple carriers,6/03/2019,Delhi,Cochin,DEL → HYD → MAA → COK,13:05,21:20,8h 15m,2 stops,No info,10759
Jet Airways,9/05/2019,Delhi,Cochin,DEL → JAI → BOM → COK,19:30,12:35 10 May,17h 5m,2 stops,In-flight meal not included,13029
Air India,15/05/2019,Kolkata,Banglore,CCU → BOM → AMD → BLR,09:25,05:25 16 May,20h,2 stops,No info,14687
Multiple carriers,24/06/2019,Delhi,Cochin,DEL → HYD → COK,09:45,16:10,6h 25m,1 stop,No info,9646
Multiple carriers,6/03/2019,Delhi,Cochin,DEL → BOM → COK,07:30,21:00,13h 30m,1 stop,No info,15147
Jet Airways,06/03/2019,Banglore,New Delhi,BLR → BOM → DEL,08:55,09:00 07 Mar,24h 5m,1 stop,In-flight meal not included,13712
Air India,9/03/2019,Delhi,Cochin,DEL → MAA → COK,17:20,09:25 10 Mar,16h 5m,1 stop,No info,12415
Air Asia,15/05/2019,Kolkata,Banglore,CCU → IXR → DEL → BLR,15:10,23:30,8h 20m,2 stops,No info,5192
IndiGo,3/03/2019,Delhi,Cochin,DEL → HYD → COK,06:40,16:10,9h 30m,1 stop,No info,9027
Air India,21/05/2019,Delhi,Cochin,DEL → HYD → BOM → COK,17:15,19:15 22 May,26h,2 stops,No info,11972
Vistara,21/06/2019,Chennai,Kolkata,MAA → CCU,07:05,09:20,2h 15m,non-stop,No info,3687
Jet Airways,6/03/2019,Delhi,Cochin,DEL → DED → BOM → COK,16:50,04:25 08 Mar,35h 35m,2 stops,No info,19907
Multiple carriers,27/03/2019,Delhi,Cochin,DEL → BOM → COK,04:00,15:30,11h 30m,1 stop,No info,6305
Multiple carriers,9/03/2019,Delhi,Cochin,DEL → HYD → MAA → COK,07:05,21:20,14h 15m,2 stops,No info,8620
IndiGo,3/03/2019,Delhi,Cochin,DEL → HYD → COK,06:40,22:20,15h 40m,1 stop,No info,11600
SpiceJet,1/06/2019,Mumbai,Hyderabad,BOM → HYD,13:15,14:45,1h 30m,non-stop,No check-in baggage included,2175
IndiGo,27/05/2019,Delhi,Cochin,DEL → BOM → COK,16:00,01:30 28 May,9h 30m,1 stop,No info,7048
Jet Airways,1/06/2019,Delhi,Cochin,DEL → JAI → BOM → COK,05:30,04:25 02 Jun,22h 55m,2 stops,In-flight meal not included,10368
Jet Airways,24/03/2019,Kolkata,Banglore,CCU → BOM → BLR,08:25,12:00 25 Mar,27h 35m,1 stop,In-flight meal not included,10031
Air India,9/03/2019,Delhi,Cochin,DEL → AMD → BOM → COK,05:00,19:15 10 Mar,38h 15m,2 stops,No info,10598
Vistara,1/04/2019,Kolkata,Banglore,CCU → DEL → BLR,17:00,18:50 02 Apr,25h 50m,1 stop,No info,8610
Multiple carriers,1/06/2019,Delhi,Cochin,DEL → BOM → COK,13:00,01:30 02 Jun,12h 30m,1 stop,No info,7723
Jet Airways,3/03/2019,Mumbai,Hyderabad,BOM → HYD,02:55,04:25,1h 30m,non-stop,In-flight meal not included,4050
Air Asia,24/04/2019,Kolkata,Banglore,CCU → BLR,10:20,12:55,2h 35m,non-stop,No info,4409
Jet Airways,1/06/2019,Delhi,Cochin,DEL → NAG → BOM → COK,14:35,04:25 02 Jun,13h 50m,2 stops,No info,13376
Air India,12/06/2019,Chennai,Kolkata,MAA → CCU,11:40,13:55,2h 15m,non-stop,No info,4667
Vistara,27/04/2019,Banglore,Delhi,BLR → DEL,21:00,23:50,2h 50m,non-stop,No info,5403
Jet Airways,9/05/2019,Kolkata,Banglore,CCU → BOM → BLR,06:30,04:40 10 May,22h 10m,1 stop,In-flight meal not included,8586
Air India,21/03/2019,Chennai,Kolkata,MAA → CCU,11:40,13:55,2h 15m,non-stop,No info,3670
SpiceJet,12/05/2019,Mumbai,Hyderabad,BOM → HYD,05:45,07:15,1h 30m,non-stop,No info,2017
Jet Airways,24/03/2019,Kolkata,Banglore,CCU → BOM → BLR,19:45,16:20 25 Mar,20h 35m,1 stop,In-flight meal not included,10031
IndiGo,18/03/2019,Kolkata,Banglore,CCU → BLR,05:30,08:20,2h 50m,non-stop,No info,4462
Jet Airways,12/06/2019,Delhi,Cochin,DEL → JAI → BOM → COK,09:40,12:35 13 Jun,26h 55m,2 stops,In-flight meal not included,10368
SpiceJet,27/04/2019,Kolkata,Banglore,CCU → BLR,22:20,00:40 28 Apr,2h 20m,non-stop,No info,3873
Air India,27/05/2019,Delhi,Cochin,DEL → BLR → COK,09:45,23:00,13h 15m,1 stop,No info,8907
Jet Airways,15/05/2019,Kolkata,Banglore,CCU → BOM → BLR,21:10,19:50 16 May,22h 40m,1 stop,In-flight meal not included,10844
SpiceJet,3/06/2019,Mumbai,Hyderabad,BOM → HYD,05:45,07:15,1h 30m,non-stop,No info,2753
Vistara,9/05/2019,Kolkata,Banglore,CCU → DEL → BLR,07:10,23:25,16h 15m,1 stop,No info,8085
Jet Airways,21/05/2019,Banglore,Delhi,BLR → DEL,15:50,18:45,2h 55m,non-stop,In-flight meal not included,3359
IndiGo,15/05/2019,Chennai,Kolkata,MAA → CCU,14:45,17:05,2h 20m,non-stop,No info,3597
Jet Airways,24/03/2019,Kolkata,Banglore,CCU → BOM → BLR,21:10,16:20 25 Mar,19h 10m,1 stop,In-flight meal not included,10031
IndiGo,24/03/2019,Banglore,New Delhi,BLR → DEL,21:20,00:15 28 Mar,2h 55m,non-stop,No info,5694
Air India,15/03/2019,Delhi,Cochin,DEL → COK,18:05,21:10,3h 5m,non-stop,No info,4939
Jet Airways,12/03/2019,Mumbai,Hyderabad,BOM → HYD,19:40,21:10,1h 30m,non-stop,No info,5678
Jet Airways,27/05/2019,Delhi,Cochin,DEL → BOM → COK,18:15,04:25 28 May,10h 10m,1 stop,In-flight meal not included,12898
Multiple carriers,9/05/2019,Delhi,Cochin,DEL → BOM → COK,07:30,19:00,11h 30m,1 stop,No info,9794
Vistara,24/03/2019,Kolkata,Banglore,CCU → DEL → BLR,17:00,10:50 25 Mar,17h 50m,1 stop,No info,12890
Air India,12/05/2019,Kolkata,Banglore,CCU → BBI → IXR → DEL → BLR,12:00,23:15 13 May,35h 15m,3 stops,No info,10991
IndiGo,03/03/2019,Banglore,New Delhi,BLR → DEL,04:00,06:50,2h 50m,non-stop,No info,6144
SpiceJet,15/05/2019,Chennai,Kolkata,MAA → CCU,09:45,12:00,2h 15m,non-stop,No info,3597
Multiple carriers,9/05/2019,Delhi,Cochin,DEL → BOM → COK,17:30,01:30 10 May,8h,1 stop,No info,15078
SpiceJet,15/05/2019,Mumbai,Hyderabad,BOM → HYD,22:45,00:15 16 May,1h 30m,non-stop,No info,2017
Air India,15/06/2019,Delhi,Cochin,DEL → AMD → BOM → COK,05:00,07:40 16 Jun,26h 40m,2 stops,No info,10231
Air India,21/05/2019,Delhi,Cochin,DEL → GOI → BOM → COK,22:00,19:15 22 May,21h 15m,2 stops,No info,10231
Air India,12/06/2019,Delhi,Cochin,DEL → CCU → BOM → COK,14:25,19:15 13 Jun,28h 50m,2 stops,No info,13381
Air India,21/05/2019,Kolkata,Banglore,CCU → JAI → DEL → BLR,08:20,23:15,14h 55m,2 stops,No info,13164
SpiceJet,6/06/2019,Mumbai,Hyderabad,BOM → HYD,05:45,07:15,1h 30m,non-stop,No info,2753
Jet Airways,01/03/2019,Banglore,New Delhi,BLR → BOM → DEL,11:40,09:00 02 Mar,21h 20m,1 stop,No info,20800
Multiple carriers,3/03/2019,Delhi,Cochin,DEL → HYD → COK,09:45,22:20,12h 35m,1 stop,No info,13838
Jet Airways,6/05/2019,Kolkata,Banglore,CCU → BOM → BLR,21:10,10:05 07 May,12h 55m,1 stop,In-flight meal not included,7757
Vistara,21/05/2019,Kolkata,Banglore,CCU → DEL → BLR,07:10,09:05 22 May,25h 55m,1 stop,No info,8452
Jet Airways,21/06/2019,Banglore,Delhi,BLR → DEL,11:10,14:05,2h 55m,non-stop,No info,8016
IndiGo,3/05/2019,Banglore,Delhi,BLR → DEL,23:30,02:20 04 May,2h 50m,non-stop,No info,4591
Air Asia,6/03/2019,Delhi,Cochin,DEL → BLR → COK,16:45,07:10 07 Mar,14h 25m,1 stop,No info,8627
IndiGo,21/05/2019,Delhi,Cochin,DEL → HYD → COK,16:10,00:55 22 May,8h 45m,1 stop,No info,6778
IndiGo,24/04/2019,Delhi,Cochin,DEL → HYD → COK,06:50,12:10,5h 20m,1 stop,No info,5298
Multiple carriers,3/06/2019,Delhi,Cochin,DEL → BOM → COK,11:30,01:30 04 Jun,14h,1 stop,No info,13377
IndiGo,15/03/2019,Mumbai,Hyderabad,BOM → HYD,19:05,20:30,1h 25m,non-stop,No info,2754
Jet Airways,9/06/2019,Kolkata,Banglore,CCU → BOM → BLR,08:25,16:20,7h 55m,1 stop,In-flight meal not included,10844
Multiple carriers,12/06/2019,Delhi,Cochin,DEL → BOM → COK,12:50,01:30 13 Jun,12h 40m,1 stop,No info,6795
GoAir,15/05/2019,Kolkata,Banglore,CCU → AMD → BLR,16:40,00:15 16 May,7h 35m,1 stop,No info,7831
Jet Airways,9/06/2019,Banglore,Delhi,BLR → DEL,06:00,08:45,2h 45m,non-stop,No info,8016
Air India,21/05/2019,Delhi,Cochin,DEL → COK,18:05,21:10,3h 5m,non-stop,No info,6094
SpiceJet,27/05/2019,Delhi,Cochin,DEL → PNQ → COK,08:45,13:15,4h 30m,1 stop,No check-in baggage included,5158
Jet Airways,1/05/2019,Kolkata,Banglore,CCU → BOM → BLR,08:25,16:20,7h 55m,1 stop,No info,14781
Multiple carriers,3/03/2019,Delhi,Cochin,DEL → BOM → COK,07:05,13:20,6h 15m,1 stop,No info,17057
Air India,01/03/2019,Banglore,New Delhi,BLR → BOM → IDR → DEL,06:45,11:10 02 Mar,28h 25m,2 stops,No info,20999
Air India,03/03/2019,Banglore,New Delhi,BLR → BBI → DEL,09:30,23:45,14h 15m,1 stop,No info,11654
Jet Airways,06/03/2019,Banglore,New Delhi,BLR → MAA → DEL,09:45,14:25,4h 40m,1 stop,No info,16757
Air India,3/06/2019,Delhi,Cochin,DEL → LKO → BOM → COK,12:20,19:15 04 Jun,30h 55m,2 stops,No info,12488
Jet Airways,15/03/2019,Banglore,New Delhi,BLR → BOM → DEL,05:45,13:15,7h 30m,1 stop,In-flight meal not included,9134
Air Asia,1/04/2019,Kolkata,Banglore,CCU → DEL → BLR,22:40,10:40 02 Apr,12h,1 stop,No info,5192
Jet Airways,12/05/2019,Banglore,Delhi,BLR → DEL,08:20,11:20,3h,non-stop,In-flight meal not included,6144
Jet Airways,9/06/2019,Delhi,Cochin,DEL → BOM → COK,20:55,04:25 10 Jun,7h 30m,1 stop,No info,14924
Jet Airways,21/05/2019,Kolkata,Banglore,CCU → BOM → BLR,21:10,16:20 22 May,19h 10m,1 stop,In-flight meal not included,10844
Multiple carriers,24/06/2019,Delhi,Cochin,DEL → BOM → COK,10:35,19:15,8h 40m,1 stop,No info,7155
Multiple carriers,27/03/2019,Delhi,Cochin,DEL → BOM → COK,15:05,01:35 28 Mar,10h 30m,1 stop,No info,12327
SpiceJet,18/03/2019,Chennai,Kolkata,MAA → CCU,09:30,12:05,2h 35m,non-stop,No check-in baggage included,3807
IndiGo,1/06/2019,Delhi,Cochin,DEL → HYD → COK,11:55,22:30,10h 35m,1 stop,No info,6674
Jet Airways,1/04/2019,Kolkata,Banglore,CCU → BOM → BLR,18:55,23:35 02 Apr,28h 40m,1 stop,No info,12681
Jet Airways,15/06/2019,Mumbai,Hyderabad,BOM → HYD,19:35,21:05,1h 30m,non-stop,In-flight meal not included,3210
Vistara,24/05/2019,Kolkata,Banglore,CCU → DEL → BLR,20:20,10:45 25 May,14h 25m,1 stop,No info,9187
Jet Airways,18/05/2019,Kolkata,Banglore,CCU → BOM → BLR,18:55,04:40 19 May,9h 45m,1 stop,In-flight meal not included,8586
Air Asia,15/03/2019,Banglore,New Delhi,BLR → DEL,05:50,08:40,2h 50m,non-stop,No info,5615
Jet Airways,6/05/2019,Delhi,Cochin,DEL → JDH → BOM → COK,11:40,19:00,7h 20m,2 stops,No info,21219
Jet Airways,1/06/2019,Mumbai,Hyderabad,BOM → HYD,07:05,08:30,1h 25m,non-stop,In-flight meal not included,4050
Jet Airways,21/05/2019,Delhi,Cochin,DEL → BOM → COK,07:05,12:35,5h 30m,1 stop,No info,16289
GoAir,24/05/2019,Banglore,Delhi,BLR → DEL,07:45,10:40,2h 55m,non-stop,No info,3419
Jet Airways,9/05/2019,Delhi,Cochin,DEL → BOM → COK,20:55,04:25 10 May,7h 30m,1 stop,No info,15554
Air Asia,27/04/2019,Delhi,Cochin,DEL → BLR → COK,20:45,07:10 28 Apr,10h 25m,1 stop,No info,6451
Jet Airways,1/04/2019,Kolkata,Banglore,CCU → BOM → BLR,16:30,19:50 02 Apr,27h 20m,1 stop,In-flight meal not included,7064
SpiceJet,24/04/2019,Banglore,Delhi,BLR → DEL,05:55,08:35,2h 40m,non-stop,No check-in baggage included,3919
Air Asia,18/05/2019,Kolkata,Banglore,CCU → DEL → BLR,07:35,19:25,11h 50m,1 stop,No info,5192
Vistara,1/04/2019,Kolkata,Banglore,CCU → DEL → BLR,17:00,22:55,5h 55m,1 stop,No info,8977
IndiGo,27/03/2019,Delhi,Cochin,DEL → BOM → COK,09:10,21:00,11h 50m,1 stop,No info,10351
SpiceJet,9/03/2019,Delhi,Cochin,DEL → MAA → COK,06:10,11:20,5h 10m,1 stop,No info,8382
IndiGo,9/03/2019,Delhi,Cochin,DEL → AMD → COK,07:45,13:40,5h 55m,1 stop,No info,6755
IndiGo,15/05/2019,Kolkata,Banglore,CCU → BLR,22:15,00:50 16 May,2h 35m,non-stop,No info,4804
Jet Airways,24/05/2019,Kolkata,Banglore,CCU → GAU → BLR,10:20,17:35,7h 15m,1 stop,In-flight meal not included,6287
Jet Airways,12/06/2019,Delhi,Cochin,DEL → BOM → COK,13:00,12:35 13 Jun,23h 35m,1 stop,In-flight meal not included,10262
Jet Airways,1/05/2019,Mumbai,Hyderabad,BOM → HYD,19:35,21:05,1h 30m,non-stop,No info,5678
SpiceJet,24/04/2019,Delhi,Cochin,DEL → MAA → COK,15:45,22:05,6h 20m,1 stop,No info,5583
Multiple carriers,15/06/2019,Delhi,Cochin,DEL → IXU → BOM → COK,17:50,01:30 16 Jun,7h 40m,2 stops,No info,18485
Jet Airways,6/05/2019,Kolkata,Banglore,CCU → DEL → BLR,20:25,09:45 07 May,13h 20m,1 stop,In-flight meal not included,8066
Jet Airways,15/05/2019,Kolkata,Banglore,CCU → BOM → BLR,08:25,18:15,9h 50m,1 stop,In-flight meal not included,10844
IndiGo,9/05/2019,Delhi,Cochin,DEL → HYD → COK,05:05,12:10,7h 5m,1 stop,No info,6818
Air India,27/05/2019,Delhi,Cochin,DEL → GOI → BOM → COK,10:55,07:40 28 May,20h 45m,2 stops,No info,13643
SpiceJet,27/05/2019,Chennai,Kolkata,MAA → CCU,17:45,20:05,2h 20m,non-stop,No info,3597
Jet Airways,27/06/2019,Delhi,Cochin,DEL → LKO → BOM → COK,11:45,04:25 28 Jun,16h 40m,2 stops,No info,13882
Multiple carriers,6/03/2019,Delhi,Cochin,DEL → HYD → MAA → COK,09:45,21:20,11h 35m,2 stops,No info,10444
Multiple carriers,18/05/2019,Delhi,Cochin,DEL → HYD → COK,09:45,16:10,6h 25m,1 stop,No info,9646
Air India,12/06/2019,Kolkata,Banglore,CCU → GAU → DEL → BLR,09:50,23:15,13h 25m,2 stops,No info,14960
IndiGo,27/04/2019,Delhi,Cochin,DEL → MAA → COK,02:00,07:25,5h 25m,1 stop,No info,5796
IndiGo,27/05/2019,Delhi,Cochin,DEL → HYD → COK,14:20,22:30,8h 10m,1 stop,No info,6938
Multiple carriers,21/03/2019,Delhi,Cochin,DEL → BOM → COK,17:30,01:35 22 Mar,8h 5m,1 stop,No info,13542
Air India,9/06/2019,Delhi,Cochin,DEL → BLR → COK,17:40,23:00,5h 20m,1 stop,No info,7384
IndiGo,1/06/2019,Chennai,Kolkata,MAA → CCU,15:40,18:25,2h 45m,non-stop,No info,3540
Jet Airways,6/06/2019,Kolkata,Banglore,CCU → BOM → BLR,20:00,22:35 07 Jun,26h 35m,1 stop,In-flight meal not included,10844
Jet Airways,12/05/2019,Kolkata,Banglore,CCU → BOM → BLR,16:30,09:20 13 May,16h 50m,1 stop,In-flight meal not included,9663
IndiGo,6/05/2019,Banglore,Delhi,BLR → DEL,07:10,10:05,2h 55m,non-stop,No info,4823
Jet Airways,24/05/2019,Kolkata,Banglore,CCU → BOM → BLR,21:10,04:40 25 May,7h 30m,1 stop,No info,14178
Air Asia,21/05/2019,Kolkata,Banglore,CCU → DEL → BLR,07:35,23:30,15h 55m,1 stop,No info,5192
Jet Airways,18/05/2019,Kolkata,Banglore,CCU → BOM → BLR,16:30,23:35,7h 5m,1 stop,No info,14781
Jet Airways,9/06/2019,Delhi,Cochin,DEL → JDH → BOM → COK,11:40,19:00,7h 20m,2 stops,No info,18804
IndiGo,24/03/2019,Kolkata,Banglore,CCU → BLR,10:10,12:55,2h 45m,non-stop,No info,6565
Air India,18/03/2019,Banglore,New Delhi,BLR → DEL,17:00,19:45,2h 45m,non-stop,No info,4441
IndiGo,12/06/2019,Delhi,Cochin,DEL → BOM → COK,11:25,01:30 13 Jun,14h 5m,1 stop,No info,5883
Jet Airways,21/05/2019,Delhi,Cochin,DEL → JAI → BOM → COK,19:30,04:25 22 May,8h 55m,2 stops,No info,15129
Jet Airways,9/06/2019,Delhi,Cochin,DEL → IDR → BOM → COK,05:30,04:25 10 Jun,22h 55m,2 stops,No info,13292
Air India,6/05/2019,Banglore,Delhi,BLR → DEL,21:05,23:55,2h 50m,non-stop,No info,5228
Jet Airways,6/05/2019,Banglore,Delhi,BLR → DEL,15:15,18:10,2h 55m,non-stop,In-flight meal not included,3702
IndiGo,12/06/2019,Delhi,Cochin,DEL → HYD → COK,05:05,16:10,11h 5m,1 stop,No info,6818
Multiple carriers,24/06/2019,Delhi,Cochin,DEL → BOM → COK,09:00,19:00,10h,1 stop,No info,12927
Jet Airways,18/05/2019,Kolkata,Banglore,CCU → BOM → BLR,05:45,04:40 19 May,22h 55m,1 stop,No info,13941
IndiGo,24/06/2019,Delhi,Cochin,DEL → PNQ → COK,23:30,04:35 25 Jun,5h 5m,1 stop,No info,9165
Jet Airways,01/03/2019,Banglore,New Delhi,BLR → BOM → DEL,11:40,09:30 02 Mar,21h 50m,1 stop,No info,25735
Jet Airways,27/05/2019,Delhi,Cochin,DEL → BOM → COK,19:15,19:00 28 May,23h 45m,1 stop,No info,16079
IndiGo,27/03/2019,Mumbai,Hyderabad,BOM → HYD,09:10,10:40,1h 30m,non-stop,No info,4392
Jet Airways,24/06/2019,Banglore,Delhi,BLR → DEL,07:10,10:10,3h,non-stop,No info,8016
IndiGo,21/03/2019,Kolkata,Banglore,CCU → BLR,20:25,23:05,2h 40m,non-stop,No info,4462
Air India,21/05/2019,Mumbai,Hyderabad,BOM → HYD,21:05,22:25,1h 20m,non-stop,No info,3100
Jet Airways,12/06/2019,Delhi,Cochin,DEL → BOM → COK,21:50,04:25 13 Jun,6h 35m,1 stop,In-flight meal not included,10262
Vistara,1/06/2019,Chennai,Kolkata,MAA → CCU,07:05,09:20,2h 15m,non-stop,No info,3687
IndiGo,6/05/2019,Banglore,Delhi,BLR → DEL,13:00,15:50,2h 50m,non-stop,No info,3943
Jet Airways,1/05/2019,Kolkata,Banglore,CCU → BOM → BLR,20:00,09:20 02 May,13h 20m,1 stop,No info,14388
IndiGo,24/03/2019,Kolkata,Banglore,CCU → BBI → BLR,11:55,16:25,4h 30m,1 stop,No info,9806
Jet Airways,24/05/2019,Kolkata,Banglore,CCU → BOM → BLR,14:05,19:50,5h 45m,1 stop,No info,14571
Jet Airways,18/03/2019,Banglore,New Delhi,BLR → BOM → DEL,07:00,07:40 16 Mar,24h 40m,1 stop,No info,11455
Vistara,27/03/2019,Delhi,Cochin,DEL → COK,06:00,09:10,3h 10m,non-stop,No info,4851
IndiGo,21/06/2019,Kolkata,Banglore,CCU → BLR,04:40,07:15,2h 35m,non-stop,No info,4804
Jet Airways,6/05/2019,Kolkata,Banglore,CCU → BOM → BLR,16:30,19:50 07 May,27h 20m,1 stop,In-flight meal not included,9663
Jet Airways,1/04/2019,Banglore,Delhi,BLR → DEL,15:15,18:10,2h 55m,non-stop,In-flight meal not included,4544
IndiGo,21/06/2019,Banglore,Delhi,BLR → DEL,20:00,22:50,2h 50m,non-stop,No info,4823
Air India,18/05/2019,Delhi,Cochin,DEL → HYD → BOM → COK,17:15,19:15 19 May,26h,2 stops,No info,12392
IndiGo,6/05/2019,Kolkata,Banglore,CCU → BLR,15:30,18:05,2h 35m,non-stop,No info,4804
Jet Airways,1/05/2019,Banglore,Delhi,BLR → DEL,18:55,22:00,3h 5m,non-stop,In-flight meal not included,4030
SpiceJet,24/03/2019,Kolkata,Banglore,CCU → BLR,22:20,00:40 25 Mar,2h 20m,non-stop,No info,5831
Jet Airways,9/06/2019,Banglore,Delhi,BLR → DEL,18:55,22:00,3h 5m,non-stop,In-flight meal not included,7229
SpiceJet,9/06/2019,Banglore,Delhi,BLR → DEL,21:10,00:05 10 Jun,2h 55m,non-stop,No check-in baggage included,3919
Air India,9/03/2019,Delhi,Cochin,DEL → BHO → BOM → COK,05:55,19:15 10 Mar,37h 20m,2 stops,No info,14483
Jet Airways,21/05/2019,Delhi,Cochin,DEL → BOM → COK,22:50,19:00 22 May,20h 10m,1 stop,No info,16079
Jet Airways,12/05/2019,Kolkata,Banglore,CCU → BOM → BLR,08:25,08:15 13 May,23h 50m,1 stop,No info,13941
IndiGo,27/05/2019,Delhi,Cochin,DEL → HYD → COK,08:35,22:30,13h 55m,1 stop,No info,6442
Vistara,15/03/2019,Delhi,Cochin,DEL → COK,06:00,09:10,3h 10m,non-stop,No info,6111
Air Asia,24/03/2019,Banglore,New Delhi,BLR → DEL,23:25,02:10 28 Mar,2h 45m,non-stop,No info,4482
SpiceJet,9/06/2019,Kolkata,Banglore,CCU → BLR,06:55,09:30,2h 35m,non-stop,No check-in baggage included,3841
Air Asia,18/05/2019,Delhi,Cochin,DEL → BLR → COK,16:45,07:10 19 May,14h 25m,1 stop,No info,7353
Air India,21/05/2019,Delhi,Cochin,DEL → GOI → BOM → COK,22:00,19:15 22 May,21h 15m,2 stops,No info,10231
Air India,1/06/2019,Delhi,Cochin,DEL → GOI → BOM → COK,22:00,19:15 02 Jun,21h 15m,2 stops,No info,10441
Air India,6/05/2019,Kolkata,Banglore,CCU → GAU → DEL → BLR,16:45,08:55 07 May,16h 10m,2 stops,No info,13227
Jet Airways,24/05/2019,Kolkata,Banglore,CCU → BOM → BLR,06:30,12:00,5h 30m,1 stop,No info,14178
Air India,21/03/2019,Banglore,New Delhi,BLR → MAA → DEL,11:50,08:55 19 Mar,21h 5m,1 stop,No info,5092
Air India,9/06/2019,Kolkata,Banglore,CCU → IXR → DEL → BLR,05:50,23:15,17h 25m,2 stops,No info,12723
IndiGo,15/03/2019,Kolkata,Banglore,CCU → BLR,09:35,12:20,2h 45m,non-stop,No info,4148
Jet Airways,15/06/2019,Delhi,Cochin,DEL → JAI → BOM → COK,19:30,12:35 16 Jun,17h 5m,2 stops,No info,13014
Multiple carriers,6/06/2019,Delhi,Cochin,DEL → BOM → COK,10:00,01:30 07 Jun,15h 30m,1 stop,No info,7723
Multiple carriers,21/03/2019,Delhi,Cochin,DEL → BOM → COK,16:00,01:35 22 Mar,9h 35m,1 stop,No info,13542
Air India,12/05/2019,Kolkata,Banglore,CCU → BBI → BOM → BLR,12:00,18:30 13 May,30h 30m,2 stops,No info,10676
Air India,1/05/2019,Kolkata,Banglore,CCU → IXR → DEL → BLR,05:50,20:25,14h 35m,2 stops,No info,10991
Jet Airways,1/06/2019,Delhi,Cochin,DEL → JAI → BOM → COK,05:30,04:25 02 Jun,22h 55m,2 stops,No info,13014
Jet Airways,9/06/2019,Kolkata,Banglore,CCU → BOM → BLR,20:00,12:00 10 Jun,16h,1 stop,In-flight meal not included,10844
IndiGo,27/05/2019,Delhi,Cochin,DEL → HYD → COK,11:55,22:30,10h 35m,1 stop,No info,6442
IndiGo,6/06/2019,Delhi,Cochin,DEL → BLR → COK,02:00,07:45,5h 45m,1 stop,No info,6386
IndiGo,27/03/2019,Delhi,Cochin,DEL → HYD → COK,16:10,22:20,6h 10m,1 stop,No info,6412
Air India,15/05/2019,Kolkata,Banglore,CCU → BBI → BOM → BLR,12:00,07:55 16 May,19h 55m,2 stops,No info,9941
GoAir,3/04/2019,Delhi,Cochin,DEL → AMD → COK,07:25,13:35,6h 10m,1 stop,No info,4106
Air Asia,24/05/2019,Banglore,Delhi,BLR → DEL,11:10,13:55,2h 45m,non-stop,No info,3383
IndiGo,27/05/2019,Delhi,Cochin,DEL → BOM → COK,20:25,01:30 28 May,5h 5m,1 stop,No info,5054
Jet Airways,06/03/2019,Banglore,New Delhi,BLR → BOM → DEL,08:00,18:25,10h 25m,1 stop,No info,16736
Jet Airways,15/05/2019,Banglore,Delhi,BLR → DEL,15:15,18:10,2h 55m,non-stop,In-flight meal not included,3502
SpiceJet,18/05/2019,Kolkata,Banglore,CCU → BLR,14:55,17:25,2h 30m,non-stop,No check-in baggage included,3841
Jet Airways,06/03/2019,Banglore,New Delhi,BLR → BOM → DEL,08:55,07:40 07 Mar,22h 45m,1 stop,No info,14815
Jet Airways,21/05/2019,Banglore,Delhi,BLR → DEL,18:55,22:00,3h 5m,non-stop,No info,7229
Jet Airways,27/05/2019,Delhi,Cochin,DEL → BOM → COK,22:50,19:00 28 May,20h 10m,1 stop,In-flight meal not included,12898
Multiple carriers,9/03/2019,Delhi,Cochin,DEL → BOM → COK,19:00,01:35 10 Mar,6h 35m,1 stop,No info,13677
Jet Airways,6/05/2019,Kolkata,Banglore,CCU → GAU → BLR,10:20,17:35,7h 15m,1 stop,In-flight meal not included,7064
Jet Airways,12/05/2019,Kolkata,Banglore,CCU → BOM → BLR,06:30,12:00,5h 30m,1 stop,No info,13941
Multiple carriers,3/06/2019,Delhi,Cochin,DEL → BOM → COK,11:25,19:00,7h 35m,1 stop,No info,10877
Jet Airways,3/06/2019,Delhi,Cochin,DEL → BOM → COK,20:55,19:00 04 Jun,22h 5m,1 stop,No info,14714
Jet Airways,18/04/2019,Banglore,Delhi,BLR → DEL,06:00,08:45,2h 45m,non-stop,No info,7229
Multiple carriers,27/06/2019,Delhi,Cochin,DEL → BOM → COK,07:30,21:00,13h 30m,1 stop,No info,7005
Jet Airways,3/04/2019,Banglore,Delhi,BLR → DEL,19:50,22:50,3h,non-stop,In-flight meal not included,4544
Vistara,6/05/2019,Kolkata,Banglore,CCU → DEL → BLR,07:10,22:40,15h 30m,1 stop,No info,8452
Jet Airways,06/03/2019,Banglore,New Delhi,BLR → BOM → DEL,14:05,11:25 07 Mar,21h 20m,1 stop,No info,15025
Jet Airways,12/05/2019,Kolkata,Banglore,CCU → BOM → BLR,06:30,08:15 13 May,25h 45m,1 stop,In-flight meal not included,8586
Multiple carriers,27/05/2019,Delhi,Cochin,DEL → BOM → COK,09:00,19:15,10h 15m,1 stop,No info,15898
Vistara,27/03/2019,Chennai,Kolkata,MAA → CCU,07:05,09:20,2h 15m,non-stop,No info,3739
Multiple carriers,15/06/2019,Delhi,Cochin,DEL → BOM → COK,19:00,01:30 16 Jun,6h 30m,1 stop,No info,6795
IndiGo,18/06/2019,Kolkata,Banglore,CCU → BLR,14:25,16:55,2h 30m,non-stop,No info,4804
Jet Airways,9/06/2019,Delhi,Cochin,DEL → NAG → BOM → COK,06:45,12:35 10 Jun,29h 50m,2 stops,No info,13376
Jet Airways,21/05/2019,Delhi,Cochin,DEL → BOM → COK,02:15,19:00,16h 45m,1 stop,No info,16079
IndiGo,15/06/2019,Delhi,Cochin,DEL → MAA → COK,07:15,12:30,5h 15m,1 stop,No info,6582
SpiceJet,15/04/2019,Banglore,Delhi,BLR → DEL,05:55,08:35,2h 40m,non-stop,No check-in baggage included,4319
Multiple carriers,12/06/2019,Delhi,Cochin,DEL → BOM → COK,09:00,19:00,10h,1 stop,No info,12192
Jet Airways,21/05/2019,Delhi,Cochin,DEL → BOM → COK,19:45,04:25 22 May,8h 40m,1 stop,No info,16079
IndiGo,24/03/2019,Banglore,New Delhi,BLR → DEL,18:55,21:45,2h 50m,non-stop,No info,7303
IndiGo,3/04/2019,Banglore,Delhi,BLR → DEL,20:00,22:50,2h 50m,non-stop,No info,4823
Air India,21/03/2019,Delhi,Cochin,DEL → HYD → BOM → COK,17:15,19:15 22 Mar,26h,2 stops,No info,8245
SpiceJet,24/03/2019,Chennai,Kolkata,MAA → CCU,09:30,12:05,2h 35m,non-stop,No check-in baggage included,3807
Air Asia,9/03/2019,Kolkata,Banglore,CCU → BLR,19:35,22:05,2h 30m,non-stop,No info,4384
Multiple carriers,24/06/2019,Delhi,Cochin,DEL → IXU → BOM → COK,17:50,01:30 25 Jun,7h 40m,2 stops,No info,18275
Multiple carriers,27/05/2019,Delhi,Cochin,DEL → BOM → COK,06:00,21:00,15h,1 stop,No info,8475
IndiGo,09/03/2019,Banglore,New Delhi,BLR → DEL,21:20,00:15 13 Mar,2h 55m,non-stop,No info,4777
SpiceJet,9/03/2019,Chennai,Kolkata,MAA → CCU,08:20,10:35,2h 15m,non-stop,No info,6300
Multiple carriers,15/06/2019,Delhi,Cochin,DEL → BOM → COK,09:00,19:00,10h,1 stop,No info,12717
Air India,18/03/2019,Chennai,Kolkata,MAA → CCU,11:40,13:55,2h 15m,non-stop,No info,4405
IndiGo,6/06/2019,Delhi,Cochin,DEL → COK,05:35,08:50,3h 15m,non-stop,No info,5601
Multiple carriers,15/05/2019,Delhi,Cochin,DEL → BOM → COK,06:40,19:15,12h 35m,1 stop,No info,7787
IndiGo,15/06/2019,Mumbai,Hyderabad,BOM → HYD,12:00,13:30,1h 30m,non-stop,No info,2754
Jet Airways,27/03/2019,Mumbai,Hyderabad,BOM → HYD,19:35,21:05,1h 30m,non-stop,In-flight meal not included,2071
Jet Airways,01/03/2019,Banglore,New Delhi,BLR → BOM → DEL,08:55,16:10,7h 15m,1 stop,No info,26890
Jet Airways,24/05/2019,Kolkata,Banglore,CCU → BOM → BLR,14:05,04:40 25 May,14h 35m,1 stop,In-flight meal not included,8586
Vistara,15/05/2019,Kolkata,Banglore,CCU → DEL → BLR,20:20,10:45 16 May,14h 25m,1 stop,No info,8452
Multiple carriers,1/06/2019,Delhi,Cochin,DEL → BOM → COK,12:50,21:00,8h 10m,1 stop,No info,7005
Air India,6/06/2019,Kolkata,Banglore,CCU → DEL → BLR,17:30,20:25 07 Jun,26h 55m,1 stop,No info,10413
Jet Airways,21/05/2019,Kolkata,Banglore,CCU → BOM → BLR,06:30,18:15,11h 45m,1 stop,No info,14781
SpiceJet,18/05/2019,Chennai,Kolkata,MAA → CCU,17:45,20:05,2h 20m,non-stop,No info,3597
Jet Airways,27/06/2019,Delhi,Cochin,DEL → BOM → COK,21:50,19:00 28 Jun,21h 10m,1 stop,In-flight meal not included,10262
Air India,18/05/2019,Delhi,Cochin,DEL → BLR → COK,17:40,08:15 19 May,14h 35m,1 stop,No info,8361
SpiceJet,21/04/2019,Kolkata,Banglore,CCU → BLR,17:10,19:40,2h 30m,non-stop,No info,4911
Multiple carriers,27/06/2019,Delhi,Cochin,DEL → BOM → COK,17:45,01:30 28 Jun,7h 45m,1 stop,In-flight meal not included,5797
Air India,9/06/2019,Kolkata,Banglore,CCU → BBI → BOM → BLR,12:00,07:55 10 Jun,19h 55m,2 stops,No info,10151
Air India,15/06/2019,Delhi,Cochin,DEL → BLR → COK,06:10,23:00,16h 50m,1 stop,No info,8907
IndiGo,3/03/2019,Delhi,Cochin,DEL → LKO → COK,05:35,10:10,4h 35m,1 stop,No info,13753
IndiGo,6/05/2019,Kolkata,Banglore,CCU → BLR,11:30,14:05,2h 35m,non-stop,No info,5224
Jet Airways,18/03/2019,Banglore,New Delhi,BLR → BOM → DEL,08:55,19:10,10h 15m,1 stop,No info,13555
IndiGo,1/05/2019,Mumbai,Hyderabad,BOM → HYD,20:05,21:40,1h 35m,non-stop,No info,2227
Jet Airways,21/06/2019,Banglore,Delhi,BLR → DEL,06:00,08:45,2h 45m,non-stop,No info,8016
Air India,1/05/2019,Kolkata,Banglore,CCU → GAU → DEL → BLR,16:45,12:30 02 May,19h 45m,2 stops,No info,14960
Air India,9/03/2019,Delhi,Cochin,DEL → BHO → BOM → COK,05:55,07:40 10 Mar,25h 45m,2 stops,No info,14483
Jet Airways,9/05/2019,Kolkata,Banglore,CCU → BOM → BLR,20:00,08:15 10 May,12h 15m,1 stop,In-flight meal not included,7757
Air India,01/03/2019,Banglore,New Delhi,BLR → CCU → DEL,11:05,19:50,8h 45m,1 stop,1 Long layover,14594
Vistara,24/05/2019,Kolkata,Banglore,CCU → DEL → BLR,07:10,18:50,11h 40m,1 stop,No info,9555
Multiple carriers,9/06/2019,Delhi,Cochin,DEL → BOM → COK,08:00,19:00,11h,1 stop,No info,12192
Air India,27/06/2019,Banglore,Delhi,BLR → DEL,17:00,19:45,2h 45m,non-stop,No info,6961
Air India,21/04/2019,Delhi,Cochin,DEL → BLR → COK,20:30,23:00 22 Apr,26h 30m,1 stop,No info,7174
Jet Airways,12/06/2019,Delhi,Cochin,DEL → JAI → BOM → COK,19:30,12:35 13 Jun,17h 5m,2 stops,No info,13014
Jet Airways,1/06/2019,Delhi,Cochin,DEL → BOM → COK,13:00,19:00,6h,1 stop,No info,14714
Jet Airways,9/05/2019,Delhi,Cochin,DEL → AMD → BOM → COK,23:05,19:00 10 May,19h 55m,2 stops,No info,15129
Jet Airways,21/03/2019,Delhi,Cochin,DEL → BDQ → BOM → COK,10:45,04:25 22 Mar,17h 40m,2 stops,In-flight meal not included,8367
Jet Airways,18/05/2019,Kolkata,Banglore,CCU → DEL → BLR,09:35,09:45 19 May,24h 10m,1 stop,No info,14151
Air India,15/05/2019,Chennai,Kolkata,MAA → CCU,11:40,13:55,2h 15m,non-stop,No info,4667
Air India,21/05/2019,Delhi,Cochin,DEL → BLR → COK,17:40,23:00,5h 20m,1 stop,No info,8067
IndiGo,21/03/2019,Delhi,Cochin,DEL → HYD → COK,06:40,22:20,15h 40m,1 stop,No info,6558
Multiple carriers,12/06/2019,Delhi,Cochin,DEL → BOM → COK,08:00,19:00,11h,1 stop,No info,12192
IndiGo,3/06/2019,Delhi,Cochin,DEL → BOM → COK,08:30,21:00,12h 30m,1 stop,No info,6416
Vistara,6/05/2019,Kolkata,Banglore,CCU → DEL → BLR,07:10,23:25,16h 15m,1 stop,No info,8085
Jet Airways,27/03/2019,Delhi,Cochin,DEL → BOM → COK,20:50,19:45 28 Mar,22h 55m,1 stop,No info,12032
Jet Airways,21/05/2019,Delhi,Cochin,DEL → BOM → COK,21:50,19:00 22 May,21h 10m,1 stop,In-flight meal not included,12898
Vistara,6/03/2019,Mumbai,Hyderabad,BOM → DEL → HYD,07:30,19:55,12h 25m,1 stop,No info,12395
Jet Airways,21/05/2019,Delhi,Cochin,DEL → AMD → BOM → COK,13:25,19:00 22 May,29h 35m,2 stops,No info,15129
SpiceJet,15/06/2019,Chennai,Kolkata,MAA → CCU,08:20,10:35,2h 15m,non-stop,No check-in baggage included,3543
Air India,18/04/2019,Kolkata,Banglore,CCU → BLR,14:15,16:45,2h 30m,non-stop,No info,5510
SpiceJet,27/03/2019,Chennai,Kolkata,MAA → CCU,08:20,10:35,2h 15m,non-stop,No check-in baggage included,3332
IndiGo,01/03/2019,Banglore,New Delhi,BLR → HYD → DEL,12:10,17:05,4h 55m,1 stop,No info,9694
IndiGo,21/05/2019,Delhi,Cochin,DEL → HYD → COK,07:35,12:10,4h 35m,1 stop,No info,5054
Air India,12/03/2019,Mumbai,Hyderabad,BOM → AMD → ISK → HYD,01:35,14:50,13h 15m,2 stops,No info,9977
IndiGo,12/06/2019,Delhi,Cochin,DEL → HYD → COK,07:35,12:10,4h 35m,1 stop,No info,5054
Air Asia,3/06/2019,Delhi,Cochin,DEL → BLR → COK,20:45,06:35 04 Jun,9h 50m,1 stop,No info,11410
SpiceJet,21/05/2019,Mumbai,Hyderabad,BOM → HYD,13:15,14:45,1h 30m,non-stop,No check-in baggage included,1965
Air India,18/05/2019,Banglore,Delhi,BLR → DEL,13:20,16:10,2h 50m,non-stop,No info,6121
Air India,27/03/2019,Delhi,Cochin,DEL → NAG → BOM → COK,05:55,19:15 28 Mar,37h 20m,2 stops,No info,8446
Jet Airways,21/04/2019,Banglore,Delhi,BLR → DEL,18:55,22:00,3h 5m,non-stop,No info,7229
Jet Airways,21/06/2019,Mumbai,Hyderabad,BOM → HYD,08:45,10:15,1h 30m,non-stop,In-flight meal not included,4995
Jet Airways,18/05/2019,Delhi,Cochin,DEL → JAI → BOM → COK,05:30,04:25 19 May,22h 55m,2 stops,In-flight meal not included,13029
Jet Airways,1/06/2019,Delhi,Cochin,DEL → BDQ → BOM → COK,18:25,12:35 02 Jun,18h 10m,2 stops,No info,14237
IndiGo,21/06/2019,Mumbai,Hyderabad,BOM → HYD,21:20,22:50,1h 30m,non-stop,No info,2227
Air India,3/05/2019,Banglore,Delhi,BLR → DEL,06:10,08:55,2h 45m,non-stop,No info,5228
IndiGo,6/03/2019,Delhi,Cochin,DEL → BOM → COK,09:10,01:35 07 Mar,16h 25m,1 stop,No info,14871
IndiGo,24/06/2019,Kolkata,Banglore,CCU → BLR,21:25,00:05 25 Jun,2h 40m,non-stop,No info,4804
IndiGo,15/03/2019,Chennai,Kolkata,MAA → CCU,11:35,14:00,2h 25m,non-stop,No info,6297
IndiGo,21/05/2019,Kolkata,Banglore,CCU → BLR,14:25,16:55,2h 30m,non-stop,No info,5224
Jet Airways,6/06/2019,Kolkata,Banglore,CCU → BOM → BLR,21:10,09:20 07 Jun,12h 10m,1 stop,In-flight meal not included,10844
Air Asia,21/05/2019,Kolkata,Banglore,CCU → BLR,09:45,12:15,2h 30m,non-stop,No info,4409
Jet Airways,6/06/2019,Delhi,Cochin,DEL → BOM → COK,02:15,19:00,16h 45m,1 stop,In-flight meal not included,10262
Air India,27/06/2019,Delhi,Cochin,DEL → RPR → NAG → BOM → COK,05:15,07:40 28 Jun,26h 25m,3 stops,No info,11543
Air India,9/06/2019,Kolkata,Banglore,CCU → BLR,14:15,16:45,2h 30m,non-stop,No info,6245
Air India,9/05/2019,Kolkata,Banglore,CCU → DEL → BLR,07:00,20:25,13h 25m,1 stop,No info,10203
IndiGo,27/03/2019,Delhi,Cochin,DEL → BOM → COK,08:25,15:30,7h 5m,1 stop,No info,8075
Jet Airways,9/05/2019,Kolkata,Banglore,CCU → BOM → BLR,18:55,10:05 10 May,15h 10m,1 stop,No info,13941
Multiple carriers,24/06/2019,Delhi,Cochin,DEL → BOM → COK,03:50,12:35,8h 45m,1 stop,No info,12192
Air India,24/03/2019,Mumbai,Hyderabad,BOM → HYD,21:05,22:25,1h 20m,non-stop,No info,2575
Air India,18/03/2019,Banglore,New Delhi,BLR → CCU → GAU → DEL,11:05,22:10 16 Mar,35h 5m,2 stops,No info,11161
Air India,9/03/2019,Delhi,Cochin,DEL → HYD → MAA → COK,09:45,09:25 10 Mar,23h 40m,2 stops,No info,10660
IndiGo,1/04/2019,Kolkata,Banglore,CCU → MAA → BLR,08:10,13:00,4h 50m,1 stop,No info,5069
IndiGo,18/05/2019,Banglore,Delhi,BLR → DEL,23:30,02:20 19 May,2h 50m,non-stop,No info,4591
Multiple carriers,27/03/2019,Delhi,Cochin,DEL → BOM → COK,07:00,15:30,8h 30m,1 stop,No info,6148
Multiple carriers,27/03/2019,Delhi,Cochin,DEL → HYD → MAA → COK,13:05,21:20,8h 15m,2 stops,No info,6128
IndiGo,9/06/2019,Delhi,Cochin,DEL → HYD → COK,16:10,22:30,6h 20m,1 stop,No info,6412
IndiGo,6/06/2019,Chennai,Kolkata,MAA → CCU,11:35,14:00,2h 25m,non-stop,No info,3858
Jet Airways,18/05/2019,Kolkata,Banglore,CCU → BOM → BLR,14:05,23:35,9h 30m,1 stop,No info,14781
IndiGo,21/03/2019,Delhi,Cochin,DEL → BOM → COK,17:10,01:35 22 Mar,8h 25m,1 stop,No info,7318
Jet Airways,27/03/2019,Delhi,Cochin,DEL → BOM → COK,13:00,04:25 28 Mar,15h 25m,1 stop,In-flight meal not included,6960
Multiple carriers,6/03/2019,Delhi,Cochin,DEL → BOM → COK,10:45,19:15,8h 30m,1 stop,No info,15077
Jet Airways,6/06/2019,Delhi,Cochin,DEL → JDH → BOM → COK,11:40,19:00,7h 20m,2 stops,No info,18804
IndiGo,21/03/2019,Delhi,Cochin,DEL → BOM → COK,18:35,01:35 22 Mar,7h,1 stop,No info,9264
SpiceJet,27/06/2019,Kolkata,Banglore,CCU → BLR,06:55,09:30,2h 35m,non-stop,No info,3873
Jet Airways,27/05/2019,Delhi,Cochin,DEL → JAI → BOM → COK,09:40,12:35 28 May,26h 55m,2 stops,No info,15129
Vistara,21/03/2019,Delhi,Cochin,DEL → COK,14:55,17:50,2h 55m,non-stop,No info,5586
Air India,24/06/2019,Delhi,Cochin,DEL → HYD → MAA → COK,07:05,09:25 25 Jun,26h 20m,2 stops,No info,11185
Jet Airways,21/06/2019,Banglore,Delhi,BLR → DEL,15:15,18:10,2h 55m,non-stop,In-flight meal not included,7229
IndiGo,21/03/2019,Mumbai,Hyderabad,BOM → HYD,16:55,18:25,1h 30m,non-stop,No info,3175
Jet Airways,12/05/2019,Kolkata,Banglore,CCU → BOM → BLR,08:25,18:15,9h 50m,1 stop,No info,14781
Multiple carriers,1/06/2019,Delhi,Cochin,DEL → BOM → COK,07:30,19:00,11h 30m,1 stop,No info,11200
Jet Airways,6/03/2019,Delhi,Cochin,DEL → IDR → BOM → COK,05:25,19:45 07 Mar,38h 20m,2 stops,In-flight meal not included,16389
SpiceJet,6/06/2019,Kolkata,Banglore,CCU → MAA → BLR,15:05,20:20,5h 15m,1 stop,No info,4649
Jet Airways,24/05/2019,Kolkata,Banglore,CCU → BOM → BLR,06:30,18:15,11h 45m,1 stop,In-flight meal not included,10844
Multiple carriers,27/03/2019,Delhi,Cochin,DEL → BOM → COK,07:00,21:00,14h,1 stop,No info,6358
Jet Airways,27/03/2019,Delhi,Cochin,DEL → BOM → COK,19:45,19:45 28 Mar,24h,1 stop,In-flight meal not included,5963
Jet Airways,24/03/2019,Banglore,New Delhi,BLR → BOM → DEL,05:45,10:45,5h,1 stop,In-flight meal not included,8147
Jet Airways,1/05/2019,Kolkata,Banglore,CCU → BOM → BLR,06:30,19:50,13h 20m,1 stop,No info,14781
Jet Airways,24/05/2019,Kolkata,Banglore,CCU → DEL → BLR,09:35,22:05,12h 30m,1 stop,No info,14151
IndiGo,18/05/2019,Kolkata,Banglore,CCU → NAG → BLR,18:05,23:30,5h 25m,1 stop,No info,6704
SpiceJet,27/04/2019,Delhi,Cochin,DEL → BLR → COK,17:55,22:50,4h 55m,1 stop,No info,4957
Air Asia,21/05/2019,Kolkata,Banglore,CCU → BLR,19:55,22:25,2h 30m,non-stop,No info,4107
Jet Airways,18/03/2019,Banglore,New Delhi,BLR → BOM → DEL,05:45,12:25,6h 40m,1 stop,No info,12284
IndiGo,24/06/2019,Delhi,Cochin,DEL → BOM → COK,06:40,21:00,14h 20m,1 stop,No info,6093
SpiceJet,15/04/2019,Kolkata,Banglore,CCU → BLR,09:00,11:25,2h 25m,non-stop,No info,4174
IndiGo,6/05/2019,Kolkata,Banglore,CCU → HYD → BLR,15:15,20:05,4h 50m,1 stop,No info,4775
Air India,9/05/2019,Kolkata,Banglore,CCU → VNS → DEL → BLR,14:30,23:15,8h 45m,2 stops,No info,14214
GoAir,03/03/2019,Banglore,New Delhi,BLR → GOI → DEL,15:45,20:15,4h 30m,1 stop,No info,8352
Air India,24/06/2019,Banglore,Delhi,BLR → DEL,10:00,12:45,2h 45m,non-stop,No info,6961
Jet Airways,6/06/2019,Kolkata,Banglore,CCU → BOM → BLR,18:55,10:05 07 Jun,15h 10m,1 stop,No info,14571
Multiple carriers,9/03/2019,Delhi,Cochin,DEL → HYD → COK,07:05,16:10,9h 5m,1 stop,No info,6916
IndiGo,6/03/2019,Delhi,Cochin,DEL → BOM → COK,16:00,01:35 07 Mar,9h 35m,1 stop,No info,14871
IndiGo,1/06/2019,Mumbai,Hyderabad,BOM → HYD,16:55,18:25,1h 30m,non-stop,No info,3175
Jet Airways,9/05/2019,Banglore,Delhi,BLR → DEL,15:15,18:10,2h 55m,non-stop,No info,7229
IndiGo,1/05/2019,Kolkata,Banglore,CCU → NAG → BLR,18:05,23:30,5h 25m,1 stop,No info,6218
Jet Airways,3/06/2019,Delhi,Cochin,DEL → BOM → COK,17:30,12:35 04 Jun,19h 5m,1 stop,In-flight meal not included,10262
Jet Airways,6/06/2019,Kolkata,Banglore,CCU → BOM → BLR,06:30,18:15,11h 45m,1 stop,In-flight meal not included,10844
IndiGo,1/05/2019,Mumbai,Hyderabad,BOM → HYD,19:05,20:35,1h 30m,non-stop,No info,2754
IndiGo,21/06/2019,Delhi,Cochin,DEL → COK,21:05,00:20 22 Jun,3h 15m,non-stop,No info,5406
Jet Airways,6/05/2019,Kolkata,Banglore,CCU → DEL → BLR,17:00,09:45 07 May,16h 45m,1 stop,In-flight meal not included,8066
IndiGo,24/05/2019,Delhi,Cochin,DEL → BOM → COK,18:35,01:30 25 May,6h 55m,1 stop,No info,7503
Jet Airways,18/05/2019,Delhi,Cochin,DEL → BOM → COK,08:00,19:00,11h,1 stop,In-flight meal not included,12373
Jet Airways,1/05/2019,Kolkata,Banglore,CCU → BOM → BLR,08:25,12:00 02 May,27h 35m,1 stop,In-flight meal not included,9663
Air India,21/03/2019,Banglore,New Delhi,BLR → MAA → DEL,11:50,23:55,12h 5m,1 stop,No info,5092
Vistara,27/05/2019,Banglore,Delhi,BLR → DEL,11:30,14:20,2h 50m,non-stop,No info,4668
Jet Airways,21/05/2019,Delhi,Cochin,DEL → BOM → COK,21:50,04:25 22 May,6h 35m,1 stop,In-flight meal not included,12898
IndiGo,18/05/2019,Banglore,Delhi,BLR → DEL,08:30,11:20,2h 50m,non-stop,No info,4823
Jet Airways,9/06/2019,Delhi,Cochin,DEL → BOM → COK,20:55,04:25 10 Jun,7h 30m,1 stop,In-flight meal not included,10577
IndiGo,18/05/2019,Delhi,Cochin,DEL → BOM → COK,20:25,01:30 19 May,5h 5m,1 stop,No info,6069
Air India,9/05/2019,Mumbai,Hyderabad,BOM → HYD,19:30,20:45,1h 15m,non-stop,No info,3100
Multiple carriers,15/05/2019,Delhi,Cochin,DEL → BOM → COK,08:45,19:15,10h 30m,1 stop,No info,8266
Jet Airways,18/06/2019,Mumbai,Hyderabad,BOM → HYD,19:35,21:05,1h 30m,non-stop,No info,5678
Air India,9/06/2019,Delhi,Cochin,DEL → NAG → BOM → COK,05:55,19:15 10 Jun,37h 20m,2 stops,No info,10493
Jet Airways,21/05/2019,Delhi,Cochin,DEL → BOM → COK,11:30,19:00,7h 30m,1 stop,In-flight meal not included,12898
IndiGo,21/03/2019,Banglore,New Delhi,BLR → BOM → DEL,19:35,00:35 19 Mar,5h,1 stop,No info,6575
Air India,12/05/2019,Kolkata,Banglore,CCU → DEL → AMD → BLR,10:00,05:25 13 May,19h 25m,2 stops,No info,14634
Air India,6/06/2019,Delhi,Cochin,DEL → TRV → COK,05:15,06:50 07 Jun,25h 35m,1 stop,No info,6587
IndiGo,6/04/2019,Delhi,Cochin,DEL → MAA → COK,02:00,07:25,5h 25m,1 stop,No info,5046
Air India,15/04/2019,Banglore,Delhi,BLR → DEL,13:20,16:10,2h 50m,non-stop,No info,5228
Air India,18/03/2019,Mumbai,Hyderabad,BOM → HYD,19:30,20:45,1h 15m,non-stop,No info,2050
Jet Airways,6/06/2019,Delhi,Cochin,DEL → JAI → BOM → COK,05:30,04:25 07 Jun,22h 55m,2 stops,In-flight meal not included,10368
Air India,24/06/2019,Delhi,Cochin,DEL → HYD → BOM → COK,17:15,19:15 25 Jun,26h,2 stops,No info,11989
Jet Airways,6/05/2019,Kolkata,Banglore,CCU → DEL → BLR,09:35,10:55 07 May,25h 20m,1 stop,No info,13067
IndiGo,21/03/2019,Chennai,Kolkata,MAA → CCU,07:55,10:15,2h 20m,non-stop,No info,3384
Jet Airways,9/05/2019,Delhi,Cochin,DEL → BOM → COK,22:50,19:00 10 May,20h 10m,1 stop,In-flight meal not included,12373
Jet Airways,18/03/2019,Banglore,New Delhi,BLR → BOM → DEL,18:40,00:45 16 Mar,6h 5m,1 stop,No info,54826
Jet Airways,15/06/2019,Delhi,Cochin,DEL → JAI → BOM → COK,09:40,19:00,9h 20m,2 stops,In-flight meal not included,10368
IndiGo,9/06/2019,Delhi,Cochin,DEL → COK,21:05,00:20 10 Jun,3h 15m,non-stop,No info,6015
IndiGo,12/06/2019,Delhi,Cochin,DEL → HYD → COK,08:35,16:10,7h 35m,1 stop,No info,6442
IndiGo,24/06/2019,Delhi,Cochin,DEL → HYD → COK,05:05,12:10,7h 5m,1 stop,No info,6442
Jet Airways,15/05/2019,Mumbai,Hyderabad,BOM → HYD,19:35,21:05,1h 30m,non-stop,In-flight meal not included,2228
Air India,15/03/2019,Banglore,New Delhi,BLR → COK → DEL,06:55,10:50 16 Mar,27h 55m,1 stop,No info,7932
Jet Airways,18/05/2019,Banglore,Delhi,BLR → DEL,08:20,11:20,3h,non-stop,In-flight meal not included,6144
Jet Airways,06/03/2019,Banglore,New Delhi,BLR → BOM → DEL,11:40,07:40 07 Mar,20h,1 stop,No info,16736
Multiple carriers,3/06/2019,Delhi,Cochin,DEL → BOM → COK,09:15,19:15,10h,1 stop,No info,8099
SpiceJet,6/04/2019,Kolkata,Banglore,CCU → BLR,22:20,00:40 07 Apr,2h 20m,non-stop,No info,3873
Air Asia,24/03/2019,Banglore,New Delhi,BLR → DEL,05:50,08:40,2h 50m,non-stop,No info,3383
IndiGo,18/03/2019,Kolkata,Banglore,CCU → BLR,15:20,17:55,2h 35m,non-stop,No info,4462
Jet Airways,9/06/2019,Delhi,Cochin,DEL → NAG → BOM → COK,06:45,04:25 10 Jun,21h 40m,2 stops,No info,13376
Jet Airways,21/05/2019,Kolkata,Banglore,CCU → DEL → BLR,20:25,09:45 22 May,13h 20m,1 stop,No info,13067
Air India,1/05/2019,Kolkata,Banglore,CCU → DEL → BLR,10:00,23:15,13h 15m,1 stop,No info,10203
Multiple carriers,12/06/2019,Delhi,Cochin,DEL → BOM → COK,10:00,01:30 13 Jun,15h 30m,1 stop,No info,13377
Jet Airways,27/06/2019,Delhi,Cochin,DEL → BOM → COK,21:50,04:25 28 Jun,6h 35m,1 stop,No info,16079
Multiple carriers,9/06/2019,Delhi,Cochin,DEL → BOM → COK,08:30,19:00,10h 30m,1 stop,No info,11622
GoAir,3/05/2019,Banglore,Delhi,BLR → DEL,07:45,10:40,2h 55m,non-stop,No info,3898
IndiGo,3/06/2019,Mumbai,Hyderabad,BOM → HYD,09:10,10:40,1h 30m,non-stop,No info,4049
Multiple carriers,27/05/2019,Delhi,Cochin,DEL → BOM → COK,09:15,19:15,10h,1 stop,No info,9149
Jet Airways,12/05/2019,Kolkata,Banglore,CCU → DEL → BLR,09:35,22:05,12h 30m,1 stop,No info,14151
Multiple carriers,6/06/2019,Delhi,Cochin,DEL → BOM → COK,17:45,01:30 07 Jun,7h 45m,1 stop,No info,6795
IndiGo,21/03/2019,Delhi,Cochin,DEL → BOM → COK,10:45,01:35 22 Mar,14h 50m,1 stop,No info,7318
Air Asia,09/03/2019,Banglore,New Delhi,BLR → DEL,05:50,08:40,2h 50m,non-stop,No info,4284
Jet Airways,9/03/2019,Delhi,Cochin,DEL → BOM → COK,17:25,18:50 10 Mar,25h 25m,1 stop,No info,16289
Multiple carriers,3/06/2019,Delhi,Cochin,DEL → BOM → COK,10:00,19:00,9h,1 stop,No info,14502
GoAir,01/03/2019,Banglore,New Delhi,BLR → DEL,07:45,10:40,2h 55m,non-stop,No info,13663
Air India,15/05/2019,Delhi,Cochin,DEL → BLR → COK,20:30,08:15 16 May,11h 45m,1 stop,No info,10671
Air Asia,18/06/2019,Banglore,Delhi,BLR → DEL,23:55,02:45 19 Jun,2h 50m,non-stop,No info,3383
Air India,21/03/2019,Banglore,New Delhi,BLR → VGA → DEL,10:30,22:55,12h 25m,1 stop,No info,6383
Air India,15/05/2019,Kolkata,Banglore,CCU → GAU → DEL → BLR,16:45,12:30 16 May,19h 45m,2 stops,No info,14960
Multiple carriers,15/06/2019,Delhi,Cochin,DEL → HYD → COK,13:15,22:30,9h 15m,1 stop,No info,8018
Multiple carriers,6/03/2019,Delhi,Cochin,DEL → BOM → COK,09:55,21:00,11h 5m,1 stop,In-flight meal not included,15136
IndiGo,18/05/2019,Mumbai,Hyderabad,BOM → HYD,20:05,21:40,1h 35m,non-stop,No info,2227
IndiGo,27/05/2019,Banglore,Delhi,BLR → DEL,23:30,02:20 28 May,2h 50m,non-stop,No info,3943
Jet Airways,21/05/2019,Kolkata,Banglore,CCU → BOM → BLR,06:30,10:05 22 May,27h 35m,1 stop,No info,13941
Air India,24/03/2019,Banglore,New Delhi,BLR → DEL,17:00,19:45,2h 45m,non-stop,No info,5176
Jet Airways,12/05/2019,Kolkata,Banglore,CCU → GAU → BLR,10:20,17:35,7h 15m,1 stop,In-flight meal not included,7064
Air India,9/04/2019,Delhi,Cochin,DEL → HYD → BOM → COK,17:15,07:40 10 Apr,14h 25m,2 stops,No info,8052
Jet Airways,21/05/2019,Mumbai,Hyderabad,BOM → HYD,07:05,08:30,1h 25m,non-stop,In-flight meal not included,4995
Air India,9/05/2019,Kolkata,Banglore,CCU → BBI → BOM → BLR,12:00,07:55 10 May,19h 55m,2 stops,No info,9416
IndiGo,15/05/2019,Kolkata,Banglore,CCU → BLR,09:35,12:20,2h 45m,non-stop,No info,4804
Jet Airways,6/03/2019,Delhi,Cochin,DEL → BOM → COK,13:00,18:50,5h 50m,1 stop,In-flight meal not included,15103
Jet Airways,27/05/2019,Delhi,Cochin,DEL → BOM → COK,15:00,12:35 28 May,21h 35m,1 stop,In-flight meal not included,12898
Multiple carriers,1/06/2019,Delhi,Cochin,DEL → BOM → COK,09:00,21:00,12h,1 stop,No info,13587
Air India,6/03/2019,Delhi,Cochin,DEL → HYD → MAA → COK,13:05,09:25 07 Mar,20h 20m,2 stops,No info,12865
IndiGo,24/05/2019,Banglore,Delhi,BLR → DEL,08:30,11:20,2h 50m,non-stop,No info,4823
Multiple carriers,12/06/2019,Delhi,Cochin,DEL → BOM → COK,04:55,12:35,7h 40m,1 stop,No info,10678
Jet Airways,9/04/2019,Banglore,Delhi,BLR → DEL,08:20,11:20,3h,non-stop,No info,7229
IndiGo,3/05/2019,Kolkata,Banglore,CCU → BLR,20:20,22:55,2h 35m,non-stop,No info,4804
Jet Airways,9/05/2019,Delhi,Cochin,DEL → JAI → BOM → COK,09:40,04:25 10 May,18h 45m,2 stops,In-flight meal not included,13029
IndiGo,18/03/2019,Mumbai,Hyderabad,BOM → HYD,19:05,20:30,1h 25m,non-stop,No info,2754
Jet Airways,9/04/2019,Banglore,Delhi,BLR → DEL,15:50,18:45,2h 55m,non-stop,In-flight meal not included,4544
Vistara,24/05/2019,Kolkata,Banglore,CCU → DEL → BLR,07:10,09:05 25 May,25h 55m,1 stop,No info,9502
IndiGo,3/06/2019,Banglore,Delhi,BLR → DEL,23:30,02:20 04 Jun,2h 50m,non-stop,No info,4591
Jet Airways,9/06/2019,Kolkata,Banglore,CCU → BOM → BLR,21:10,08:15 10 Jun,11h 5m,1 stop,No info,14939
Jet Airways,12/03/2019,Banglore,New Delhi,BLR → BOM → DEL,22:55,12:25 13 Mar,13h 30m,1 stop,No info,13817
Air India,12/06/2019,Kolkata,Banglore,CCU → BOM → COK → BLR,09:25,13:45 13 Jun,28h 20m,2 stops,No info,11542
Multiple carriers,27/03/2019,Delhi,Cochin,DEL → HYD → COK,07:05,16:10,9h 5m,1 stop,No info,6076
Air India,1/04/2019,Kolkata,Banglore,CCU → DEL → COK → BLR,10:00,01:20 02 Apr,15h 20m,2 stops,No info,10408
SpiceJet,27/06/2019,Delhi,Cochin,DEL → PNQ → COK,08:45,13:15,4h 30m,1 stop,No info,4812
Multiple carriers,15/06/2019,Delhi,Cochin,DEL → BOM → COK,13:00,21:00,8h,1 stop,No info,7408
Air India,03/03/2019,Banglore,New Delhi,BLR → DEL,13:20,16:10,2h 50m,non-stop,No info,10216
IndiGo,27/06/2019,Delhi,Cochin,DEL → HYD → COK,07:35,12:10,4h 35m,1 stop,No info,5054
Jet Airways,18/05/2019,Delhi,Cochin,DEL → BOM → COK,22:50,04:25 19 May,5h 35m,1 stop,In-flight meal not included,12373
Jet Airways,3/03/2019,Delhi,Cochin,DEL → IDR → BOM → COK,05:25,04:25 05 Mar,47h,2 stops,No info,20064
IndiGo,6/03/2019,Kolkata,Banglore,CCU → BLR,20:25,23:05,2h 40m,non-stop,No info,4778
Vistara,9/05/2019,Banglore,Delhi,BLR → DEL,07:00,09:40,2h 40m,non-stop,No info,4668
Jet Airways,12/06/2019,Kolkata,Banglore,CCU → BOM → BLR,21:10,10:05 13 Jun,12h 55m,1 stop,No info,13044
Jet Airways,15/06/2019,Delhi,Cochin,DEL → BOM → COK,17:30,04:25 16 Jun,10h 55m,1 stop,In-flight meal not included,10262
Jet Airways,12/06/2019,Kolkata,Banglore,CCU → BOM → BLR,18:55,18:15 13 Jun,23h 20m,1 stop,No info,13044
IndiGo,1/06/2019,Kolkata,Banglore,CCU → BLR,09:35,12:10,2h 35m,non-stop,No info,4804
Multiple carriers,9/03/2019,Delhi,Cochin,DEL → IXU → BOM → COK,17:50,01:35 10 Mar,7h 45m,2 stops,No info,23583
Jet Airways,12/03/2019,Banglore,New Delhi,BLR → BOM → DEL,21:25,12:25 13 Mar,15h,1 stop,No info,13817
SpiceJet,3/06/2019,Delhi,Cochin,DEL → PNQ → COK,08:45,13:15,4h 30m,1 stop,No check-in baggage included,5726
Jet Airways,1/05/2019,Kolkata,Banglore,CCU → DEL → BLR,09:35,09:45 02 May,24h 10m,1 stop,No info,11467
Jet Airways,18/05/2019,Delhi,Cochin,DEL → BOM → COK,14:00,19:00,5h,1 stop,No info,15554
Multiple carriers,3/06/2019,Delhi,Cochin,DEL → BOM → COK,10:00,21:00,11h,1 stop,No info,9718
Jet Airways,9/06/2019,Delhi,Cochin,DEL → NAG → BOM → COK,14:35,12:35 10 Jun,22h,2 stops,No info,13376
Multiple carriers,9/05/2019,Delhi,Cochin,DEL → BOM → COK,10:35,19:15,8h 40m,1 stop,No info,7575
Jet Airways,24/05/2019,Kolkata,Banglore,CCU → DEL → BLR,20:25,18:00 25 May,21h 35m,1 stop,No info,14151
Air India,6/03/2019,Mumbai,Hyderabad,BOM → HYD,19:30,20:45,1h 15m,non-stop,No info,5462
Jet Airways,21/03/2019,Mumbai,Hyderabad,BOM → HYD,15:50,17:20,1h 30m,non-stop,No info,5678
Multiple carriers,1/03/2019,Delhi,Cochin,DEL → BOM → COK,19:00,01:35 02 Mar,6h 35m,1 stop,No info,23533
Air India,6/03/2019,Kolkata,Banglore,CCU → BLR,20:45,23:20,2h 35m,non-stop,No info,4435
Jet Airways,9/05/2019,Delhi,Cochin,DEL → JAI → BOM → COK,09:40,19:00,9h 20m,2 stops,No info,15129
Jet Airways,09/03/2019,Banglore,New Delhi,BLR → BOM → DEL,08:55,21:20,12h 25m,1 stop,In-flight meal not included,11087
IndiGo,24/05/2019,Kolkata,Banglore,CCU → BLR,14:25,16:55,2h 30m,non-stop,No info,5224
Air India,1/04/2019,Mumbai,Hyderabad,BOM → HYD,06:20,07:40,1h 20m,non-stop,No info,3100
IndiGo,9/06/2019,Kolkata,Banglore,CCU → BLR,21:25,00:05 10 Jun,2h 40m,non-stop,No info,4804
Jet Airways,1/04/2019,Delhi,Cochin,DEL → BOM → COK,16:00,12:35 02 Apr,20h 35m,1 stop,In-flight meal not included,5406
Air India,24/06/2019,Delhi,Cochin,DEL → HYD → BOM → COK,17:15,07:40 25 Jun,14h 25m,2 stops,No info,11989
IndiGo,1/06/2019,Delhi,Cochin,DEL → HYD → COK,06:50,16:10,9h 20m,1 stop,No info,6442
IndiGo,9/06/2019,Banglore,Delhi,BLR → DEL,08:30,11:20,2h 50m,non-stop,No info,4823
Jet Airways,21/05/2019,Delhi,Cochin,DEL → BOM → COK,11:30,04:25 22 May,16h 55m,1 stop,In-flight meal not included,12898
SpiceJet,6/05/2019,Kolkata,Banglore,CCU → BLR,06:55,09:30,2h 35m,non-stop,No check-in baggage included,3841
IndiGo,21/05/2019,Delhi,Cochin,DEL → BOM → COK,09:15,21:00,11h 45m,1 stop,No info,7318
IndiGo,9/06/2019,Delhi,Cochin,DEL → LKO → COK,21:50,03:35 10 Jun,5h 45m,1 stop,No info,6195
Air India,1/06/2019,Delhi,Cochin,DEL → BLR → COK,17:40,23:00,5h 20m,1 stop,No info,7384
Air India,15/03/2019,Banglore,New Delhi,BLR → COK → DEL,22:00,23:20 16 Mar,25h 20m,1 stop,No info,6850
Air India,24/06/2019,Mumbai,Hyderabad,BOM → HYD,21:05,22:25,1h 20m,non-stop,No info,3100
Multiple carriers,12/06/2019,Delhi,Cochin,DEL → BOM → COK,06:00,19:00,13h,1 stop,No info,11789
Multiple carriers,15/05/2019,Delhi,Cochin,DEL → BOM → COK,11:40,19:00,7h 20m,1 stop,No info,10529
Vistara,12/06/2019,Delhi,Cochin,DEL → COK,14:40,17:50,3h 10m,non-stop,No info,6216
IndiGo,6/03/2019,Delhi,Cochin,DEL → HYD → COK,06:40,12:00,5h 20m,1 stop,No info,5647
SpiceJet,21/04/2019,Delhi,Cochin,DEL → PNQ → COK,08:45,13:15,4h 30m,1 stop,No info,6460
Jet Airways,9/05/2019,Kolkata,Banglore,CCU → BOM → BLR,16:30,09:20 10 May,16h 50m,1 stop,In-flight meal not included,9663
IndiGo,6/04/2019,Banglore,Delhi,BLR → DEL,13:00,15:50,2h 50m,non-stop,No info,4423
Jet Airways,9/05/2019,Delhi,Cochin,DEL → JAI → BOM → COK,09:40,12:35 10 May,26h 55m,2 stops,No info,15129
Multiple carriers,27/03/2019,Delhi,Cochin,DEL → HYD → MAA → COK,07:10,21:20,14h 10m,2 stops,No info,6197
Multiple carriers,27/03/2019,Delhi,Cochin,DEL → BOM → COK,07:30,19:15,11h 45m,1 stop,No info,9100
SpiceJet,6/06/2019,Kolkata,Banglore,CCU → IXB → BLR,11:15,18:30,7h 15m,1 stop,No info,10156
Air India,9/05/2019,Delhi,Cochin,DEL → UDR → BOM → COK,13:20,07:40 10 May,18h 20m,2 stops,No info,13538
Air India,21/05/2019,Delhi,Cochin,DEL → MAA → COK,20:40,09:25 22 May,12h 45m,1 stop,No info,7480
Multiple carriers,1/06/2019,Delhi,Cochin,DEL → BOM → COK,09:15,19:15,10h,1 stop,No info,9779
SpiceJet,18/05/2019,Chennai,Kolkata,MAA → CCU,09:45,12:00,2h 15m,non-stop,No check-in baggage included,3543
Jet Airways,24/03/2019,Kolkata,Banglore,CCU → BOM → BLR,18:55,04:45 25 Mar,9h 50m,1 stop,No info,14231
SpiceJet,6/06/2019,Chennai,Kolkata,MAA → CCU,09:45,12:00,2h 15m,non-stop,No info,3597
IndiGo,24/05/2019,Banglore,Delhi,BLR → DEL,23:30,02:20 25 May,2h 50m,non-stop,No info,4591
Jet Airways,18/05/2019,Delhi,Cochin,DEL → BOM → COK,18:15,12:35 19 May,18h 20m,1 stop,In-flight meal not included,12373
Jet Airways,21/04/2019,Banglore,Delhi,BLR → DEL,06:00,08:45,2h 45m,non-stop,In-flight meal not included,4544
Jet Airways,9/03/2019,Delhi,Cochin,DEL → BOM → COK,19:15,18:50 10 Mar,23h 35m,1 stop,In-flight meal not included,14053
IndiGo,12/04/2019,Kolkata,Banglore,CCU → BLR,04:40,07:15,2h 35m,non-stop,No info,4174
Jet Airways,24/06/2019,Delhi,Cochin,DEL → COK,11:00,14:15,3h 15m,non-stop,In-flight meal not included,4256
Jet Airways,6/03/2019,Mumbai,Hyderabad,BOM → DED → DEL → HYD,14:20,16:50 07 Mar,26h 30m,2 stops,No info,24115
IndiGo,6/06/2019,Delhi,Cochin,DEL → HYD → COK,07:35,12:10,4h 35m,1 stop,No info,5458
Jet Airways,24/05/2019,Kolkata,Banglore,CCU → DEL → BLR,09:35,18:00,8h 25m,1 stop,No info,14151
IndiGo,18/05/2019,Chennai,Kolkata,MAA → CCU,07:55,10:15,2h 20m,non-stop,No info,3850
SpiceJet,21/05/2019,Chennai,Kolkata,MAA → CCU,08:20,10:35,2h 15m,non-stop,No info,3597
Jet Airways,27/04/2019,Banglore,Delhi,BLR → DEL,15:15,18:10,2h 55m,non-stop,In-flight meal not included,4544
Jet Airways,3/05/2019,Banglore,Delhi,BLR → DEL,08:20,11:20,3h,non-stop,In-flight meal not included,5198
Jet Airways,27/06/2019,Delhi,Cochin,DEL → AMD → BOM → COK,13:25,12:35 28 Jun,23h 10m,2 stops,No info,12819
IndiGo,1/03/2019,Kolkata,Banglore,CCU → BLR,09:35,12:20,2h 45m,non-stop,No info,6565
Jet Airways,12/05/2019,Kolkata,Banglore,CCU → BOM → BLR,21:10,12:00 13 May,14h 50m,1 stop,In-flight meal not included,9663
SpiceJet,21/04/2019,Delhi,Cochin,DEL → MAA → COK,15:45,22:05,6h 20m,1 stop,No info,6749
Jet Airways,12/05/2019,Mumbai,Hyderabad,BOM → HYD,19:35,21:05,1h 30m,non-stop,No info,5678
IndiGo,6/06/2019,Delhi,Cochin,DEL → LKO → COK,21:50,03:35 07 Jun,5h 45m,1 stop,No info,6195
Jet Airways,1/05/2019,Kolkata,Banglore,CCU → BOM → BLR,20:00,12:00 02 May,16h,1 stop,In-flight meal not included,9663
Jet Airways,27/04/2019,Banglore,Delhi,BLR → DEL,11:10,14:05,2h 55m,non-stop,No info,7229
Air India,18/04/2019,Banglore,Delhi,BLR → DEL,13:20,16:10,2h 50m,non-stop,No info,6121
Air India,6/05/2019,Delhi,Cochin,DEL → LKO → BOM → COK,12:20,19:15 07 May,30h 55m,2 stops,No info,13538
Jet Airways,18/05/2019,Kolkata,Banglore,CCU → DEL → BLR,09:35,10:55 19 May,25h 20m,1 stop,No info,14151
Vistara,1/06/2019,Banglore,Delhi,BLR → DEL,07:00,09:40,2h 40m,non-stop,No info,4878
Air Asia,6/05/2019,Banglore,Delhi,BLR → DEL,23:55,02:45 07 May,2h 50m,non-stop,No info,3383
IndiGo,3/05/2019,Banglore,Delhi,BLR → DEL,16:55,19:55,3h,non-stop,No info,4823
Air Asia,1/06/2019,Delhi,Cochin,DEL → BLR → COK,07:55,13:25,5h 30m,1 stop,No info,9330
Jet Airways,18/05/2019,Kolkata,Banglore,CCU → BOM → BLR,14:05,20:45,6h 40m,1 stop,In-flight meal not included,10844
Air India,24/03/2019,Banglore,New Delhi,BLR → DEL,10:00,12:45,2h 45m,non-stop,No info,4441
Multiple carriers,15/05/2019,Delhi,Cochin,DEL → BOM → COK,12:50,21:00,8h 10m,1 stop,No info,7670
Jet Airways,24/04/2019,Banglore,Delhi,BLR → DEL,17:45,20:45,3h,non-stop,In-flight meal not included,4544
Jet Airways,6/06/2019,Kolkata,Banglore,CCU → BOM → BLR,18:55,18:15 07 Jun,23h 20m,1 stop,In-flight meal not included,10844
Air India,1/04/2019,Banglore,Delhi,BLR → DEL,06:10,08:55,2h 45m,non-stop,No info,5176
Jet Airways,21/03/2019,Banglore,New Delhi,BLR → BOM → DEL,05:45,23:00,17h 15m,1 stop,In-flight meal not included,7832
Multiple carriers,18/05/2019,Delhi,Cochin,DEL → BOM → COK,08:00,21:00,13h,1 stop,No info,8073
Multiple carriers,21/05/2019,Delhi,Cochin,DEL → BOM → COK,13:00,21:00,8h,1 stop,No info,14067
Jet Airways,12/06/2019,Kolkata,Banglore,CCU → DEL → BLR,20:25,10:55 13 Jun,14h 30m,1 stop,No info,12692
Multiple carriers,1/06/2019,Delhi,Cochin,DEL → BOM → COK,17:00,01:30 02 Jun,8h 30m,1 stop,No info,7408
IndiGo,15/04/2019,Banglore,Delhi,BLR → DEL,18:25,21:20,2h 55m,non-stop,No info,4823
Jet Airways,21/03/2019,Banglore,New Delhi,BLR → BOM → DEL,14:05,21:20,7h 15m,1 stop,In-flight meal not included,7832
Multiple carriers,9/05/2019,Delhi,Cochin,DEL → BOM → COK,10:20,01:30 10 May,15h 10m,1 stop,No info,9021
Jet Airways,6/06/2019,Delhi,Cochin,DEL → LKO → BOM → COK,11:45,04:25 07 Jun,16h 40m,2 stops,In-flight meal not included,11992
Air India,9/03/2019,Delhi,Cochin,DEL → MAA → COK,06:05,09:25 10 Mar,27h 20m,1 stop,No info,10945
Jet Airways,18/05/2019,Mumbai,Hyderabad,BOM → HYD,19:35,21:05,1h 30m,non-stop,In-flight meal not included,3210
Jet Airways,12/06/2019,Kolkata,Banglore,CCU → BOM → BLR,18:55,10:05 13 Jun,15h 10m,1 stop,In-flight meal not included,8529
Jet Airways,21/03/2019,Delhi,Cochin,DEL → JAI → BOM → COK,09:40,18:50,9h 10m,2 stops,No info,11702
SpiceJet,9/05/2019,Banglore,Delhi,BLR → DEL,09:30,12:20,2h 50m,non-stop,No info,4991
SpiceJet,18/05/2019,Chennai,Kolkata,MAA → CCU,08:20,10:35,2h 15m,non-stop,No info,3597
Jet Airways,12/06/2019,Delhi,Cochin,DEL → ATQ → BOM → COK,08:10,12:35 13 Jun,28h 25m,2 stops,No info,14300
Air Asia,24/05/2019,Kolkata,Banglore,CCU → BLR,10:20,12:55,2h 35m,non-stop,No info,4409
IndiGo,24/04/2019,Delhi,Cochin,DEL → BLR → COK,15:10,20:00,4h 50m,1 stop,No info,6027
IndiGo,1/06/2019,Delhi,Cochin,DEL → HYD → COK,07:35,12:10,4h 35m,1 stop,No info,5054
Multiple carriers,15/05/2019,Delhi,Cochin,DEL → BOM → COK,10:20,19:15,8h 55m,1 stop,No info,8266
Jet Airways,06/03/2019,Banglore,New Delhi,BLR → BOM → DEL,05:45,05:05 07 Mar,23h 20m,1 stop,No info,13555
SpiceJet,9/05/2019,Mumbai,Hyderabad,BOM → HYD,05:45,07:15,1h 30m,non-stop,No check-in baggage included,1965
IndiGo,18/05/2019,Delhi,Cochin,DEL → BOM → COK,11:25,21:00,9h 35m,1 stop,No info,7191
Multiple carriers,24/06/2019,Delhi,Cochin,DEL → BOM → COK,10:00,01:30 25 Jun,15h 30m,1 stop,No info,13377
Air India,15/05/2019,Delhi,Cochin,DEL → HYD → MAA → COK,13:05,09:25 16 May,20h 20m,2 stops,No info,10975
IndiGo,24/06/2019,Delhi,Cochin,DEL → BOM → COK,08:30,21:00,12h 30m,1 stop,No info,6093
SpiceJet,6/06/2019,Kolkata,Banglore,CCU → PNQ → BLR,08:35,17:15,8h 40m,1 stop,No info,6643
Jet Airways,15/06/2019,Delhi,Cochin,DEL → BOM → COK,19:15,19:00 16 Jun,23h 45m,1 stop,In-flight meal not included,10262
Jet Airways,6/06/2019,Delhi,Cochin,DEL → BOM → COK,19:45,04:25 07 Jun,8h 40m,1 stop,In-flight meal not included,10262
Multiple carriers,9/05/2019,Delhi,Cochin,DEL → BOM → COK,11:30,01:30 10 May,14h,1 stop,No info,15078
Jet Airways,15/06/2019,Delhi,Cochin,DEL → BOM → COK,14:00,12:35 16 Jun,22h 35m,1 stop,In-flight meal not included,10262
Jet Airways,3/06/2019,Delhi,Cochin,DEL → BOM → COK,18:15,04:25 04 Jun,10h 10m,1 stop,In-flight meal not included,10262
Jet Airways,27/05/2019,Delhi,Cochin,DEL → AMD → BOM → COK,13:25,12:35 28 May,23h 10m,2 stops,No info,15129
Jet Airways,1/05/2019,Kolkata,Banglore,CCU → BOM → BLR,08:25,09:20 02 May,24h 55m,1 stop,No info,14388
IndiGo,3/04/2019,Banglore,Delhi,BLR → DEL,21:15,00:15 04 Apr,3h,non-stop,No info,3943
IndiGo,15/06/2019,Kolkata,Banglore,CCU → BLR,09:35,12:10,2h 35m,non-stop,No info,5644
Jet Airways,6/03/2019,Delhi,Cochin,DEL → BOM → COK,09:00,18:50,9h 50m,1 stop,No info,17024
Air India,6/06/2019,Delhi,Cochin,DEL → BLR → COK,17:40,08:15 07 Jun,14h 35m,1 stop,No info,7258
SpiceJet,1/04/2019,Delhi,Cochin,DEL → PNQ → COK,08:45,13:15,4h 30m,1 stop,No info,4812
Air India,6/06/2019,Delhi,Cochin,DEL → JAI → BOM → COK,12:00,19:15,7h 15m,2 stops,No info,8603
SpiceJet,24/04/2019,Kolkata,Banglore,CCU → BLR,06:55,09:30,2h 35m,non-stop,No info,3873
Jet Airways,18/06/2019,Mumbai,Hyderabad,BOM → HYD,07:05,08:30,1h 25m,non-stop,In-flight meal not included,4995
SpiceJet,1/04/2019,Kolkata,Banglore,CCU → BLR,22:20,00:40 02 Apr,2h 20m,non-stop,No info,3873
Air India,21/05/2019,Delhi,Cochin,DEL → BOM → COK,09:00,19:15,10h 15m,1 stop,No info,8372
IndiGo,24/05/2019,Chennai,Kolkata,MAA → CCU,13:15,15:35,2h 20m,non-stop,No info,3597
Multiple carriers,15/06/2019,Delhi,Cochin,DEL → BOM → COK,11:40,19:00,7h 20m,1 stop,No info,11789
Jet Airways,12/03/2019,Banglore,New Delhi,BLR → BOM → DEL,22:55,11:25 13 Mar,12h 30m,1 stop,In-flight meal not included,11087
Air India,18/05/2019,Delhi,Cochin,DEL → MAA → COK,20:40,09:25 19 May,12h 45m,1 stop,No info,7480
SpiceJet,24/04/2019,Kolkata,Banglore,CCU → BLR,17:10,19:40,2h 30m,non-stop,No check-in baggage included,3841
Jet Airways,3/05/2019,Banglore,Delhi,BLR → DEL,08:20,11:20,3h,non-stop,No info,7229
Jet Airways,15/06/2019,Delhi,Cochin,DEL → BDQ → BOM → COK,18:25,12:35 16 Jun,18h 10m,2 stops,No info,14237
Jet Airways,12/05/2019,Kolkata,Banglore,CCU → BOM → BLR,18:55,10:05 13 May,15h 10m,1 stop,In-flight meal not included,9663
Jet Airways,9/06/2019,Delhi,Cochin,DEL → NAG → BOM → COK,14:35,04:25 10 Jun,13h 50m,2 stops,No info,13376
IndiGo,12/05/2019,Banglore,Delhi,BLR → DEL,07:10,10:05,2h 55m,non-stop,No info,4823
IndiGo,21/03/2019,Banglore,New Delhi,BLR → LKO → DEL,05:25,10:10,4h 45m,1 stop,No info,6208
IndiGo,21/06/2019,Kolkata,Banglore,CCU → BLR,17:15,19:50,2h 35m,non-stop,No info,4804
Jet Airways,12/05/2019,Kolkata,Banglore,CCU → DEL → BLR,09:35,21:05,11h 30m,1 stop,No info,14151
SpiceJet,18/03/2019,Kolkata,Banglore,CCU → BLR,06:55,09:35,2h 40m,non-stop,No info,4465
Multiple carriers,9/03/2019,Delhi,Cochin,DEL → BOM → COK,08:00,19:15,11h 15m,1 stop,No info,19332
IndiGo,21/03/2019,Delhi,Cochin,DEL → HYD → COK,07:35,22:20,14h 45m,1 stop,No info,6558
Jet Airways,9/06/2019,Mumbai,Hyderabad,BOM → HYD,07:05,08:30,1h 25m,non-stop,In-flight meal not included,4050
IndiGo,12/06/2019,Mumbai,Hyderabad,BOM → HYD,01:40,03:10,1h 30m,non-stop,No info,2754
SpiceJet,1/06/2019,Delhi,Cochin,DEL → MAA → COK,06:05,11:20,5h 15m,1 stop,No info,5583
Multiple carriers,15/05/2019,Delhi,Cochin,DEL → BOM → COK,10:35,19:15,8h 40m,1 stop,No info,7575
Air India,21/05/2019,Kolkata,Banglore,CCU → GAU → DEL → BLR,09:50,08:55 22 May,23h 5m,2 stops,No info,14960
Jet Airways,9/05/2019,Kolkata,Banglore,CCU → BOM → BLR,16:30,08:15 10 May,15h 45m,1 stop,No info,13941
Air India,3/06/2019,Delhi,Cochin,DEL → CCU → BOM → COK,06:50,07:40 04 Jun,24h 50m,2 stops,No info,13381
Jet Airways,24/03/2019,Kolkata,Banglore,CCU → BOM → BLR,19:45,18:10 25 Mar,22h 25m,1 stop,In-flight meal not included,10031
Multiple carriers,12/06/2019,Delhi,Cochin,DEL → IXU → BOM → COK,17:50,01:30 13 Jun,7h 40m,2 stops,No info,18275
Multiple carriers,21/03/2019,Delhi,Cochin,DEL → BOM → COK,08:00,15:30,7h 30m,1 stop,No info,8307
IndiGo,6/03/2019,Delhi,Cochin,DEL → BOM → COK,07:30,21:00,13h 30m,1 stop,No info,14871
Jet Airways,06/03/2019,Banglore,New Delhi,BLR → BOM → DEL,22:50,21:20 07 Mar,22h 30m,1 stop,No info,17471
Jet Airways,27/05/2019,Delhi,Cochin,DEL → JAI → BOM → COK,09:40,12:35 28 May,26h 55m,2 stops,In-flight meal not included,13029
Vistara,9/06/2019,Kolkata,Banglore,CCU → DEL → BLR,07:10,09:05 10 Jun,25h 55m,1 stop,No info,9397
Jet Airways,6/03/2019,Delhi,Cochin,DEL → AMD → BOM → COK,19:10,04:25 08 Mar,33h 15m,2 stops,In-flight meal not included,16022
Jet Airways,9/05/2019,Kolkata,Banglore,CCU → DEL → BLR,17:00,23:35,6h 35m,1 stop,In-flight meal not included,7341
Multiple carriers,27/06/2019,Delhi,Cochin,DEL → BOM → COK,07:30,19:00,11h 30m,1 stop,No info,10877
IndiGo,6/03/2019,Delhi,Cochin,DEL → BOM → COK,17:10,01:35 07 Mar,8h 25m,1 stop,No info,14871
Air India,3/04/2019,Kolkata,Banglore,CCU → BBI → HYD → BLR,09:10,11:05 04 Apr,25h 55m,2 stops,No info,4647
Jet Airways,9/05/2019,Delhi,Cochin,DEL → BOM → COK,19:15,04:25 10 May,9h 10m,1 stop,In-flight meal not included,12373
Air India,9/05/2019,Delhi,Cochin,DEL → HYD → BOM → COK,17:15,07:40 10 May,14h 25m,2 stops,No info,13039
Jet Airways,9/05/2019,Kolkata,Banglore,CCU → BOM → BLR,21:10,10:05 10 May,12h 55m,1 stop,In-flight meal not included,9663
Multiple carriers,12/06/2019,Delhi,Cochin,DEL → BOM → COK,11:40,19:00,7h 20m,1 stop,No info,11789
IndiGo,9/05/2019,Banglore,Delhi,BLR → DEL,01:30,04:15,2h 45m,non-stop,No info,3419
IndiGo,24/04/2019,Banglore,Delhi,BLR → DEL,13:00,15:50,2h 50m,non-stop,No info,4423
Jet Airways,21/06/2019,Banglore,Delhi,BLR → DEL,19:50,22:50,3h,non-stop,In-flight meal not included,7754
Jet Airways,18/05/2019,Delhi,Cochin,DEL → AMD → BOM → COK,23:05,04:25 20 May,29h 20m,2 stops,No info,16704
SpiceJet,24/03/2019,Chennai,Kolkata,MAA → CCU,08:20,10:35,2h 15m,non-stop,No check-in baggage included,3807
Air India,18/03/2019,Banglore,New Delhi,BLR → GAU → DEL,13:50,18:40 16 Mar,28h 50m,1 stop,No info,11161
Jet Airways,6/06/2019,Delhi,Cochin,DEL → BOM → COK,13:00,12:35 07 Jun,23h 35m,1 stop,In-flight meal not included,11627
Air Asia,9/06/2019,Kolkata,Banglore,CCU → IXR → DEL → BLR,15:10,23:30,8h 20m,2 stops,No info,7870
IndiGo,27/05/2019,Chennai,Kolkata,MAA → CCU,07:55,10:15,2h 20m,non-stop,No info,3850
Jet Airways,9/06/2019,Delhi,Cochin,DEL → BOM → COK,18:15,12:35 10 Jun,18h 20m,1 stop,In-flight meal not included,10577
Jet Airways,18/05/2019,Delhi,Cochin,DEL → JAI → BOM → COK,19:30,04:25 19 May,8h 55m,2 stops,No info,15129
Vistara,21/04/2019,Banglore,Delhi,BLR → DEL,17:00,19:35,2h 35m,non-stop,No info,5613
GoAir,18/05/2019,Delhi,Cochin,DEL → AMD → COK,07:25,13:35,6h 10m,1 stop,No info,6296
Air India,21/03/2019,Delhi,Cochin,DEL → CCU → BOM → COK,06:50,19:15 22 Mar,36h 25m,2 stops,No info,10756
Jet Airways,12/06/2019,Kolkata,Banglore,CCU → BOM → BLR,08:25,20:45,12h 20m,1 stop,In-flight meal not included,9899
Jet Airways,6/03/2019,Delhi,Cochin,DEL → AMD → BOM → COK,19:10,19:45 07 Mar,24h 35m,2 stops,No info,21954
Air Asia,27/04/2019,Delhi,Cochin,DEL → BLR → COK,16:45,07:10 28 Apr,14h 25m,1 stop,No info,6451
Jet Airways,12/03/2019,Banglore,New Delhi,BLR → BOM → DEL,20:35,16:10 13 Mar,19h 35m,1 stop,In-flight meal not included,11087
SpiceJet,27/06/2019,Kolkata,Banglore,CCU → BLR,09:00,11:25,2h 25m,non-stop,No info,3873
Vistara,24/04/2019,Banglore,Delhi,BLR → DEL,19:30,22:15,2h 45m,non-stop,No info,5613
IndiGo,01/03/2019,Banglore,New Delhi,BLR → DEL,20:00,22:55,2h 55m,non-stop,No info,14306
Jet Airways,27/06/2019,Delhi,Cochin,DEL → BOM → COK,07:05,19:00,11h 55m,1 stop,No info,18371
Air India,27/05/2019,Kolkata,Banglore,CCU → BLR,14:15,16:45,2h 30m,non-stop,No info,5510
IndiGo,18/05/2019,Mumbai,Hyderabad,BOM → HYD,21:20,22:50,1h 30m,non-stop,No info,2227
Multiple carriers,27/06/2019,Delhi,Cochin,DEL → IXU → BOM → COK,17:50,01:30 28 Jun,7h 40m,2 stops,No info,18275
SpiceJet,21/04/2019,Delhi,Cochin,DEL → PNQ → COK,08:45,13:15,4h 30m,1 stop,No check-in baggage included,6356
GoAir,1/05/2019,Banglore,Delhi,BLR → DEL,11:40,14:30,2h 50m,non-stop,No info,4340
Jet Airways,24/05/2019,Kolkata,Banglore,CCU → DEL → BLR,09:35,23:35,14h,1 stop,No info,14151
IndiGo,9/06/2019,Delhi,Cochin,DEL → BOM → COK,17:30,01:30 10 Jun,8h,1 stop,No info,6104
Jet Airways,27/03/2019,Mumbai,Hyderabad,BOM → HYD,02:55,04:25,1h 30m,non-stop,In-flight meal not included,1840
IndiGo,24/06/2019,Banglore,Delhi,BLR → DEL,06:05,08:50,2h 45m,non-stop,No info,3943
Vistara,21/03/2019,Delhi,Cochin,DEL → COK,06:00,09:10,3h 10m,non-stop,No info,6688
IndiGo,15/04/2019,Kolkata,Banglore,CCU → HYD → BLR,15:15,20:30,5h 15m,1 stop,No info,4775
Jet Airways,6/03/2019,Delhi,Cochin,DEL → BOM → COK,11:30,04:25 07 Mar,16h 55m,1 stop,No info,15764
Jet Airways,6/06/2019,Delhi,Cochin,DEL → BOM → COK,19:15,04:25 07 Jun,9h 10m,1 stop,No info,14714
Jet Airways,18/05/2019,Delhi,Cochin,DEL → ATQ → BOM → COK,20:00,04:25 19 May,8h 25m,2 stops,In-flight meal not included,15318
Jet Airways,1/05/2019,Kolkata,Banglore,CCU → GAU → BLR,10:20,17:35,7h 15m,1 stop,In-flight meal not included,5608
Air India,6/03/2019,Delhi,Cochin,DEL → HYD → MAA → COK,17:15,09:25 07 Mar,16h 10m,2 stops,No info,9417
IndiGo,3/06/2019,Banglore,Delhi,BLR → DEL,21:15,00:15 04 Jun,3h,non-stop,No info,3943
Jet Airways,3/06/2019,Delhi,Cochin,DEL → BOM → COK,17:30,12:35 04 Jun,19h 5m,1 stop,No info,14714
IndiGo,21/04/2019,Banglore,Delhi,BLR → DEL,20:00,22:50,2h 50m,non-stop,No info,4823
GoAir,6/04/2019,Delhi,Cochin,DEL → BOM → COK,10:35,19:35,9h,1 stop,No info,5135
Jet Airways,12/06/2019,Delhi,Cochin,DEL → BOM → COK,07:05,12:35,5h 30m,1 stop,No info,16289
Jet Airways,27/06/2019,Delhi,Cochin,DEL → AMD → BOM → COK,13:25,19:00 28 Jun,29h 35m,2 stops,No info,12819
Vistara,6/03/2019,Mumbai,Hyderabad,BOM → DEL → HYD,21:55,16:45 07 Mar,18h 50m,1 stop,No info,12395
Jet Airways,06/03/2019,Banglore,New Delhi,BLR → BOM → DEL,21:25,20:20 07 Mar,22h 55m,1 stop,No info,17471
IndiGo,15/05/2019,Delhi,Cochin,DEL → BOM → COK,16:00,21:00,5h,1 stop,No info,6069
Jet Airways,12/03/2019,Banglore,New Delhi,BLR → BOM → DEL,05:45,20:20,14h 35m,1 stop,No info,13817
Multiple carriers,9/03/2019,Delhi,Cochin,DEL → BOM → COK,00:20,07:40,7h 20m,1 stop,In-flight meal not included,13977
IndiGo,3/03/2019,Kolkata,Banglore,CCU → BLR,20:25,23:05,2h 40m,non-stop,No info,6038
Jet Airways,6/06/2019,Banglore,Delhi,BLR → DEL,11:10,14:05,2h 55m,non-stop,No info,8016
Jet Airways,06/03/2019,Banglore,New Delhi,BLR → BOM → DEL,05:45,23:00,17h 15m,1 stop,No info,16736
IndiGo,12/03/2019,Chennai,Kolkata,MAA → CCU,07:55,10:15,2h 20m,non-stop,No info,6297
Jet Airways,21/05/2019,Kolkata,Banglore,CCU → BOM → BLR,08:25,19:50,11h 25m,1 stop,No info,14781
Jet Airways,24/05/2019,Kolkata,Banglore,CCU → BOM → BLR,18:55,12:00 25 May,17h 5m,1 stop,No info,14571
Multiple carriers,15/06/2019,Delhi,Cochin,DEL → BOM → COK,08:00,21:00,13h,1 stop,No info,13587
IndiGo,6/03/2019,Delhi,Cochin,DEL → HYD → COK,06:40,22:20,15h 40m,1 stop,No info,6442
IndiGo,15/03/2019,Mumbai,Hyderabad,BOM → HYD,20:05,21:35,1h 30m,non-stop,No info,2754
Air India,1/06/2019,Delhi,Cochin,DEL → AMD → BOM → COK,19:45,19:15 02 Jun,23h 30m,2 stops,No info,10651
Jet Airways,09/03/2019,Banglore,New Delhi,BLR → MAA → DEL,09:45,00:30 13 Mar,14h 45m,1 stop,In-flight meal not included,10562
SpiceJet,27/05/2019,Kolkata,Banglore,CCU → BLR,09:00,11:25,2h 25m,non-stop,No info,3873
Multiple carriers,3/06/2019,Delhi,Cochin,DEL → BOM → COK,12:50,19:15,6h 25m,1 stop,No info,9001
Air India,27/03/2019,Delhi,Cochin,DEL → BOM → COK,10:00,19:15,9h 15m,1 stop,No info,6902
Jet Airways,12/06/2019,Kolkata,Banglore,CCU → BOM → BLR,18:55,22:35 13 Jun,27h 40m,1 stop,In-flight meal not included,8529
IndiGo,6/04/2019,Delhi,Cochin,DEL → HYD → COK,07:35,12:10,4h 35m,1 stop,No info,5073
Jet Airways,21/05/2019,Delhi,Cochin,DEL → BOM → COK,22:50,04:25 22 May,5h 35m,1 stop,No info,16079
Jet Airways,15/03/2019,Banglore,New Delhi,BLR → BOM → DEL,07:00,07:40 16 Mar,24h 40m,1 stop,In-flight meal not included,7832
SpiceJet,6/06/2019,Kolkata,Banglore,CCU → BLR,17:10,19:40,2h 30m,non-stop,No info,3873
Air India,21/03/2019,Banglore,New Delhi,BLR → BOM → DEL,08:50,23:15,14h 25m,1 stop,No info,6824
Jet Airways,12/06/2019,Kolkata,Banglore,CCU → BOM → BLR,06:30,16:20,9h 50m,1 stop,In-flight meal not included,9899
Multiple carriers,27/03/2019,Delhi,Cochin,DEL → BOM → COK,11:40,19:15,7h 35m,1 stop,No info,6953
Air India,09/03/2019,Banglore,New Delhi,BLR → HYD → DEL,06:50,08:50 13 Mar,26h,1 stop,No info,5626
Jet Airways,9/03/2019,Delhi,Cochin,DEL → BOM → COK,20:50,04:25 10 Mar,7h 35m,1 stop,No info,15554
IndiGo,12/04/2019,Banglore,Delhi,BLR → DEL,10:10,13:00,2h 50m,non-stop,No info,4591
Multiple carriers,9/05/2019,Delhi,Cochin,DEL → BOM → COK,06:00,19:15,13h 15m,1 stop,No info,8266
IndiGo,24/06/2019,Delhi,Cochin,DEL → LKO → COK,21:50,03:35 25 Jun,5h 45m,1 stop,No info,5775
Air India,15/06/2019,Delhi,Cochin,DEL → AMD → BOM → COK,19:45,19:15 16 Jun,23h 30m,2 stops,No info,9653
Jet Airways,1/04/2019,Kolkata,Banglore,CCU → BOM → BLR,21:10,04:40 02 Apr,7h 30m,1 stop,In-flight meal not included,8849
IndiGo,24/05/2019,Mumbai,Hyderabad,BOM → HYD,09:10,10:40,1h 30m,non-stop,No info,5755
Air India,6/03/2019,Delhi,Cochin,DEL → AMD → BOM → COK,05:00,19:15 07 Mar,38h 15m,2 stops,No info,10283
IndiGo,9/03/2019,Delhi,Cochin,DEL → BOM → COK,07:30,21:00,13h 30m,1 stop,No info,12351
Air India,15/04/2019,Delhi,Cochin,DEL → COK,05:10,08:00,2h 50m,non-stop,No info,6094
Jet Airways,9/03/2019,Delhi,Cochin,DEL → BOM → COK,18:15,18:50 10 Mar,24h 35m,1 stop,No info,16289
IndiGo,24/03/2019,Banglore,New Delhi,BLR → DEL,06:00,08:45,2h 45m,non-stop,No info,4777
Jet Airways,6/05/2019,Kolkata,Banglore,CCU → BOM → BLR,18:55,04:40 07 May,9h 45m,1 stop,No info,13941
Jet Airways,1/05/2019,Kolkata,Banglore,CCU → BOM → BLR,20:00,08:15 02 May,12h 15m,1 stop,No info,13941
IndiGo,3/06/2019,Delhi,Cochin,DEL → COK,05:35,08:50,3h 15m,non-stop,No info,5601
Jet Airways,24/05/2019,Delhi,Cochin,DEL → AMD → BOM → COK,23:05,04:25 26 May,29h 20m,2 stops,No info,16704
SpiceJet,1/05/2019,Kolkata,Banglore,CCU → BLR,06:55,09:30,2h 35m,non-stop,No check-in baggage included,3841
Jet Airways,9/05/2019,Kolkata,Banglore,CCU → BOM → BLR,14:05,10:05 10 May,20h,1 stop,In-flight meal not included,7757
IndiGo,15/06/2019,Mumbai,Hyderabad,BOM → HYD,16:55,18:25,1h 30m,non-stop,No info,3175
IndiGo,21/05/2019,Delhi,Cochin,DEL → HYD → COK,11:55,00:55 22 May,13h,1 stop,No info,6282
Air Asia,6/06/2019,Kolkata,Banglore,CCU → IXR → DEL → BLR,15:10,23:30,8h 20m,2 stops,No info,6810
Jet Airways,15/05/2019,Kolkata,Banglore,CCU → DEL → BLR,17:00,09:45 16 May,16h 45m,1 stop,No info,13067
Air India,24/05/2019,Banglore,Delhi,BLR → DEL,06:10,08:55,2h 45m,non-stop,No info,8273
Multiple carriers,9/04/2019,Delhi,Cochin,DEL → BOM → COK,09:00,19:15,10h 15m,1 stop,No info,12853
Jet Airways,6/05/2019,Banglore,Delhi,BLR → DEL,17:45,20:45,3h,non-stop,In-flight meal not included,4030
Jet Airways,24/03/2019,Kolkata,Banglore,CCU → BOM → BLR,13:55,23:25,9h 30m,1 stop,No info,14231
Multiple carriers,9/05/2019,Delhi,Cochin,DEL → BOM → COK,07:00,19:00,12h,1 stop,No info,10197
Multiple carriers,18/05/2019,Delhi,Cochin,DEL → BOM → COK,09:00,19:15,10h 15m,1 stop,No info,14533
Jet Airways,6/06/2019,Kolkata,Banglore,CCU → DEL → BLR,20:25,09:45 07 Jun,13h 20m,1 stop,No info,12692
IndiGo,15/05/2019,Banglore,Delhi,BLR → DEL,10:10,13:00,2h 50m,non-stop,No info,3943
Jet Airways,6/06/2019,Mumbai,Hyderabad,BOM → HYD,10:20,11:50,1h 30m,non-stop,No info,8040
SpiceJet,1/04/2019,Delhi,Cochin,DEL → MAA → COK,06:05,11:20,5h 15m,1 stop,No info,5351
IndiGo,3/06/2019,Delhi,Cochin,DEL → BOM → COK,07:30,21:00,13h 30m,1 stop,No info,6093
Jet Airways,9/06/2019,Delhi,Cochin,DEL → JAI → BOM → COK,05:30,04:25 10 Jun,22h 55m,2 stops,In-flight meal not included,10368
SpiceJet,15/05/2019,Banglore,Delhi,BLR → DEL,09:30,12:20,2h 50m,non-stop,No check-in baggage included,4319
Air India,1/05/2019,Kolkata,Banglore,CCU → GAU → BLR,16:45,21:05 02 May,28h 20m,1 stop,No info,7452
IndiGo,24/06/2019,Delhi,Cochin,DEL → HYD → COK,08:35,22:30,13h 55m,1 stop,No info,6442
Jet Airways,27/06/2019,Delhi,Cochin,DEL → BOM → COK,09:00,12:35 28 Jun,27h 35m,1 stop,In-flight meal not included,10262
Jet Airways,18/05/2019,Kolkata,Banglore,CCU → BOM → BLR,05:45,18:15,12h 30m,1 stop,No info,14781
Jet Airways,18/05/2019,Delhi,Cochin,DEL → BOM → COK,19:45,19:00 19 May,23h 15m,1 stop,No info,15554
IndiGo,18/06/2019,Kolkata,Banglore,CCU → BLR,20:25,23:10,2h 45m,non-stop,No info,4804
Jet Airways,9/06/2019,Kolkata,Banglore,CCU → BOM → BLR,21:10,10:05 10 Jun,12h 55m,1 stop,In-flight meal not included,11841
IndiGo,24/05/2019,Kolkata,Banglore,CCU → HYD → BLR,15:15,20:05,4h 50m,1 stop,No info,5192
Air India,9/05/2019,Kolkata,Banglore,CCU → BOM → BLR,09:25,18:30,9h 5m,1 stop,No info,8891
Air India,21/05/2019,Kolkata,Banglore,CCU → BOM → GOI → BLR,09:25,05:35 22 May,20h 10m,2 stops,No info,11432
IndiGo,12/05/2019,Kolkata,Banglore,CCU → BLR,09:35,12:20,2h 45m,non-stop,No info,4804
Multiple carriers,1/06/2019,Delhi,Cochin,DEL → BOM → COK,08:30,19:00,10h 30m,1 stop,No info,11200
IndiGo,9/06/2019,Delhi,Cochin,DEL → COK,14:20,17:35,3h 15m,non-stop,No info,5601
Jet Airways,24/06/2019,Banglore,Delhi,BLR → DEL,19:50,22:50,3h,non-stop,No info,8016
Jet Airways,15/03/2019,Banglore,New Delhi,BLR → BOM → DEL,07:00,13:15,6h 15m,1 stop,In-flight meal not included,9134
Jet Airways,27/05/2019,Delhi,Cochin,DEL → BOM → COK,19:45,19:00 28 May,23h 15m,1 stop,In-flight meal not included,12898
IndiGo,15/04/2019,Kolkata,Banglore,CCU → BLR,09:35,12:20,2h 45m,non-stop,No info,4174
Jet Airways,9/06/2019,Kolkata,Banglore,CCU → DEL → BLR,17:00,19:10 10 Jun,26h 10m,1 stop,No info,12692
Jet Airways,27/03/2019,Delhi,Cochin,DEL → BOM → COK,19:15,19:45 28 Mar,24h 30m,1 stop,In-flight meal not included,5963
Multiple carriers,12/06/2019,Delhi,Cochin,DEL → BOM → COK,04:55,19:00,14h 5m,1 stop,No info,10678
GoAir,27/06/2019,Kolkata,Banglore,CCU → BLR,15:20,17:55,2h 35m,non-stop,No info,3514
SpiceJet,12/06/2019,Mumbai,Hyderabad,BOM → HYD,13:15,14:45,1h 30m,non-stop,No info,2017
Jet Airways,6/06/2019,Delhi,Cochin,DEL → BOM → COK,08:00,04:25 07 Jun,20h 25m,1 stop,In-flight meal not included,10262
Jet Airways,12/06/2019,Delhi,Cochin,DEL → NAG → BOM → COK,14:35,04:25 13 Jun,13h 50m,2 stops,In-flight meal not included,10919
IndiGo,15/06/2019,Delhi,Cochin,DEL → HYD → COK,07:35,22:30,14h 55m,1 stop,No info,6442
IndiGo,18/05/2019,Delhi,Cochin,DEL → BOM → COK,16:00,21:00,5h,1 stop,No info,6069
Vistara,21/03/2019,Banglore,New Delhi,BLR → AMD → DEL,06:40,21:55,15h 15m,1 stop,No info,6065
Air India,6/04/2019,Delhi,Cochin,DEL → BLR → COK,17:40,23:00,5h 20m,1 stop,No info,5232
Jet Airways,24/03/2019,Kolkata,Banglore,CCU → BOM → BLR,18:55,12:00 25 Mar,17h 5m,1 stop,In-flight meal not included,11134
IndiGo,3/04/2019,Banglore,Delhi,BLR → DEL,22:10,01:00 04 Apr,2h 50m,non-stop,No info,3943
Jet Airways,21/03/2019,Banglore,New Delhi,BLR → BOM → DEL,08:55,23:00,14h 5m,1 stop,In-flight meal not included,6992
IndiGo,3/03/2019,Chennai,Kolkata,MAA → CCU,19:35,21:55,2h 20m,non-stop,No info,7295
Air Asia,6/06/2019,Delhi,Cochin,DEL → BLR → COK,20:45,07:10 07 Jun,10h 25m,1 stop,No info,11410
Multiple carriers,24/06/2019,Delhi,Cochin,DEL → HYD → COK,07:10,16:10,9h,1 stop,No info,6723
Jet Airways,9/06/2019,Kolkata,Banglore,CCU → BOM → BLR,14:05,23:35,9h 30m,1 stop,No info,14571
Jet Airways,12/06/2019,Delhi,Cochin,DEL → BOM → COK,22:50,12:35 13 Jun,13h 45m,1 stop,In-flight meal not included,10262
Jet Airways,9/05/2019,Delhi,Cochin,DEL → AMD → BOM → COK,23:05,04:25 11 May,29h 20m,2 stops,No info,15129
IndiGo,6/03/2019,Delhi,Cochin,DEL → BOM → COK,04:45,21:00,16h 15m,1 stop,No info,13611
IndiGo,24/04/2019,Banglore,Delhi,BLR → DEL,06:05,08:50,2h 45m,non-stop,No info,4423
IndiGo,6/06/2019,Delhi,Cochin,DEL → HYD → COK,14:20,22:30,8h 10m,1 stop,No info,6938
Jet Airways,1/05/2019,Kolkata,Banglore,CCU → DEL → BLR,17:00,23:35,6h 35m,1 stop,No info,13067
IndiGo,03/03/2019,Banglore,New Delhi,BLR → DEL,16:55,19:45,2h 50m,non-stop,No info,8855
SpiceJet,21/03/2019,Chennai,Kolkata,MAA → CCU,09:30,12:05,2h 35m,non-stop,No check-in baggage included,3332
Jet Airways,9/06/2019,Kolkata,Banglore,CCU → BOM → BLR,18:55,08:15 10 Jun,13h 20m,1 stop,In-flight meal not included,11841
Jet Airways,27/05/2019,Mumbai,Hyderabad,BOM → HYD,19:35,21:05,1h 30m,non-stop,No info,5678
Air Asia,15/05/2019,Banglore,Delhi,BLR → DEL,23:55,02:45 16 May,2h 50m,non-stop,No info,3383
Air India,1/05/2019,Kolkata,Banglore,CCU → BOM → BLR,16:50,07:55 02 May,15h 5m,1 stop,No info,8366
IndiGo,1/05/2019,Banglore,Delhi,BLR → DEL,04:00,06:50,2h 50m,non-stop,No info,3943
Jet Airways,21/04/2019,Banglore,Delhi,BLR → DEL,17:45,20:45,3h,non-stop,In-flight meal not included,4544
Jet Airways,9/05/2019,Delhi,Cochin,DEL → AMD → BOM → COK,23:05,12:35 10 May,13h 30m,2 stops,No info,15129
Jet Airways,12/05/2019,Kolkata,Banglore,CCU → BOM → BLR,18:55,10:05 13 May,15h 10m,1 stop,No info,14388
IndiGo,09/03/2019,Banglore,New Delhi,BLR → DEL,18:25,21:20,2h 55m,non-stop,No info,6860
SpiceJet,27/03/2019,Chennai,Kolkata,MAA → CCU,09:30,12:05,2h 35m,non-stop,No check-in baggage included,3332
Jet Airways,6/03/2019,Delhi,Cochin,DEL → BOM → COK,19:15,04:25 07 Mar,9h 10m,1 stop,No info,17024
IndiGo,21/03/2019,Banglore,New Delhi,BLR → DEL,16:55,19:45,2h 50m,non-stop,No info,6860
Air India,6/03/2019,Mumbai,Hyderabad,BOM → BHO → DEL → HYD,06:00,15:15 07 Mar,33h 15m,2 stops,No info,14219
Jet Airways,18/05/2019,Delhi,Cochin,DEL → BOM → COK,17:30,19:00 19 May,25h 30m,1 stop,In-flight meal not included,12373
IndiGo,21/06/2019,Delhi,Cochin,DEL → COK,05:35,08:50,3h 15m,non-stop,No info,5000
Air India,24/06/2019,Delhi,Cochin,DEL → CCU → BOM → COK,14:25,19:15 25 Jun,28h 50m,2 stops,No info,13381
IndiGo,12/06/2019,Delhi,Cochin,DEL → BOM → COK,04:55,21:00,16h 5m,1 stop,No info,5894
GoAir,1/06/2019,Delhi,Cochin,DEL → AMD → COK,07:25,13:35,6h 10m,1 stop,No info,6393
Jet Airways,6/06/2019,Delhi,Cochin,DEL → NAG → BOM → COK,14:35,04:25 07 Jun,13h 50m,2 stops,No info,13376
Jet Airways,15/06/2019,Delhi,Cochin,DEL → IDR → BOM → COK,21:25,12:35 16 Jun,15h 10m,2 stops,In-flight meal not included,9905
Jet Airways,9/06/2019,Delhi,Cochin,DEL → IDR → BOM → COK,09:35,12:35 10 Jun,27h,2 stops,No info,13292
Jet Airways,21/05/2019,Kolkata,Banglore,CCU → DEL → BLR,09:35,14:25 22 May,28h 50m,1 stop,In-flight meal not included,9314
Multiple carriers,12/06/2019,Delhi,Cochin,DEL → BOM → COK,13:00,21:00,8h,1 stop,No info,7408
IndiGo,9/06/2019,Banglore,Delhi,BLR → DEL,01:30,04:15,2h 45m,non-stop,No info,4077
Air India,9/05/2019,Delhi,Cochin,DEL → GOI → BOM → COK,22:00,19:15 10 May,21h 15m,2 stops,No info,10441
IndiGo,27/03/2019,Delhi,Cochin,DEL → BOM → COK,08:25,21:00,12h 35m,1 stop,No info,8285
SpiceJet,9/05/2019,Chennai,Kolkata,MAA → CCU,17:45,20:05,2h 20m,non-stop,No info,3597
Vistara,18/05/2019,Kolkata,Banglore,CCU → DEL → BLR,20:20,23:25 19 May,27h 5m,1 stop,No info,9345
Jet Airways,24/04/2019,Banglore,Delhi,BLR → DEL,07:10,10:10,3h,non-stop,No info,7229
Multiple carriers,3/03/2019,Delhi,Cochin,DEL → BOM → COK,07:05,21:00,13h 55m,1 stop,No info,17057
Vistara,1/06/2019,Delhi,Cochin,DEL → COK,06:00,09:10,3h 10m,non-stop,No info,6741
Air India,21/05/2019,Delhi,Cochin,DEL → UDR → BOM → COK,13:20,19:15 22 May,29h 55m,2 stops,No info,13276
Air India,01/03/2019,Banglore,New Delhi,BLR → BOM → NAG → DEL,08:50,10:35 02 Mar,25h 45m,2 stops,No info,31783
Air India,12/06/2019,Banglore,Delhi,BLR → DEL,06:10,08:55,2h 45m,non-stop,No info,6961
GoAir,15/06/2019,Delhi,Cochin,DEL → AMD → COK,07:25,13:35,6h 10m,1 stop,No info,5842
IndiGo,15/03/2019,Banglore,New Delhi,BLR → DEL,16:55,19:45,2h 50m,non-stop,No info,8033
SpiceJet,3/05/2019,Kolkata,Banglore,CCU → BLR,06:55,09:30,2h 35m,non-stop,No check-in baggage included,3841
IndiGo,1/03/2019,Kolkata,Banglore,CCU → BLR,15:10,17:45,2h 35m,non-stop,No info,6565
Air India,12/06/2019,Kolkata,Banglore,CCU → DEL → COK → BLR,10:00,13:45 13 Jun,27h 45m,2 stops,No info,12224
SpiceJet,9/06/2019,Kolkata,Banglore,CCU → BLR,17:10,19:40,2h 30m,non-stop,No info,4174
Jet Airways,21/05/2019,Delhi,Cochin,DEL → BHO → BOM → COK,05:30,12:35,7h 5m,2 stops,In-flight meal not included,15544
Jet Airways,21/05/2019,Kolkata,Banglore,CCU → DEL → BLR,17:00,21:05 22 May,28h 5m,1 stop,No info,14151
Air Asia,9/06/2019,Delhi,Cochin,DEL → BLR → COK,16:45,22:25,5h 40m,1 stop,No info,13470
Jet Airways,27/06/2019,Banglore,Delhi,BLR → DEL,11:10,14:05,2h 55m,non-stop,No info,8016
SpiceJet,6/03/2019,Mumbai,Hyderabad,BOM → JLR → HYD,14:10,22:25,8h 15m,1 stop,No info,13552
Multiple carriers,27/05/2019,Delhi,Cochin,DEL → BOM → COK,10:35,19:15,8h 40m,1 stop,No info,8625
Jet Airways,24/05/2019,Kolkata,Banglore,CCU → BOM → BLR,14:05,04:40 25 May,14h 35m,1 stop,No info,13731
Multiple carriers,6/06/2019,Delhi,Cochin,DEL → BOM → COK,16:00,01:30 07 Jun,9h 30m,1 stop,No info,13377
IndiGo,21/03/2019,Mumbai,Hyderabad,BOM → HYD,12:00,13:25,1h 25m,non-stop,No info,3342
Air India,21/04/2019,Delhi,Cochin,DEL → BLR → COK,20:30,08:15 22 Apr,11h 45m,1 stop,No info,7258
Jet Airways,6/06/2019,Delhi,Cochin,DEL → BOM → COK,17:30,04:25 07 Jun,10h 55m,1 stop,In-flight meal not included,10262
Air India,27/06/2019,Delhi,Cochin,DEL → HYD → MAA → COK,09:45,09:25 28 Jun,23h 40m,2 stops,No info,10975
Air India,18/05/2019,Delhi,Cochin,DEL → CCU → BOM → COK,20:15,19:15 19 May,23h,2 stops,No info,13591
SpiceJet,9/06/2019,Banglore,Delhi,BLR → DEL,21:10,00:05 10 Jun,2h 55m,non-stop,No info,3971
Jet Airways,1/05/2019,Kolkata,Banglore,CCU → DEL → BLR,09:35,14:25 02 May,28h 50m,1 stop,No info,11467
Air India,12/06/2019,Delhi,Cochin,DEL → AMD → BOM → COK,16:40,19:15 13 Jun,26h 35m,2 stops,No info,9443
Multiple carriers,6/03/2019,Delhi,Cochin,DEL → BOM → COK,07:30,15:30,8h,1 stop,No info,15147
IndiGo,27/05/2019,Delhi,Cochin,DEL → BOM → COK,10:35,01:30 28 May,14h 55m,1 stop,No info,6104
Jet Airways,9/05/2019,Delhi,Cochin,DEL → AMD → BOM → COK,23:05,12:35 10 May,13h 30m,2 stops,No info,15129
Vistara,6/05/2019,Kolkata,Banglore,CCU → DEL → BLR,07:10,18:50,11h 40m,1 stop,No info,8610
Jet Airways,24/06/2019,Delhi,Cochin,DEL → NAG → BOM → COK,06:45,04:25 25 Jun,21h 40m,2 stops,No info,13376
SpiceJet,12/06/2019,Kolkata,Banglore,CCU → PNQ → BLR,08:35,17:15,8h 40m,1 stop,No info,7189
Jet Airways,1/04/2019,Kolkata,Banglore,CCU → BOM → BLR,08:25,18:15,9h 50m,1 stop,No info,12681
Jet Airways,24/05/2019,Kolkata,Banglore,CCU → BOM → BLR,20:00,22:35 25 May,26h 35m,1 stop,In-flight meal not included,10844
Jet Airways,24/06/2019,Delhi,Cochin,DEL → LKO → BOM → COK,09:25,04:25 25 Jun,19h,2 stops,No info,13882
Air India,01/03/2019,Banglore,New Delhi,BLR → CCU → BBI → HYD → DEL,05:50,12:15 02 Mar,30h 25m,3 stops,No info,12346
Jet Airways,12/06/2019,Delhi,Cochin,DEL → BOM → COK,09:00,19:00,10h,1 stop,No info,14714
Jet Airways,21/05/2019,Kolkata,Banglore,CCU → BOM → BLR,14:05,04:40 22 May,14h 35m,1 stop,No info,14388
Jet Airways,12/03/2019,Banglore,New Delhi,BLR → BOM → DEL,18:55,09:30 13 Mar,14h 35m,1 stop,No info,13817
Jet Airways,15/05/2019,Kolkata,Banglore,CCU → BOM → BLR,21:10,04:40 16 May,7h 30m,1 stop,In-flight meal not included,9663
IndiGo,27/06/2019,Delhi,Cochin,DEL → COK,05:35,08:50,3h 15m,non-stop,No info,5000
Air India,15/05/2019,Kolkata,Banglore,CCU → GAU → BLR,16:45,21:05 16 May,28h 20m,1 stop,No info,7452
SpiceJet,24/05/2019,Mumbai,Hyderabad,BOM → HYD,05:45,07:15,1h 30m,non-stop,No check-in baggage included,1965
IndiGo,18/06/2019,Mumbai,Hyderabad,BOM → HYD,21:20,22:50,1h 30m,non-stop,No info,2227
Jet Airways,12/06/2019,Banglore,Delhi,BLR → DEL,08:20,11:20,3h,non-stop,No info,8016
IndiGo,18/06/2019,Banglore,Delhi,BLR → DEL,10:10,13:00,2h 50m,non-stop,No info,3943
Air India,15/06/2019,Delhi,Cochin,DEL → BOM → COK,21:00,07:40 16 Jun,10h 40m,1 stop,No info,8372
Jet Airways,15/06/2019,Delhi,Cochin,DEL → BOM → COK,18:15,04:25 16 Jun,10h 10m,1 stop,In-flight meal not included,10262
Jet Airways,1/04/2019,Kolkata,Banglore,CCU → BOM → BLR,06:30,09:20 02 Apr,26h 50m,1 stop,In-flight meal not included,7064
IndiGo,3/06/2019,Mumbai,Hyderabad,BOM → HYD,01:40,03:10,1h 30m,non-stop,No info,2754
Air Asia,21/06/2019,Kolkata,Banglore,CCU → BLR,19:55,22:25,2h 30m,non-stop,No info,4107
Jet Airways,18/05/2019,Delhi,Cochin,DEL → BOM → COK,10:00,12:35 19 May,26h 35m,1 stop,In-flight meal not included,12373
Multiple carriers,6/03/2019,Delhi,Cochin,DEL → HYD → COK,07:10,22:20,15h 10m,1 stop,In-flight meal not included,7563
Multiple carriers,27/06/2019,Delhi,Cochin,DEL → BOM → COK,07:30,19:15,11h 45m,1 stop,No info,8266
Jet Airways,1/04/2019,Banglore,Delhi,BLR → DEL,17:45,20:45,3h,non-stop,No info,7229
Jet Airways,9/05/2019,Kolkata,Banglore,CCU → DEL → BLR,09:35,21:05,11h 30m,1 stop,In-flight meal not included,12384
Air Asia,1/06/2019,Delhi,Cochin,DEL → BLR → COK,20:45,07:10 02 Jun,10h 25m,1 stop,No info,11410
IndiGo,27/06/2019,Chennai,Kolkata,MAA → CCU,05:15,07:40,2h 25m,non-stop,No info,3540
IndiGo,18/06/2019,Mumbai,Hyderabad,BOM → HYD,06:25,07:55,1h 30m,non-stop,No info,4049
Jet Airways,12/06/2019,Delhi,Cochin,DEL → BOM → COK,02:15,12:35,10h 20m,1 stop,No info,18371
IndiGo,1/05/2019,Kolkata,Banglore,CCU → PAT → BLR,09:20,14:15,4h 55m,1 stop,No info,8443
Jet Airways,12/03/2019,Banglore,New Delhi,BLR → BOM → DEL,20:35,19:10 13 Mar,22h 35m,1 stop,In-flight meal not included,11087
IndiGo,12/05/2019,Mumbai,Hyderabad,BOM → HYD,09:10,10:40,1h 30m,non-stop,No info,4049
Jet Airways,18/05/2019,Delhi,Cochin,DEL → AMD → BOM → COK,13:25,04:25 19 May,15h,2 stops,No info,16704
IndiGo,27/06/2019,Kolkata,Banglore,CCU → BLR,04:40,07:15,2h 35m,non-stop,No info,4804
IndiGo,12/06/2019,Chennai,Kolkata,MAA → CCU,13:15,15:35,2h 20m,non-stop,No info,3597
GoAir,6/06/2019,Banglore,Delhi,BLR → DEL,07:45,10:40,2h 55m,non-stop,No info,3898
Jet Airways,21/05/2019,Delhi,Cochin,DEL → BOM → COK,13:00,19:00,6h,1 stop,No info,16079
Jet Airways,6/05/2019,Kolkata,Banglore,CCU → DEL → BLR,17:00,15:05 07 May,22h 5m,1 stop,No info,13067
Jet Airways,1/06/2019,Delhi,Cochin,DEL → BOM → COK,14:00,04:25 02 Jun,14h 25m,1 stop,No info,14714
Air India,27/05/2019,Delhi,Cochin,DEL → BLR → COK,17:40,09:35 28 May,15h 55m,1 stop,No info,7258
Jet Airways,1/06/2019,Delhi,Cochin,DEL → NAG → BOM → COK,06:45,04:25 02 Jun,21h 40m,2 stops,In-flight meal not included,10919
Air India,6/03/2019,Mumbai,Hyderabad,BOM → JDH → DEL → HYD,09:40,23:45,14h 5m,2 stops,No info,22619
IndiGo,24/03/2019,Kolkata,Banglore,CCU → HYD → BLR,04:15,09:50,5h 35m,1 stop,No info,4150
Jet Airways,1/04/2019,Kolkata,Banglore,CCU → BOM → BLR,20:00,23:35 02 Apr,27h 35m,1 stop,No info,12681
Vistara,1/05/2019,Banglore,Delhi,BLR → DEL,09:45,12:35,2h 50m,non-stop,No info,4668
Jet Airways,1/05/2019,Kolkata,Banglore,CCU → BOM → BLR,06:30,12:00,5h 30m,1 stop,No info,14388
Jet Airways,21/05/2019,Kolkata,Banglore,CCU → BOM → BLR,16:30,23:35,7h 5m,1 stop,No info,14781
Jet Airways,9/06/2019,Kolkata,Banglore,CCU → BOM → BLR,06:30,04:40 10 Jun,22h 10m,1 stop,In-flight meal not included,9663
Multiple carriers,21/05/2019,Delhi,Cochin,DEL → BOM → COK,06:00,12:35,6h 35m,1 stop,No info,9794
Jet Airways,24/05/2019,Kolkata,Banglore,CCU → BOM → BLR,16:30,18:15 25 May,25h 45m,1 stop,In-flight meal not included,10844
IndiGo,3/03/2019,Delhi,Cochin,DEL → BOM → COK,15:00,01:35 04 Mar,10h 35m,1 stop,No info,14871
Multiple carriers,18/05/2019,Delhi,Cochin,DEL → BOM → COK,11:30,19:15,7h 45m,1 stop,No info,14533
Air Asia,3/04/2019,Banglore,Delhi,BLR → DEL,04:55,07:45,2h 50m,non-stop,No info,4282
Air India,21/05/2019,Kolkata,Banglore,CCU → JAI → BOM → BLR,08:20,21:50,13h 30m,2 stops,No info,10697
IndiGo,9/05/2019,Delhi,Cochin,DEL → BLR → COK,15:10,20:00,4h 50m,1 stop,No info,6147
Air India,6/06/2019,Delhi,Cochin,DEL → BOM → COK,10:00,19:15,9h 15m,1 stop,No info,9194
Air India,6/06/2019,Kolkata,Banglore,CCU → VNS → DEL → BLR,14:30,12:30 07 Jun,22h,2 stops,No info,15894
Air India,27/05/2019,Delhi,Cochin,DEL → GOI → BOM → COK,22:00,19:15 28 May,21h 15m,2 stops,No info,10651
Jet Airways,21/05/2019,Delhi,Cochin,DEL → IDR → BOM → COK,09:35,12:35 22 May,27h,2 stops,In-flight meal not included,12719
Jet Airways,15/06/2019,Banglore,Delhi,BLR → DEL,15:15,18:10,2h 55m,non-stop,In-flight meal not included,7229
Jet Airways,01/03/2019,Banglore,New Delhi,BLR → BOM → DEL,08:00,20:20,12h 20m,1 stop,No info,27992
Multiple carriers,21/03/2019,Delhi,Cochin,DEL → BOM → COK,07:05,19:15,12h 10m,1 stop,No info,13378
Jet Airways,12/03/2019,Banglore,New Delhi,BLR → BOM → DEL,18:55,12:25 13 Mar,17h 30m,1 stop,In-flight meal not included,11087
Jet Airways,15/05/2019,Kolkata,Banglore,CCU → BOM → BLR,18:55,10:05 16 May,15h 10m,1 stop,In-flight meal not included,9663
Air Asia,18/03/2019,Kolkata,Banglore,CCU → BLR,10:20,12:55,2h 35m,non-stop,No info,4384
IndiGo,6/05/2019,Delhi,Cochin,DEL → BOM → COK,07:30,21:00,13h 30m,1 stop,No info,7191
Jet Airways,1/05/2019,Kolkata,Banglore,CCU → BOM → BLR,18:55,12:00 02 May,17h 5m,1 stop,In-flight meal not included,9663
IndiGo,1/06/2019,Delhi,Cochin,DEL → BOM → COK,18:35,01:30 02 Jun,6h 55m,1 stop,No info,6628
Jet Airways,1/06/2019,Delhi,Cochin,DEL → BOM → COK,18:15,04:25 02 Jun,10h 10m,1 stop,No info,14714
Jet Airways,27/05/2019,Delhi,Cochin,DEL → BOM → COK,16:00,19:00 28 May,27h,1 stop,In-flight meal not included,12898
Multiple carriers,6/06/2019,Delhi,Cochin,DEL → BOM → COK,06:00,19:00,13h,1 stop,No info,11789
Jet Airways,6/03/2019,Delhi,Cochin,DEL → BOM → COK,09:55,18:50,8h 55m,1 stop,No info,17024
Air India,24/03/2019,Kolkata,Banglore,CCU → GAU → BLR,09:50,21:05,11h 15m,1 stop,No info,7795
IndiGo,27/06/2019,Banglore,Delhi,BLR → DEL,18:25,21:20,2h 55m,non-stop,No info,4823
Jet Airways,15/05/2019,Banglore,Delhi,BLR → DEL,06:00,08:45,2h 45m,non-stop,In-flight meal not included,4030
Jet Airways,24/05/2019,Mumbai,Hyderabad,BOM → HYD,02:55,04:20,1h 25m,non-stop,No info,5678
Air India,6/03/2019,Delhi,Cochin,DEL → JAI → BOM → COK,12:00,07:40 07 Mar,19h 40m,2 stops,No info,14746
GoAir,21/04/2019,Delhi,Cochin,DEL → HYD → COK,05:55,13:35,7h 40m,1 stop,No info,6146
Jet Airways,12/04/2019,Banglore,Delhi,BLR → DEL,11:10,14:05,2h 55m,non-stop,In-flight meal not included,5198
Multiple carriers,24/06/2019,Delhi,Cochin,DEL → BOM → COK,06:00,21:00,15h,1 stop,No info,7740
Jet Airways,1/03/2019,Mumbai,Hyderabad,BOM → HYD,07:10,08:35,1h 25m,non-stop,No info,17501
Air India,21/03/2019,Delhi,Cochin,DEL → LKO → BOM → COK,18:30,19:15 22 Mar,24h 45m,2 stops,No info,10703
Multiple carriers,15/06/2019,Delhi,Cochin,DEL → BOM → COK,10:00,01:30 16 Jun,15h 30m,1 stop,No info,8510
Air India,01/03/2019,Banglore,New Delhi,BLR → HYD → VGA → DEL,17:00,22:55 02 Mar,29h 55m,2 stops,No info,14887
SpiceJet,9/06/2019,Kolkata,Banglore,CCU → KNU → BLR,11:35,18:50,7h 15m,1 stop,No info,8479
Air India,24/04/2019,Banglore,Delhi,BLR → DEL,06:10,08:55,2h 45m,non-stop,No info,5228
Jet Airways,1/05/2019,Kolkata,Banglore,CCU → BOM → BLR,21:10,08:15 02 May,11h 5m,1 stop,In-flight meal not included,10844
Multiple carriers,12/06/2019,Delhi,Cochin,DEL → HYD → COK,07:05,16:10,9h 5m,1 stop,No info,9646
IndiGo,03/03/2019,Banglore,New Delhi,BLR → DEL,23:30,02:20 04 Mar,2h 50m,non-stop,No info,6144
Jet Airways,1/06/2019,Delhi,Cochin,DEL → NAG → BOM → COK,06:45,04:25 02 Jun,21h 40m,2 stops,In-flight meal not included,10919
SpiceJet,24/03/2019,Banglore,New Delhi,BLR → DEL,20:30,23:20,2h 50m,non-stop,No check-in baggage included,3873
SpiceJet,1/04/2019,Kolkata,Banglore,CCU → MAA → BLR,15:05,20:20,5h 15m,1 stop,No info,4649
IndiGo,12/05/2019,Mumbai,Hyderabad,BOM → HYD,21:20,22:50,1h 30m,non-stop,No info,2227
Air Asia,18/05/2019,Delhi,Cochin,DEL → BLR → COK,07:55,22:25,14h 30m,1 stop,No info,7452
SpiceJet,24/06/2019,Mumbai,Hyderabad,BOM → HYD,22:45,00:15 25 Jun,1h 30m,non-stop,No check-in baggage included,1965
Air India,27/05/2019,Delhi,Cochin,DEL → CCU → BOM → COK,14:25,19:15 28 May,28h 50m,2 stops,No info,13381
Multiple carriers,6/06/2019,Delhi,Cochin,DEL → BOM → COK,04:55,12:35,7h 40m,1 stop,No info,10678
Jet Airways,6/06/2019,Kolkata,Banglore,CCU → BOM → BLR,18:55,20:45 07 Jun,25h 50m,1 stop,No info,14571
IndiGo,24/03/2019,Banglore,New Delhi,BLR → DEL,18:25,21:20,2h 55m,non-stop,No info,7303
Multiple carriers,15/06/2019,Delhi,Cochin,DEL → BOM → COK,11:25,19:00,7h 35m,1 stop,No info,10877
GoAir,1/05/2019,Kolkata,Banglore,CCU → BOM → BLR,23:30,07:45 02 May,8h 15m,1 stop,No info,6686
IndiGo,27/04/2019,Kolkata,Banglore,CCU → BLR,04:40,07:15,2h 35m,non-stop,No info,4804
IndiGo,21/03/2019,Delhi,Cochin,DEL → COK,14:30,17:35,3h 5m,non-stop,No info,5406
Jet Airways,24/03/2019,Kolkata,Banglore,CCU → BOM → BLR,18:55,12:00 25 Mar,17h 5m,1 stop,No info,14231
Jet Airways,24/04/2019,Banglore,Delhi,BLR → DEL,15:15,18:10,2h 55m,non-stop,No info,7229
SpiceJet,21/06/2019,Chennai,Kolkata,MAA → CCU,08:20,10:35,2h 15m,non-stop,No check-in baggage included,3543
IndiGo,21/06/2019,Banglore,Delhi,BLR → DEL,06:05,08:50,2h 45m,non-stop,No info,3943
Multiple carriers Premium economy,21/03/2019,Delhi,Cochin,DEL → BOM → COK,07:30,21:00,13h 30m,1 stop,No info,9845
Jet Airways,27/05/2019,Delhi,Cochin,DEL → BOM → COK,21:50,04:25 28 May,6h 35m,1 stop,No info,16079
Vistara,9/04/2019,Banglore,Delhi,BLR → DEL,09:45,12:35,2h 50m,non-stop,No info,5403
Jet Airways,12/06/2019,Delhi,Cochin,DEL → BOM → COK,08:00,19:00,11h,1 stop,No info,14924
Multiple carriers,24/06/2019,Delhi,Cochin,DEL → BOM → COK,09:00,21:00,12h,1 stop,No info,13587
Air India,24/05/2019,Kolkata,Banglore,CCU → BOM → BLR,09:25,18:30,9h 5m,1 stop,No info,8576
Jet Airways,1/04/2019,Kolkata,Banglore,CCU → BOM → BLR,20:00,20:45 02 Apr,24h 45m,1 stop,In-flight meal not included,7064
GoAir,01/03/2019,Banglore,New Delhi,BLR → DEL,11:40,14:35,2h 55m,non-stop,No info,11111
IndiGo,15/06/2019,Chennai,Kolkata,MAA → CCU,07:55,10:15,2h 20m,non-stop,No info,3850
Jet Airways,09/03/2019,Banglore,New Delhi,BLR → BOM → DEL,08:55,10:45 13 Mar,25h 50m,1 stop,In-flight meal not included,11087
Air India,18/03/2019,Banglore,New Delhi,BLR → BOM → IDR → DEL,06:45,11:10 16 Mar,28h 25m,2 stops,No info,11234
IndiGo,12/06/2019,Delhi,Cochin,DEL → BOM → COK,08:30,21:00,12h 30m,1 stop,No info,6093
Multiple carriers,3/06/2019,Delhi,Cochin,DEL → BOM → COK,17:45,01:30 04 Jun,7h 45m,1 stop,No info,7530
Multiple carriers,21/05/2019,Delhi,Cochin,DEL → BOM → COK,17:00,01:30 22 May,8h 30m,1 stop,No info,7888
IndiGo,9/06/2019,Delhi,Cochin,DEL → HYD → COK,06:50,22:30,15h 40m,1 stop,No info,6442
SpiceJet,27/06/2019,Banglore,Delhi,BLR → DEL,05:55,08:35,2h 40m,non-stop,No info,3625
Jet Airways,24/03/2019,Kolkata,Banglore,CCU → BOM → BLR,16:55,23:25,6h 30m,1 stop,In-flight meal not included,11134
SpiceJet,3/03/2019,Kolkata,Banglore,CCU → BLR,09:00,11:30,2h 30m,non-stop,No info,5515
Multiple carriers,3/06/2019,Delhi,Cochin,DEL → BOM → COK,12:50,01:30 04 Jun,12h 40m,1 stop,No info,7530
IndiGo,6/06/2019,Mumbai,Hyderabad,BOM → HYD,12:00,13:30,1h 30m,non-stop,No info,2754
IndiGo,24/04/2019,Delhi,Cochin,DEL → MAA → COK,02:00,07:25,5h 25m,1 stop,No info,5636
IndiGo,6/05/2019,Chennai,Kolkata,MAA → CCU,07:55,10:15,2h 20m,non-stop,No info,3850
Jet Airways,6/05/2019,Kolkata,Banglore,CCU → BOM → BLR,06:30,19:50,13h 20m,1 stop,No info,14781
IndiGo,27/04/2019,Kolkata,Banglore,CCU → BLR,09:35,12:20,2h 45m,non-stop,No info,4804
Jet Airways,18/05/2019,Kolkata,Banglore,CCU → BOM → BLR,14:05,16:20 19 May,26h 15m,1 stop,In-flight meal not included,10844
IndiGo,21/05/2019,Delhi,Cochin,DEL → COK,05:35,08:50,3h 15m,non-stop,No info,5601
Jet Airways,27/06/2019,Delhi,Cochin,DEL → JAI → BOM → COK,09:40,12:35 28 Jun,26h 55m,2 stops,No info,13014
IndiGo,27/05/2019,Banglore,Delhi,BLR → DEL,22:10,01:00 28 May,2h 50m,non-stop,No info,3749
SpiceJet,6/04/2019,Banglore,Delhi,BLR → DEL,09:30,12:20,2h 50m,non-stop,No check-in baggage included,4319
Jet Airways,01/03/2019,Banglore,New Delhi,BLR → BOM → DEL,16:55,08:15 02 Mar,15h 20m,1 stop,No info,26890
SpiceJet,15/05/2019,Kolkata,Banglore,CCU → BLR,17:10,19:40,2h 30m,non-stop,No check-in baggage included,3841
Air India,12/06/2019,Kolkata,Banglore,CCU → DEL → COK → BLR,17:30,13:45 13 Jun,20h 15m,2 stops,No info,12224
Air India,6/06/2019,Delhi,Cochin,DEL → JAI → BOM → COK,12:00,07:40 07 Jun,19h 40m,2 stops,No info,8603
Jet Airways,27/06/2019,Banglore,Delhi,BLR → DEL,08:20,11:20,3h,non-stop,No info,8016
Jet Airways,6/05/2019,Kolkata,Banglore,CCU → BOM → BLR,08:25,16:20,7h 55m,1 stop,No info,14781
IndiGo,3/03/2019,Delhi,Cochin,DEL → HYD → COK,04:55,12:00,7h 5m,1 stop,No info,9585
Jet Airways,9/06/2019,Banglore,Delhi,BLR → DEL,19:50,22:50,3h,non-stop,In-flight meal not included,7229
Jet Airways,27/03/2019,Delhi,Cochin,DEL → IXC → BOM → COK,06:20,19:45 28 Mar,37h 25m,2 stops,In-flight meal not included,9296
Multiple carriers,18/05/2019,Delhi,Cochin,DEL → BOM → COK,10:20,01:30 19 May,15h 10m,1 stop,No info,7670
Air India,15/03/2019,Banglore,New Delhi,BLR → CCU → BBI → DEL,05:50,12:05 16 Mar,30h 15m,2 stops,No info,7664
Multiple carriers,27/03/2019,Delhi,Cochin,DEL → BOM → COK,13:00,21:00,8h,1 stop,No info,12537
Air India,24/05/2019,Delhi,Cochin,DEL → MAA → COK,09:45,09:25 25 May,23h 40m,1 stop,No info,7480
Air India,3/06/2019,Banglore,Delhi,BLR → DEL,17:00,19:45,2h 45m,non-stop,No info,6961
Air India,1/05/2019,Chennai,Kolkata,MAA → CCU,11:40,13:55,2h 15m,non-stop,No info,4667
IndiGo,6/05/2019,Banglore,Delhi,BLR → DEL,20:00,22:50,2h 50m,non-stop,No info,4823
GoAir,27/05/2019,Delhi,Cochin,DEL → AMD → COK,07:25,13:35,6h 10m,1 stop,No info,6841
Multiple carriers,6/03/2019,Delhi,Cochin,DEL → BOM → COK,06:00,19:15,13h 15m,1 stop,No info,15353
Jet Airways,12/03/2019,Banglore,New Delhi,BLR → BOM → DEL,08:55,21:20,12h 25m,1 stop,No info,13817
Jet Airways,6/03/2019,Delhi,Cochin,DEL → AMD → BOM → COK,19:10,19:45 07 Mar,24h 35m,2 stops,No info,19329
Jet Airways,12/06/2019,Kolkata,Banglore,CCU → BOM → BLR,14:05,23:35,9h 30m,1 stop,No info,13626
SpiceJet,3/04/2019,Delhi,Cochin,DEL → BLR → COK,17:55,22:50,4h 55m,1 stop,No info,4611
IndiGo,9/06/2019,Kolkata,Banglore,CCU → MAA → BLR,08:10,13:00,4h 50m,1 stop,No info,5069
Jet Airways,18/03/2019,Banglore,New Delhi,BLR → BOM → DEL,08:55,15:15,6h 20m,1 stop,No info,12284
Jet Airways,6/06/2019,Kolkata,Banglore,CCU → DEL → BLR,20:25,19:10 07 Jun,22h 45m,1 stop,No info,14151
Jet Airways,18/05/2019,Kolkata,Banglore,CCU → DEL → BLR,20:25,09:45 19 May,13h 20m,1 stop,No info,14151
Jet Airways,18/06/2019,Banglore,Delhi,BLR → DEL,18:55,22:00,3h 5m,non-stop,No info,8016
SpiceJet,21/06/2019,Kolkata,Banglore,CCU → BLR,17:10,19:40,2h 30m,non-stop,No check-in baggage included,3841
Air Asia,18/03/2019,Banglore,New Delhi,BLR → DEL,05:50,08:40,2h 50m,non-stop,No info,4284
Jet Airways,21/03/2019,Delhi,Cochin,DEL → BOM → COK,22:00,04:25 22 Mar,6h 25m,1 stop,No info,12242
Jet Airways,9/06/2019,Delhi,Cochin,DEL → JAI → BOM → COK,19:30,12:35 10 Jun,17h 5m,2 stops,In-flight meal not included,10368
Jet Airways,24/03/2019,Kolkata,Banglore,CCU → BOM → BLR,21:10,19:40 25 Mar,22h 30m,1 stop,In-flight meal not included,10031
Multiple carriers,21/05/2019,Delhi,Cochin,DEL → BOM → COK,11:40,21:00,9h 20m,1 stop,No info,7485
IndiGo,18/05/2019,Delhi,Cochin,DEL → BOM → COK,09:15,01:30 19 May,16h 15m,1 stop,No info,7503
GoAir,01/03/2019,Banglore,New Delhi,BLR → GOI → DEL,15:45,20:15,4h 30m,1 stop,No info,12314
Air India,15/05/2019,Delhi,Cochin,DEL → BOM → COK,13:00,19:15,6h 15m,1 stop,No info,8372
Jet Airways,9/06/2019,Kolkata,Banglore,CCU → BOM → BLR,21:10,10:05 10 Jun,12h 55m,1 stop,No info,14939
Air India,24/06/2019,Delhi,Cochin,DEL → BOM → COK,07:00,19:15,12h 15m,1 stop,No info,8879
Jet Airways,9/03/2019,Delhi,Cochin,DEL → IXC → BOM → COK,13:45,04:25 10 Mar,14h 40m,2 stops,In-flight meal not included,15129
Air Asia,15/05/2019,Banglore,Delhi,BLR → DEL,11:10,13:55,2h 45m,non-stop,No info,3383
Jet Airways,27/05/2019,Delhi,Cochin,DEL → BOM → COK,19:45,04:25 28 May,8h 40m,1 stop,In-flight meal not included,12898
Air India,12/03/2019,Banglore,New Delhi,BLR → BOM → BHO → DEL,08:50,09:25 13 Mar,24h 35m,2 stops,No info,12725
IndiGo,12/05/2019,Chennai,Kolkata,MAA → CCU,13:15,15:35,2h 20m,non-stop,No info,3597
Jet Airways,9/05/2019,Delhi,Cochin,DEL → AMD → BOM → COK,19:10,19:00 10 May,23h 50m,2 stops,No info,15129
IndiGo,27/03/2019,Kolkata,Banglore,CCU → BLR,21:25,00:05 28 Mar,2h 40m,non-stop,No info,4148
Jet Airways,21/05/2019,Delhi,Cochin,DEL → BOM → COK,08:00,19:00,11h,1 stop,In-flight meal not included,12898
Jet Airways,6/06/2019,Delhi,Cochin,DEL → BOM → COK,21:50,19:00 07 Jun,21h 10m,1 stop,In-flight meal not included,10262
Air India,27/06/2019,Delhi,Cochin,DEL → MAA → COK,20:40,09:25 28 Jun,12h 45m,1 stop,No info,7480
Air Asia,6/06/2019,Kolkata,Banglore,CCU → BBI → BLR,19:55,23:30,3h 35m,1 stop,No info,6857
Jet Airways,6/06/2019,Delhi,Cochin,DEL → BOM → COK,19:15,19:00 07 Jun,23h 45m,1 stop,No info,14714
Air India,15/03/2019,Banglore,New Delhi,BLR → DEL,10:00,12:45,2h 45m,non-stop,No info,7276
IndiGo,6/04/2019,Banglore,Delhi,BLR → DEL,06:05,08:50,2h 45m,non-stop,No info,4423
Air India,1/06/2019,Delhi,Cochin,DEL → HYD → MAA → COK,13:15,09:25 02 Jun,20h 10m,2 stops,No info,10467
Air Asia,24/05/2019,Banglore,Delhi,BLR → DEL,23:55,02:45 25 May,2h 50m,non-stop,No info,4483
Air India,12/06/2019,Delhi,Cochin,DEL → AMD → BOM → COK,05:00,19:15 13 Jun,38h 15m,2 stops,No info,9443
Air India,3/06/2019,Delhi,Cochin,DEL → HYD → MAA → COK,09:45,09:25 04 Jun,23h 40m,2 stops,No info,10975
Multiple carriers,27/05/2019,Delhi,Cochin,DEL → BOM → COK,15:00,01:30 28 May,10h 30m,1 stop,In-flight meal not included,6943
IndiGo,9/04/2019,Kolkata,Banglore,CCU → BLR,04:40,07:15,2h 35m,non-stop,No info,4174
Air India,01/03/2019,Banglore,New Delhi,BLR → CCU → GAU → DEL,05:50,22:10,16h 20m,2 stops,Change airports,13366
Air India,27/05/2019,Delhi,Cochin,DEL → MAA → COK,17:20,09:25 28 May,16h 5m,1 stop,No info,7480
Vistara,6/03/2019,Mumbai,Hyderabad,BOM → DEL → HYD,15:40,09:25 07 Mar,17h 45m,1 stop,No info,12395
SpiceJet,9/05/2019,Banglore,Delhi,BLR → DEL,21:10,00:05 10 May,2h 55m,non-stop,No info,4423
Jet Airways,18/05/2019,Delhi,Cochin,DEL → BOM → COK,21:50,04:25 19 May,6h 35m,1 stop,In-flight meal not included,12373
Jet Airways,01/03/2019,Banglore,New Delhi,BLR → BOM → DEL,11:40,18:25,6h 45m,1 stop,No info,26890
Jet Airways,9/05/2019,Kolkata,Banglore,CCU → BOM → BLR,08:25,20:45,12h 20m,1 stop,In-flight meal not included,10844
Jet Airways,3/06/2019,Delhi,Cochin,DEL → BOM → COK,11:30,04:25 04 Jun,16h 55m,1 stop,In-flight meal not included,11627
Jet Airways,27/06/2019,Delhi,Cochin,DEL → BOM → COK,02:15,12:35,10h 20m,1 stop,No info,18371
Air India,09/03/2019,Banglore,New Delhi,BLR → GOI → DEL,17:00,16:40 13 Mar,23h 40m,1 stop,No info,9292
Air India,9/04/2019,Banglore,Delhi,BLR → DEL,05:45,08:45,3h,non-stop,No info,4441
IndiGo,12/04/2019,Banglore,Delhi,BLR → DEL,13:00,15:50,2h 50m,non-stop,No info,4823
Jet Airways,1/06/2019,Delhi,Cochin,DEL → JAI → BOM → COK,09:40,12:35 02 Jun,26h 55m,2 stops,In-flight meal not included,10368
Jet Airways,6/04/2019,Banglore,Delhi,BLR → DEL,06:00,08:45,2h 45m,non-stop,In-flight meal not included,4544
Air India,12/06/2019,Kolkata,Banglore,CCU → MAA → BLR,14:35,14:35 13 Jun,24h,1 stop,No info,6528
Jet Airways,15/05/2019,Kolkata,Banglore,CCU → BOM → BLR,14:05,20:45,6h 40m,1 stop,No info,14781
IndiGo,24/05/2019,Mumbai,Hyderabad,BOM → HYD,21:20,22:50,1h 30m,non-stop,No info,2437
SpiceJet,6/06/2019,Mumbai,Hyderabad,BOM → HYD,22:45,00:15 07 Jun,1h 30m,non-stop,No check-in baggage included,1965
Jet Airways,1/06/2019,Banglore,Delhi,BLR → DEL,19:50,22:50,3h,non-stop,No info,8016
Multiple carriers,3/03/2019,Delhi,Cochin,DEL → BOM → COK,07:30,18:50,11h 20m,1 stop,No info,15135
Air India,12/06/2019,Kolkata,Banglore,CCU → GAU → DEL → BLR,16:45,12:30 13 Jun,19h 45m,2 stops,No info,14960
Air India,9/05/2019,Kolkata,Banglore,CCU → BOM → BLR,09:25,07:55 10 May,22h 30m,1 stop,No info,8366
Vistara,6/06/2019,Kolkata,Banglore,CCU → DEL → BLR,07:10,09:05 07 Jun,25h 55m,1 stop,No info,8452
Air India,9/04/2019,Delhi,Cochin,DEL → GOI → BOM → COK,22:00,19:15 10 Apr,21h 15m,2 stops,No info,8341
Multiple carriers,1/06/2019,Delhi,Cochin,DEL → HYD → COK,14:55,22:30,7h 35m,1 stop,No info,7038
Jet Airways,24/06/2019,Delhi,Cochin,DEL → BOM → COK,15:00,19:00 25 Jun,28h,1 stop,In-flight meal not included,10262
Jet Airways,21/03/2019,Delhi,Cochin,DEL → BOM → COK,20:50,04:25 22 Mar,7h 35m,1 stop,No info,14189
Jet Airways,24/06/2019,Delhi,Cochin,DEL → IDR → BOM → COK,05:30,19:00,13h 30m,2 stops,No info,13292
Jet Airways,15/03/2019,Banglore,New Delhi,BLR → BOM → DEL,21:25,05:05 13 Mar,7h 40m,1 stop,No info,27210
Air India,27/05/2019,Delhi,Cochin,DEL → CCU → BOM → COK,06:50,07:40 28 May,24h 50m,2 stops,No info,16163
Jet Airways,24/06/2019,Delhi,Cochin,DEL → AMD → BOM → COK,23:05,04:25 26 Jun,29h 20m,2 stops,No info,12819
IndiGo,3/04/2019,Delhi,Cochin,DEL → BOM → COK,16:00,21:00,5h,1 stop,No info,5073
IndiGo,3/06/2019,Kolkata,Banglore,CCU → BLR,22:15,00:50 04 Jun,2h 35m,non-stop,No info,4804
IndiGo,6/03/2019,Delhi,Cochin,DEL → HYD → COK,16:10,22:20,6h 10m,1 stop,No info,7205
Multiple carriers,21/03/2019,Delhi,Cochin,DEL → BOM → COK,11:40,18:50,7h 10m,1 stop,No info,11999
IndiGo,24/06/2019,Chennai,Kolkata,MAA → CCU,07:55,10:15,2h 20m,non-stop,No info,3850
SpiceJet,9/06/2019,Delhi,Cochin,DEL → MAA → COK,06:05,11:20,5h 15m,1 stop,No info,5583
Jet Airways,9/04/2019,Banglore,Delhi,BLR → DEL,06:00,08:45,2h 45m,non-stop,No info,7229
IndiGo,6/03/2019,Delhi,Cochin,DEL → BOM → COK,15:00,01:35 07 Mar,10h 35m,1 stop,No info,14871
Air India,12/03/2019,Mumbai,Hyderabad,BOM → DEL → HYD,19:40,09:10 13 Mar,13h 30m,1 stop,No info,10208
Jet Airways,24/03/2019,Kolkata,Banglore,CCU → BOM → BLR,19:45,19:40 25 Mar,23h 55m,1 stop,No info,13759
Air India,24/05/2019,Kolkata,Banglore,CCU → DEL → COK → BLR,07:00,01:20 25 May,18h 20m,2 stops,No info,13873
Jet Airways,15/06/2019,Delhi,Cochin,DEL → ATQ → BOM → COK,12:15,12:35 16 Jun,24h 20m,2 stops,No info,14300
Multiple carriers,6/06/2019,Delhi,Cochin,DEL → BOM → COK,18:00,01:30 07 Jun,7h 30m,1 stop,No info,7198
IndiGo,21/06/2019,Banglore,Delhi,BLR → DEL,22:10,01:00 22 Jun,2h 50m,non-stop,No info,3943
IndiGo,9/05/2019,Delhi,Cochin,DEL → HYD → COK,07:35,12:10,4h 35m,1 stop,No info,5054
Air India,9/06/2019,Kolkata,Banglore,CCU → DEL → BLR,10:00,20:25,10h 25m,1 stop,No info,10413
Jet Airways,21/05/2019,Delhi,Cochin,DEL → BOM → COK,21:50,04:25 22 May,6h 35m,1 stop,No info,16079
Jet Airways,01/03/2019,Banglore,New Delhi,BLR → BOM → DEL,14:05,07:40 02 Mar,17h 35m,1 stop,1 Long layover,22270
IndiGo,21/03/2019,Banglore,New Delhi,BLR → DEL,04:00,06:50,2h 50m,non-stop,No info,4777
Jet Airways,6/06/2019,Delhi,Cochin,DEL → BOM → COK,20:55,19:00 07 Jun,22h 5m,1 stop,No info,14714
Jet Airways,21/05/2019,Delhi,Cochin,DEL → BOM → COK,22:50,04:25 22 May,5h 35m,1 stop,In-flight meal not included,12898
Jet Airways,9/05/2019,Kolkata,Banglore,CCU → BOM → BLR,16:30,10:05 10 May,17h 35m,1 stop,In-flight meal not included,8586
Jet Airways,24/03/2019,Kolkata,Banglore,CCU → BOM → BLR,18:55,08:10 25 Mar,13h 15m,1 stop,In-flight meal not included,11134
Vistara,1/05/2019,Kolkata,Banglore,CCU → DEL → BLR,20:20,23:25 02 May,27h 5m,1 stop,No info,8085
Air India,15/05/2019,Delhi,Cochin,DEL → MAA → COK,09:45,09:25 16 May,23h 40m,1 stop,No info,7480
Jet Airways,1/04/2019,Banglore,Delhi,BLR → DEL,17:45,20:45,3h,non-stop,In-flight meal not included,4544
Jet Airways,9/06/2019,Kolkata,Banglore,CCU → BOM → BLR,08:25,19:50,11h 25m,1 stop,In-flight meal not included,10844
IndiGo,21/03/2019,Delhi,Cochin,DEL → HYD → COK,08:35,16:10,7h 35m,1 stop,No info,6790
Jet Airways,21/05/2019,Delhi,Cochin,DEL → AMD → BOM → COK,23:05,12:35 22 May,13h 30m,2 stops,No info,15129
Jet Airways,6/05/2019,Kolkata,Banglore,CCU → DEL → BLR,17:00,19:10 07 May,26h 10m,1 stop,No info,13067
Vistara,1/04/2019,Banglore,Delhi,BLR → DEL,19:30,22:15,2h 45m,non-stop,No info,5613
Air India,9/04/2019,Delhi,Cochin,DEL → NAG → BOM → COK,05:55,19:15 10 Apr,37h 20m,2 stops,No info,7711
Jet Airways,6/06/2019,Kolkata,Banglore,CCU → BOM → BLR,08:25,18:15,9h 50m,1 stop,In-flight meal not included,10844
SpiceJet,9/06/2019,Banglore,Delhi,BLR → DEL,09:30,12:20,2h 50m,non-stop,No info,4423
IndiGo,1/05/2019,Kolkata,Banglore,CCU → BLR,20:20,22:55,2h 35m,non-stop,No info,4804
Jet Airways,27/03/2019,Delhi,Cochin,DEL → BOM → COK,21:50,19:45 28 Mar,21h 55m,1 stop,In-flight meal not included,7438
IndiGo,12/05/2019,Delhi,Cochin,DEL → COK,14:25,17:40,3h 15m,non-stop,No info,5000
Air India,9/03/2019,Delhi,Cochin,DEL → CCU → BOM → COK,16:55,19:15 10 Mar,26h 20m,2 stops,No info,22096
Air India,9/05/2019,Delhi,Cochin,DEL → GOI → BOM → COK,22:00,19:15 10 May,21h 15m,2 stops,No info,10441
IndiGo,21/05/2019,Delhi,Cochin,DEL → BOM → COK,20:25,01:30 22 May,5h 5m,1 stop,No info,5054
Jet Airways,3/06/2019,Delhi,Cochin,DEL → BOM → COK,19:45,04:25 04 Jun,8h 40m,1 stop,No info,14714
Jet Airways,1/04/2019,Kolkata,Banglore,CCU → DEL → BLR,09:35,10:55 02 Apr,25h 20m,1 stop,No info,11467
Air India,21/04/2019,Banglore,Delhi,BLR → DEL,10:00,12:45,2h 45m,non-stop,No info,5228
Multiple carriers,9/06/2019,Delhi,Cochin,DEL → BOM → COK,06:40,19:00,12h 20m,1 stop,No info,10877
IndiGo,3/05/2019,Chennai,Kolkata,MAA → CCU,05:15,07:40,2h 25m,non-stop,No info,3850
Vistara,9/06/2019,Kolkata,Banglore,CCU → DEL → BLR,20:20,23:25 10 Jun,27h 5m,1 stop,No info,8085
Multiple carriers,18/05/2019,Delhi,Cochin,DEL → BOM → COK,08:45,21:00,12h 15m,1 stop,No info,7670
Jet Airways,18/05/2019,Delhi,Cochin,DEL → AMD → BOM → COK,23:05,04:25 20 May,29h 20m,2 stops,No info,16704
Multiple carriers,18/05/2019,Delhi,Cochin,DEL → BOM → COK,18:00,01:30 19 May,7h 30m,1 stop,No info,9595
Jet Airways,24/05/2019,Mumbai,Hyderabad,BOM → HYD,19:35,21:05,1h 30m,non-stop,In-flight meal not included,3210
Air India,24/04/2019,Banglore,Delhi,BLR → DEL,17:00,19:45,2h 45m,non-stop,No info,6121
Jet Airways,18/05/2019,Kolkata,Banglore,CCU → BOM → BLR,18:55,12:00 19 May,17h 5m,1 stop,In-flight meal not included,10844
Jet Airways,9/05/2019,Delhi,Cochin,DEL → BOM → COK,17:30,19:00 10 May,25h 30m,1 stop,In-flight meal not included,12373
IndiGo,18/05/2019,Banglore,Delhi,BLR → DEL,18:55,21:50,2h 55m,non-stop,No info,4823
IndiGo,6/04/2019,Kolkata,Banglore,CCU → BLR,14:25,16:55,2h 30m,non-stop,No info,4174
IndiGo,15/05/2019,Delhi,Cochin,DEL → COK,05:35,08:50,3h 15m,non-stop,No info,6015
Jet Airways,21/05/2019,Delhi,Cochin,DEL → BOM → COK,17:30,04:25 22 May,10h 55m,1 stop,In-flight meal not included,12898
Air India,12/06/2019,Delhi,Cochin,DEL → LKO → BOM → COK,12:20,19:15 13 Jun,30h 55m,2 stops,No info,12488
IndiGo,03/03/2019,Banglore,New Delhi,BLR → DEL,13:00,15:50,2h 50m,non-stop,No info,12649
IndiGo,09/03/2019,Banglore,New Delhi,BLR → NAG → DEL,16:50,21:35,4h 45m,1 stop,No info,10231
GoAir,21/03/2019,Delhi,Cochin,DEL → BOM → COK,07:00,12:50,5h 50m,1 stop,No info,9385
Air India,6/06/2019,Kolkata,Banglore,CCU → GAU → BLR,16:45,21:05 07 Jun,28h 20m,1 stop,No info,7662
Jet Airways,9/05/2019,Mumbai,Hyderabad,BOM → HYD,07:05,08:30,1h 25m,non-stop,In-flight meal not included,4995
Jet Airways,24/06/2019,Delhi,Cochin,DEL → BOM → COK,13:00,04:25 25 Jun,15h 25m,1 stop,In-flight meal not included,10262
SpiceJet,9/04/2019,Delhi,Cochin,DEL → MAA → COK,06:05,11:20,5h 15m,1 stop,No info,5351
Multiple carriers,18/05/2019,Delhi,Cochin,DEL → BOM → COK,17:30,01:30 19 May,8h,1 stop,No info,13727
IndiGo,1/05/2019,Banglore,Delhi,BLR → DEL,08:30,11:20,2h 50m,non-stop,No info,4823
Air India,21/05/2019,Banglore,Delhi,BLR → DEL,10:00,12:45,2h 45m,non-stop,No info,6961
Jet Airways,9/05/2019,Mumbai,Hyderabad,BOM → HYD,19:35,21:05,1h 30m,non-stop,In-flight meal not included,2759
IndiGo,12/06/2019,Delhi,Cochin,DEL → BOM → COK,17:30,01:30 13 Jun,8h,1 stop,No info,6104
IndiGo,18/06/2019,Mumbai,Hyderabad,BOM → HYD,19:05,20:35,1h 30m,non-stop,No info,2754
Jet Airways,21/03/2019,Banglore,New Delhi,BLR → MAA → DEL,09:45,14:25,4h 40m,1 stop,In-flight meal not included,7280
Air India,27/04/2019,Banglore,Delhi,BLR → DEL,21:05,23:55,2h 50m,non-stop,No info,5228
Multiple carriers,15/05/2019,Delhi,Cochin,DEL → BOM → COK,09:15,19:15,10h,1 stop,No info,8099
Jet Airways,15/05/2019,Banglore,Delhi,BLR → DEL,18:55,22:00,3h 5m,non-stop,No info,7229
Jet Airways,24/05/2019,Kolkata,Banglore,CCU → DEL → BLR,17:00,19:10 25 May,26h 10m,1 stop,No info,13067
Multiple carriers,21/03/2019,Delhi,Cochin,DEL → BOM → COK,10:00,01:35 22 Mar,15h 35m,1 stop,No info,8098
Air India,6/06/2019,Banglore,Delhi,BLR → DEL,06:10,08:55,2h 45m,non-stop,No info,6961
Jet Airways,3/06/2019,Mumbai,Hyderabad,BOM → HYD,19:35,21:05,1h 30m,non-stop,No info,5678
Multiple carriers,3/03/2019,Delhi,Cochin,DEL → BOM → COK,08:00,18:50,10h 50m,1 stop,No info,15342
IndiGo,27/05/2019,Delhi,Cochin,DEL → BOM → COK,06:40,21:00,14h 20m,1 stop,No info,6526
IndiGo,18/04/2019,Banglore,Delhi,BLR → DEL,04:00,06:50,2h 50m,non-stop,No info,4423
Jet Airways,1/04/2019,Kolkata,Banglore,CCU → BOM → BLR,16:30,16:20 02 Apr,23h 50m,1 stop,No info,12681
Jet Airways,09/03/2019,Banglore,New Delhi,BLR → BOM → DEL,08:00,09:30 13 Mar,25h 30m,1 stop,In-flight meal not included,11087
Jet Airways,18/03/2019,Banglore,New Delhi,BLR → BOM → DEL,22:50,08:15 16 Mar,9h 25m,1 stop,No info,13555
Air India,15/03/2019,Banglore,New Delhi,BLR → BOM → DEL,06:45,12:15,5h 30m,1 stop,No info,8714
Air India,24/05/2019,Delhi,Cochin,DEL → BOM → COK,07:00,19:15,12h 15m,1 stop,No info,9929
Multiple carriers,18/05/2019,Delhi,Cochin,DEL → BOM → COK,11:40,19:00,7h 20m,1 stop,No info,10529
Air India,27/03/2019,Delhi,Cochin,DEL → HYD → BOM → COK,13:05,07:40 28 Mar,18h 35m,2 stops,No info,8875
Multiple carriers,15/05/2019,Delhi,Cochin,DEL → BOM → COK,14:00,01:30 16 May,11h 30m,1 stop,No info,13727
IndiGo,18/06/2019,Banglore,Delhi,BLR → DEL,00:25,03:15,2h 50m,non-stop,No info,3419
Jet Airways,1/04/2019,Kolkata,Banglore,CCU → BOM → BLR,06:30,12:00,5h 30m,1 stop,In-flight meal not included,10056
Air India,21/05/2019,Kolkata,Banglore,CCU → DEL → BLR,10:00,23:15,13h 15m,1 stop,No info,11936
Jet Airways,3/06/2019,Mumbai,Hyderabad,BOM → HYD,07:05,08:30,1h 25m,non-stop,In-flight meal not included,4995
Multiple carriers,1/06/2019,Delhi,Cochin,DEL → BOM → COK,13:00,21:00,8h,1 stop,No info,7933
Air India,12/03/2019,Banglore,New Delhi,BLR → BOM → DEL,06:45,20:35,13h 50m,1 stop,No info,12127
IndiGo,1/03/2019,Chennai,Kolkata,MAA → CCU,05:15,07:35,2h 20m,non-stop,No info,7295
IndiGo,21/03/2019,Delhi,Cochin,DEL → BOM → COK,06:40,13:20,6h 40m,1 stop,No info,10208
SpiceJet,3/03/2019,Chennai,Kolkata,MAA → CCU,17:45,20:05,2h 20m,non-stop,No info,7298
Jet Airways,21/03/2019,Delhi,Cochin,DEL → BOM → COK,22:50,04:25 22 Mar,5h 35m,1 stop,In-flight meal not included,6017
IndiGo,21/04/2019,Kolkata,Banglore,CCU → BLR,09:35,12:20,2h 45m,non-stop,No info,4804
Jet Airways,18/03/2019,Mumbai,Hyderabad,BOM → HYD,15:50,17:20,1h 30m,non-stop,No info,5678
Jet Airways,18/05/2019,Kolkata,Banglore,CCU → GAU → BLR,11:50,17:35,5h 45m,1 stop,No info,8781
Jet Airways,1/04/2019,Kolkata,Banglore,CCU → BOM → BLR,16:30,04:40 02 Apr,12h 10m,1 stop,In-flight meal not included,7064
Air India,1/04/2019,Delhi,Cochin,DEL → COK,05:10,08:00,2h 50m,non-stop,No info,4729
IndiGo,24/06/2019,Delhi,Cochin,DEL → BOM → COK,17:10,01:30 25 Jun,8h 20m,1 stop,No info,5684
Air India,15/03/2019,Kolkata,Banglore,CCU → BLR,20:45,23:20,2h 35m,non-stop,No info,4435
Jet Airways,6/06/2019,Kolkata,Banglore,CCU → BOM → BLR,18:55,04:40 07 Jun,9h 45m,1 stop,No info,13374
Air Asia,24/04/2019,Delhi,Cochin,DEL → BLR → COK,07:55,22:25,14h 30m,1 stop,No info,6152
Jet Airways,3/06/2019,Delhi,Cochin,DEL → BOM → COK,02:15,12:35,10h 20m,1 stop,No info,14714
Jet Airways,6/06/2019,Kolkata,Banglore,CCU → BOM → BLR,18:55,12:00 07 Jun,17h 5m,1 stop,No info,14571
Vistara,09/03/2019,Banglore,New Delhi,BLR → DEL,19:40,22:20,2h 40m,non-stop,No info,7450
Jet Airways,9/06/2019,Delhi,Cochin,DEL → LKO → BOM → COK,21:35,12:35 10 Jun,15h,2 stops,No info,13882
Jet Airways,21/03/2019,Mumbai,Hyderabad,BOM → HYD,03:05,04:25,1h 20m,non-stop,In-flight meal not included,2759
GoAir,21/05/2019,Kolkata,Banglore,CCU → AMD → BLR,16:40,00:15 22 May,7h 35m,1 stop,No info,8855
Jet Airways,15/05/2019,Kolkata,Banglore,CCU → BOM → BLR,06:30,23:35,17h 5m,1 stop,In-flight meal not included,8586
Jet Airways,27/05/2019,Banglore,Delhi,BLR → DEL,08:20,11:20,3h,non-stop,No info,7229
Jet Airways,21/05/2019,Kolkata,Banglore,CCU → BOM → BLR,06:30,09:20 22 May,26h 50m,1 stop,No info,14388
Jet Airways,9/06/2019,Kolkata,Banglore,CCU → DEL → BLR,17:00,23:35,6h 35m,1 stop,In-flight meal not included,13994
Air India,24/05/2019,Kolkata,Banglore,CCU → IXR → BBI → BLR,05:50,13:15,7h 25m,2 stops,No info,7662
Air India,01/03/2019,Banglore,New Delhi,BLR → AMD → DEL,00:30,20:30,20h,1 stop,1 Long layover,14752
Jet Airways,21/05/2019,Delhi,Cochin,DEL → COK,09:50,13:05,3h 15m,non-stop,In-flight meal not included,7202
SpiceJet,24/05/2019,Chennai,Kolkata,MAA → CCU,17:45,20:05,2h 20m,non-stop,No info,3597
Jet Airways,6/06/2019,Delhi,Cochin,DEL → BOM → COK,07:05,12:35,5h 30m,1 stop,In-flight meal not included,10262
SpiceJet,1/04/2019,Kolkata,Banglore,CCU → BLR,09:00,11:25,2h 25m,non-stop,No info,3873
SpiceJet,12/05/2019,Mumbai,Hyderabad,BOM → HYD,13:15,14:45,1h 30m,non-stop,No info,2227
IndiGo,27/06/2019,Banglore,Delhi,BLR → DEL,21:15,00:15 28 Jun,3h,non-stop,No info,3943
IndiGo,21/03/2019,Mumbai,Hyderabad,BOM → HYD,21:20,22:45,1h 25m,non-stop,No info,2227
Air India,18/05/2019,Delhi,Cochin,DEL → RPR → NAG → BOM → COK,05:15,19:15 19 May,38h,3 stops,No info,10703
Jet Airways,9/06/2019,Kolkata,Banglore,CCU → BOM → BLR,08:25,18:15,9h 50m,1 stop,In-flight meal not included,10844
Jet Airways,21/03/2019,Delhi,Cochin,DEL → AMD → BOM → COK,19:10,18:50 22 Mar,23h 40m,2 stops,No info,9483
Jet Airways,12/06/2019,Mumbai,Hyderabad,BOM → HYD,19:35,21:05,1h 30m,non-stop,In-flight meal not included,3210
Multiple carriers,15/05/2019,Delhi,Cochin,DEL → BOM → COK,08:30,19:15,10h 45m,1 stop,No info,8099
Air India,12/06/2019,Kolkata,Banglore,CCU → IXR → DEL → BLR,05:50,20:25,14h 35m,2 stops,No info,12723
SpiceJet,27/06/2019,Mumbai,Hyderabad,BOM → HYD,13:15,14:45,1h 30m,non-stop,No info,2017
Air India,15/05/2019,Kolkata,Banglore,CCU → DEL → COK → BLR,10:00,13:45 16 May,27h 45m,2 stops,No info,16057
Jet Airways,9/05/2019,Kolkata,Banglore,CCU → DEL → BLR,17:00,09:45 10 May,16h 45m,1 stop,No info,12121
IndiGo,24/04/2019,Banglore,Delhi,BLR → DEL,01:30,04:15,2h 45m,non-stop,No info,3419
Air Asia,27/06/2019,Delhi,Cochin,DEL → BLR → COK,07:55,22:25,14h 30m,1 stop,No info,6152
Jet Airways,27/05/2019,Delhi,Cochin,DEL → JAI → BOM → COK,05:30,04:25 28 May,22h 55m,2 stops,No info,15129
IndiGo,15/06/2019,Delhi,Cochin,DEL → HYD → COK,11:55,22:30,10h 35m,1 stop,No info,6442
Jet Airways,6/05/2019,Kolkata,Banglore,CCU → BOM → BLR,16:30,04:40 07 May,12h 10m,1 stop,In-flight meal not included,8586
Jet Airways,21/03/2019,Delhi,Cochin,DEL → BOM → COK,13:00,18:50,5h 50m,1 stop,In-flight meal not included,6540
IndiGo,12/06/2019,Kolkata,Banglore,CCU → BLR,20:20,22:55,2h 35m,non-stop,No info,4804
Jet Airways,27/05/2019,Delhi,Cochin,DEL → BOM → COK,16:00,19:00 28 May,27h,1 stop,No info,16079
Air India,24/05/2019,Kolkata,Banglore,CCU → BLR,20:45,23:20,2h 35m,non-stop,No info,4145
Multiple carriers,27/03/2019,Delhi,Cochin,DEL → BOM → COK,10:00,21:00,11h,1 stop,No info,6883
Vistara,9/06/2019,Kolkata,Banglore,CCU → DEL → BLR,17:00,20:20 10 Jun,27h 20m,1 stop,No info,8610
SpiceJet,6/06/2019,Mumbai,Hyderabad,BOM → HYD,05:45,07:15,1h 30m,non-stop,No check-in baggage included,2647
Jet Airways,6/03/2019,Delhi,Cochin,DEL → BOM → COK,08:00,04:25 07 Mar,20h 25m,1 stop,In-flight meal not included,13843
Jet Airways,18/06/2019,Mumbai,Hyderabad,BOM → HYD,02:55,04:20,1h 25m,non-stop,In-flight meal not included,4995
Jet Airways,9/05/2019,Delhi,Cochin,DEL → JAI → BOM → COK,05:30,04:25 10 May,22h 55m,2 stops,In-flight meal not included,13029
Air India,1/05/2019,Kolkata,Banglore,CCU → BOM → BLR,09:25,07:55 02 May,22h 30m,1 stop,No info,8366
Air India,21/05/2019,Delhi,Cochin,DEL → UDR → BOM → COK,13:20,07:40 22 May,18h 20m,2 stops,No info,13538
Jet Airways,1/04/2019,Kolkata,Banglore,CCU → BOM → BLR,08:25,23:35,15h 10m,1 stop,In-flight meal not included,7064
Jet Airways,27/03/2019,Delhi,Cochin,DEL → MAA → BOM → COK,17:35,04:25 28 Mar,10h 50m,2 stops,In-flight meal not included,9412
Jet Airways,6/06/2019,Kolkata,Banglore,CCU → DEL → BLR,20:25,14:25 07 Jun,18h,1 stop,In-flight meal not included,10539
Jet Airways,06/03/2019,Banglore,New Delhi,BLR → BOM → DEL,08:00,20:20,12h 20m,1 stop,No info,16736
IndiGo,15/05/2019,Kolkata,Banglore,CCU → BLR,14:25,16:55,2h 30m,non-stop,No info,5224
Multiple carriers,24/06/2019,Delhi,Cochin,DEL → BOM → COK,06:00,12:35,6h 35m,1 stop,No info,12524
Multiple carriers,6/06/2019,Delhi,Cochin,DEL → BOM → COK,19:00,01:30 07 Jun,6h 30m,1 stop,No info,7530
IndiGo,12/05/2019,Banglore,Delhi,BLR → DEL,10:10,13:00,2h 50m,non-stop,No info,3943
Multiple carriers,9/03/2019,Delhi,Cochin,DEL → BOM → COK,08:40,19:45,11h 5m,1 stop,No info,18492
SpiceJet,24/05/2019,Kolkata,Banglore,CCU → IXB → BLR,11:15,18:30,7h 15m,1 stop,No info,9630
Vistara,9/05/2019,Kolkata,Banglore,CCU → DEL → BLR,07:10,18:50,11h 40m,1 stop,No info,8610
Air India,12/03/2019,Banglore,New Delhi,BLR → BOM → IDR → GWL → DEL,17:25,18:05 13 Mar,24h 40m,3 stops,No info,13387
Multiple carriers,21/03/2019,Delhi,Cochin,DEL → BOM → COK,10:00,01:35 22 Mar,15h 35m,1 stop,In-flight meal not included,8565
Multiple carriers,18/05/2019,Delhi,Cochin,DEL → BOM → COK,07:00,19:00,12h,1 stop,No info,10197
Jet Airways,9/06/2019,Delhi,Cochin,DEL → JAI → BOM → COK,19:30,12:35 10 Jun,17h 5m,2 stops,No info,13014
SpiceJet,24/03/2019,Banglore,New Delhi,BLR → DEL,05:45,08:35,2h 50m,non-stop,No check-in baggage included,4273
Air India,1/05/2019,Kolkata,Banglore,CCU → IXR → DEL → BLR,05:50,23:15,17h 25m,2 stops,No info,10991
Air Asia,27/03/2019,Kolkata,Banglore,CCU → BLR,19:35,22:05,2h 30m,non-stop,No info,3782
Jet Airways Business,01/03/2019,Banglore,New Delhi,BLR → BOM → DEL,05:45,11:25,5h 40m,1 stop,Business class,79512
Jet Airways,09/03/2019,Banglore,New Delhi,BLR → BOM → DEL,05:45,11:25,5h 40m,1 stop,In-flight meal not included,11087
Jet Airways,9/06/2019,Kolkata,Banglore,CCU → DEL → BLR,09:35,18:00,8h 25m,1 stop,No info,14676
IndiGo,9/05/2019,Delhi,Cochin,DEL → HYD → COK,14:20,22:30,8h 10m,1 stop,No info,6704
Air India,24/03/2019,Delhi,Cochin,DEL → BOM → COK,04:00,07:40 25 Mar,27h 40m,1 stop,No info,8635
Jet Airways,21/03/2019,Banglore,New Delhi,BLR → DEL,19:55,22:35,2h 40m,non-stop,No info,7229
Multiple carriers,21/05/2019,Delhi,Cochin,DEL → BOM → COK,11:30,19:15,7h 45m,1 stop,No info,14848
IndiGo,6/03/2019,Kolkata,Banglore,CCU → BLR,21:25,00:05 07 Mar,2h 40m,non-stop,No info,4778
IndiGo,9/04/2019,Delhi,Cochin,DEL → BOM → COK,15:00,01:30 10 Apr,10h 30m,1 stop,No info,6270
Jet Airways,21/03/2019,Delhi,Cochin,DEL → MAA → BOM → COK,16:10,18:50 22 Mar,26h 40m,2 stops,No info,13180
IndiGo,15/06/2019,Delhi,Cochin,DEL → HYD → COK,05:05,16:10,11h 5m,1 stop,No info,6818
IndiGo,1/04/2019,Kolkata,Banglore,CCU → GAU → BLR,15:10,20:30,5h 20m,1 stop,No info,8567
Jet Airways,15/06/2019,Delhi,Cochin,DEL → BOM → COK,02:15,19:00,16h 45m,1 stop,In-flight meal not included,10262
Multiple carriers,9/06/2019,Delhi,Cochin,DEL → BOM → COK,10:35,19:00,8h 25m,1 stop,No info,11098
Jet Airways,01/03/2019,Banglore,New Delhi,BLR → BOM → DEL,14:05,19:10,5h 5m,1 stop,No info,36235
SpiceJet,27/06/2019,Mumbai,Hyderabad,BOM → HYD,13:15,14:45,1h 30m,non-stop,No check-in baggage included,1965
IndiGo,3/06/2019,Delhi,Cochin,DEL → COK,14:25,17:40,3h 15m,non-stop,No info,6015
IndiGo,03/03/2019,Banglore,New Delhi,BLR → HYD → DEL,07:30,12:20,4h 50m,1 stop,No info,6220
Jet Airways,9/06/2019,Kolkata,Banglore,CCU → BOM → BLR,06:30,12:00,5h 30m,1 stop,In-flight meal not included,10844
Vistara,15/05/2019,Delhi,Cochin,DEL → COK,06:00,09:10,3h 10m,non-stop,No info,6216
Jet Airways,18/05/2019,Delhi,Cochin,DEL → BOM → COK,20:55,19:00 19 May,22h 5m,1 stop,No info,15554
GoAir,6/06/2019,Delhi,Cochin,DEL → BOM → COK,10:35,19:35,9h,1 stop,No info,4959
Jet Airways,24/05/2019,Mumbai,Hyderabad,BOM → HYD,10:20,11:50,1h 30m,non-stop,No info,8040
Air India,27/03/2019,Delhi,Cochin,DEL → HYD → MAA → COK,17:15,09:25 28 Mar,16h 10m,2 stops,No info,6057
IndiGo,12/06/2019,Banglore,Delhi,BLR → DEL,07:10,10:05,2h 55m,non-stop,No info,4823
Jet Airways,24/05/2019,Kolkata,Banglore,CCU → DEL → BLR,09:35,14:25 25 May,28h 50m,1 stop,No info,12121
Jet Airways,21/05/2019,Kolkata,Banglore,CCU → BOM → BLR,21:10,04:40 22 May,7h 30m,1 stop,In-flight meal not included,8586
Multiple carriers,24/06/2019,Delhi,Cochin,DEL → BOM → COK,10:20,01:30 25 Jun,15h 10m,1 stop,In-flight meal not included,5797
Jet Airways,18/05/2019,Kolkata,Banglore,CCU → BOM → BLR,20:00,18:15 19 May,22h 15m,1 stop,In-flight meal not included,10844
Jet Airways,18/03/2019,Banglore,New Delhi,BLR → BOM → DEL,08:00,15:15,7h 15m,1 stop,No info,12284
Multiple carriers,21/05/2019,Delhi,Cochin,DEL → BOM → COK,15:00,01:30 22 May,10h 30m,1 stop,No info,14067
Air India,6/03/2019,Delhi,Cochin,DEL → COK,14:10,17:10,3h,non-stop,No info,7931
Jet Airways,6/06/2019,Delhi,Cochin,DEL → BOM → COK,15:00,19:00 07 Jun,28h,1 stop,No info,14714
Air India,18/05/2019,Kolkata,Banglore,CCU → DEL → COK → BLR,07:00,01:20 19 May,18h 20m,2 stops,No info,13243
SpiceJet,6/04/2019,Banglore,Delhi,BLR → DEL,21:10,00:05 07 Apr,2h 55m,non-stop,No info,3971
Jet Airways,18/03/2019,Banglore,New Delhi,BLR → BOM → DEL,22:50,09:30 16 Mar,10h 40m,1 stop,No info,13555
Jet Airways,9/06/2019,Kolkata,Banglore,CCU → DEL → BLR,20:25,21:05 10 Jun,24h 40m,1 stop,No info,12692
Jet Airways,06/03/2019,Banglore,New Delhi,BLR → BOM → DEL,20:35,07:40 07 Mar,11h 5m,1 stop,No info,16736
Jet Airways,9/06/2019,Kolkata,Banglore,CCU → BOM → BLR,06:30,19:50,13h 20m,1 stop,No info,14571
Vistara,27/04/2019,Banglore,Delhi,BLR → DEL,17:00,19:35,2h 35m,non-stop,No info,5613
Jet Airways,12/06/2019,Delhi,Cochin,DEL → BOM → COK,20:55,04:25 13 Jun,7h 30m,1 stop,In-flight meal not included,10262
Jet Airways,21/03/2019,Delhi,Cochin,DEL → BOM → COK,19:15,18:50 22 Mar,23h 35m,1 stop,No info,12347
Jet Airways,9/03/2019,Delhi,Cochin,DEL → BOM → COK,19:15,04:25 10 Mar,9h 10m,1 stop,In-flight meal not included,14053
Jet Airways,01/03/2019,Banglore,New Delhi,BLR → BOM → DEL,16:55,07:40 02 Mar,14h 45m,1 stop,1 Long layover,26890
Jet Airways,9/04/2019,Delhi,Cochin,DEL → BOM → COK,07:05,19:00,11h 55m,1 stop,No info,17531
Jet Airways,12/05/2019,Kolkata,Banglore,CCU → BOM → BLR,08:25,09:20 13 May,24h 55m,1 stop,In-flight meal not included,9663
Jet Airways,9/05/2019,Kolkata,Banglore,CCU → BOM → BLR,20:00,18:15 10 May,22h 15m,1 stop,No info,13584
Air India,6/05/2019,Kolkata,Banglore,CCU → GAU → DEL → BLR,16:45,12:00 07 May,19h 15m,2 stops,No info,14120
IndiGo,9/04/2019,Banglore,Delhi,BLR → DEL,05:30,08:20,2h 50m,non-stop,No info,3943
IndiGo,1/05/2019,Kolkata,Banglore,CCU → BLR,04:40,07:15,2h 35m,non-stop,No info,4804
IndiGo,6/06/2019,Banglore,Delhi,BLR → DEL,18:55,21:50,2h 55m,non-stop,No info,4990
IndiGo,21/05/2019,Kolkata,Banglore,CCU → RPR → HYD → BLR,06:35,12:10,5h 35m,2 stops,No info,6103
Air India,18/05/2019,Kolkata,Banglore,CCU → BOM → COK → BLR,09:25,13:45 19 May,28h 20m,2 stops,No info,13222
Multiple carriers,9/05/2019,Delhi,Cochin,DEL → BOM → COK,10:20,19:00,8h 40m,1 stop,No info,9794
Air India,12/05/2019,Kolkata,Banglore,CCU → BBI → BOM → BLR,12:00,21:50,9h 50m,2 stops,No info,10676
IndiGo,15/05/2019,Delhi,Cochin,DEL → BOM → COK,16:00,01:30 16 May,9h 30m,1 stop,No info,7923
SpiceJet,27/06/2019,Chennai,Kolkata,MAA → CCU,09:45,12:00,2h 15m,non-stop,No info,3597
Vistara,6/06/2019,Banglore,Delhi,BLR → DEL,09:45,12:35,2h 50m,non-stop,No info,4668
Jet Airways,27/03/2019,Delhi,Cochin,DEL → BOM → COK,02:15,18:50,16h 35m,1 stop,No info,12242
Air India,12/06/2019,Kolkata,Banglore,CCU → GAU → DEL → BLR,16:45,08:55 13 Jun,16h 10m,2 stops,No info,14960
Jet Airways,9/05/2019,Kolkata,Banglore,CCU → BOM → BLR,21:10,10:05 10 May,12h 55m,1 stop,No info,14388
Air India,24/05/2019,Kolkata,Banglore,CCU → DEL → COK → TRV → BLR,10:00,10:30 25 May,24h 30m,3 stops,No info,13007
Jet Airways,21/05/2019,Kolkata,Banglore,CCU → BOM → BLR,21:10,09:20 22 May,12h 10m,1 stop,No info,14781
Air India,06/03/2019,Banglore,New Delhi,BLR → MAA → DEL,11:50,23:55,12h 5m,1 stop,No info,15434
Jet Airways,6/06/2019,Delhi,Cochin,DEL → BOM → COK,16:00,19:00 07 Jun,27h,1 stop,No info,14714
Vistara,9/05/2019,Kolkata,Banglore,CCU → DEL → BLR,17:00,18:50 10 May,25h 50m,1 stop,No info,8820
Jet Airways,15/05/2019,Kolkata,Banglore,CCU → BOM → BLR,06:30,12:00,5h 30m,1 stop,In-flight meal not included,9663
Air India,9/06/2019,Kolkata,Banglore,CCU → DEL → BLR,20:30,20:25 10 Jun,23h 55m,1 stop,No info,10203
Jet Airways,24/05/2019,Kolkata,Banglore,CCU → BOM → BLR,08:25,16:20,7h 55m,1 stop,No info,14571
SpiceJet,27/05/2019,Chennai,Kolkata,MAA → CCU,09:45,12:00,2h 15m,non-stop,No check-in baggage included,3543
Air India,1/05/2019,Kolkata,Banglore,CCU → IXR → DEL → BLR,05:50,16:15 02 May,34h 25m,2 stops,No info,10991
Jet Airways,27/06/2019,Delhi,Cochin,DEL → BOM → COK,09:00,19:00,10h,1 stop,No info,14714
GoAir,24/05/2019,Kolkata,Banglore,CCU → BOM → BLR,23:30,07:45 25 May,8h 15m,1 stop,No info,7335
Jet Airways,18/05/2019,Kolkata,Banglore,CCU → DEL → BLR,09:35,22:05,12h 30m,1 stop,In-flight meal not included,12384
Jet Airways,9/03/2019,Delhi,Cochin,DEL → BOM → COK,19:45,04:25 10 Mar,8h 40m,1 stop,In-flight meal not included,11848
Jet Airways,6/03/2019,Delhi,Cochin,DEL → BOM → COK,08:00,04:25 07 Mar,20h 25m,1 stop,No info,15974
Multiple carriers,15/06/2019,Delhi,Cochin,DEL → BOM → COK,07:00,21:00,14h,1 stop,No info,7408
SpiceJet,24/05/2019,Kolkata,Banglore,CCU → BLR,17:10,19:40,2h 30m,non-stop,No check-in baggage included,3841
Air India,27/03/2019,Mumbai,Hyderabad,BOM → HYD,19:30,20:45,1h 15m,non-stop,No info,2575
Jet Airways,9/06/2019,Kolkata,Banglore,CCU → BOM → BLR,21:10,22:35 10 Jun,25h 25m,1 stop,In-flight meal not included,10844
SpiceJet,24/03/2019,Banglore,New Delhi,BLR → DEL,20:30,23:20,2h 50m,non-stop,No check-in baggage included,5469
IndiGo,15/05/2019,Banglore,Delhi,BLR → DEL,07:10,10:05,2h 55m,non-stop,No info,4823
SpiceJet,18/06/2019,Mumbai,Hyderabad,BOM → HYD,05:45,07:15,1h 30m,non-stop,No check-in baggage included,2647
Jet Airways,27/06/2019,Delhi,Cochin,DEL → ATQ → BOM → COK,18:20,12:35 28 Jun,18h 15m,2 stops,No info,14300
IndiGo,24/05/2019,Kolkata,Banglore,CCU → HYD → BLR,19:20,23:45,4h 25m,1 stop,No info,3809
Jet Airways,24/05/2019,Mumbai,Hyderabad,BOM → HYD,07:05,08:30,1h 25m,non-stop,In-flight meal not included,4995
Jet Airways,6/05/2019,Kolkata,Banglore,CCU → DEL → BLR,09:35,09:45 07 May,24h 10m,1 stop,In-flight meal not included,8066
IndiGo,27/03/2019,Delhi,Cochin,DEL → BOM → COK,04:45,15:30,10h 45m,1 stop,No info,7048
Air India,15/06/2019,Mumbai,Hyderabad,BOM → HYD,13:55,15:25,1h 30m,non-stop,No info,3100
Jet Airways,6/06/2019,Kolkata,Banglore,CCU → BOM → PNQ → BLR,06:30,20:50,14h 20m,2 stops,In-flight meal not included,10118
Jet Airways,9/06/2019,Delhi,Cochin,DEL → BDQ → BOM → COK,18:25,12:35 10 Jun,18h 10m,2 stops,No info,14237
Multiple carriers,27/05/2019,Delhi,Cochin,DEL → BOM → COK,15:00,01:30 28 May,10h 30m,1 stop,No info,13377
Multiple carriers,24/06/2019,Delhi,Cochin,DEL → HYD → COK,07:10,22:30,15h 20m,1 stop,No info,6723
Jet Airways,21/05/2019,Kolkata,Banglore,CCU → BOM → BLR,06:30,16:20,9h 50m,1 stop,No info,14781
Multiple carriers,27/03/2019,Delhi,Cochin,DEL → BOM → COK,09:55,21:00,11h 5m,1 stop,No info,12537
Air Asia,9/05/2019,Kolkata,Banglore,CCU → DEL → BLR,22:40,10:40 10 May,12h,1 stop,No info,5192
Air India,9/05/2019,Banglore,Delhi,BLR → DEL,21:05,23:55,2h 50m,non-stop,No info,6121
Multiple carriers,18/05/2019,Delhi,Cochin,DEL → BOM → COK,06:00,19:15,13h 15m,1 stop,No info,8476
Multiple carriers,15/06/2019,Delhi,Cochin,DEL → BOM → COK,10:00,19:15,9h 15m,1 stop,No info,16108
Multiple carriers,27/05/2019,Delhi,Cochin,DEL → BOM → COK,13:00,21:00,8h,1 stop,No info,7408
SpiceJet,1/04/2019,Kolkata,Banglore,CCU → BLR,17:10,19:40,2h 30m,non-stop,No check-in baggage included,3841
Vistara,12/06/2019,Kolkata,Banglore,CCU → DEL → BLR,20:20,18:50 13 Jun,22h 30m,1 stop,No info,8610
Jet Airways,27/05/2019,Banglore,Delhi,BLR → DEL,11:10,14:05,2h 55m,non-stop,In-flight meal not included,4030
Air India,18/05/2019,Delhi,Cochin,DEL → HYD → MAA → COK,07:05,09:25 19 May,26h 20m,2 stops,No info,10975
Air India,24/03/2019,Kolkata,Banglore,CCU → GAU → DEL → BLR,09:50,23:15 25 Mar,37h 25m,2 stops,No info,14410
SpiceJet,15/06/2019,Chennai,Kolkata,MAA → CCU,09:45,12:00,2h 15m,non-stop,No info,3597
Jet Airways,1/05/2019,Kolkata,Banglore,CCU → BOM → BLR,14:05,08:15 02 May,18h 10m,1 stop,No info,13941
Air India,24/03/2019,Kolkata,Banglore,CCU → BBI → BOM → BLR,09:10,21:50,12h 40m,2 stops,No info,15187
IndiGo,24/06/2019,Kolkata,Banglore,CCU → BLR,20:20,22:55,2h 35m,non-stop,No info,4804
Multiple carriers,27/03/2019,Delhi,Cochin,DEL → BOM → COK,08:00,21:00,13h,1 stop,No info,6883
Air India,15/03/2019,Banglore,New Delhi,BLR → BOM → DEL,08:50,23:15,14h 25m,1 stop,No info,8714
GoAir,18/05/2019,Kolkata,Banglore,CCU → BOM → BLR,23:30,07:45 19 May,8h 15m,1 stop,No info,7335
Jet Airways,21/05/2019,Delhi,Cochin,DEL → AMD → BOM → COK,19:10,19:00 22 May,23h 50m,2 stops,No info,15129
Jet Airways,27/03/2019,Delhi,Cochin,DEL → BOM → COK,02:15,18:50,16h 35m,1 stop,In-flight meal not included,6017
Jet Airways,9/05/2019,Kolkata,Banglore,CCU → DEL → BLR,20:25,23:35 10 May,27h 10m,1 stop,No info,13067
IndiGo,12/03/2019,Kolkata,Banglore,CCU → BLR,05:30,08:20,2h 50m,non-stop,No info,4148
Air Asia,15/03/2019,Kolkata,Banglore,CCU → BLR,22:50,01:20 16 Mar,2h 30m,non-stop,No info,3782
Trujet,6/03/2019,Mumbai,Hyderabad,BOM → NDC → HYD,13:05,16:20,3h 15m,1 stop,No info,4140
Jet Airways,12/06/2019,Kolkata,Banglore,CCU → BOM → BLR,16:30,09:20 13 Jun,16h 50m,1 stop,In-flight meal not included,8529
Multiple carriers,21/05/2019,Delhi,Cochin,DEL → BOM → COK,10:35,19:15,8h 40m,1 stop,No info,7575
Air India,27/06/2019,Delhi,Cochin,DEL → CCU → BOM → COK,06:50,07:40 28 Jun,24h 50m,2 stops,No info,14431
Multiple carriers,9/03/2019,Delhi,Cochin,DEL → BOM → COK,06:00,21:00,15h,1 stop,No info,13677
Jet Airways,27/05/2019,Delhi,Cochin,DEL → BOM → COK,07:05,12:35,5h 30m,1 stop,In-flight meal not included,12898
Jet Airways,06/03/2019,Banglore,New Delhi,BLR → BOM → DEL,08:00,19:10,11h 10m,1 stop,No info,16736
Air India,9/05/2019,Delhi,Cochin,DEL → HYD → BOM → COK,07:05,07:40 10 May,24h 35m,2 stops,No info,13547
IndiGo,18/05/2019,Chennai,Kolkata,MAA → CCU,19:35,21:55,2h 20m,non-stop,No info,3597
IndiGo,27/05/2019,Delhi,Cochin,DEL → HYD → COK,16:10,22:30,6h 20m,1 stop,No info,6938
Air India,9/05/2019,Kolkata,Banglore,CCU → JAI → DEL → BLR,08:20,20:25,12h 5m,2 stops,No info,11432
IndiGo,9/06/2019,Delhi,Cochin,DEL → BOM → COK,08:30,21:00,12h 30m,1 stop,No info,6838
IndiGo,9/03/2019,Delhi,Cochin,DEL → COK,05:35,08:50,3h 15m,non-stop,No info,6885
Jet Airways,24/06/2019,Delhi,Cochin,DEL → AMD → BOM → COK,23:05,12:35 25 Jun,13h 30m,2 stops,No info,12819
Vistara,12/06/2019,Banglore,Delhi,BLR → DEL,11:30,14:20,2h 50m,non-stop,No info,4668
Jet Airways,9/05/2019,Delhi,Cochin,DEL → BOM → COK,19:15,19:00 10 May,23h 45m,1 stop,In-flight meal not included,12373
Air India,24/06/2019,Delhi,Cochin,DEL → AMD → BOM → COK,16:40,19:15 25 Jun,26h 35m,2 stops,No info,9443
Multiple carriers,15/05/2019,Delhi,Cochin,DEL → BOM → COK,04:55,19:00,14h 5m,1 stop,No info,9103
Air India,12/06/2019,Delhi,Cochin,DEL → BLR → COK,09:45,08:15 13 Jun,22h 30m,1 stop,No info,8991
GoAir,24/04/2019,Delhi,Cochin,DEL → AMD → COK,07:25,13:35,6h 10m,1 stop,No info,4692
Multiple carriers,15/06/2019,Delhi,Cochin,DEL → HYD → COK,07:05,22:30,15h 25m,1 stop,No info,9646
IndiGo,9/06/2019,Delhi,Cochin,DEL → BOM → COK,09:15,21:00,11h 45m,1 stop,No info,6838
GoAir,12/04/2019,Banglore,Delhi,BLR → DEL,07:45,10:40,2h 55m,non-stop,No info,6722
Air India,12/05/2019,Kolkata,Banglore,CCU → BOM → BLR,09:25,18:30,9h 5m,1 stop,No info,8576
Jet Airways,6/06/2019,Delhi,Cochin,DEL → JAI → BOM → COK,05:30,19:00,13h 30m,2 stops,In-flight meal not included,10368
Jet Airways,9/05/2019,Kolkata,Banglore,CCU → DEL → BLR,09:35,23:35,14h,1 stop,No info,12121
Multiple carriers,27/06/2019,Delhi,Cochin,DEL → BOM → COK,18:00,01:30 28 Jun,7h 30m,1 stop,No info,7198
Jet Airways,9/06/2019,Kolkata,Banglore,CCU → DEL → BLR,09:35,22:05,12h 30m,1 stop,In-flight meal not included,13994
Jet Airways,27/06/2019,Delhi,Cochin,DEL → JAI → BOM → COK,05:30,19:00,13h 30m,2 stops,In-flight meal not included,10368
Air India,15/05/2019,Kolkata,Banglore,CCU → BLR,14:15,16:45,2h 30m,non-stop,No info,5510
IndiGo,3/06/2019,Delhi,Cochin,DEL → PNQ → COK,23:30,04:35 04 Jun,5h 5m,1 stop,No info,11378
Jet Airways,9/06/2019,Delhi,Cochin,DEL → JAI → BOM → COK,09:40,04:25 10 Jun,18h 45m,2 stops,No info,13014
Multiple carriers,3/03/2019,Delhi,Cochin,DEL → BOM → COK,13:00,21:00,8h,1 stop,No info,18286
Jet Airways,24/04/2019,Banglore,Delhi,BLR → DEL,07:10,10:10,3h,non-stop,In-flight meal not included,6144
Air India,24/03/2019,Kolkata,Banglore,CCU → DEL → BLR,20:30,08:55 25 Mar,12h 25m,1 stop,No info,12173
Air India,27/06/2019,Delhi,Cochin,DEL → JAI → BOM → COK,12:00,19:15,7h 15m,2 stops,No info,8603
Air India,9/05/2019,Kolkata,Banglore,CCU → DEL → COK → BLR,10:00,01:20 10 May,15h 20m,2 stops,No info,13033
IndiGo,18/05/2019,Mumbai,Hyderabad,BOM → HYD,19:05,20:35,1h 30m,non-stop,No info,2754
Air India,21/05/2019,Kolkata,Banglore,CCU → DEL → COK → BLR,10:00,01:20 22 May,15h 20m,2 stops,No info,13033
Vistara,18/05/2019,Kolkata,Banglore,CCU → DEL → BLR,07:10,22:40,15h 30m,1 stop,No info,9187
IndiGo,15/05/2019,Delhi,Cochin,DEL → BOM → COK,08:30,21:00,12h 30m,1 stop,No info,7503
Jet Airways,3/06/2019,Banglore,Delhi,BLR → DEL,11:10,14:05,2h 55m,non-stop,In-flight meal not included,5769
Jet Airways,9/05/2019,Delhi,Cochin,DEL → JAI → BOM → COK,09:40,12:35 10 May,26h 55m,2 stops,In-flight meal not included,13029
Air India,3/05/2019,Kolkata,Banglore,CCU → BLR,20:45,23:20,2h 35m,non-stop,No info,4145
Multiple carriers,27/03/2019,Delhi,Cochin,DEL → BOM → COK,06:00,15:30,9h 30m,1 stop,No info,7845
IndiGo,15/06/2019,Mumbai,Hyderabad,BOM → HYD,06:25,07:55,1h 30m,non-stop,No info,4049
Multiple carriers,15/05/2019,Delhi,Cochin,DEL → BOM → COK,04:55,12:35,7h 40m,1 stop,No info,9103
IndiGo,3/05/2019,Banglore,Delhi,BLR → DEL,04:00,06:50,2h 50m,non-stop,No info,3943
Jet Airways,18/05/2019,Delhi,Cochin,DEL → BOM → COK,20:55,12:35 19 May,15h 40m,1 stop,In-flight meal not included,12373
IndiGo,15/03/2019,Mumbai,Hyderabad,BOM → HYD,09:10,10:40,1h 30m,non-stop,No info,4049
IndiGo,09/03/2019,Banglore,New Delhi,BLR → DEL,22:20,01:10 13 Mar,2h 50m,non-stop,No info,4377
IndiGo,3/05/2019,Mumbai,Hyderabad,BOM → HYD,09:10,10:40,1h 30m,non-stop,No info,5755
Jet Airways,21/05/2019,Delhi,Cochin,DEL → BOM → COK,16:00,19:00 22 May,27h,1 stop,In-flight meal not included,12898
IndiGo,15/06/2019,Kolkata,Banglore,CCU → BLR,04:40,07:15,2h 35m,non-stop,No info,4804
Air India,21/05/2019,Delhi,Cochin,DEL → JAI → BOM → COK,12:00,07:40 22 May,19h 40m,2 stops,No info,9653
Jet Airways,18/05/2019,Delhi,Cochin,DEL → BOM → COK,19:15,12:35 19 May,17h 20m,1 stop,In-flight meal not included,12373
Multiple carriers,6/03/2019,Delhi,Cochin,DEL → BOM → COK,19:00,01:35 07 Mar,6h 35m,1 stop,No info,15147
Jet Airways,1/06/2019,Mumbai,Hyderabad,BOM → HYD,10:20,11:50,1h 30m,non-stop,In-flight meal not included,4050
Jet Airways,21/03/2019,Delhi,Cochin,DEL → BOM → COK,19:15,04:25 22 Mar,9h 10m,1 stop,No info,12557
GoAir,15/05/2019,Banglore,Delhi,BLR → DEL,07:45,10:40,2h 55m,non-stop,No info,3419
Jet Airways,12/06/2019,Banglore,Delhi,BLR → DEL,17:45,20:45,3h,non-stop,In-flight meal not included,5769
Multiple carriers,3/03/2019,Delhi,Cochin,DEL → BOM → COK,08:00,15:30,7h 30m,1 stop,No info,15078
Jet Airways,6/05/2019,Kolkata,Banglore,CCU → DEL → BLR,17:00,22:05 07 May,29h 5m,1 stop,No info,11467
Air India,15/06/2019,Delhi,Cochin,DEL → BHO → BOM → COK,20:00,19:15 16 Jun,23h 15m,2 stops,No info,11071
Jet Airways,9/06/2019,Kolkata,Banglore,CCU → DEL → BLR,09:35,18:00,8h 25m,1 stop,In-flight meal not included,13994
Jet Airways,21/03/2019,Delhi,Cochin,DEL → IXC → BOM → COK,06:20,04:25 22 Mar,22h 5m,2 stops,No info,12273
Air India,9/06/2019,Delhi,Cochin,DEL → HYD → MAA → COK,07:05,09:25 10 Jun,26h 20m,2 stops,No info,11185
IndiGo,1/06/2019,Kolkata,Banglore,CCU → BLR,14:25,16:55,2h 30m,non-stop,No info,6064
Vistara,15/05/2019,Kolkata,Banglore,CCU → DEL → BLR,20:20,09:05 16 May,12h 45m,1 stop,No info,8452
Jet Airways,21/06/2019,Delhi,Cochin,DEL → COK,11:00,14:15,3h 15m,non-stop,In-flight meal not included,4256
Jet Airways,15/05/2019,Kolkata,Banglore,CCU → DEL → BLR,20:25,09:45 16 May,13h 20m,1 stop,In-flight meal not included,12384
Air India,1/05/2019,Kolkata,Banglore,CCU → BOM → BLR,09:25,18:30,9h 5m,1 stop,No info,8891
Multiple carriers,27/06/2019,Delhi,Cochin,DEL → BOM → COK,07:30,19:00,11h 30m,1 stop,No info,11789
IndiGo,21/06/2019,Kolkata,Banglore,CCU → BLR,22:15,00:50 22 Jun,2h 35m,non-stop,No info,4804
Air India,1/05/2019,Mumbai,Hyderabad,BOM → HYD,21:05,22:25,1h 20m,non-stop,No info,3625
Jet Airways,21/05/2019,Delhi,Cochin,DEL → BOM → COK,16:00,19:00 22 May,27h,1 stop,No info,16079
GoAir,24/05/2019,Banglore,Delhi,BLR → DEL,20:55,23:40,2h 45m,non-stop,No info,3419
Jet Airways,15/05/2019,Banglore,Delhi,BLR → DEL,19:50,22:50,3h,non-stop,No info,7229
Multiple carriers,9/06/2019,Delhi,Cochin,DEL → HYD → COK,09:45,16:10,6h 25m,1 stop,No info,9646
IndiGo,18/06/2019,Chennai,Kolkata,MAA → CCU,11:35,14:00,2h 25m,non-stop,No info,3858
Multiple carriers,12/06/2019,Delhi,Cochin,DEL → HYD → COK,13:05,22:30,9h 25m,1 stop,No info,9646
Jet Airways,21/03/2019,Delhi,Cochin,DEL → MAA → BOM → COK,13:55,18:50 22 Mar,28h 55m,2 stops,In-flight meal not included,8728
IndiGo,6/04/2019,Kolkata,Banglore,CCU → HYD → BLR,19:20,23:45,4h 25m,1 stop,No info,3480
Air India,21/03/2019,Banglore,New Delhi,BLR → HYD → DEL,08:15,18:30,10h 15m,1 stop,No info,4943
Jet Airways,1/05/2019,Mumbai,Hyderabad,BOM → HYD,19:35,21:05,1h 30m,non-stop,In-flight meal not included,2228
IndiGo,21/05/2019,Kolkata,Banglore,CCU → MAA → BLR,16:35,22:15,5h 40m,1 stop,No info,5268
IndiGo,9/03/2019,Delhi,Cochin,DEL → BOM → COK,06:40,21:00,14h 20m,1 stop,No info,12351
IndiGo,3/03/2019,Mumbai,Hyderabad,BOM → HYD,02:30,04:00,1h 30m,non-stop,No info,4575
SpiceJet,15/04/2019,Kolkata,Banglore,CCU → BLR,06:55,09:30,2h 35m,non-stop,No info,3873
Jet Airways,1/04/2019,Kolkata,Banglore,CCU → BOM → BLR,06:30,04:40 02 Apr,22h 10m,1 stop,In-flight meal not included,7064
Jet Airways,21/03/2019,Delhi,Cochin,DEL → BOM → COK,17:30,04:25 22 Mar,10h 55m,1 stop,No info,12557
IndiGo,6/04/2019,Kolkata,Banglore,CCU → BLR,15:15,17:45,2h 30m,non-stop,No info,4174
Air India,6/06/2019,Kolkata,Banglore,CCU → BOM → BLR,16:50,07:55 07 Jun,15h 5m,1 stop,No info,8366
IndiGo,24/05/2019,Chennai,Kolkata,MAA → CCU,11:35,14:00,2h 25m,non-stop,No info,4332
IndiGo,21/05/2019,Delhi,Cochin,DEL → BOM → COK,17:10,01:30 22 May,8h 20m,1 stop,No info,6794
Multiple carriers,1/06/2019,Delhi,Cochin,DEL → BOM → COK,10:20,01:30 02 Jun,15h 10m,1 stop,No info,6795
IndiGo,1/05/2019,Banglore,Delhi,BLR → DEL,16:55,19:55,3h,non-stop,No info,4823
IndiGo,6/05/2019,Kolkata,Banglore,CCU → PAT → BLR,09:20,14:15,4h 55m,1 stop,No info,11319
Jet Airways,9/06/2019,Banglore,Delhi,BLR → DEL,15:15,18:10,2h 55m,non-stop,No info,8016
Vistara,12/04/2019,Banglore,Delhi,BLR → DEL,21:00,23:50,2h 50m,non-stop,No info,5613
SpiceJet,27/06/2019,Kolkata,Banglore,CCU → BLR,17:10,19:40,2h 30m,non-stop,No check-in baggage included,3841
IndiGo,24/03/2019,Banglore,New Delhi,BLR → DEL,23:30,02:20 25 Mar,2h 50m,non-stop,No info,6860
SpiceJet,15/06/2019,Kolkata,Banglore,CCU → BLR,09:00,11:25,2h 25m,non-stop,No check-in baggage included,3841
Jet Airways,15/06/2019,Delhi,Cochin,DEL → JAI → BOM → COK,05:30,04:25 16 Jun,22h 55m,2 stops,No info,13014
Air India,9/06/2019,Banglore,Delhi,BLR → DEL,06:10,08:55,2h 45m,non-stop,No info,6961
SpiceJet,15/05/2019,Kolkata,Banglore,CCU → PNQ → BLR,08:35,17:15,8h 40m,1 stop,No info,6381
Air India,6/05/2019,Kolkata,Banglore,CCU → IXR → DEL → BLR,05:50,08:55 07 May,27h 5m,2 stops,No info,10991
Multiple carriers,27/05/2019,Delhi,Cochin,DEL → BOM → COK,14:00,21:00,7h,1 stop,In-flight meal not included,7153
Air India,27/03/2019,Delhi,Cochin,DEL → BOM → COK,13:00,19:15,6h 15m,1 stop,No info,6902
SpiceJet,9/06/2019,Banglore,Delhi,BLR → DEL,05:55,08:35,2h 40m,non-stop,No info,3625
Air Asia,6/06/2019,Delhi,Cochin,DEL → BLR → COK,16:45,07:10 07 Jun,14h 25m,1 stop,No info,11410
Jet Airways,18/05/2019,Delhi,Cochin,DEL → BOM → COK,14:00,19:00,5h,1 stop,In-flight meal not included,12373
Jet Airways,21/03/2019,Delhi,Cochin,DEL → MAA → BOM → COK,19:15,18:50 22 Mar,23h 35m,2 stops,In-flight meal not included,8938
SpiceJet,1/04/2019,Banglore,Delhi,BLR → DEL,21:10,00:05 02 Apr,2h 55m,non-stop,No check-in baggage included,3573
Air India,18/04/2019,Banglore,Delhi,BLR → DEL,06:10,08:55,2h 45m,non-stop,No info,5228
IndiGo,3/03/2019,Mumbai,Hyderabad,BOM → HYD,12:00,13:25,1h 25m,non-stop,No info,5755
Jet Airways,1/06/2019,Delhi,Cochin,DEL → BOM → COK,21:50,04:25 02 Jun,6h 35m,1 stop,In-flight meal not included,10262
Jet Airways,6/05/2019,Kolkata,Banglore,CCU → BOM → BLR,20:00,08:15 07 May,12h 15m,1 stop,In-flight meal not included,9663
Jet Airways,18/05/2019,Kolkata,Banglore,CCU → BOM → BLR,21:10,08:15 19 May,11h 5m,1 stop,In-flight meal not included,8586
Jet Airways,18/05/2019,Kolkata,Banglore,CCU → BOM → BLR,20:00,16:20 19 May,20h 20m,1 stop,In-flight meal not included,10844
SpiceJet,12/04/2019,Kolkata,Banglore,CCU → BLR,22:20,00:40 13 Apr,2h 20m,non-stop,No info,3873
Jet Airways,6/05/2019,Kolkata,Banglore,CCU → BOM → BLR,08:25,18:15,9h 50m,1 stop,In-flight meal not included,10844
SpiceJet,6/06/2019,Kolkata,Banglore,CCU → BLR,22:20,00:40 07 Jun,2h 20m,non-stop,No info,3873
Jet Airways,21/05/2019,Kolkata,Banglore,CCU → BOM → BLR,21:10,08:15 22 May,11h 5m,1 stop,No info,14781
IndiGo,9/05/2019,Kolkata,Banglore,CCU → BLR,17:15,19:50,2h 35m,non-stop,No info,4804
Jet Airways,27/05/2019,Delhi,Cochin,DEL → BOM → COK,20:55,12:35 28 May,15h 40m,1 stop,In-flight meal not included,12898
SpiceJet,6/03/2019,Delhi,Cochin,DEL → PNQ → COK,08:45,13:15,4h 30m,1 stop,No info,8488
SpiceJet,12/04/2019,Kolkata,Banglore,CCU → BLR,17:10,19:40,2h 30m,non-stop,No info,3873
Multiple carriers,9/03/2019,Delhi,Cochin,DEL → BOM → COK,06:40,19:45,13h 5m,1 stop,No info,12615
SpiceJet,15/03/2019,Banglore,New Delhi,BLR → DEL,05:45,08:35,2h 50m,non-stop,No info,5575
SpiceJet,21/06/2019,Mumbai,Hyderabad,BOM → HYD,05:45,07:15,1h 30m,non-stop,No info,2753
Jet Airways,27/03/2019,Mumbai,Hyderabad,BOM → HYD,07:10,08:35,1h 25m,non-stop,No info,8040
Jet Airways,1/05/2019,Kolkata,Banglore,CCU → DEL → BLR,20:25,14:25 02 May,18h,1 stop,In-flight meal not included,9314
Jet Airways,9/06/2019,Kolkata,Banglore,CCU → BOM → BLR,08:25,16:20,7h 55m,1 stop,No info,14571
Jet Airways,12/06/2019,Delhi,Cochin,DEL → ATQ → BOM → COK,12:15,12:35 13 Jun,24h 20m,2 stops,No info,14300
IndiGo,3/06/2019,Delhi,Cochin,DEL → BLR → COK,05:10,10:05,4h 55m,1 stop,No info,6842
Air India,6/04/2019,Banglore,Delhi,BLR → DEL,13:20,16:10,2h 50m,non-stop,No info,5176
SpiceJet,3/04/2019,Banglore,Delhi,BLR → DEL,09:30,12:20,2h 50m,non-stop,No info,3971
SpiceJet,3/06/2019,Kolkata,Banglore,CCU → BLR,22:20,00:40 04 Jun,2h 20m,non-stop,No check-in baggage included,3841
Air India,27/05/2019,Delhi,Cochin,DEL → JAI → BOM → COK,12:00,19:15,7h 15m,2 stops,No info,9653
IndiGo,18/06/2019,Banglore,Delhi,BLR → DEL,22:10,01:00 19 Jun,2h 50m,non-stop,No info,3419
Air India,15/03/2019,Banglore,New Delhi,BLR → HYD → DEL,08:15,08:50 16 Mar,24h 35m,1 stop,No info,5521
Multiple carriers,18/05/2019,Delhi,Cochin,DEL → BOM → COK,11:30,01:30 19 May,14h,1 stop,No info,13727
Jet Airways,27/03/2019,Delhi,Cochin,DEL → BOM → COK,09:55,04:25 28 Mar,18h 30m,1 stop,In-flight meal not included,6540
SpiceJet,6/06/2019,Kolkata,Banglore,CCU → BLR,09:00,11:25,2h 25m,non-stop,No info,3873
Jet Airways,3/06/2019,Delhi,Cochin,DEL → JAI → BOM → COK,19:30,04:25 04 Jun,8h 55m,2 stops,No info,13014
Multiple carriers,9/06/2019,Delhi,Cochin,DEL → HYD → COK,07:05,16:10,9h 5m,1 stop,No info,9646
IndiGo,1/06/2019,Delhi,Cochin,DEL → BOM → COK,09:15,21:00,11h 45m,1 stop,No info,7258
IndiGo,24/06/2019,Mumbai,Hyderabad,BOM → HYD,19:05,20:35,1h 30m,non-stop,No info,2754
Air India,6/06/2019,Delhi,Cochin,DEL → BHO → BOM → COK,05:55,19:15,13h 20m,2 stops,No info,10861
Jet Airways,12/06/2019,Kolkata,Banglore,CCU → BOM → BLR,14:05,10:05 13 Jun,20h,1 stop,No info,13044
Jet Airways,06/03/2019,Banglore,New Delhi,BLR → BOM → DEL,05:45,11:25,5h 40m,1 stop,No info,19225
IndiGo,3/06/2019,Mumbai,Hyderabad,BOM → HYD,21:20,22:50,1h 30m,non-stop,No info,2227
Jet Airways,15/06/2019,Delhi,Cochin,DEL → NAG → BOM → COK,06:45,04:25 16 Jun,21h 40m,2 stops,In-flight meal not included,10919
Air India,27/03/2019,Delhi,Cochin,DEL → HYD → MAA → COK,09:45,09:25 28 Mar,23h 40m,2 stops,No info,7090
IndiGo,21/03/2019,Delhi,Cochin,DEL → HYD → COK,04:55,12:00,7h 5m,1 stop,No info,6287
Jet Airways,6/05/2019,Mumbai,Hyderabad,BOM → HYD,02:55,04:20,1h 25m,non-stop,In-flight meal not included,3210
Vistara,15/05/2019,Kolkata,Banglore,CCU → DEL → BLR,17:00,20:20 16 May,27h 20m,1 stop,No info,8610
Jet Airways,6/06/2019,Kolkata,Banglore,CCU → DEL → BLR,09:35,14:25 07 Jun,28h 50m,1 stop,No info,12692
Vistara,18/05/2019,Kolkata,Banglore,CCU → DEL → BLR,20:20,20:20 19 May,24h,1 stop,No info,9555
SpiceJet,1/05/2019,Mumbai,Hyderabad,BOM → HYD,22:45,00:15 02 May,1h 30m,non-stop,No info,2017
Air India,24/05/2019,Kolkata,Banglore,CCU → BOM → BLR,16:50,07:55 25 May,15h 5m,1 stop,No info,8576
Jet Airways,21/03/2019,Delhi,Cochin,DEL → BOM → COK,11:30,04:25 22 Mar,16h 55m,1 stop,In-flight meal not included,7438
Air India,21/05/2019,Kolkata,Banglore,CCU → JAI → BOM → BLR,08:20,07:55 22 May,23h 35m,2 stops,No info,11222
Multiple carriers,1/06/2019,Delhi,Cochin,DEL → BOM → COK,12:50,01:30 02 Jun,12h 40m,1 stop,No info,6795
SpiceJet,1/04/2019,Kolkata,Banglore,CCU → BLR,06:55,09:30,2h 35m,non-stop,No check-in baggage included,3841
SpiceJet,12/06/2019,Kolkata,Banglore,CCU → MAA → BLR,15:05,20:20,5h 15m,1 stop,No info,4649
Multiple carriers,27/05/2019,Delhi,Cochin,DEL → BOM → COK,10:20,21:00,10h 40m,1 stop,No info,7005
IndiGo,12/06/2019,Kolkata,Banglore,CCU → PAT → BLR,09:20,14:15,4h 55m,1 stop,No info,11160
Jet Airways,18/05/2019,Banglore,Delhi,BLR → DEL,18:55,22:00,3h 5m,non-stop,In-flight meal not included,5198
Jet Airways,6/05/2019,Banglore,Delhi,BLR → DEL,08:20,11:20,3h,non-stop,In-flight meal not included,4544
SpiceJet,15/05/2019,Mumbai,Hyderabad,BOM → HYD,22:45,00:15 16 May,1h 30m,non-stop,No check-in baggage included,1965
Jet Airways,15/05/2019,Kolkata,Banglore,CCU → BOM → BLR,14:05,23:35,9h 30m,1 stop,No info,13941
Air India,01/03/2019,Banglore,New Delhi,BLR → MAA → DEL,11:50,23:55,12h 5m,1 stop,Change airports,26092
SpiceJet,27/04/2019,Kolkata,Banglore,CCU → BLR,17:10,19:40,2h 30m,non-stop,No check-in baggage included,3841
Jet Airways,03/03/2019,Banglore,New Delhi,BLR → BOM → DEL,05:45,05:05 07 Mar,23h 20m,1 stop,In-flight meal not included,11087
Air India,21/05/2019,Kolkata,Banglore,CCU → GAU → IMF → DEL → BLR,09:50,23:15,13h 25m,3 stops,No info,14960
Jet Airways,15/03/2019,Banglore,New Delhi,BLR → MAA → DEL,09:45,14:25,4h 40m,1 stop,No info,8578
Vistara,6/06/2019,Kolkata,Banglore,CCU → DEL → BLR,20:20,09:05 07 Jun,12h 45m,1 stop,No info,8452
Air India,6/05/2019,Kolkata,Banglore,CCU → BOM → AMD → BLR,09:25,05:25 07 May,20h,2 stops,No info,17732
Multiple carriers,15/05/2019,Delhi,Cochin,DEL → BOM → COK,17:00,01:30 16 May,8h 30m,1 stop,No info,8073
SpiceJet,12/04/2019,Banglore,Delhi,BLR → DEL,09:30,12:20,2h 50m,non-stop,No info,4991
Air India,21/05/2019,Kolkata,Banglore,CCU → BOM → BLR,09:25,21:50,12h 25m,1 stop,No info,8366
IndiGo,9/05/2019,Chennai,Kolkata,MAA → CCU,13:15,15:35,2h 20m,non-stop,No info,3597
Air India,24/06/2019,Delhi,Cochin,DEL → BOM → COK,10:00,19:15,9h 15m,1 stop,No info,9194
Jet Airways,21/05/2019,Delhi,Cochin,DEL → BHO → BOM → COK,05:30,12:35,7h 5m,2 stops,No info,16274
Multiple carriers,21/05/2019,Delhi,Cochin,DEL → BOM → COK,09:00,19:00,10h,1 stop,No info,10197
Jet Airways,3/06/2019,Banglore,Delhi,BLR → DEL,06:00,08:45,2h 45m,non-stop,In-flight meal not included,5769
Multiple carriers,27/06/2019,Delhi,Cochin,DEL → BOM → COK,09:15,19:15,10h,1 stop,No info,8099
Vistara,1/06/2019,Banglore,Delhi,BLR → DEL,17:00,19:35,2h 35m,non-stop,No info,4878
IndiGo,1/03/2019,Chennai,Kolkata,MAA → CCU,13:20,15:35,2h 15m,non-stop,No info,7295
Jet Airways,18/03/2019,Banglore,New Delhi,BLR → BOM → DEL,05:45,13:15,7h 30m,1 stop,No info,12284
Air India,27/05/2019,Delhi,Cochin,DEL → BOM → COK,08:00,19:15,11h 15m,1 stop,No info,9929
Jet Airways,1/05/2019,Kolkata,Banglore,CCU → BOM → BLR,16:30,08:15 02 May,15h 45m,1 stop,In-flight meal not included,8586
Jet Airways,12/05/2019,Kolkata,Banglore,CCU → BOM → BLR,18:55,04:40 13 May,9h 45m,1 stop,In-flight meal not included,9663
SpiceJet,27/06/2019,Delhi,Cochin,DEL → BLR → COK,17:55,22:50,4h 55m,1 stop,No info,4957
Jet Airways,1/05/2019,Banglore,Delhi,BLR → DEL,06:00,08:45,2h 45m,non-stop,In-flight meal not included,4030
Air India,15/06/2019,Delhi,Cochin,DEL → MAA → COK,20:40,09:25 16 Jun,12h 45m,1 stop,No info,7480
Jet Airways,9/05/2019,Kolkata,Banglore,CCU → DEL → BLR,20:25,18:00 10 May,21h 35m,1 stop,No info,11467
IndiGo,12/05/2019,Banglore,Delhi,BLR → DEL,18:55,21:50,2h 55m,non-stop,No info,4823
SpiceJet,21/03/2019,Mumbai,Hyderabad,BOM → HYD,22:45,00:10 22 Mar,1h 25m,non-stop,No info,1759
GoAir,3/06/2019,Banglore,Delhi,BLR → DEL,20:55,23:40,2h 45m,non-stop,No info,3419
IndiGo,15/06/2019,Delhi,Cochin,DEL → BLR → COK,02:00,07:45,5h 45m,1 stop,No info,6386
Air India,9/05/2019,Delhi,Cochin,DEL → BLR → COK,09:45,23:00,13h 15m,1 stop,No info,7174
Multiple carriers,27/03/2019,Delhi,Cochin,DEL → BOM → COK,09:00,15:30,6h 30m,1 stop,No info,6673
IndiGo,3/05/2019,Banglore,Delhi,BLR → DEL,22:10,01:00 04 May,2h 50m,non-stop,No info,4284
IndiGo,1/04/2019,Mumbai,Hyderabad,BOM → HYD,21:20,22:50,1h 30m,non-stop,No info,2227
IndiGo,1/06/2019,Delhi,Cochin,DEL → BLR → COK,17:05,22:25,5h 20m,1 stop,No info,7060
Jet Airways,06/03/2019,Banglore,New Delhi,BLR → BOM → DEL,22:50,05:05 07 Mar,6h 15m,1 stop,No info,19225
Jet Airways,12/05/2019,Kolkata,Banglore,CCU → BOM → BLR,08:25,04:40 13 May,20h 15m,1 stop,No info,13941
Jet Airways,21/05/2019,Delhi,Cochin,DEL → BOM → COK,13:00,12:35 22 May,23h 35m,1 stop,In-flight meal not included,12898
GoAir,24/03/2019,Kolkata,Banglore,CCU → HYD → BLR,06:35,14:25,7h 50m,1 stop,No info,4773
IndiGo,9/06/2019,Delhi,Cochin,DEL → BOM → COK,16:00,01:30 10 Jun,9h 30m,1 stop,No info,6316
SpiceJet,9/05/2019,Delhi,Cochin,DEL → PNQ → COK,08:45,13:15,4h 30m,1 stop,No info,4812
Jet Airways,01/03/2019,Banglore,New Delhi,BLR → BOM → DEL,11:40,21:20,9h 40m,1 stop,1 Long layover,27992
GoAir,6/06/2019,Banglore,Delhi,BLR → DEL,11:40,14:30,2h 50m,non-stop,No info,3898
Multiple carriers,12/06/2019,Delhi,Cochin,DEL → BOM → COK,07:30,19:00,11h 30m,1 stop,No info,10877
Multiple carriers,6/06/2019,Delhi,Cochin,DEL → HYD → COK,07:10,22:30,15h 20m,1 stop,No info,7038
IndiGo,03/03/2019,Banglore,New Delhi,BLR → DEL,18:25,21:20,2h 55m,non-stop,No info,7648
Jet Airways,21/03/2019,Delhi,Cochin,DEL → BDQ → BOM → COK,18:25,04:25 23 Mar,34h,2 stops,No info,12347
Multiple carriers,9/06/2019,Delhi,Cochin,DEL → BOM → COK,13:00,21:00,8h,1 stop,No info,7408
Jet Airways,1/04/2019,Kolkata,Banglore,CCU → BOM → BLR,18:55,09:20 02 Apr,14h 25m,1 stop,In-flight meal not included,7064
Jet Airways,6/03/2019,Delhi,Cochin,DEL → BOM → COK,13:00,04:25 07 Mar,15h 25m,1 stop,In-flight meal not included,13843
Vistara,24/05/2019,Kolkata,Banglore,CCU → DEL → BLR,20:20,18:50 25 May,22h 30m,1 stop,No info,9345
Jet Airways,15/06/2019,Delhi,Cochin,DEL → IDR → BOM → COK,09:35,04:25 16 Jun,18h 50m,2 stops,In-flight meal not included,11507
Jet Airways,3/03/2019,Delhi,Cochin,DEL → BOM → COK,08:00,04:25 04 Mar,20h 25m,1 stop,No info,17024
Air India,24/06/2019,Delhi,Cochin,DEL → COK,14:10,17:10,3h,non-stop,No info,5201
IndiGo,1/04/2019,Kolkata,Banglore,CCU → PAT → BLR,09:20,14:15,4h 55m,1 stop,No info,10308
Multiple carriers,1/06/2019,Delhi,Cochin,DEL → HYD → COK,07:05,22:30,15h 25m,1 stop,No info,9646
Air India,18/05/2019,Delhi,Cochin,DEL → JAI → BOM → COK,12:00,07:40 19 May,19h 40m,2 stops,No info,8603
Jet Airways,21/05/2019,Delhi,Cochin,DEL → BOM → COK,08:00,19:00,11h,1 stop,No info,16289
Jet Airways,01/03/2019,Banglore,New Delhi,BLR → BOM → DEL,22:50,20:20 02 Mar,21h 30m,1 stop,No info,25735
Air Asia,12/04/2019,Banglore,Delhi,BLR → DEL,11:10,13:55,2h 45m,non-stop,No info,4483
Jet Airways,06/03/2019,Banglore,New Delhi,BLR → BOM → DEL,07:00,18:25,11h 25m,1 stop,No info,16736
Air India,24/03/2019,Kolkata,Banglore,CCU → DEL → COK → BLR,07:00,13:45 25 Mar,30h 45m,2 stops,No info,12829
IndiGo,27/06/2019,Delhi,Cochin,DEL → BOM → COK,16:00,21:00,5h,1 stop,No info,6069
Jet Airways,6/03/2019,Delhi,Cochin,DEL → BOM → COK,02:15,18:50,16h 35m,1 stop,No info,17024
Jet Airways,21/03/2019,Delhi,Cochin,DEL → IXC → BOM → COK,06:20,04:25 22 Mar,22h 5m,2 stops,No info,11538
Multiple carriers,9/05/2019,Delhi,Cochin,DEL → BOM → COK,10:20,19:15,8h 55m,1 stop,No info,8266
Jet Airways,9/04/2019,Banglore,Delhi,BLR → DEL,15:50,18:45,2h 55m,non-stop,No info,7229
Jet Airways,6/06/2019,Kolkata,Banglore,CCU → DEL → BLR,17:00,18:00 07 Jun,25h,1 stop,No info,12692
GoAir,3/06/2019,Delhi,Cochin,DEL → BOM → COK,10:35,19:35,9h,1 stop,No info,4959
Air Asia,21/05/2019,Delhi,Cochin,DEL → BLR → COK,07:55,22:30,14h 35m,1 stop,No info,6152
Air India,1/05/2019,Kolkata,Banglore,CCU → GAU → DEL → BLR,09:50,08:55 02 May,23h 5m,2 stops,No info,13227
Jet Airways,9/05/2019,Delhi,Cochin,DEL → BOM → COK,18:15,04:25 10 May,10h 10m,1 stop,In-flight meal not included,12373
IndiGo,21/05/2019,Delhi,Cochin,DEL → HYD → COK,06:50,12:10,5h 20m,1 stop,No info,5530
Jet Airways,21/03/2019,Banglore,New Delhi,BLR → BOM → DEL,20:35,11:25 19 Mar,14h 50m,1 stop,In-flight meal not included,7832
Jet Airways,6/06/2019,Kolkata,Banglore,CCU → BOM → BLR,16:30,22:35,6h 5m,1 stop,In-flight meal not included,10844
Multiple carriers,1/06/2019,Delhi,Cochin,DEL → BOM → COK,13:00,01:30 02 Jun,12h 30m,1 stop,No info,13377
Multiple carriers,21/05/2019,Delhi,Cochin,DEL → BOM → COK,10:00,01:30 22 May,15h 30m,1 stop,No info,7888
SpiceJet,27/03/2019,Kolkata,Banglore,CCU → BLR,06:55,09:35,2h 40m,non-stop,No info,3847
SpiceJet,24/03/2019,Banglore,New Delhi,BLR → DEL,20:30,23:20,2h 50m,non-stop,No info,3925
Jet Airways,12/05/2019,Kolkata,Banglore,CCU → BOM → BLR,06:30,09:20 13 May,26h 50m,1 stop,In-flight meal not included,9663
IndiGo,27/03/2019,Kolkata,Banglore,CCU → BLR,22:10,00:55 28 Mar,2h 45m,non-stop,No info,4148
Jet Airways,6/03/2019,Delhi,Cochin,DEL → IDR → BOM → COK,05:25,19:45 07 Mar,38h 20m,2 stops,No info,16914
Jet Airways,6/06/2019,Delhi,Cochin,DEL → LKO → BOM → COK,11:45,04:25 07 Jun,16h 40m,2 stops,No info,13882
Air Asia,9/06/2019,Kolkata,Banglore,CCU → DEL → BLR,07:35,19:25,11h 50m,1 stop,No info,7870
Multiple carriers,1/06/2019,Delhi,Cochin,DEL → BOM → COK,13:00,19:15,6h 15m,1 stop,No info,16108
SpiceJet,1/04/2019,Banglore,Delhi,BLR → DEL,09:30,12:20,2h 50m,non-stop,No check-in baggage included,3919
Jet Airways,21/05/2019,Delhi,Cochin,DEL → BOM → COK,19:15,04:25 22 May,9h 10m,1 stop,No info,16079
Jet Airways,1/04/2019,Kolkata,Banglore,CCU → BOM → BLR,20:00,08:15 02 Apr,12h 15m,1 stop,No info,12681
Jet Airways,9/06/2019,Kolkata,Banglore,CCU → DEL → BLR,09:35,09:45 10 Jun,24h 10m,1 stop,No info,14151
Air Asia,21/05/2019,Banglore,Delhi,BLR → DEL,11:10,13:55,2h 45m,non-stop,No info,3383
Air India,15/05/2019,Mumbai,Hyderabad,BOM → HYD,19:30,20:45,1h 15m,non-stop,No info,3100
IndiGo,6/06/2019,Delhi,Cochin,DEL → BOM → COK,16:00,01:30 07 Jun,9h 30m,1 stop,No info,6316
Jet Airways,21/03/2019,Banglore,New Delhi,BLR → BOM → DEL,11:40,10:25 19 Mar,22h 45m,1 stop,In-flight meal not included,7832
Jet Airways,9/05/2019,Kolkata,Banglore,CCU → BOM → BLR,14:05,23:35,9h 30m,1 stop,In-flight meal not included,10844
IndiGo,24/05/2019,Kolkata,Banglore,CCU → PAT → BLR,09:20,14:15,4h 55m,1 stop,No info,9376
Multiple carriers,24/06/2019,Delhi,Cochin,DEL → BOM → COK,08:30,19:15,10h 45m,1 stop,No info,7354
IndiGo,3/03/2019,Delhi,Cochin,DEL → HYD → COK,08:35,16:10,7h 35m,1 stop,No info,7663
Jet Airways,9/04/2019,Delhi,Cochin,DEL → BOM → COK,22:50,04:25 10 Apr,5h 35m,1 stop,No info,12242
Jet Airways,24/06/2019,Delhi,Cochin,DEL → BOM → COK,11:30,19:00,7h 30m,1 stop,No info,14714
IndiGo,18/06/2019,Kolkata,Banglore,CCU → BLR,21:25,00:05 19 Jun,2h 40m,non-stop,No info,4804
Multiple carriers,27/03/2019,Delhi,Cochin,DEL → BOM → COK,16:00,01:35 28 Mar,9h 35m,1 stop,No info,12327
Air India,27/05/2019,Delhi,Cochin,DEL → BOM → COK,20:00,19:15 28 May,23h 15m,1 stop,No info,8372
Jet Airways,18/05/2019,Delhi,Cochin,DEL → AMD → BOM → COK,13:25,12:35 19 May,23h 10m,2 stops,No info,15129
Jet Airways,24/06/2019,Delhi,Cochin,DEL → BOM → COK,11:30,12:35 25 Jun,25h 5m,1 stop,In-flight meal not included,10262
IndiGo,9/05/2019,Delhi,Cochin,DEL → MAA → COK,02:00,07:25,5h 25m,1 stop,No info,6582
IndiGo,27/05/2019,Delhi,Cochin,DEL → MAA → COK,07:15,12:30,5h 15m,1 stop,No info,5636
Jet Airways,3/06/2019,Mumbai,Hyderabad,BOM → HYD,10:20,11:50,1h 30m,non-stop,In-flight meal not included,4995
Air India,6/06/2019,Kolkata,Banglore,CCU → VNS → DEL → BLR,14:30,08:55 07 Jun,18h 25m,2 stops,No info,15894
Jet Airways,9/06/2019,Delhi,Cochin,DEL → BOM → COK,20:55,19:00 10 Jun,22h 5m,1 stop,No info,14924
IndiGo,27/03/2019,Delhi,Cochin,DEL → BOM → COK,10:45,01:35 28 Mar,14h 50m,1 stop,No info,6628
IndiGo,09/03/2019,Banglore,New Delhi,BLR → DEL,04:00,06:50,2h 50m,non-stop,No info,8033
GoAir,3/04/2019,Banglore,Delhi,BLR → DEL,07:45,10:40,2h 55m,non-stop,No info,4239
Jet Airways,6/05/2019,Kolkata,Banglore,CCU → BOM → BLR,16:30,22:35,6h 5m,1 stop,No info,14781
GoAir,24/03/2019,Kolkata,Banglore,CCU → AMD → BLR,16:25,00:05 25 Mar,7h 40m,1 stop,No info,10198
IndiGo,6/04/2019,Banglore,Delhi,BLR → DEL,07:10,10:05,2h 55m,non-stop,No info,4823
Multiple carriers,9/06/2019,Delhi,Cochin,DEL → BOM → COK,10:00,19:00,9h,1 stop,No info,12192
Jet Airways,6/06/2019,Kolkata,Banglore,CCU → BOM → BLR,20:00,08:15 07 Jun,12h 15m,1 stop,In-flight meal not included,10844
Jet Airways,9/06/2019,Kolkata,Banglore,CCU → BOM → BLR,21:10,04:40 10 Jun,7h 30m,1 stop,No info,13731
Jet Airways,24/06/2019,Delhi,Cochin,DEL → BOM → COK,19:45,04:25 25 Jun,8h 40m,1 stop,In-flight meal not included,10262
Air India,27/05/2019,Chennai,Kolkata,MAA → CCU,11:40,13:55,2h 15m,non-stop,No info,4667
SpiceJet,6/06/2019,Banglore,Delhi,BLR → DEL,05:55,08:35,2h 40m,non-stop,No info,3625
IndiGo,6/05/2019,Kolkata,Banglore,CCU → MAA → BLR,08:10,13:00,4h 50m,1 stop,No info,5069
Jet Airways,24/05/2019,Kolkata,Banglore,CCU → DEL → BLR,09:35,14:25 25 May,28h 50m,1 stop,In-flight meal not included,10703
IndiGo,24/06/2019,Banglore,Delhi,BLR → DEL,18:55,21:50,2h 55m,non-stop,No info,4823
Jet Airways,27/03/2019,Delhi,Cochin,DEL → MAA → BOM → COK,05:10,04:25 28 Mar,23h 15m,2 stops,In-flight meal not included,9412
Jet Airways,21/03/2019,Banglore,New Delhi,BLR → BOM → DEL,08:00,23:00,15h,1 stop,In-flight meal not included,7832
Air Asia,6/03/2019,Kolkata,Banglore,CCU → BLR,10:20,12:55,2h 35m,non-stop,No info,4384
IndiGo,6/06/2019,Kolkata,Banglore,CCU → MAA → BLR,08:10,13:00,4h 50m,1 stop,No info,5069
Air India,24/03/2019,Kolkata,Banglore,CCU → DEL → BLR,20:30,23:15 25 Mar,26h 45m,1 stop,No info,10808
Air India,1/05/2019,Mumbai,Hyderabad,BOM → HYD,19:30,20:45,1h 15m,non-stop,No info,3100
IndiGo,21/04/2019,Banglore,Delhi,BLR → DEL,18:55,21:50,2h 55m,non-stop,No info,4823
SpiceJet,27/05/2019,Mumbai,Hyderabad,BOM → HYD,22:45,00:15 28 May,1h 30m,non-stop,No check-in baggage included,1965
Vistara,12/05/2019,Kolkata,Banglore,CCU → DEL → BLR,07:10,23:25,16h 15m,1 stop,No info,9345
IndiGo,6/06/2019,Delhi,Cochin,DEL → HYD → COK,16:10,22:30,6h 20m,1 stop,No info,6938
Jet Airways,06/03/2019,Banglore,New Delhi,BLR → BOM → DEL,08:55,09:30 07 Mar,24h 35m,1 stop,No info,17261
IndiGo,24/06/2019,Delhi,Cochin,DEL → BLR → COK,05:10,10:05,4h 55m,1 stop,No info,6496
Jet Airways,24/03/2019,Kolkata,Banglore,CCU → BOM → BLR,06:30,19:40,13h 10m,1 stop,No info,13339
Multiple carriers,27/03/2019,Delhi,Cochin,DEL → BOM → COK,08:00,15:30,7h 30m,1 stop,No info,6673
Air India,15/06/2019,Delhi,Cochin,DEL → CCU → BOM → COK,20:15,19:15 16 Jun,23h,2 stops,No info,13591
Air India,9/03/2019,Delhi,Cochin,DEL → BOM → COK,07:00,19:15,12h 15m,1 stop,No info,15704
Jet Airways,6/03/2019,Mumbai,Hyderabad,BOM → HYD,10:20,11:50,1h 30m,non-stop,No info,8040
Air India,15/05/2019,Delhi,Cochin,DEL → HYD → BOM → COK,17:15,19:15 16 May,26h,2 stops,No info,13039
IndiGo,3/05/2019,Kolkata,Banglore,CCU → BLR,22:15,00:50 04 May,2h 35m,non-stop,No info,4804
Jet Airways,21/06/2019,Mumbai,Hyderabad,BOM → HYD,10:20,11:50,1h 30m,non-stop,In-flight meal not included,4995
Air India,27/06/2019,Delhi,Cochin,DEL → CCU → BOM → COK,14:25,19:15 28 Jun,28h 50m,2 stops,No info,13591
Air India,18/05/2019,Kolkata,Banglore,CCU → HYD → BLR,19:00,11:05 19 May,16h 5m,1 stop,No info,6327
Multiple carriers,3/03/2019,Delhi,Cochin,DEL → HYD → COK,07:10,22:20,15h 10m,1 stop,In-flight meal not included,11125
Multiple carriers,27/06/2019,Delhi,Cochin,DEL → BOM → COK,14:00,01:30 28 Jun,11h 30m,1 stop,No info,13377
Air India,21/05/2019,Kolkata,Banglore,CCU → VNS → DEL → BLR,14:30,12:30 22 May,22h,2 stops,No info,15107
Multiple carriers,9/05/2019,Delhi,Cochin,DEL → BOM → COK,13:00,01:30 10 May,12h 30m,1 stop,No info,15078
Jet Airways,18/03/2019,Banglore,New Delhi,BLR → BOM → DEL,05:45,10:45,5h,1 stop,No info,12284
Multiple carriers,24/06/2019,Delhi,Cochin,DEL → BOM → COK,09:15,19:00,9h 45m,1 stop,No info,11622
IndiGo,27/05/2019,Mumbai,Hyderabad,BOM → HYD,12:00,13:30,1h 30m,non-stop,No info,2754
Jet Airways,9/05/2019,Kolkata,Banglore,CCU → BOM → BLR,08:25,04:40 10 May,20h 15m,1 stop,In-flight meal not included,8586
Air India,1/04/2019,Kolkata,Banglore,CCU → BBI → BLR,09:10,13:15,4h 5m,1 stop,No info,5793
Multiple carriers,12/06/2019,Delhi,Cochin,DEL → BOM → COK,09:00,19:15,10h 15m,1 stop,No info,14848
SpiceJet,21/06/2019,Chennai,Kolkata,MAA → CCU,08:20,10:35,2h 15m,non-stop,No info,3597
Air Asia,12/05/2019,Kolkata,Banglore,CCU → DEL → BLR,07:35,19:25,11h 50m,1 stop,No info,5320
Jet Airways,9/06/2019,Kolkata,Banglore,CCU → GAU → BLR,10:20,17:35,7h 15m,1 stop,In-flight meal not included,5608
SpiceJet,18/04/2019,Banglore,Delhi,BLR → DEL,05:55,08:35,2h 40m,non-stop,No check-in baggage included,4319
Multiple carriers,27/03/2019,Delhi,Cochin,DEL → BOM → COK,18:00,01:35 28 Mar,7h 35m,1 stop,No info,6673
Air India,9/05/2019,Delhi,Cochin,DEL → CCU → BOM → COK,14:25,19:15 10 May,28h 50m,2 stops,No info,13591
Jet Airways,1/04/2019,Delhi,Cochin,DEL → BOM → COK,18:15,12:35 02 Apr,18h 20m,1 stop,In-flight meal not included,5406
IndiGo,9/03/2019,Kolkata,Banglore,CCU → BLR,17:15,19:55,2h 40m,non-stop,No info,4778
Multiple carriers,27/06/2019,Delhi,Cochin,DEL → HYD → COK,13:15,22:30,9h 15m,1 stop,No info,8018
Air India,6/05/2019,Kolkata,Banglore,CCU → BLR,20:45,23:20,2h 35m,non-stop,No info,4145
Air India,1/04/2019,Delhi,Cochin,DEL → MAA → COK,17:20,09:25 02 Apr,16h 5m,1 stop,No info,5117
IndiGo,21/05/2019,Mumbai,Hyderabad,BOM → HYD,20:05,21:40,1h 35m,non-stop,No info,2227
Jet Airways,18/03/2019,Banglore,New Delhi,BLR → BOM → DEL,16:55,23:00,6h 5m,1 stop,No info,13555
Jet Airways,01/03/2019,Banglore,New Delhi,BLR → BDQ → DEL,05:50,12:20,6h 30m,1 stop,Business class,28097
SpiceJet,3/05/2019,Kolkata,Banglore,CCU → BLR,22:20,00:40 04 May,2h 20m,non-stop,No info,3873
Jet Airways,1/04/2019,Kolkata,Banglore,CCU → BOM → BLR,08:25,16:20,7h 55m,1 stop,No info,12996
Air Asia,1/06/2019,Delhi,Cochin,DEL → BLR → COK,07:55,22:25,14h 30m,1 stop,No info,8759
Jet Airways,21/05/2019,Kolkata,Banglore,CCU → BOM → BLR,06:30,09:20 22 May,26h 50m,1 stop,In-flight meal not included,9663
Jet Airways,15/06/2019,Delhi,Cochin,DEL → BOM → COK,07:05,12:35,5h 30m,1 stop,No info,14714
Air Asia,27/06/2019,Delhi,Cochin,DEL → BLR → COK,16:45,07:10 28 Jun,14h 25m,1 stop,No info,6451
Air India,21/03/2019,Delhi,Cochin,DEL → BLR → COK,06:10,23:00,16h 50m,1 stop,No info,5704
Multiple carriers,27/03/2019,Delhi,Cochin,DEL → BOM → COK,12:50,21:00,8h 10m,1 stop,No info,6637
Jet Airways,27/03/2019,Delhi,Cochin,DEL → AMD → BOM → COK,19:10,19:45 28 Mar,24h 35m,2 stops,In-flight meal not included,6643
IndiGo,9/06/2019,Delhi,Cochin,DEL → BLR → COK,17:05,22:15,5h 10m,1 stop,No info,6493
SpiceJet,21/05/2019,Delhi,Cochin,DEL → MAA → COK,15:45,22:05,6h 20m,1 stop,No info,7317
Air India,6/05/2019,Kolkata,Banglore,CCU → DEL → COK → TRV → BLR,10:00,10:30 07 May,24h 30m,3 stops,No info,12797
SpiceJet,1/04/2019,Kolkata,Banglore,CCU → PNQ → BLR,08:35,17:15,8h 40m,1 stop,No info,6013
IndiGo,27/05/2019,Delhi,Cochin,DEL → BOM → COK,10:35,21:00,10h 25m,1 stop,No info,6314
Jet Airways,27/03/2019,Delhi,Cochin,DEL → IXC → BOM → COK,06:20,04:25 28 Mar,22h 5m,2 stops,In-flight meal not included,9296
Air India,6/06/2019,Delhi,Cochin,DEL → COK,18:05,21:10,3h 5m,non-stop,No info,6094
Air India,9/06/2019,Delhi,Cochin,DEL → NAG → BOM → COK,05:55,07:40 10 Jun,25h 45m,2 stops,No info,10493
SpiceJet,27/04/2019,Banglore,Delhi,BLR → DEL,05:55,08:35,2h 40m,non-stop,No info,4423
Multiple carriers,9/03/2019,Delhi,Cochin,DEL → BOM → COK,17:00,01:35 10 Mar,8h 35m,1 stop,No info,14343
SpiceJet,18/03/2019,Banglore,New Delhi,BLR → DEL,20:30,23:20,2h 50m,non-stop,No check-in baggage included,4273
IndiGo,15/04/2019,Banglore,Delhi,BLR → DEL,06:05,08:50,2h 45m,non-stop,No info,4423
Jet Airways,21/03/2019,Delhi,Cochin,DEL → BOM → COK,13:00,04:25 22 Mar,15h 25m,1 stop,In-flight meal not included,7438
IndiGo,1/05/2019,Chennai,Kolkata,MAA → CCU,07:55,10:15,2h 20m,non-stop,No info,3850
Jet Airways,6/05/2019,Kolkata,Banglore,CCU → BOM → BLR,06:30,09:20 07 May,26h 50m,1 stop,In-flight meal not included,9663
Vistara,9/05/2019,Kolkata,Banglore,CCU → DEL → BLR,17:00,23:25,6h 25m,1 stop,No info,8085
Vistara,15/05/2019,Banglore,Delhi,BLR → DEL,19:30,22:15,2h 45m,non-stop,No info,4878
IndiGo,9/05/2019,Kolkata,Banglore,CCU → PNQ → BLR,21:00,02:15 10 May,5h 15m,1 stop,No info,7605
IndiGo,3/03/2019,Mumbai,Hyderabad,BOM → HYD,19:05,20:30,1h 25m,non-stop,No info,5755
Jet Airways,9/06/2019,Kolkata,Banglore,CCU → BOM → BLR,08:25,20:45,12h 20m,1 stop,No info,14571
Air India,1/06/2019,Chennai,Kolkata,MAA → CCU,11:40,13:55,2h 15m,non-stop,No info,4667
Multiple carriers,27/05/2019,Delhi,Cochin,DEL → BOM → COK,08:45,21:00,12h 15m,1 stop,No info,7740
Jet Airways,6/06/2019,Kolkata,Banglore,CCU → BOM → BLR,14:05,22:35,8h 30m,1 stop,No info,14571
SpiceJet,18/05/2019,Banglore,Delhi,BLR → DEL,09:30,12:20,2h 50m,non-stop,No check-in baggage included,4319
Jet Airways,21/05/2019,Delhi,Cochin,DEL → BOM → COK,18:15,12:35 22 May,18h 20m,1 stop,In-flight meal not included,12898
Jet Airways,27/05/2019,Delhi,Cochin,DEL → BOM → COK,02:15,04:25 28 May,26h 10m,1 stop,In-flight meal not included,12898
Jet Airways,12/05/2019,Kolkata,Banglore,CCU → BOM → BLR,14:05,20:45,6h 40m,1 stop,No info,14781
Jet Airways,6/06/2019,Kolkata,Banglore,CCU → BOM → BLR,21:10,04:40 07 Jun,7h 30m,1 stop,No info,13374
Multiple carriers,21/03/2019,Delhi,Cochin,DEL → BOM → COK,11:30,21:00,9h 30m,1 stop,No info,13062
Jet Airways,12/06/2019,Delhi,Cochin,DEL → LKO → BOM → COK,09:25,12:35 13 Jun,27h 10m,2 stops,No info,13882
Jet Airways,9/05/2019,Delhi,Cochin,DEL → BOM → COK,11:30,12:35 10 May,25h 5m,1 stop,In-flight meal not included,12373
Air India,15/05/2019,Delhi,Cochin,DEL → BOM → COK,03:50,19:15,15h 25m,1 stop,No info,8669
IndiGo,09/03/2019,Banglore,New Delhi,BLR → GOI → DEL,19:30,00:40 13 Mar,5h 10m,1 stop,No info,7280
IndiGo,27/04/2019,Banglore,Delhi,BLR → DEL,18:55,21:50,2h 55m,non-stop,No info,4823
Vistara,24/03/2019,Kolkata,Banglore,CCU → DEL → BLR,07:10,09:10 25 Mar,26h,1 stop,No info,11682
IndiGo,6/06/2019,Delhi,Cochin,DEL → HYD → COK,05:05,16:10,11h 5m,1 stop,No info,6818
Jet Airways,15/06/2019,Delhi,Cochin,DEL → JAI → BOM → COK,09:40,12:35 16 Jun,26h 55m,2 stops,In-flight meal not included,10368
Jet Airways,12/03/2019,Banglore,New Delhi,BLR → BOM → DEL,18:55,10:45 13 Mar,15h 50m,1 stop,No info,13817
Air Asia,15/06/2019,Kolkata,Banglore,CCU → BLR,19:55,22:25,2h 30m,non-stop,No info,4107
SpiceJet,12/04/2019,Kolkata,Banglore,CCU → BLR,17:10,19:40,2h 30m,non-stop,No check-in baggage included,3841
IndiGo,21/03/2019,Delhi,Cochin,DEL → BOM → COK,09:10,21:00,11h 50m,1 stop,No info,8285
Air India,12/06/2019,Kolkata,Banglore,CCU → BBI → BOM → BLR,12:00,07:55 13 Jun,19h 55m,2 stops,No info,9416
Jet Airways,24/06/2019,Delhi,Cochin,DEL → BOM → COK,10:00,12:35 25 Jun,26h 35m,1 stop,In-flight meal not included,10262
IndiGo,18/04/2019,Banglore,Delhi,BLR → DEL,01:30,04:15,2h 45m,non-stop,No info,4591
IndiGo,9/05/2019,Banglore,Delhi,BLR → DEL,06:05,08:50,2h 45m,non-stop,No info,4077
Multiple carriers,1/06/2019,Delhi,Cochin,DEL → BOM → COK,07:05,19:15,12h 10m,1 stop,In-flight meal not included,12927
Vistara,15/05/2019,Banglore,Delhi,BLR → DEL,07:00,09:40,2h 40m,non-stop,No info,4668
IndiGo,1/04/2019,Banglore,Delhi,BLR → DEL,13:00,15:50,2h 50m,non-stop,No info,4591
IndiGo,6/05/2019,Chennai,Kolkata,MAA → CCU,14:45,17:05,2h 20m,non-stop,No info,3597
Jet Airways,3/03/2019,Delhi,Cochin,DEL → UDR → BOM → COK,18:20,18:50 04 Mar,24h 30m,2 stops,No info,20747
Jet Airways,21/03/2019,Delhi,Cochin,DEL → BHO → BOM → COK,05:40,04:25 22 Mar,22h 45m,2 stops,In-flight meal not included,9181
IndiGo,27/06/2019,Delhi,Cochin,DEL → BOM → COK,16:00,01:30 28 Jun,9h 30m,1 stop,No info,6316
Jet Airways,06/03/2019,Banglore,New Delhi,BLR → BOM → DEL,16:55,09:30 07 Mar,16h 35m,1 stop,No info,17261
Jet Airways,3/06/2019,Banglore,Delhi,BLR → DEL,15:15,18:10,2h 55m,non-stop,In-flight meal not included,5769
Jet Airways,21/05/2019,Delhi,Cochin,DEL → BOM → COK,14:00,04:25 22 May,14h 25m,1 stop,In-flight meal not included,12898
IndiGo,18/04/2019,Banglore,Delhi,BLR → DEL,06:05,08:50,2h 45m,non-stop,No info,4591
Air India,21/05/2019,Kolkata,Banglore,CCU → DEL → BLR,17:30,08:55 22 May,15h 25m,1 stop,No info,11936
SpiceJet,21/05/2019,Delhi,Cochin,DEL → BLR → COK,17:55,22:50,4h 55m,1 stop,No info,5975
SpiceJet,21/06/2019,Kolkata,Banglore,CCU → BLR,06:55,09:30,2h 35m,non-stop,No info,3873
Jet Airways,15/03/2019,Mumbai,Hyderabad,BOM → HYD,15:50,17:20,1h 30m,non-stop,No info,5678
Jet Airways,21/05/2019,Kolkata,Banglore,CCU → BOM → BLR,21:10,08:15 22 May,11h 5m,1 stop,In-flight meal not included,10844
Jet Airways,27/06/2019,Delhi,Cochin,DEL → AMD → BOM → COK,23:05,12:35 28 Jun,13h 30m,2 stops,In-flight meal not included,11150
Air India,1/06/2019,Delhi,Cochin,DEL → HYD → BOM → COK,17:15,07:40 02 Jun,14h 25m,2 stops,No info,14667
Multiple carriers,24/06/2019,Delhi,Cochin,DEL → BOM → COK,11:30,19:15,7h 45m,1 stop,No info,14848
Air India,21/03/2019,Delhi,Cochin,DEL → COK,18:05,21:10,3h 5m,non-stop,No info,5674
Jet Airways,27/05/2019,Delhi,Cochin,DEL → AMD → BOM → COK,19:10,12:35 28 May,17h 25m,2 stops,No info,15129
Vistara,6/05/2019,Kolkata,Banglore,CCU → DEL → BLR,20:20,10:45 07 May,14h 25m,1 stop,No info,8662
Jet Airways,21/05/2019,Delhi,Cochin,DEL → BOM → COK,14:00,12:35 22 May,22h 35m,1 stop,In-flight meal not included,12898
Jet Airways,9/06/2019,Kolkata,Banglore,CCU → BOM → BLR,06:30,16:20,9h 50m,1 stop,No info,14571
Jet Airways,9/06/2019,Kolkata,Banglore,CCU → BOM → BLR,20:00,09:20 10 Jun,13h 20m,1 stop,In-flight meal not included,11841
Multiple carriers,21/05/2019,Delhi,Cochin,DEL → BOM → COK,17:30,01:30 22 May,8h,1 stop,No info,14067
IndiGo,15/05/2019,Banglore,Delhi,BLR → DEL,20:00,22:50,2h 50m,non-stop,No info,4823
IndiGo,15/06/2019,Banglore,Delhi,BLR → DEL,04:00,06:50,2h 50m,non-stop,No info,4423
Air India,24/05/2019,Kolkata,Banglore,CCU → BOM → TRV → BLR,09:25,10:30 25 May,25h 5m,2 stops,No info,12797
Jet Airways,21/03/2019,Banglore,New Delhi,BLR → BOM → DEL,16:55,10:25 19 Mar,17h 30m,1 stop,In-flight meal not included,7832
Jet Airways,24/06/2019,Delhi,Cochin,DEL → ATQ → BOM → COK,20:00,04:25 25 Jun,8h 25m,2 stops,In-flight meal not included,12410
Jet Airways,27/05/2019,Banglore,Delhi,BLR → DEL,18:55,22:00,3h 5m,non-stop,No info,7229
Jet Airways,27/06/2019,Banglore,Delhi,BLR → DEL,17:45,20:45,3h,non-stop,No info,8016
Multiple carriers,1/06/2019,Delhi,Cochin,DEL → BOM → COK,10:35,19:00,8h 25m,1 stop,No info,11200
IndiGo,24/06/2019,Kolkata,Banglore,CCU → BLR,15:30,18:05,2h 35m,non-stop,No info,4804
IndiGo,27/06/2019,Kolkata,Banglore,CCU → BLR,15:15,17:45,2h 30m,non-stop,No info,4804
Multiple carriers,15/06/2019,Delhi,Cochin,DEL → HYD → COK,07:05,16:10,9h 5m,1 stop,No info,9646
Jet Airways,6/03/2019,Delhi,Cochin,DEL → BOM → COK,11:30,18:50,7h 20m,1 stop,In-flight meal not included,15400
SpiceJet,9/04/2019,Kolkata,Banglore,CCU → BLR,06:55,09:30,2h 35m,non-stop,No check-in baggage included,3841
Air Asia,1/06/2019,Kolkata,Banglore,CCU → BLR,22:50,01:20 02 Jun,2h 30m,non-stop,No info,4409
Jet Airways,24/03/2019,Kolkata,Banglore,CCU → BOM → BLR,18:55,18:10 25 Mar,23h 15m,1 stop,No info,14231
SpiceJet,03/03/2019,Banglore,New Delhi,BLR → DEL,09:35,12:30,2h 55m,non-stop,No info,6860
Air India,24/06/2019,Delhi,Cochin,DEL → HYD → BOM → COK,13:15,07:40 25 Jun,18h 25m,2 stops,No info,12497
Multiple carriers,6/03/2019,Delhi,Cochin,DEL → BOM → COK,17:45,01:35 07 Mar,7h 50m,1 stop,No info,15147
Multiple carriers,9/06/2019,Delhi,Cochin,DEL → BOM → COK,18:15,01:30 10 Jun,7h 15m,1 stop,No info,13587
Jet Airways,24/05/2019,Kolkata,Banglore,CCU → BOM → BLR,20:00,04:40 25 May,8h 40m,1 stop,In-flight meal not included,8586
Jet Airways,1/04/2019,Kolkata,Banglore,CCU → BOM → BLR,16:30,19:50 02 Apr,27h 20m,1 stop,No info,12681
SpiceJet,27/04/2019,Banglore,Delhi,BLR → DEL,05:55,08:35,2h 40m,non-stop,No check-in baggage included,4319
Multiple carriers,27/05/2019,Delhi,Cochin,DEL → BOM → COK,11:30,21:00,9h 30m,1 stop,In-flight meal not included,6943
Vistara,9/06/2019,Kolkata,Banglore,CCU → DEL → BLR,17:00,22:55,5h 55m,1 stop,No info,9187
Jet Airways,6/04/2019,Delhi,Cochin,DEL → COK,11:00,14:15,3h 15m,non-stop,In-flight meal not included,4886
IndiGo,21/03/2019,Delhi,Cochin,DEL → BBI → COK,02:35,08:30,5h 55m,1 stop,No info,8470
Air India,1/05/2019,Kolkata,Banglore,CCU → BBI → BOM → BLR,12:00,18:30 02 May,30h 30m,2 stops,No info,10151
Multiple carriers,24/06/2019,Delhi,Cochin,DEL → BOM → COK,07:30,19:00,11h 30m,1 stop,No info,10877
IndiGo,18/05/2019,Delhi,Cochin,DEL → BOM → COK,08:30,21:00,12h 30m,1 stop,No info,7081
IndiGo,1/05/2019,Delhi,Cochin,DEL → BOM → COK,07:30,21:00,13h 30m,1 stop,No info,8542
Vistara,24/05/2019,Banglore,Delhi,BLR → DEL,11:30,14:20,2h 50m,non-stop,No info,4668
IndiGo,9/06/2019,Delhi,Cochin,DEL → BOM → COK,16:00,21:00,5h,1 stop,No info,6069
Vistara,24/03/2019,Kolkata,Banglore,CCU → DEL → BLR,07:10,22:10,15h,1 stop,No info,12942
Multiple carriers,6/06/2019,Delhi,Cochin,DEL → BOM → COK,09:15,19:00,9h 45m,1 stop,No info,11622
Jet Airways,15/06/2019,Delhi,Cochin,DEL → LKO → BOM → COK,09:25,12:35 16 Jun,27h 10m,2 stops,No info,13882
Multiple carriers,27/05/2019,Delhi,Cochin,DEL → BOM → COK,04:55,19:00,14h 5m,1 stop,No info,11573
Jet Airways,9/05/2019,Kolkata,Banglore,CCU → BOM → BLR,14:05,09:20 10 May,19h 15m,1 stop,In-flight meal not included,9663
Multiple carriers,1/06/2019,Delhi,Cochin,DEL → BOM → COK,15:00,01:30 02 Jun,10h 30m,1 stop,No info,13377
Jet Airways,21/05/2019,Delhi,Cochin,DEL → BOM → COK,18:15,19:00 22 May,24h 45m,1 stop,No info,16079
Vistara,1/04/2019,Kolkata,Banglore,CCU → DEL → BLR,20:20,10:45 02 Apr,14h 25m,1 stop,No info,8505
IndiGo,1/06/2019,Kolkata,Banglore,CCU → BLR,22:15,00:50 02 Jun,2h 35m,non-stop,No info,4804
Air India,27/03/2019,Delhi,Cochin,DEL → BLR → COK,20:30,08:15 28 Mar,11h 45m,1 stop,No info,5998
Jet Airways,12/05/2019,Kolkata,Banglore,CCU → BOM → BLR,06:30,16:20,9h 50m,1 stop,In-flight meal not included,10844
Air India,27/06/2019,Delhi,Cochin,DEL → BHO → BOM → COK,05:55,19:15,13h 20m,2 stops,No info,11386
SpiceJet,24/06/2019,Chennai,Kolkata,MAA → CCU,08:20,10:35,2h 15m,non-stop,No info,3597
Jet Airways,24/05/2019,Kolkata,Banglore,CCU → BOM → BLR,08:25,18:15,9h 50m,1 stop,No info,14571
Jet Airways,6/05/2019,Kolkata,Banglore,CCU → BOM → BLR,20:00,19:50 07 May,23h 50m,1 stop,No info,14388
Air India,9/05/2019,Kolkata,Banglore,CCU → GAU → DEL → BLR,16:45,08:55 10 May,16h 10m,2 stops,No info,13227
Multiple carriers,27/05/2019,Delhi,Cochin,DEL → BOM → COK,07:00,21:00,14h,1 stop,No info,7618
Air India,1/04/2019,Delhi,Cochin,DEL → MAA → COK,09:45,09:25 02 Apr,23h 40m,1 stop,No info,5117
Air India,9/06/2019,Kolkata,Banglore,CCU → BBI → BOM → BLR,12:00,18:30 10 Jun,30h 30m,2 stops,No info,10151
Vistara,18/06/2019,Banglore,Delhi,BLR → DEL,17:00,19:35,2h 35m,non-stop,No info,4878
Air India,3/05/2019,Banglore,Delhi,BLR → DEL,21:05,23:55,2h 50m,non-stop,No info,6121
Air Asia,12/04/2019,Banglore,Delhi,BLR → DEL,04:55,07:45,2h 50m,non-stop,No info,4282
Jet Airways,9/05/2019,Delhi,Cochin,DEL → AMD → BOM → COK,13:25,12:35 10 May,23h 10m,2 stops,No info,16704
IndiGo,18/06/2019,Banglore,Delhi,BLR → DEL,08:30,11:20,2h 50m,non-stop,No info,4823
Air India,21/03/2019,Banglore,New Delhi,BLR → HYD → DEL,08:15,08:50 19 Mar,24h 35m,1 stop,No info,4943
Jet Airways,9/05/2019,Delhi,Cochin,DEL → BOM → COK,21:50,12:35 10 May,14h 45m,1 stop,In-flight meal not included,12373
Jet Airways,12/06/2019,Kolkata,Banglore,CCU → BOM → BLR,16:30,23:35,7h 5m,1 stop,No info,13626
Jet Airways,12/06/2019,Kolkata,Banglore,CCU → BOM → BLR,18:55,18:15 13 Jun,23h 20m,1 stop,In-flight meal not included,8529
Jet Airways,18/05/2019,Delhi,Cochin,DEL → BHO → BOM → COK,05:30,12:35,7h 5m,2 stops,In-flight meal not included,15544
SpiceJet,18/06/2019,Kolkata,Banglore,CCU → BLR,22:20,00:40 19 Jun,2h 20m,non-stop,No check-in baggage included,3841
Jet Airways,3/04/2019,Mumbai,Hyderabad,BOM → HYD,07:05,08:30,1h 25m,non-stop,No info,8040
Multiple carriers,6/03/2019,Delhi,Cochin,DEL → HYD → COK,14:35,22:20,7h 45m,1 stop,In-flight meal not included,7563
SpiceJet,21/04/2019,Banglore,Delhi,BLR → DEL,09:30,12:20,2h 50m,non-stop,No check-in baggage included,4885
GoAir,3/06/2019,Banglore,Delhi,BLR → DEL,11:40,14:30,2h 50m,non-stop,No info,3898
Air India,1/06/2019,Delhi,Cochin,DEL → GOI → BOM → COK,22:00,19:15 02 Jun,21h 15m,2 stops,No info,10861
Jet Airways,24/06/2019,Delhi,Cochin,DEL → BOM → COK,19:15,19:00 25 Jun,23h 45m,1 stop,In-flight meal not included,10262
Jet Airways,21/03/2019,Banglore,New Delhi,BLR → BOM → DEL,14:05,10:25 19 Mar,20h 20m,1 stop,In-flight meal not included,7832
Jet Airways,12/05/2019,Kolkata,Banglore,CCU → BOM → BLR,16:30,12:00 13 May,19h 30m,1 stop,In-flight meal not included,10844
Air India,15/05/2019,Kolkata,Banglore,CCU → HYD → BLR,19:00,04:40 16 May,9h 40m,1 stop,No info,6117
IndiGo,21/03/2019,Delhi,Cochin,DEL → BOM → COK,15:00,01:35 22 Mar,10h 35m,1 stop,No info,7006
Multiple carriers,9/05/2019,Delhi,Cochin,DEL → BOM → COK,06:00,19:00,13h,1 stop,No info,9794
IndiGo,24/04/2019,Kolkata,Banglore,CCU → BLR,21:25,00:05 25 Apr,2h 40m,non-stop,No info,4804
Air India,6/06/2019,Kolkata,Banglore,CCU → DEL → AMD → BLR,10:00,05:25 07 Jun,19h 25m,2 stops,No info,12009
Jet Airways,6/06/2019,Kolkata,Banglore,CCU → BOM → BLR,08:25,04:40 07 Jun,20h 15m,1 stop,In-flight meal not included,8586
IndiGo,09/03/2019,Banglore,New Delhi,BLR → DEL,10:05,13:00,2h 55m,non-stop,No info,6860
Air India,18/05/2019,Delhi,Cochin,DEL → BLR → COK,09:45,23:00,13h 15m,1 stop,No info,8907
IndiGo,15/06/2019,Delhi,Cochin,DEL → HYD → COK,08:35,22:30,13h 55m,1 stop,No info,6442
Air India,03/03/2019,Banglore,New Delhi,BLR → HYD → DEL,08:15,23:10,14h 55m,1 stop,No info,6781
Jet Airways,9/03/2019,Delhi,Cochin,DEL → BOM → COK,16:00,18:50 10 Mar,26h 50m,1 stop,In-flight meal not included,14053
Jet Airways,9/05/2019,Kolkata,Banglore,CCU → DEL → BLR,20:25,09:45 10 May,13h 20m,1 stop,In-flight meal not included,10703
Air Asia,24/06/2019,Delhi,Cochin,DEL → BLR → COK,20:45,06:35 25 Jun,9h 50m,1 stop,No info,6152
Vistara,21/05/2019,Banglore,Delhi,BLR → DEL,19:30,22:15,2h 45m,non-stop,No info,4878
Air India,12/06/2019,Kolkata,Banglore,CCU → DEL → BLR,10:00,16:15,6h 15m,1 stop,No info,11936
Vistara,01/03/2019,Banglore,New Delhi,BLR → DEL,21:10,00:05 02 Mar,2h 55m,non-stop,No info,21730
IndiGo,09/03/2019,Banglore,New Delhi,BLR → DEL,13:10,16:10,3h,non-stop,No info,8033
IndiGo,12/04/2019,Kolkata,Banglore,CCU → BLR,11:30,14:05,2h 35m,non-stop,No info,4174
IndiGo,15/05/2019,Delhi,Cochin,DEL → HYD → COK,05:05,16:10,11h 5m,1 stop,No info,6818
Air India,27/05/2019,Delhi,Cochin,DEL → CCU → BOM → COK,20:15,19:15 28 May,23h,2 stops,No info,13381
IndiGo,18/04/2019,Kolkata,Banglore,CCU → BLR,11:30,14:05,2h 35m,non-stop,No info,5224
Multiple carriers,24/06/2019,Delhi,Cochin,DEL → BOM → COK,07:30,19:15,11h 45m,1 stop,No info,9001
SpiceJet,9/05/2019,Kolkata,Banglore,CCU → PNQ → BLR,08:35,17:15,8h 40m,1 stop,No info,6171
SpiceJet,1/04/2019,Kolkata,Banglore,CCU → IXB → BLR,15:55,21:25,5h 30m,1 stop,No info,7646
Jet Airways,15/06/2019,Banglore,Delhi,BLR → DEL,18:55,22:00,3h 5m,non-stop,No info,8016
IndiGo,12/05/2019,Kolkata,Banglore,CCU → HYD → BLR,04:50,09:50,5h,1 stop,No info,4176
Multiple carriers,9/05/2019,Delhi,Cochin,DEL → BOM → COK,07:30,19:15,11h 45m,1 stop,No info,7787
SpiceJet,3/05/2019,Chennai,Kolkata,MAA → CCU,17:45,20:05,2h 20m,non-stop,No info,3597
Vistara,15/05/2019,Kolkata,Banglore,CCU → DEL → BLR,20:20,18:50 16 May,22h 30m,1 stop,No info,9345
SpiceJet,21/03/2019,Mumbai,Hyderabad,BOM → HYD,05:45,07:05,1h 20m,non-stop,No info,3173
Air India,1/04/2019,Banglore,Delhi,BLR → DEL,21:05,23:55,2h 50m,non-stop,No info,4441
SpiceJet,27/06/2019,Delhi,Cochin,DEL → MAA → COK,06:05,11:20,5h 15m,1 stop,No info,5583
IndiGo,15/05/2019,Banglore,Delhi,BLR → DEL,21:15,00:15 16 May,3h,non-stop,No info,3943
Jet Airways,01/03/2019,Banglore,New Delhi,BLR → BOM → DEL,16:55,23:00,6h 5m,1 stop,No info,54826
Air India,06/03/2019,Banglore,New Delhi,BLR → HBX → BOM → BHO → DEL,12:00,23:25,11h 25m,3 stops,No info,14195
Vistara,24/03/2019,Banglore,New Delhi,BLR → DEL,11:30,14:10,2h 40m,non-stop,No info,5403
Jet Airways,12/05/2019,Kolkata,Banglore,CCU → BOM → BLR,06:30,18:15,11h 45m,1 stop,No info,14781
Air India,27/05/2019,Delhi,Cochin,DEL → GOI → BOM → COK,22:00,19:15 28 May,21h 15m,2 stops,No info,10231
Air India,12/06/2019,Delhi,Cochin,DEL → BLR → COK,20:30,23:00 13 Jun,26h 30m,1 stop,No info,8907
IndiGo,15/05/2019,Delhi,Cochin,DEL → HYD → COK,05:05,12:10,7h 5m,1 stop,No info,6818
Jet Airways,18/05/2019,Kolkata,Banglore,CCU → BOM → BLR,08:25,20:45,12h 20m,1 stop,In-flight meal not included,10844
Jet Airways,6/06/2019,Delhi,Cochin,DEL → BHO → BOM → COK,05:30,12:35,7h 5m,2 stops,No info,14441
Jet Airways,9/04/2019,Delhi,Cochin,DEL → AMD → BOM → COK,23:05,12:35 10 Apr,13h 30m,2 stops,No info,9483
IndiGo,3/06/2019,Delhi,Cochin,DEL → HYD → COK,07:35,16:10,8h 35m,1 stop,No info,7514
Air India,6/06/2019,Kolkata,Banglore,CCU → DEL → AMD → BLR,07:00,05:25 07 Jun,22h 25m,2 stops,No info,12009
Jet Airways,3/06/2019,Delhi,Cochin,DEL → BOM → COK,11:30,12:35 04 Jun,25h 5m,1 stop,In-flight meal not included,10262
Jet Airways,24/06/2019,Delhi,Cochin,DEL → BHO → BOM → COK,05:30,12:35,7h 5m,2 stops,In-flight meal not included,13344
Jet Airways,9/05/2019,Delhi,Cochin,DEL → ATQ → BOM → COK,20:00,04:25 10 May,8h 25m,2 stops,In-flight meal not included,15318
Multiple carriers,9/04/2019,Delhi,Cochin,DEL → BOM → COK,06:00,13:20,7h 20m,1 stop,No info,8323
Air India,9/05/2019,Mumbai,Hyderabad,BOM → HYD,21:05,22:25,1h 20m,non-stop,No info,3100
Jet Airways,21/05/2019,Kolkata,Banglore,CCU → DEL → BLR,09:35,21:05,11h 30m,1 stop,No info,14151
IndiGo,3/04/2019,Banglore,Delhi,BLR → DEL,01:30,04:15,2h 45m,non-stop,No info,3419
Air India,24/06/2019,Banglore,Delhi,BLR → DEL,21:05,23:55,2h 50m,non-stop,No info,6961
Jet Airways,1/04/2019,Kolkata,Banglore,CCU → BOM → BLR,06:30,18:15,11h 45m,1 stop,In-flight meal not included,7064
Vistara,6/03/2019,Mumbai,Hyderabad,BOM → DEL → HYD,20:55,16:45 07 Mar,19h 50m,1 stop,No info,12395
SpiceJet,3/06/2019,Banglore,Delhi,BLR → DEL,21:10,00:05 04 Jun,2h 55m,non-stop,No info,3311
Air India,12/05/2019,Mumbai,Hyderabad,BOM → HYD,13:55,15:25,1h 30m,non-stop,No info,3100
IndiGo,6/03/2019,Delhi,Cochin,DEL → BOM → COK,18:35,01:35 07 Mar,7h,1 stop,No info,14871
IndiGo,6/06/2019,Kolkata,Banglore,CCU → PAT → BLR,09:20,14:15,4h 55m,1 stop,No info,11160
Jet Airways,6/03/2019,Delhi,Cochin,DEL → BOM → COK,07:05,04:25 07 Mar,21h 20m,1 stop,No info,17234
IndiGo,9/06/2019,Kolkata,Banglore,CCU → BLR,20:20,22:55,2h 35m,non-stop,No info,4804
IndiGo,6/06/2019,Banglore,Delhi,BLR → DEL,20:00,22:50,2h 50m,non-stop,No info,4823
Jet Airways,27/06/2019,Delhi,Cochin,DEL → NAG → BOM → COK,14:35,12:35 28 Jun,22h,2 stops,No info,13376
Jet Airways,24/03/2019,Kolkata,Banglore,CCU → BOM → BLR,16:55,18:10 25 Mar,25h 15m,1 stop,In-flight meal not included,11134
Air India,3/03/2019,Delhi,Cochin,DEL → BOM → COK,19:00,07:40 04 Mar,12h 40m,1 stop,No info,14777
Jet Airways,27/05/2019,Delhi,Cochin,DEL → BOM → COK,07:05,12:35,5h 30m,1 stop,No info,16289
Vistara,18/03/2019,Delhi,Cochin,DEL → COK,14:55,17:50,2h 55m,non-stop,No info,5586
Jet Airways,18/05/2019,Kolkata,Banglore,CCU → BOM → BLR,05:45,09:20 19 May,27h 35m,1 stop,In-flight meal not included,9663
IndiGo,27/03/2019,Delhi,Cochin,DEL → MAA → COK,02:05,07:25,5h 20m,1 stop,No info,4744
IndiGo,21/03/2019,Kolkata,Banglore,CCU → BLR,10:10,12:55,2h 45m,non-stop,No info,5198
IndiGo,27/03/2019,Delhi,Cochin,DEL → BOM → COK,07:30,13:20,5h 50m,1 stop,No info,8227
IndiGo,6/05/2019,Kolkata,Banglore,CCU → PNQ → BLR,21:00,02:15 07 May,5h 15m,1 stop,No info,7252
Jet Airways,24/03/2019,Banglore,New Delhi,BLR → BOM → DEL,08:55,09:00 19 Mar,24h 5m,1 stop,In-flight meal not included,8147
IndiGo,3/04/2019,Banglore,Delhi,BLR → DEL,16:55,19:55,3h,non-stop,No info,4823
Vistara,18/05/2019,Kolkata,Banglore,CCU → DEL → BLR,07:10,18:50,11h 40m,1 stop,No info,9345
Jet Airways,12/06/2019,Banglore,Delhi,BLR → DEL,18:55,22:00,3h 5m,non-stop,No info,8016
Jet Airways,6/06/2019,Banglore,Delhi,BLR → DEL,06:00,08:45,2h 45m,non-stop,No info,8016
SpiceJet,27/03/2019,Chennai,Kolkata,MAA → CCU,09:30,12:05,2h 35m,non-stop,No info,3384
Multiple carriers,3/03/2019,Delhi,Cochin,DEL → BOM → COK,08:00,21:00,13h,1 stop,No info,17057
IndiGo,18/05/2019,Kolkata,Banglore,CCU → BLR,04:40,07:15,2h 35m,non-stop,No info,4804
Jet Airways,21/05/2019,Kolkata,Banglore,CCU → BOM → BLR,06:30,04:40 22 May,22h 10m,1 stop,In-flight meal not included,8586
Jet Airways,18/05/2019,Kolkata,Banglore,CCU → DEL → BLR,17:00,21:05 19 May,28h 5m,1 stop,No info,14151
Jet Airways,24/05/2019,Kolkata,Banglore,CCU → DEL → BLR,20:25,09:45 25 May,13h 20m,1 stop,In-flight meal not included,12384
Air India,6/05/2019,Kolkata,Banglore,CCU → DEL → BLR,20:30,08:55 07 May,12h 25m,1 stop,No info,10203
Air Asia,15/04/2019,Kolkata,Banglore,CCU → DEL → BLR,07:35,23:30,15h 55m,1 stop,No info,5192
Vistara,6/03/2019,Delhi,Cochin,DEL → COK,14:55,17:50,2h 55m,non-stop,No info,8001
Air India,12/05/2019,Kolkata,Banglore,CCU → DEL → COK → BLR,07:00,01:20 13 May,18h 20m,2 stops,No info,12140
Air India,1/04/2019,Kolkata,Banglore,CCU → GAU → IMF → DEL → BLR,16:45,23:15 02 Apr,30h 30m,3 stops,No info,8607
Multiple carriers,9/04/2019,Delhi,Cochin,DEL → BOM → COK,19:00,01:30 10 Apr,6h 30m,1 stop,No info,7363
Jet Airways,12/03/2019,Banglore,New Delhi,BLR → BOM → DEL,18:55,09:30 13 Mar,14h 35m,1 stop,In-flight meal not included,11087
Jet Airways,12/05/2019,Kolkata,Banglore,CCU → DEL → BLR,09:35,19:10,9h 35m,1 stop,No info,14151
Jet Airways,3/06/2019,Delhi,Cochin,DEL → BOM → COK,15:00,19:00 04 Jun,28h,1 stop,In-flight meal not included,10262
SpiceJet,01/03/2019,Banglore,New Delhi,BLR → PNQ → DEL,10:20,18:15,7h 55m,1 stop,No info,23267
Air India,27/05/2019,Delhi,Cochin,DEL → HYD → BOM → COK,17:15,07:40 28 May,14h 25m,2 stops,No info,13879
Jet Airways,21/05/2019,Kolkata,Banglore,CCU → BOM → BLR,20:00,22:35 22 May,26h 35m,1 stop,In-flight meal not included,10844
Jet Airways,15/05/2019,Banglore,Delhi,BLR → DEL,11:10,14:05,2h 55m,non-stop,No info,7229
Multiple carriers,3/06/2019,Delhi,Cochin,DEL → BOM → COK,08:00,21:00,13h,1 stop,No info,13797
SpiceJet,3/05/2019,Banglore,Delhi,BLR → DEL,05:55,08:35,2h 40m,non-stop,No info,3625
Air India,12/03/2019,Banglore,New Delhi,BLR → BOM → NAG → DEL,08:50,10:15 13 Mar,25h 25m,2 stops,No info,12778
IndiGo,27/04/2019,Kolkata,Banglore,CCU → BLR,22:15,00:50 28 Apr,2h 35m,non-stop,No info,4804
Jet Airways,6/03/2019,Delhi,Cochin,DEL → BOM → COK,16:00,19:45 07 Mar,27h 45m,1 stop,No info,17024
Jet Airways,21/03/2019,Banglore,New Delhi,BLR → BOM → DEL,07:00,21:20,14h 20m,1 stop,In-flight meal not included,7832
Jet Airways,1/06/2019,Delhi,Cochin,DEL → BOM → COK,19:45,04:25 02 Jun,8h 40m,1 stop,No info,14714
Multiple carriers,9/06/2019,Delhi,Cochin,DEL → HYD → COK,07:10,16:10,9h,1 stop,No info,6513
IndiGo,15/05/2019,Kolkata,Banglore,CCU → BLR,15:30,18:05,2h 35m,non-stop,No info,4804
IndiGo,24/06/2019,Delhi,Cochin,DEL → BOM → COK,17:30,01:30 25 Jun,8h,1 stop,No info,6104
IndiGo,24/06/2019,Kolkata,Banglore,CCU → BLR,09:35,12:20,2h 45m,non-stop,No info,4804
IndiGo,1/04/2019,Banglore,Delhi,BLR → DEL,08:30,11:20,2h 50m,non-stop,No info,4823
IndiGo,12/06/2019,Kolkata,Banglore,CCU → BLR,11:30,14:05,2h 35m,non-stop,No info,4804
Jet Airways,18/03/2019,Mumbai,Hyderabad,BOM → HYD,10:20,11:50,1h 30m,non-stop,In-flight meal not included,4160
Air India,24/03/2019,Mumbai,Hyderabad,BOM → HYD,13:55,15:25,1h 30m,non-stop,No info,2575
Air India,18/05/2019,Kolkata,Banglore,CCU → BOM → BLR,09:25,21:50,12h 25m,1 stop,No info,8366
Jet Airways,6/06/2019,Delhi,Cochin,DEL → BOM → COK,11:30,19:00,7h 30m,1 stop,No info,14714
Jet Airways,06/03/2019,Banglore,New Delhi,BLR → BOM → DEL,16:55,09:00 07 Mar,16h 5m,1 stop,No info,17261
Jet Airways,24/05/2019,Banglore,Delhi,BLR → DEL,17:45,20:45,3h,non-stop,In-flight meal not included,6144
Air India,6/03/2019,Mumbai,Hyderabad,BOM → AMD → ISK → HYD,05:30,14:50,9h 20m,2 stops,No info,13757
SpiceJet,6/05/2019,Banglore,Delhi,BLR → DEL,05:55,08:35,2h 40m,non-stop,No info,3311
Air India,12/06/2019,Delhi,Cochin,DEL → CCU → BOM → COK,06:50,07:40 13 Jun,24h 50m,2 stops,No info,13381
Jet Airways,21/05/2019,Delhi,Cochin,DEL → JAI → BOM → COK,09:40,19:00,9h 20m,2 stops,In-flight meal not included,13029
IndiGo,6/06/2019,Chennai,Kolkata,MAA → CCU,13:15,15:35,2h 20m,non-stop,No info,3597
Jet Airways,18/05/2019,Kolkata,Banglore,CCU → BOM → BLR,20:00,09:20 19 May,13h 20m,1 stop,In-flight meal not included,10844
Air India,9/06/2019,Delhi,Cochin,DEL → BLR → COK,17:40,08:15 10 Jun,14h 35m,1 stop,No info,7468
Jet Airways,1/06/2019,Delhi,Cochin,DEL → BOM → COK,08:00,19:00,11h,1 stop,In-flight meal not included,10262
Air India,12/06/2019,Kolkata,Banglore,CCU → DEL → AMD → BLR,10:00,05:25 13 Jun,19h 25m,2 stops,No info,13532
Jet Airways,12/05/2019,Kolkata,Banglore,CCU → BOM → BLR,16:30,19:50 13 May,27h 20m,1 stop,In-flight meal not included,10844
SpiceJet,3/05/2019,Chennai,Kolkata,MAA → CCU,08:20,10:35,2h 15m,non-stop,No info,3597
Jet Airways,18/03/2019,Banglore,New Delhi,BLR → BOM → DEL,14:05,21:20,7h 15m,1 stop,No info,16946
Jet Airways,15/04/2019,Banglore,Delhi,BLR → DEL,11:10,14:05,2h 55m,non-stop,In-flight meal not included,4544
IndiGo,24/04/2019,Kolkata,Banglore,CCU → BLR,15:30,18:05,2h 35m,non-stop,No info,4804
Multiple carriers,6/06/2019,Delhi,Cochin,DEL → BOM → COK,11:40,19:00,7h 20m,1 stop,No info,11789
Air India,15/05/2019,Banglore,Delhi,BLR → DEL,21:05,23:55,2h 50m,non-stop,No info,5228
Air India,6/03/2019,Mumbai,Hyderabad,BOM → BHO → DEL → HYD,06:00,11:55 07 Mar,29h 55m,2 stops,No info,14219
SpiceJet,1/05/2019,Kolkata,Banglore,CCU → BLR,17:10,19:40,2h 30m,non-stop,No check-in baggage included,3841
Jet Airways,27/03/2019,Delhi,Cochin,DEL → AMD → BOM → COK,19:10,19:45 28 Mar,24h 35m,2 stops,No info,9483
Jet Airways,27/03/2019,Delhi,Cochin,DEL → MAA → BOM → COK,05:10,18:50,13h 40m,2 stops,In-flight meal not included,8728
Jet Airways,9/06/2019,Delhi,Cochin,DEL → NAG → BOM → COK,14:35,12:35 10 Jun,22h,2 stops,No info,13376
Jet Airways,3/06/2019,Delhi,Cochin,DEL → BOM → COK,19:15,19:00 04 Jun,23h 45m,1 stop,No info,14714
Jet Airways,12/06/2019,Kolkata,Banglore,CCU → DEL → BLR,09:35,10:55 13 Jun,25h 20m,1 stop,No info,12692
Vistara,18/05/2019,Kolkata,Banglore,CCU → DEL → BLR,07:10,20:20,13h 10m,1 stop,No info,9345
Multiple carriers,18/05/2019,Delhi,Cochin,DEL → BOM → COK,10:00,01:30 19 May,15h 30m,1 stop,No info,8073
Jet Airways,9/06/2019,Kolkata,Banglore,CCU → BOM → BLR,06:30,16:20,9h 50m,1 stop,In-flight meal not included,10844
Jet Airways,27/06/2019,Delhi,Cochin,DEL → NAG → BOM → COK,06:45,12:35 28 Jun,29h 50m,2 stops,No info,13376
IndiGo,6/03/2019,Delhi,Cochin,DEL → HYD → COK,04:55,16:10,11h 15m,1 stop,No info,6171
Jet Airways,15/06/2019,Delhi,Cochin,DEL → BOM → COK,20:55,12:35 16 Jun,15h 40m,1 stop,In-flight meal not included,10262
Air India,9/06/2019,Kolkata,Banglore,CCU → DEL → BLR,07:00,20:25,13h 25m,1 stop,No info,10413
SpiceJet,12/03/2019,Chennai,Kolkata,MAA → CCU,08:20,10:35,2h 15m,non-stop,No info,6300
Jet Airways,12/03/2019,Banglore,New Delhi,BLR → BOM → DEL,18:55,19:10 13 Mar,24h 15m,1 stop,In-flight meal not included,11087
Air India,9/06/2019,Delhi,Cochin,DEL → GOI → BOM → COK,22:00,19:15 10 Jun,21h 15m,2 stops,No info,10651
Air India,6/05/2019,Kolkata,Banglore,CCU → BOM → BLR,09:25,18:30,9h 5m,1 stop,No info,8891
Air India,6/03/2019,Delhi,Cochin,DEL → BLR → COK,17:40,08:15 07 Mar,14h 35m,1 stop,No info,11038
Jet Airways,21/05/2019,Delhi,Cochin,DEL → JAI → BOM → COK,09:40,04:25 22 May,18h 45m,2 stops,No info,15129
Jet Airways,1/04/2019,Kolkata,Banglore,CCU → BOM → BLR,14:05,19:50,5h 45m,1 stop,No info,13364
SpiceJet,3/05/2019,Banglore,Delhi,BLR → DEL,09:30,12:20,2h 50m,non-stop,No info,4423
IndiGo,09/03/2019,Banglore,New Delhi,BLR → HYD → DEL,07:30,12:20,4h 50m,1 stop,No info,5694
Jet Airways,1/05/2019,Kolkata,Banglore,CCU → BOM → BLR,06:30,18:15,11h 45m,1 stop,No info,14781
Jet Airways,1/05/2019,Banglore,Delhi,BLR → DEL,07:10,10:10,3h,non-stop,No info,7229
Jet Airways,1/05/2019,Kolkata,Banglore,CCU → DEL → BLR,20:25,18:00 02 May,21h 35m,1 stop,In-flight meal not included,9314
IndiGo,6/04/2019,Kolkata,Banglore,CCU → BLR,15:30,18:05,2h 35m,non-stop,No info,4174
IndiGo,24/05/2019,Chennai,Kolkata,MAA → CCU,14:45,17:05,2h 20m,non-stop,No info,3858
Vistara,6/05/2019,Kolkata,Banglore,CCU → DEL → BLR,17:00,23:25,6h 25m,1 stop,No info,8085
Jet Airways,6/06/2019,Delhi,Cochin,DEL → IDR → BOM → COK,21:25,12:35 07 Jun,15h 10m,2 stops,In-flight meal not included,11270
IndiGo,21/03/2019,Delhi,Cochin,DEL → HYD → MAA → COK,06:40,21:20,14h 40m,2 stops,No info,6494
Jet Airways,15/06/2019,Delhi,Cochin,DEL → BOM → COK,02:15,12:35,10h 20m,1 stop,No info,18371
Jet Airways,1/05/2019,Kolkata,Banglore,CCU → DEL → BLR,09:35,23:35,14h,1 stop,No info,13067
Multiple carriers,27/06/2019,Delhi,Cochin,DEL → BOM → COK,08:45,21:00,12h 15m,1 stop,No info,7005
Jet Airways,3/04/2019,Banglore,Delhi,BLR → DEL,17:45,20:45,3h,non-stop,No info,7229
Jet Airways,27/03/2019,Delhi,Cochin,DEL → MAA → BOM → COK,05:10,04:25 28 Mar,23h 15m,2 stops,In-flight meal not included,9412
Air India,21/03/2019,Delhi,Cochin,DEL → MAA → COK,20:40,09:25 22 Mar,12h 45m,1 stop,No info,5642
Jet Airways,1/06/2019,Delhi,Cochin,DEL → NAG → BOM → COK,14:35,12:35 02 Jun,22h,2 stops,No info,13376
Air India,15/05/2019,Delhi,Cochin,DEL → AMD → BOM → COK,05:00,19:15 16 May,38h 15m,2 stops,No info,10493
SpiceJet,9/05/2019,Kolkata,Banglore,CCU → BLR,09:00,11:25,2h 25m,non-stop,No check-in baggage included,3841
IndiGo,9/04/2019,Kolkata,Banglore,CCU → BLR,21:25,00:05 10 Apr,2h 40m,non-stop,No info,4174
Jet Airways,18/05/2019,Kolkata,Banglore,CCU → BOM → BLR,05:45,16:20,10h 35m,1 stop,No info,14781
Jet Airways,18/03/2019,Banglore,New Delhi,BLR → BOM → DEL,05:45,15:15,9h 30m,1 stop,No info,12284
Air India,09/03/2019,Banglore,New Delhi,BLR → CCU → DEL,11:05,09:15 13 Mar,22h 10m,1 stop,No info,11077
Air India,6/03/2019,Mumbai,Hyderabad,BOM → MAA → HYD,05:55,22:00,16h 5m,1 stop,No info,10366
Air India,27/06/2019,Mumbai,Hyderabad,BOM → HYD,13:55,15:25,1h 30m,non-stop,No info,3100
Jet Airways,21/03/2019,Delhi,Cochin,DEL → BDQ → BOM → COK,10:45,18:50 22 Mar,32h 5m,2 stops,No info,11093
Air India,09/03/2019,Banglore,New Delhi,BLR → HYD → DEL,06:50,23:10,16h 20m,1 stop,No info,5626
Jet Airways,15/06/2019,Mumbai,Hyderabad,BOM → HYD,10:20,11:50,1h 30m,non-stop,No info,5678
IndiGo,18/05/2019,Kolkata,Banglore,CCU → HYD → BLR,15:15,20:05,4h 50m,1 stop,No info,4775
IndiGo,3/05/2019,Banglore,Delhi,BLR → DEL,18:55,21:50,2h 55m,non-stop,No info,4823
Jet Airways,6/06/2019,Delhi,Cochin,DEL → JDH → BOM → COK,11:40,19:00,7h 20m,2 stops,In-flight meal not included,15812
IndiGo,21/03/2019,Banglore,New Delhi,BLR → DEL,18:25,21:20,2h 55m,non-stop,No info,6144
IndiGo,3/06/2019,Delhi,Cochin,DEL → HYD → COK,08:35,16:10,7h 35m,1 stop,No info,6442
SpiceJet,1/04/2019,Banglore,Delhi,BLR → DEL,05:55,08:35,2h 40m,non-stop,No info,3971
Jet Airways,27/06/2019,Delhi,Cochin,DEL → BOM → COK,08:00,19:00,11h,1 stop,In-flight meal not included,10262
GoAir,1/06/2019,Banglore,Delhi,BLR → DEL,11:40,14:30,2h 50m,non-stop,No info,3898
Jet Airways,3/06/2019,Banglore,Delhi,BLR → DEL,17:45,20:45,3h,non-stop,In-flight meal not included,6478
IndiGo,27/05/2019,Kolkata,Banglore,CCU → BLR,14:25,16:55,2h 30m,non-stop,No info,5224
Jet Airways,6/06/2019,Delhi,Cochin,DEL → BOM → COK,13:00,04:25 07 Jun,15h 25m,1 stop,In-flight meal not included,10262
Vistara,24/03/2019,Banglore,New Delhi,BLR → DEL,07:00,09:40,2h 40m,non-stop,No info,5403
Multiple carriers,9/05/2019,Delhi,Cochin,DEL → BOM → COK,17:45,01:30 10 May,7h 45m,1 stop,No info,9021
SpiceJet,18/05/2019,Delhi,Cochin,DEL → MAA → COK,06:05,11:20,5h 15m,1 stop,No info,6297
IndiGo,27/05/2019,Mumbai,Hyderabad,BOM → HYD,09:10,10:40,1h 30m,non-stop,No info,4049
Jet Airways,15/06/2019,Delhi,Cochin,DEL → BOM → COK,02:15,12:35,10h 20m,1 stop,In-flight meal not included,10262
Jet Airways,6/05/2019,Kolkata,Banglore,CCU → BOM → BLR,06:30,04:40 07 May,22h 10m,1 stop,In-flight meal not included,8586
IndiGo,12/06/2019,Delhi,Cochin,DEL → BLR → COK,05:10,10:05,4h 55m,1 stop,No info,6496
Jet Airways,24/03/2019,Mumbai,Hyderabad,BOM → HYD,19:35,21:05,1h 30m,non-stop,No info,5678
Air India,3/04/2019,Mumbai,Hyderabad,BOM → HYD,06:20,07:40,1h 20m,non-stop,No info,3100
IndiGo,1/05/2019,Kolkata,Banglore,CCU → MAA → BLR,08:10,13:00,4h 50m,1 stop,No info,5069
Multiple carriers,15/05/2019,Delhi,Cochin,DEL → HYD → COK,07:10,22:30,15h 20m,1 stop,No info,6513
Jet Airways,21/03/2019,Delhi,Cochin,DEL → BOM → COK,11:30,18:50,7h 20m,1 stop,No info,13244
IndiGo,6/06/2019,Banglore,Delhi,BLR → DEL,08:30,11:20,2h 50m,non-stop,No info,4823
Air India,27/06/2019,Delhi,Cochin,DEL → RPR → NAG → BOM → COK,05:15,19:15 28 Jun,38h,3 stops,No info,10703
Air India,18/05/2019,Kolkata,Banglore,CCU → IXR → DEL → BLR,05:50,20:25,14h 35m,2 stops,No info,12093
Air India,3/03/2019,Delhi,Cochin,DEL → HYD → BOM → COK,21:30,19:15 04 Mar,21h 45m,2 stops,No info,12497
Jet Airways,9/05/2019,Delhi,Cochin,DEL → BHO → BOM → COK,05:30,12:35,7h 5m,2 stops,No info,16274
SpiceJet,15/06/2019,Banglore,Delhi,BLR → DEL,09:30,12:20,2h 50m,non-stop,No check-in baggage included,4885
Multiple carriers,3/06/2019,Delhi,Cochin,DEL → BOM → COK,10:35,19:00,8h 25m,1 stop,No info,10877
SpiceJet,6/03/2019,Delhi,Cochin,DEL → BLR → COK,16:35,22:50,6h 15m,1 stop,No info,7185
Jet Airways,9/05/2019,Delhi,Cochin,DEL → JAI → BOM → COK,05:30,19:00,13h 30m,2 stops,No info,15129
Air Asia,21/05/2019,Kolkata,Banglore,CCU → BBI → BLR,06:50,10:30,3h 40m,1 stop,No info,5162
Air India,27/06/2019,Delhi,Cochin,DEL → JAI → BOM → COK,18:45,19:15 28 Jun,24h 30m,2 stops,No info,11942
Multiple carriers,24/06/2019,Delhi,Cochin,DEL → BOM → COK,17:45,01:30 25 Jun,7h 45m,1 stop,In-flight meal not included,5797
Vistara,9/06/2019,Kolkata,Banglore,CCU → DEL → BLR,07:10,23:25,16h 15m,1 stop,No info,9345
Jet Airways,01/03/2019,Banglore,New Delhi,BLR → BOM → DEL,05:45,20:20,14h 35m,1 stop,No info,27992
Jet Airways,15/05/2019,Kolkata,Banglore,CCU → DEL → BLR,17:00,14:25 16 May,21h 25m,1 stop,In-flight meal not included,9314
IndiGo,9/05/2019,Delhi,Cochin,DEL → BOM → COK,04:55,21:00,16h 5m,1 stop,No info,6979
IndiGo,27/05/2019,Delhi,Cochin,DEL → HYD → COK,05:05,16:10,11h 5m,1 stop,No info,6600
Jet Airways,1/06/2019,Delhi,Cochin,DEL → BOM → COK,15:00,12:35 02 Jun,21h 35m,1 stop,In-flight meal not included,10262
Jet Airways,24/03/2019,Kolkata,Banglore,CCU → BOM → BLR,13:55,10:05 25 Mar,20h 10m,1 stop,No info,14231
SpiceJet,24/03/2019,Banglore,New Delhi,BLR → DEL,09:35,12:30,2h 55m,non-stop,No check-in baggage included,6205
Jet Airways,3/03/2019,Delhi,Cochin,DEL → BHO → BOM → COK,05:40,04:25 04 Mar,22h 45m,2 stops,No info,19266
Jet Airways,6/06/2019,Kolkata,Banglore,CCU → BOM → BLR,20:00,09:20 07 Jun,13h 20m,1 stop,In-flight meal not included,10844
Air Asia,12/06/2019,Kolkata,Banglore,CCU → DEL → BLR,07:35,23:30,15h 55m,1 stop,No info,5192
SpiceJet,18/06/2019,Kolkata,Banglore,CCU → BLR,06:55,09:30,2h 35m,non-stop,No info,3873
Jet Airways,6/06/2019,Delhi,Cochin,DEL → BOM → COK,02:15,04:25 07 Jun,26h 10m,1 stop,In-flight meal not included,10262
IndiGo,15/05/2019,Mumbai,Hyderabad,BOM → HYD,16:55,18:25,1h 30m,non-stop,No info,3175
Jet Airways,27/06/2019,Delhi,Cochin,DEL → BOM → COK,22:50,19:00 28 Jun,20h 10m,1 stop,In-flight meal not included,10262
Jet Airways,24/05/2019,Kolkata,Banglore,CCU → DEL → BLR,17:00,23:35,6h 35m,1 stop,No info,14151
Air India,12/03/2019,Mumbai,Hyderabad,BOM → MAA → HYD,05:55,20:35,14h 40m,1 stop,No info,6901
Jet Airways,3/03/2019,Delhi,Cochin,DEL → BOM → COK,02:15,18:50,16h 35m,1 stop,No info,17024
IndiGo,27/03/2019,Delhi,Cochin,DEL → HYD → COK,06:40,12:00,5h 20m,1 stop,No info,5298
Jet Airways,21/05/2019,Delhi,Cochin,DEL → BOM → COK,20:55,04:25 22 May,7h 30m,1 stop,No info,16079
IndiGo,21/03/2019,Banglore,New Delhi,BLR → DEL,07:10,10:05,2h 55m,non-stop,No info,6860
Air Asia,21/06/2019,Banglore,Delhi,BLR → DEL,04:55,07:45,2h 50m,non-stop,No info,4282
Multiple carriers,21/03/2019,Delhi,Cochin,DEL → BOM → COK,18:00,01:35 22 Mar,7h 35m,1 stop,No info,7363
Vistara,09/03/2019,Banglore,New Delhi,BLR → DEL,11:30,14:10,2h 40m,non-stop,No info,7240
IndiGo,27/06/2019,Delhi,Cochin,DEL → HYD → COK,16:10,22:30,6h 20m,1 stop,No info,6412
IndiGo,6/06/2019,Mumbai,Hyderabad,BOM → HYD,09:15,10:45,1h 30m,non-stop,No info,4049
IndiGo,21/05/2019,Delhi,Cochin,DEL → BOM → COK,10:35,01:30 22 May,14h 55m,1 stop,No info,6794
IndiGo,21/05/2019,Delhi,Cochin,DEL → BOM → COK,15:00,01:30 22 May,10h 30m,1 stop,No info,6896
Jet Airways,6/06/2019,Kolkata,Banglore,CCU → BOM → BLR,21:10,04:40 07 Jun,7h 30m,1 stop,In-flight meal not included,7757
Jet Airways,12/05/2019,Kolkata,Banglore,CCU → BOM → BLR,16:30,23:35,7h 5m,1 stop,No info,14781
Jet Airways,21/03/2019,Delhi,Cochin,DEL → JAI → BOM → COK,05:30,18:50,13h 20m,2 stops,No info,11702
Air India,21/05/2019,Delhi,Cochin,DEL → GOI → BOM → COK,22:00,19:15 22 May,21h 15m,2 stops,No info,10231
Jet Airways,15/06/2019,Delhi,Cochin,DEL → IDR → BOM → COK,05:30,04:25 16 Jun,22h 55m,2 stops,No info,13292
Air India,12/06/2019,Delhi,Cochin,DEL → COK,14:10,17:10,3h,non-stop,No info,5201
IndiGo,27/06/2019,Delhi,Cochin,DEL → BOM → COK,07:30,21:00,13h 30m,1 stop,No info,6093
Multiple carriers,18/05/2019,Delhi,Cochin,DEL → BOM → COK,11:25,19:15,7h 50m,1 stop,No info,7997
IndiGo,21/03/2019,Banglore,New Delhi,BLR → DEL,00:40,03:25,2h 45m,non-stop,No info,4944
SpiceJet,6/06/2019,Kolkata,Banglore,CCU → KNU → BLR,11:35,18:50,7h 15m,1 stop,No info,8479
Jet Airways,18/05/2019,Kolkata,Banglore,CCU → BOM → BLR,05:45,08:15 19 May,26h 30m,1 stop,In-flight meal not included,8586
SpiceJet,27/03/2019,Chennai,Kolkata,MAA → CCU,08:20,10:35,2h 15m,non-stop,No info,3384
SpiceJet,12/05/2019,Kolkata,Banglore,CCU → IXB → BLR,15:55,21:25,5h 30m,1 stop,No info,8844
IndiGo,27/06/2019,Banglore,Delhi,BLR → DEL,07:10,10:05,2h 55m,non-stop,No info,4823
SpiceJet,24/05/2019,Kolkata,Banglore,CCU → BLR,06:55,09:30,2h 35m,non-stop,No check-in baggage included,3841
IndiGo,3/03/2019,Delhi,Cochin,DEL → BLR → COK,05:05,10:05,5h,1 stop,No info,9581
Jet Airways,24/05/2019,Delhi,Cochin,DEL → AMD → BOM → COK,23:05,04:25 26 May,29h 20m,2 stops,No info,15129
Jet Airways,3/04/2019,Banglore,Delhi,BLR → DEL,11:10,14:05,2h 55m,non-stop,In-flight meal not included,4544
IndiGo,6/04/2019,Kolkata,Banglore,CCU → BLR,22:15,00:50 07 Apr,2h 35m,non-stop,No info,4174
Air Asia,27/04/2019,Delhi,Cochin,DEL → BLR → COK,07:55,22:25,14h 30m,1 stop,No info,6451
IndiGo,21/06/2019,Kolkata,Banglore,CCU → BLR,21:25,00:05 22 Jun,2h 40m,non-stop,No info,4804
IndiGo,27/06/2019,Delhi,Cochin,DEL → HYD → COK,08:35,22:30,13h 55m,1 stop,No info,6442
Jet Airways,12/03/2019,Banglore,New Delhi,BLR → BOM → DEL,22:55,09:30 13 Mar,10h 35m,1 stop,No info,13817
Air India,1/04/2019,Kolkata,Banglore,CCU → BOM → TRV → BLR,09:25,10:30 02 Apr,25h 5m,2 stops,No info,12009
Air India,21/03/2019,Delhi,Cochin,DEL → MAA → COK,17:20,09:25 22 Mar,16h 5m,1 stop,No info,6482
Jet Airways,6/05/2019,Kolkata,Banglore,CCU → DEL → BLR,17:00,09:45 07 May,16h 45m,1 stop,No info,10953
Jet Airways,12/06/2019,Kolkata,Banglore,CCU → DEL → BLR,09:35,22:05,12h 30m,1 stop,In-flight meal not included,10539
Vistara,12/06/2019,Kolkata,Banglore,CCU → DEL → BLR,20:20,23:25 13 Jun,27h 5m,1 stop,No info,8610
Jet Airways,12/06/2019,Delhi,Cochin,DEL → BOM → COK,02:15,12:35,10h 20m,1 stop,In-flight meal not included,10262
SpiceJet,27/04/2019,Delhi,Cochin,DEL → MAA → COK,06:05,11:20,5h 15m,1 stop,No info,5899
Air India,21/06/2019,Delhi,Cochin,DEL → COK,18:05,21:10,3h 5m,non-stop,No info,5411
Multiple carriers,24/06/2019,Delhi,Cochin,DEL → HYD → COK,14:55,22:30,7h 35m,1 stop,In-flight meal not included,6093
Jet Airways,3/03/2019,Delhi,Cochin,DEL → BOM → COK,09:00,18:50,9h 50m,1 stop,No info,17024
Jet Airways,1/04/2019,Kolkata,Banglore,CCU → BOM → BLR,18:55,08:15 02 Apr,13h 20m,1 stop,No info,12681
Vistara,12/03/2019,Mumbai,Hyderabad,BOM → DEL → HYD,07:30,09:25 13 Mar,25h 55m,1 stop,No info,12080
Jet Airways,1/06/2019,Delhi,Cochin,DEL → BOM → COK,17:30,04:25 02 Jun,10h 55m,1 stop,No info,14714
Jet Airways,1/04/2019,Kolkata,Banglore,CCU → BOM → BLR,06:30,18:15,11h 45m,1 stop,No info,12681
Multiple carriers,21/03/2019,Delhi,Cochin,DEL → BOM → COK,10:20,19:15,8h 55m,1 stop,No info,7531
Air India,1/05/2019,Kolkata,Banglore,CCU → BLR,14:15,16:45,2h 30m,non-stop,No info,6245
Jet Airways,12/06/2019,Kolkata,Banglore,CCU → BOM → BLR,14:05,09:20 13 Jun,19h 15m,1 stop,No info,13044
IndiGo,24/03/2019,Kolkata,Banglore,CCU → HYD → BLR,15:10,19:50,4h 40m,1 stop,No info,7476
Jet Airways,18/06/2019,Banglore,Delhi,BLR → DEL,07:10,10:10,3h,non-stop,In-flight meal not included,5769
Jet Airways,27/06/2019,Delhi,Cochin,DEL → AMD → BOM → COK,19:10,19:00 28 Jun,23h 50m,2 stops,No info,12819
SpiceJet,21/05/2019,Banglore,Delhi,BLR → DEL,21:10,00:05 22 May,2h 55m,non-stop,No check-in baggage included,3573
SpiceJet,1/05/2019,Kolkata,Banglore,CCU → IXB → BLR,11:15,18:30,7h 15m,1 stop,No info,8844
Jet Airways,12/06/2019,Delhi,Cochin,DEL → BOM → COK,07:05,19:00,11h 55m,1 stop,In-flight meal not included,15190
Air India,9/03/2019,Delhi,Cochin,DEL → HYD → BOM → COK,21:30,19:15 10 Mar,21h 45m,2 stops,No info,11762
Jet Airways,15/05/2019,Kolkata,Banglore,CCU → BOM → BLR,14:05,16:20 16 May,26h 15m,1 stop,In-flight meal not included,10844
IndiGo,3/06/2019,Delhi,Cochin,DEL → HYD → COK,05:05,16:10,11h 5m,1 stop,No info,6818
Jet Airways,24/06/2019,Delhi,Cochin,DEL → AMD → BOM → COK,23:05,19:00 25 Jun,19h 55m,2 stops,No info,12819
Vistara,12/06/2019,Kolkata,Banglore,CCU → DEL → BLR,17:00,23:25,6h 25m,1 stop,No info,8610
SpiceJet,27/03/2019,Mumbai,Hyderabad,BOM → HYD,13:10,14:30,1h 20m,non-stop,No info,2017
Air India,1/05/2019,Kolkata,Banglore,CCU → BOM → COK → BLR,09:25,13:45 02 May,28h 20m,2 stops,No info,16372
Jet Airways,9/06/2019,Kolkata,Banglore,CCU → BOM → BLR,08:25,18:15,9h 50m,1 stop,No info,14571
Vistara,15/04/2019,Banglore,Delhi,BLR → DEL,09:45,12:35,2h 50m,non-stop,No info,5403
Air India,3/05/2019,Banglore,Delhi,BLR → DEL,10:00,12:45,2h 45m,non-stop,No info,6121
Jet Airways,15/05/2019,Kolkata,Banglore,CCU → DEL → BLR,09:35,18:00,8h 25m,1 stop,No info,13067
Air India,18/05/2019,Delhi,Cochin,DEL → MAA → COK,12:30,09:25 19 May,20h 55m,1 stop,No info,7480
Jet Airways,1/06/2019,Delhi,Cochin,DEL → BOM → COK,18:15,04:25 02 Jun,10h 10m,1 stop,In-flight meal not included,10262
Air India,24/05/2019,Kolkata,Banglore,CCU → GAU → BLR,09:50,21:05,11h 15m,1 stop,No info,7662
IndiGo,3/03/2019,Delhi,Cochin,DEL → BOM → COK,04:45,15:30,10h 45m,1 stop,No info,14871
IndiGo,1/04/2019,Kolkata,Banglore,CCU → PNQ → BLR,21:00,02:15 02 Apr,5h 15m,1 stop,No info,5930
IndiGo,12/06/2019,Banglore,Delhi,BLR → DEL,13:00,15:50,2h 50m,non-stop,No info,3943
Air India,6/05/2019,Delhi,Cochin,DEL → COK,14:10,17:10,3h,non-stop,No info,6934
Multiple carriers,21/03/2019,Delhi,Cochin,DEL → BOM → COK,10:00,21:00,11h,1 stop,In-flight meal not included,8085
IndiGo,3/06/2019,Delhi,Cochin,DEL → BLR → COK,17:05,22:25,5h 20m,1 stop,No info,6493
Multiple carriers,21/05/2019,Delhi,Cochin,DEL → BOM → COK,19:00,01:30 22 May,6h 30m,1 stop,No info,7485
Jet Airways,21/05/2019,Kolkata,Banglore,CCU → BOM → BLR,18:55,04:40 22 May,9h 45m,1 stop,In-flight meal not included,9663
Air India,9/05/2019,Delhi,Cochin,DEL → TRV → COK,05:15,06:50 10 May,25h 35m,1 stop,No info,6587
Jet Airways,21/03/2019,Banglore,New Delhi,BLR → BOM → DEL,08:00,07:40 19 Mar,23h 40m,1 stop,In-flight meal not included,7832
IndiGo,27/06/2019,Delhi,Cochin,DEL → HYD → COK,08:35,16:10,7h 35m,1 stop,No info,6442
Jet Airways,9/05/2019,Mumbai,Hyderabad,BOM → HYD,07:05,08:30,1h 25m,non-stop,No info,8040
Jet Airways,27/05/2019,Banglore,Delhi,BLR → DEL,15:15,18:10,2h 55m,non-stop,No info,7229
Jet Airways,6/03/2019,Delhi,Cochin,DEL → BOM → COK,09:00,04:25 07 Mar,19h 25m,1 stop,No info,15764
SpiceJet,21/03/2019,Delhi,Cochin,DEL → PNQ → COK,08:45,13:15,4h 30m,1 stop,No check-in baggage included,6356
Air India,6/05/2019,Kolkata,Banglore,CCU → IXR → DEL → BLR,05:50,12:00 07 May,30h 10m,2 stops,No info,11883
Multiple carriers,27/05/2019,Delhi,Cochin,DEL → BOM → COK,10:20,19:15,8h 55m,1 stop,No info,9316
IndiGo,12/04/2019,Banglore,Delhi,BLR → DEL,01:30,04:15,2h 45m,non-stop,No info,4591
Air India,6/03/2019,Delhi,Cochin,DEL → CCU → BOM → COK,06:50,07:40 07 Mar,24h 50m,2 stops,No info,20416
Air India,12/06/2019,Kolkata,Banglore,CCU → IXR → BBI → BLR,05:50,13:15,7h 25m,2 stops,No info,7662
Multiple carriers,21/05/2019,Delhi,Cochin,DEL → BOM → COK,10:00,21:00,11h,1 stop,No info,7888
Air India,6/05/2019,Kolkata,Banglore,CCU → HYD → BLR,19:00,09:50 07 May,14h 50m,1 stop,No info,6117
Jet Airways,21/03/2019,Banglore,New Delhi,BLR → BOM → DEL,14:05,07:40 19 Mar,17h 35m,1 stop,In-flight meal not included,7832
Jet Airways,3/06/2019,Delhi,Cochin,DEL → BOM → COK,10:00,12:35 04 Jun,26h 35m,1 stop,In-flight meal not included,10262
Jet Airways,06/03/2019,Banglore,New Delhi,BLR → BOM → DEL,21:25,19:10 07 Mar,21h 45m,1 stop,No info,17471
Jet Airways,9/05/2019,Delhi,Cochin,DEL → BOM → COK,15:00,04:25 10 May,13h 25m,1 stop,In-flight meal not included,12373
IndiGo,27/04/2019,Banglore,Delhi,BLR → DEL,10:30,13:20,2h 50m,non-stop,No info,4423
Air India,24/05/2019,Kolkata,Banglore,CCU → DEL → COK → BLR,07:00,01:20 25 May,18h 20m,2 stops,No info,14083
Air India,12/03/2019,Banglore,New Delhi,BLR → BOM → JDH → DEL,08:50,16:20 13 Mar,31h 30m,2 stops,No info,12778
Jet Airways,15/05/2019,Kolkata,Banglore,CCU → BOM → BLR,18:55,10:05 16 May,15h 10m,1 stop,No info,14388
Multiple carriers,1/06/2019,Delhi,Cochin,DEL → BOM → COK,13:00,21:00,8h,1 stop,No info,13587
Multiple carriers,12/06/2019,Delhi,Cochin,DEL → BOM → COK,16:00,01:30 13 Jun,9h 30m,1 stop,No info,13377
Jet Airways,9/04/2019,Delhi,Cochin,DEL → BOM → COK,20:55,12:35 10 Apr,15h 40m,1 stop,No info,11822
Multiple carriers,18/05/2019,Delhi,Cochin,DEL → BOM → COK,19:00,01:30 19 May,6h 30m,1 stop,No info,8283
Air India,24/05/2019,Kolkata,Banglore,CCU → BOM → BLR,09:25,11:10 25 May,25h 45m,1 stop,No info,8891
Jet Airways,3/03/2019,Delhi,Cochin,DEL → BOM → COK,09:55,18:50,8h 55m,1 stop,No info,18550
IndiGo,15/03/2019,Banglore,New Delhi,BLR → DEL,04:00,06:50,2h 50m,non-stop,No info,5694
Air Asia,21/04/2019,Banglore,Delhi,BLR → DEL,11:10,13:55,2h 45m,non-stop,No info,4483
SpiceJet,24/06/2019,Banglore,Delhi,BLR → DEL,21:10,00:05 25 Jun,2h 55m,non-stop,No info,3971
Air Asia,15/06/2019,Delhi,Cochin,DEL → BLR → COK,20:45,07:10 16 Jun,10h 25m,1 stop,No info,6253
Jet Airways,01/03/2019,Banglore,New Delhi,BLR → BOM → DEL,14:05,11:25 02 Mar,21h 20m,1 stop,No info,20800
IndiGo,18/05/2019,Delhi,Cochin,DEL → HYD → COK,11:55,22:30,10h 35m,1 stop,No info,8216
Vistara,12/05/2019,Kolkata,Banglore,CCU → DEL → BLR,07:10,22:40,15h 30m,1 stop,No info,8662
Jet Airways,3/06/2019,Delhi,Cochin,DEL → BOM → COK,02:15,19:00,16h 45m,1 stop,In-flight meal not included,10262
Air India,18/03/2019,Banglore,New Delhi,BLR → BOM → NAG → DEL,17:25,10:35 16 Mar,17h 10m,2 stops,No info,12568
Air India,9/05/2019,Delhi,Cochin,DEL → AMD → BOM → COK,19:45,19:15 10 May,23h 30m,2 stops,No info,10178
Jet Airways,18/05/2019,Mumbai,Hyderabad,BOM → HYD,02:55,04:20,1h 25m,non-stop,No info,5678
Jet Airways,9/05/2019,Kolkata,Banglore,CCU → BOM → BLR,14:05,20:45,6h 40m,1 stop,In-flight meal not included,10844
Jet Airways,24/06/2019,Delhi,Cochin,DEL → JAI → BOM → COK,19:30,12:35 25 Jun,17h 5m,2 stops,No info,13014
GoAir,24/06/2019,Banglore,Delhi,BLR → DEL,11:40,14:30,2h 50m,non-stop,No info,3898
IndiGo,1/04/2019,Delhi,Cochin,DEL → HYD → COK,06:50,12:10,5h 20m,1 stop,No info,5298
Jet Airways,24/06/2019,Delhi,Cochin,DEL → BOM → COK,14:00,04:25 25 Jun,14h 25m,1 stop,In-flight meal not included,10262
SpiceJet,9/05/2019,Mumbai,Hyderabad,BOM → HYD,13:15,14:45,1h 30m,non-stop,No check-in baggage included,2175
Jet Airways,9/06/2019,Kolkata,Banglore,CCU → BOM → BLR,08:25,20:45,12h 20m,1 stop,In-flight meal not included,10844
IndiGo,24/05/2019,Chennai,Kolkata,MAA → CCU,05:15,07:40,2h 25m,non-stop,No info,3850
Air India,24/05/2019,Kolkata,Banglore,CCU → BOM → COK → BLR,16:50,13:45 25 May,20h 55m,2 stops,No info,12802
SpiceJet,6/03/2019,Delhi,Cochin,DEL → MAA → COK,15:55,21:55,6h,1 stop,No info,9748
Jet Airways,06/03/2019,Banglore,New Delhi,BLR → BOM → DEL,22:50,10:25 07 Mar,11h 35m,1 stop,No info,17261
IndiGo,3/04/2019,Mumbai,Hyderabad,BOM → HYD,16:55,18:25,1h 30m,non-stop,No info,3175
IndiGo,21/03/2019,Delhi,Cochin,DEL → BOM → COK,08:25,21:00,12h 35m,1 stop,No info,8285
Jet Airways,24/03/2019,Kolkata,Banglore,CCU → BOM → BLR,16:55,19:40 25 Mar,26h 45m,1 stop,No info,14231
Jet Airways,15/06/2019,Delhi,Cochin,DEL → NAG → BOM → COK,06:45,04:25 16 Jun,21h 40m,2 stops,No info,13376
Jet Airways,18/05/2019,Delhi,Cochin,DEL → BOM → COK,08:00,19:00,11h,1 stop,No info,15554
Multiple carriers,24/06/2019,Delhi,Cochin,DEL → BOM → COK,10:00,19:00,9h,1 stop,No info,12717
Jet Airways,1/04/2019,Kolkata,Banglore,CCU → BOM → BLR,16:30,22:35,6h 5m,1 stop,No info,12681
IndiGo,9/06/2019,Delhi,Cochin,DEL → BLR → COK,05:10,10:05,4h 55m,1 stop,No info,6496
IndiGo,1/04/2019,Banglore,Delhi,BLR → DEL,01:30,04:15,2h 45m,non-stop,No info,4423
Jet Airways,21/05/2019,Banglore,Delhi,BLR → DEL,06:00,08:45,2h 45m,non-stop,No info,7229
IndiGo,6/04/2019,Banglore,Delhi,BLR → DEL,23:30,02:20 07 Apr,2h 50m,non-stop,No info,4591
Jet Airways,21/05/2019,Kolkata,Banglore,CCU → BOM → BLR,08:25,20:45,12h 20m,1 stop,In-flight meal not included,10844
IndiGo,18/05/2019,Delhi,Cochin,DEL → BOM → COK,16:00,01:30 19 May,9h 30m,1 stop,No info,7191
Jet Airways,6/03/2019,Delhi,Cochin,DEL → BOM → COK,23:05,19:45 07 Mar,20h 40m,1 stop,No info,17024
Multiple carriers,24/06/2019,Delhi,Cochin,DEL → BOM → COK,11:25,19:15,7h 50m,1 stop,No info,7155
IndiGo,9/04/2019,Banglore,Delhi,BLR → DEL,07:10,10:05,2h 55m,non-stop,No info,4823
Air India,1/06/2019,Banglore,Delhi,BLR → DEL,17:00,19:45,2h 45m,non-stop,No info,7171
Jet Airways,24/05/2019,Banglore,Delhi,BLR → DEL,19:50,22:50,3h,non-stop,In-flight meal not included,6144
IndiGo,1/06/2019,Banglore,Delhi,BLR → DEL,07:10,10:05,2h 55m,non-stop,No info,4823
IndiGo,3/03/2019,Delhi,Cochin,DEL → BBI → COK,02:35,08:30,5h 55m,1 stop,No info,13790
Multiple carriers,27/05/2019,Delhi,Cochin,DEL → BOM → COK,07:05,19:15,12h 10m,1 stop,In-flight meal not included,12717
IndiGo,12/04/2019,Kolkata,Banglore,CCU → BLR,17:15,19:50,2h 35m,non-stop,No info,4174
Vistara,27/05/2019,Banglore,Delhi,BLR → DEL,21:00,23:50,2h 50m,non-stop,No info,4668
Jet Airways,18/05/2019,Kolkata,Banglore,CCU → BOM → BLR,18:55,08:15 19 May,13h 20m,1 stop,No info,13584
Jet Airways,12/05/2019,Kolkata,Banglore,CCU → BOM → BLR,06:30,16:20,9h 50m,1 stop,No info,14781
Jet Airways,6/06/2019,Kolkata,Banglore,CCU → DEL → BLR,20:25,10:55 07 Jun,14h 30m,1 stop,In-flight meal not included,10539
Multiple carriers,21/03/2019,Delhi,Cochin,DEL → BOM → COK,18:15,01:35 22 Mar,7h 20m,1 stop,No info,13542
Air India,12/06/2019,Kolkata,Banglore,CCU → DEL → COK → BLR,20:30,13:45 13 Jun,17h 15m,2 stops,No info,12224
Air Asia,27/04/2019,Kolkata,Banglore,CCU → BLR,19:55,22:25,2h 30m,non-stop,No info,4409
Jet Airways,15/05/2019,Kolkata,Banglore,CCU → BOM → BLR,08:25,20:45,12h 20m,1 stop,In-flight meal not included,10844
Air India,15/05/2019,Delhi,Cochin,DEL → AMD → BOM → COK,19:45,19:15 16 May,23h 30m,2 stops,No info,11491
IndiGo,21/04/2019,Delhi,Cochin,DEL → BLR → COK,05:10,10:05,4h 55m,1 stop,No info,7074
Vistara,12/06/2019,Kolkata,Banglore,CCU → DEL → BLR,20:20,22:40 13 Jun,26h 20m,1 stop,No info,7927
Jet Airways,18/03/2019,Banglore,New Delhi,BLR → BOM → DEL,22:50,05:05 16 Mar,6h 15m,1 stop,No info,54826
Multiple carriers,24/06/2019,Delhi,Cochin,DEL → BOM → COK,12:50,21:00,8h 10m,1 stop,In-flight meal not included,6007
Jet Airways,18/03/2019,Banglore,New Delhi,BLR → BOM → JDH → DEL,08:55,15:55,7h,2 stops,In-flight meal not included,11245
Jet Airways,01/03/2019,Banglore,New Delhi,BLR → BOM → DEL,18:40,00:45 02 Mar,6h 5m,1 stop,No info,35185
IndiGo,6/06/2019,Kolkata,Banglore,CCU → VTZ → BLR,10:30,16:05,5h 35m,1 stop,No info,6301
Jet Airways,21/05/2019,Delhi,Cochin,DEL → BOM → COK,17:30,12:35 22 May,19h 5m,1 stop,In-flight meal not included,12898
SpiceJet,9/03/2019,Mumbai,Hyderabad,BOM → HYD,05:45,07:05,1h 20m,non-stop,No info,4391
SpiceJet,27/04/2019,Banglore,Delhi,BLR → DEL,09:30,12:20,2h 50m,non-stop,No check-in baggage included,4885
Jet Airways,24/03/2019,Kolkata,Banglore,CCU → BOM → BLR,13:55,04:45 25 Mar,14h 50m,1 stop,In-flight meal not included,10661
Air India,3/06/2019,Banglore,Delhi,BLR → DEL,10:00,12:45,2h 45m,non-stop,No info,6961
Jet Airways,21/05/2019,Delhi,Cochin,DEL → BOM → COK,07:05,19:00,11h 55m,1 stop,In-flight meal not included,12239
Jet Airways,9/06/2019,Kolkata,Banglore,CCU → BOM → BLR,21:10,18:15 10 Jun,21h 5m,1 stop,No info,14571
Jet Airways,12/05/2019,Kolkata,Banglore,CCU → BOM → BLR,20:00,04:40 13 May,8h 40m,1 stop,In-flight meal not included,8586
Jet Airways,18/05/2019,Kolkata,Banglore,CCU → BOM → BLR,14:05,12:00 19 May,21h 55m,1 stop,No info,14388
Jet Airways,06/03/2019,Banglore,New Delhi,BLR → BOM → DEL,08:00,13:15,5h 15m,1 stop,No info,19225
Vistara,27/06/2019,Chennai,Kolkata,MAA → CCU,07:05,09:20,2h 15m,non-stop,No info,3687
Jet Airways,12/05/2019,Kolkata,Banglore,CCU → BOM → BLR,20:00,08:15 13 May,12h 15m,1 stop,No info,13941
SpiceJet,21/03/2019,Delhi,Cochin,DEL → MAA → COK,06:10,11:20,5h 10m,1 stop,No info,6065
IndiGo,21/04/2019,Kolkata,Banglore,CCU → BLR,20:20,22:55,2h 35m,non-stop,No info,4804
Air India,1/06/2019,Banglore,Delhi,BLR → DEL,13:20,16:10,2h 50m,non-stop,No info,6961
Jet Airways,24/06/2019,Delhi,Cochin,DEL → BOM → COK,15:00,04:25 25 Jun,13h 25m,1 stop,In-flight meal not included,10262
Air India,27/05/2019,Delhi,Cochin,DEL → MAA → COK,06:05,09:25 28 May,27h 20m,1 stop,No info,7480
Air India,18/06/2019,Banglore,Delhi,BLR → DEL,10:00,12:45,2h 45m,non-stop,No info,6961
GoAir,6/05/2019,Banglore,Delhi,BLR → DEL,11:40,14:30,2h 50m,non-stop,No info,3398
Jet Airways,12/05/2019,Kolkata,Banglore,CCU → GAU → BLR,10:20,17:35,7h 15m,1 stop,No info,9358
Air India,6/05/2019,Kolkata,Banglore,CCU → BOM → BLR,09:25,07:55 07 May,22h 30m,1 stop,No info,8366
SpiceJet,12/06/2019,Banglore,Delhi,BLR → DEL,09:30,12:20,2h 50m,non-stop,No info,4423
Multiple carriers,1/06/2019,Delhi,Cochin,DEL → BOM → COK,04:55,19:15,14h 20m,1 stop,No info,8835
Jet Airways,12/03/2019,Banglore,New Delhi,BLR → BOM → DEL,08:00,21:20,13h 20m,1 stop,No info,13817
Jet Airways,21/05/2019,Kolkata,Banglore,CCU → BOM → BLR,16:30,04:40 22 May,12h 10m,1 stop,No info,14388
SpiceJet,21/06/2019,Chennai,Kolkata,MAA → CCU,17:45,20:05,2h 20m,non-stop,No check-in baggage included,3543
IndiGo,15/06/2019,Banglore,Delhi,BLR → DEL,21:15,00:15 16 Jun,3h,non-stop,No info,3943
Jet Airways,27/05/2019,Delhi,Cochin,DEL → JAI → BOM → COK,09:40,04:25 28 May,18h 45m,2 stops,No info,15129
Jet Airways,9/05/2019,Banglore,Delhi,BLR → DEL,08:20,11:20,3h,non-stop,In-flight meal not included,4544
Jet Airways,15/05/2019,Kolkata,Banglore,CCU → DEL → BLR,09:35,14:25 16 May,28h 50m,1 stop,In-flight meal not included,9314
Jet Airways,21/03/2019,Banglore,New Delhi,BLR → BOM → DEL,11:40,07:40 19 Mar,20h,1 stop,In-flight meal not included,7832
Jet Airways,9/06/2019,Delhi,Cochin,DEL → JAI → BOM → COK,05:30,04:25 10 Jun,22h 55m,2 stops,In-flight meal not included,10368
Air India,6/06/2019,Delhi,Cochin,DEL → GOI → BOM → COK,22:00,19:15 07 Jun,21h 15m,2 stops,No info,10441
Vistara,27/04/2019,Banglore,Delhi,BLR → DEL,07:00,09:40,2h 40m,non-stop,No info,5613
Jet Airways,18/03/2019,Banglore,New Delhi,BLR → BOM → DEL,05:45,18:25,12h 40m,1 stop,No info,12284
SpiceJet,12/05/2019,Banglore,Delhi,BLR → DEL,05:55,08:35,2h 40m,non-stop,No check-in baggage included,3257
Jet Airways,1/06/2019,Banglore,Delhi,BLR → DEL,07:10,10:10,3h,non-stop,No info,8016
Jet Airways,1/04/2019,Kolkata,Banglore,CCU → BOM → BLR,16:30,16:20 02 Apr,23h 50m,1 stop,In-flight meal not included,7064
Air India,24/05/2019,Kolkata,Banglore,CCU → IXR → DEL → BLR,05:50,23:15,17h 25m,2 stops,No info,12723
Jet Airways,9/05/2019,Delhi,Cochin,DEL → BOM → COK,09:00,19:00,10h,1 stop,No info,15554
Air India,15/05/2019,Delhi,Cochin,DEL → HYD → MAA → COK,09:45,09:25 16 May,23h 40m,2 stops,No info,10975
Jet Airways,24/06/2019,Delhi,Cochin,DEL → JDH → BOM → COK,11:40,19:00,7h 20m,2 stops,In-flight meal not included,15812
IndiGo,27/05/2019,Kolkata,Banglore,CCU → BLR,21:25,00:05 28 May,2h 40m,non-stop,No info,4804
Jet Airways,24/05/2019,Kolkata,Banglore,CCU → DEL → BLR,20:25,23:35 25 May,27h 10m,1 stop,No info,14151
Multiple carriers,18/05/2019,Delhi,Cochin,DEL → BOM → COK,03:50,12:35,8h 45m,1 stop,No info,10197
Air India,24/06/2019,Delhi,Cochin,DEL → BOM → COK,03:50,19:15,15h 25m,1 stop,No info,8669
Jet Airways,21/05/2019,Kolkata,Banglore,CCU → DEL → BLR,09:35,19:10,9h 35m,1 stop,In-flight meal not included,12384
Jet Airways,21/05/2019,Kolkata,Banglore,CCU → DEL → BLR,17:00,18:00 22 May,25h,1 stop,No info,14151
IndiGo,24/06/2019,Mumbai,Hyderabad,BOM → HYD,16:55,18:25,1h 30m,non-stop,No info,3175
Jet Airways,6/06/2019,Kolkata,Banglore,CCU → BOM → BLR,14:05,04:40 07 Jun,14h 35m,1 stop,No info,13059
SpiceJet,18/06/2019,Banglore,Delhi,BLR → DEL,21:10,00:05 19 Jun,2h 55m,non-stop,No info,3971
Multiple carriers,6/06/2019,Delhi,Cochin,DEL → BOM → COK,08:00,19:15,11h 15m,1 stop,No info,14848
Air India,01/03/2019,Banglore,New Delhi,BLR → VGA → HYD → DEL,10:30,21:25,10h 55m,2 stops,No info,11213
Jet Airways,3/06/2019,Delhi,Cochin,DEL → NAG → BOM → COK,14:35,12:35 04 Jun,22h,2 stops,No info,13376
Jet Airways,21/05/2019,Kolkata,Banglore,CCU → BOM → BLR,08:25,19:50,11h 25m,1 stop,In-flight meal not included,10844
Jet Airways,3/06/2019,Delhi,Cochin,DEL → BOM → COK,17:30,04:25 04 Jun,10h 55m,1 stop,In-flight meal not included,10262
Jet Airways,6/03/2019,Delhi,Cochin,DEL → JAI → BOM → COK,05:30,19:45 07 Mar,38h 15m,2 stops,In-flight meal not included,15864
Air India,12/05/2019,Kolkata,Banglore,CCU → BOM → GOI → BLR,09:25,05:35 13 May,20h 10m,2 stops,No info,11642
Vistara,6/05/2019,Kolkata,Banglore,CCU → DEL → BLR,17:00,09:05 07 May,16h 5m,1 stop,No info,8137
Multiple carriers,9/06/2019,Delhi,Cochin,DEL → BOM → COK,03:50,11:30,7h 40m,1 stop,No info,7408
Jet Airways,21/05/2019,Mumbai,Hyderabad,BOM → HYD,19:35,21:05,1h 30m,non-stop,No info,5678
SpiceJet,21/05/2019,Mumbai,Hyderabad,BOM → HYD,22:45,00:15 22 May,1h 30m,non-stop,No check-in baggage included,1965
IndiGo,15/05/2019,Delhi,Cochin,DEL → BOM → COK,11:25,01:30 16 May,14h 5m,1 stop,No info,6979
Jet Airways,24/05/2019,Kolkata,Banglore,CCU → BOM → BLR,14:05,23:35,9h 30m,1 stop,In-flight meal not included,10844
Multiple carriers,3/06/2019,Delhi,Cochin,DEL → HYD → COK,13:15,22:30,9h 15m,1 stop,No info,9646
Jet Airways,18/03/2019,Mumbai,Hyderabad,BOM → HYD,19:35,21:05,1h 30m,non-stop,In-flight meal not included,2071
Jet Airways,27/03/2019,Delhi,Cochin,DEL → BOM → COK,16:00,04:25 28 Mar,12h 25m,1 stop,No info,12242
Jet Airways,1/05/2019,Kolkata,Banglore,CCU → DEL → BLR,17:00,18:00 02 May,25h,1 stop,No info,11467
IndiGo,3/05/2019,Banglore,Delhi,BLR → DEL,10:10,13:00,2h 50m,non-stop,No info,3943
Jet Airways,15/05/2019,Kolkata,Banglore,CCU → BOM → BLR,08:25,19:50,11h 25m,1 stop,No info,14781
Jet Airways,18/05/2019,Kolkata,Banglore,CCU → BOM → BLR,14:05,12:00 19 May,21h 55m,1 stop,In-flight meal not included,9663
Jet Airways,9/06/2019,Kolkata,Banglore,CCU → BOM → BLR,21:10,12:00 10 Jun,14h 50m,1 stop,No info,14571
Jet Airways,21/06/2019,Mumbai,Hyderabad,BOM → HYD,07:05,08:30,1h 25m,non-stop,No info,8040
Air India,03/03/2019,Banglore,New Delhi,BLR → BOM → NAG → DEL,19:10,10:35 07 Mar,15h 25m,2 stops,No info,13355
Air India,1/04/2019,Kolkata,Banglore,CCU → DEL → BLR,17:30,12:00 02 Apr,18h 30m,1 stop,No info,7893
SpiceJet,21/04/2019,Banglore,Delhi,BLR → DEL,05:55,08:35,2h 40m,non-stop,No info,4423
IndiGo,24/05/2019,Banglore,Delhi,BLR → DEL,01:30,04:15,2h 45m,non-stop,No info,3419
Jet Airways,24/06/2019,Delhi,Cochin,DEL → BOM → COK,22:50,04:25 25 Jun,5h 35m,1 stop,No info,14714
IndiGo,3/06/2019,Chennai,Kolkata,MAA → CCU,05:15,07:40,2h 25m,non-stop,No info,3540
Jet Airways,24/05/2019,Banglore,Delhi,BLR → DEL,15:15,18:10,2h 55m,non-stop,In-flight meal not included,4544
Jet Airways,21/03/2019,Banglore,New Delhi,BLR → BOM → DEL,11:40,21:20,9h 40m,1 stop,In-flight meal not included,7832
Jet Airways,24/05/2019,Kolkata,Banglore,CCU → DEL → BLR,20:25,14:25 25 May,18h,1 stop,No info,12121
Multiple carriers,3/06/2019,Delhi,Cochin,DEL → BOM → COK,10:00,01:30 04 Jun,15h 30m,1 stop,No info,9508
Air Asia,1/06/2019,Kolkata,Banglore,CCU → BLR,10:20,12:55,2h 35m,non-stop,No info,4409
SpiceJet,15/03/2019,Kolkata,Banglore,CCU → BLR,09:00,11:30,2h 30m,non-stop,No info,3847
Multiple carriers,9/04/2019,Delhi,Cochin,DEL → BOM → COK,08:45,19:15,10h 30m,1 stop,No info,8371
Multiple carriers,18/05/2019,Delhi,Cochin,DEL → BOM → COK,10:20,19:15,8h 55m,1 stop,No info,8476
Jet Airways,3/05/2019,Mumbai,Hyderabad,BOM → HYD,10:20,11:50,1h 30m,non-stop,No info,8040
Jet Airways,06/03/2019,Banglore,New Delhi,BLR → BOM → DEL,11:40,08:15 07 Mar,20h 35m,1 stop,No info,16736
Multiple carriers,3/06/2019,Delhi,Cochin,DEL → BOM → COK,18:15,01:30 04 Jun,7h 15m,1 stop,No info,13377
Air India,9/06/2019,Delhi,Cochin,DEL → MAA → COK,20:40,09:25 10 Jun,12h 45m,1 stop,No info,7690
Jet Airways,21/05/2019,Kolkata,Banglore,CCU → DEL → BLR,09:35,09:45 22 May,24h 10m,1 stop,No info,13067
Air India,12/05/2019,Kolkata,Banglore,CCU → DEL → BLR,20:30,08:55 13 May,12h 25m,1 stop,No info,10203
Jet Airways,24/05/2019,Kolkata,Banglore,CCU → GAU → BLR,10:20,17:35,7h 15m,1 stop,No info,8781
Jet Airways,24/06/2019,Delhi,Cochin,DEL → AMD → BOM → COK,23:05,19:00 25 Jun,19h 55m,2 stops,No info,12819
Vistara,15/05/2019,Banglore,Delhi,BLR → DEL,17:00,19:35,2h 35m,non-stop,No info,4878
Jet Airways,12/06/2019,Delhi,Cochin,DEL → BOM → COK,02:15,19:00,16h 45m,1 stop,No info,14714
Jet Airways,9/05/2019,Delhi,Cochin,DEL → BOM → COK,07:05,12:35,5h 30m,1 stop,No info,15554
Jet Airways,18/03/2019,Banglore,New Delhi,BLR → BOM → DEL,11:40,05:05 16 Mar,17h 25m,1 stop,In-flight meal not included,11087
Jet Airways,9/05/2019,Delhi,Cochin,DEL → JAI → BOM → COK,05:30,04:25 10 May,22h 55m,2 stops,No info,15129
Air Asia,18/05/2019,Banglore,Delhi,BLR → DEL,11:10,13:55,2h 45m,non-stop,No info,4483
Vistara,24/05/2019,Banglore,Delhi,BLR → DEL,19:30,22:15,2h 45m,non-stop,No info,5823
Multiple carriers,18/05/2019,Delhi,Cochin,DEL → BOM → COK,13:00,01:30 19 May,12h 30m,1 stop,No info,9385
Jet Airways,27/06/2019,Delhi,Cochin,DEL → ATQ → BOM → COK,20:00,19:00 28 Jun,23h,2 stops,No info,14300
IndiGo,6/03/2019,Delhi,Cochin,DEL → BOM → COK,11:30,21:00,9h 30m,1 stop,No info,14871
Jet Airways,9/03/2019,Delhi,Cochin,DEL → BOM → COK,08:00,04:25 10 Mar,20h 25m,1 stop,No info,17549
Multiple carriers,6/03/2019,Delhi,Cochin,DEL → BOM → COK,15:15,01:35 07 Mar,10h 20m,1 stop,No info,15147
Jet Airways,9/06/2019,Delhi,Cochin,DEL → BHO → BOM → COK,05:30,12:35,7h 5m,2 stops,In-flight meal not included,13344
Vistara,21/05/2019,Banglore,Delhi,BLR → DEL,17:00,19:35,2h 35m,non-stop,No info,4878
SpiceJet,3/06/2019,Chennai,Kolkata,MAA → CCU,17:45,20:05,2h 20m,non-stop,No info,3597
Jet Airways,27/05/2019,Delhi,Cochin,DEL → JAI → BOM → COK,05:30,19:00,13h 30m,2 stops,In-flight meal not included,13029
IndiGo,21/06/2019,Banglore,Delhi,BLR → DEL,21:15,00:15 22 Jun,3h,non-stop,No info,3943
Jet Airways,9/05/2019,Delhi,Cochin,DEL → BOM → COK,18:15,19:00 10 May,24h 45m,1 stop,No info,15554
Air India,27/06/2019,Delhi,Cochin,DEL → CCU → BOM → COK,20:15,19:15 28 Jun,23h,2 stops,No info,13591
Air India,1/05/2019,Banglore,Delhi,BLR → DEL,10:00,12:45,2h 45m,non-stop,No info,6121
Jet Airways,6/06/2019,Kolkata,Banglore,CCU → DEL → BLR,09:35,21:05,11h 30m,1 stop,In-flight meal not included,13469
Jet Airways Business,01/03/2019,Banglore,New Delhi,BLR → BOM → DEL,05:45,12:25,6h 40m,1 stop,Business class,62427
Multiple carriers,9/03/2019,Delhi,Cochin,DEL → BOM → COK,02:15,12:55,10h 40m,1 stop,In-flight meal not included,18260
Jet Airways,1/04/2019,Kolkata,Banglore,CCU → BOM → BLR,20:00,12:00 02 Apr,16h,1 stop,No info,12681
Jet Airways,3/04/2019,Banglore,Delhi,BLR → DEL,06:00,08:45,2h 45m,non-stop,No info,7229
Multiple carriers,6/03/2019,Delhi,Cochin,DEL → BOM → COK,09:55,19:15,9h 20m,1 stop,In-flight meal not included,15342
Jet Airways,27/03/2019,Delhi,Cochin,DEL → BOM → COK,11:30,04:25 28 Mar,16h 55m,1 stop,In-flight meal not included,6017
Jet Airways,12/03/2019,Banglore,New Delhi,BLR → BOM → DEL,20:35,10:45 13 Mar,14h 10m,1 stop,In-flight meal not included,11087
Air India,1/05/2019,Kolkata,Banglore,CCU → DEL → COK → BLR,10:00,13:45 02 May,27h 45m,2 stops,No info,15164
Jet Airways,12/06/2019,Kolkata,Banglore,CCU → BOM → BLR,06:30,19:50,13h 20m,1 stop,No info,13626
Jet Airways,27/05/2019,Delhi,Cochin,DEL → BOM → COK,14:00,04:25 28 May,14h 25m,1 stop,In-flight meal not included,12898
IndiGo,15/06/2019,Banglore,Delhi,BLR → DEL,07:10,10:05,2h 55m,non-stop,No info,4823
Air India,24/03/2019,Mumbai,Hyderabad,BOM → HYD,15:00,16:25,1h 25m,non-stop,No info,2050
Jet Airways,21/05/2019,Delhi,Cochin,DEL → BOM → COK,02:15,12:35,10h 20m,1 stop,In-flight meal not included,12898
Jet Airways,1/06/2019,Delhi,Cochin,DEL → BOM → COK,10:00,19:00,9h,1 stop,No info,14714
Jet Airways,06/03/2019,Banglore,New Delhi,BLR → BOM → DEL,11:40,23:00,11h 20m,1 stop,No info,16736
IndiGo,12/05/2019,Kolkata,Banglore,CCU → BLR,20:20,22:55,2h 35m,non-stop,No info,4804
Jet Airways,12/05/2019,Kolkata,Banglore,CCU → BOM → BLR,20:00,10:05 13 May,14h 5m,1 stop,In-flight meal not included,8586
IndiGo,9/06/2019,Banglore,Delhi,BLR → DEL,16:55,19:45,2h 50m,non-stop,No info,4823
GoAir,15/06/2019,Banglore,Delhi,BLR → DEL,07:45,10:40,2h 55m,non-stop,No info,3898
Jet Airways,15/05/2019,Kolkata,Banglore,CCU → BOM → BLR,16:30,12:00 16 May,19h 30m,1 stop,No info,14781
SpiceJet,15/04/2019,Kolkata,Banglore,CCU → BLR,22:20,00:40 16 Apr,2h 20m,non-stop,No check-in baggage included,3841
Jet Airways,12/06/2019,Banglore,Delhi,BLR → DEL,18:55,22:00,3h 5m,non-stop,In-flight meal not included,5769
Air India,27/03/2019,Delhi,Cochin,DEL → HYD → BOM → COK,17:15,07:40 28 Mar,14h 25m,2 stops,No info,8367
Jet Airways,12/06/2019,Kolkata,Banglore,CCU → BOM → BLR,08:25,19:50,11h 25m,1 stop,In-flight meal not included,9899
IndiGo,6/06/2019,Delhi,Cochin,DEL → BOM → COK,09:15,21:00,11h 45m,1 stop,No info,6838
Multiple carriers,9/03/2019,Delhi,Cochin,DEL → HYD → COK,13:15,22:20,9h 5m,1 stop,No info,9856
IndiGo,1/05/2019,Kolkata,Banglore,CCU → BLR,22:15,00:50 02 May,2h 35m,non-stop,No info,4804
Jet Airways,18/04/2019,Banglore,Delhi,BLR → DEL,18:55,22:00,3h 5m,non-stop,No info,7229
Jet Airways,12/06/2019,Delhi,Cochin,DEL → NAG → BOM → COK,14:35,12:35 13 Jun,22h,2 stops,In-flight meal not included,10919
SpiceJet,21/06/2019,Chennai,Kolkata,MAA → CCU,09:45,12:00,2h 15m,non-stop,No check-in baggage included,3543
IndiGo,9/04/2019,Banglore,Delhi,BLR → DEL,21:15,00:15 10 Apr,3h,non-stop,No info,3943
GoAir,27/04/2019,Delhi,Cochin,DEL → AMD → COK,07:25,13:35,6h 10m,1 stop,No info,5140
SpiceJet,27/05/2019,Chennai,Kolkata,MAA → CCU,08:20,10:35,2h 15m,non-stop,No info,3597
Vistara,15/04/2019,Banglore,Delhi,BLR → DEL,17:00,19:35,2h 35m,non-stop,No info,5613
SpiceJet,6/06/2019,Delhi,Cochin,DEL → PNQ → COK,08:45,13:15,4h 30m,1 stop,No check-in baggage included,5158
Multiple carriers Premium economy,21/03/2019,Delhi,Cochin,DEL → BOM → COK,06:00,15:30,9h 30m,1 stop,No info,11269
Multiple carriers,27/05/2019,Delhi,Cochin,DEL → BOM → COK,10:20,19:00,8h 40m,1 stop,No info,9794
Jet Airways,24/06/2019,Delhi,Cochin,DEL → NAG → BOM → COK,06:45,04:25 25 Jun,21h 40m,2 stops,No info,13376
Air Asia,1/05/2019,Kolkata,Banglore,CCU → BBI → BLR,06:50,10:30,3h 40m,1 stop,No info,6857
SpiceJet,21/05/2019,Delhi,Cochin,DEL → PNQ → COK,08:45,13:15,4h 30m,1 stop,No check-in baggage included,5158
Jet Airways,9/05/2019,Mumbai,Hyderabad,BOM → HYD,02:55,04:20,1h 25m,non-stop,In-flight meal not included,3210
SpiceJet,1/06/2019,Chennai,Kolkata,MAA → CCU,08:20,10:35,2h 15m,non-stop,No check-in baggage included,3543
Multiple carriers,27/06/2019,Delhi,Cochin,DEL → BOM → COK,12:50,21:00,8h 10m,1 stop,In-flight meal not included,6007
Jet Airways,12/03/2019,Banglore,New Delhi,BLR → BOM → DEL,16:55,10:45 13 Mar,17h 50m,1 stop,No info,13817
Air India,12/03/2019,Banglore,New Delhi,BLR → BOM → DEL,06:45,23:15,16h 30m,1 stop,No info,11602
IndiGo,3/05/2019,Banglore,Delhi,BLR → DEL,06:05,08:50,2h 45m,non-stop,No info,3943
IndiGo,12/06/2019,Delhi,Cochin,DEL → COK,21:05,00:20 13 Jun,3h 15m,non-stop,No info,6015
SpiceJet,27/06/2019,Chennai,Kolkata,MAA → CCU,17:45,20:05,2h 20m,non-stop,No check-in baggage included,3543
Jet Airways,9/04/2019,Banglore,Delhi,BLR → DEL,08:20,11:20,3h,non-stop,In-flight meal not included,4544
Jet Airways,15/05/2019,Kolkata,Banglore,CCU → BOM → BLR,14:05,23:35,9h 30m,1 stop,In-flight meal not included,8586
Air India,03/03/2019,Banglore,New Delhi,BLR → HYD → DEL,08:15,08:50 07 Mar,24h 35m,1 stop,No info,6781
Jet Airways,6/06/2019,Banglore,Delhi,BLR → DEL,07:10,10:10,3h,non-stop,In-flight meal not included,6478
Jet Airways,3/06/2019,Delhi,Cochin,DEL → NAG → BOM → COK,14:35,12:35 04 Jun,22h,2 stops,In-flight meal not included,10919
IndiGo,27/04/2019,Delhi,Cochin,DEL → HYD → COK,08:35,16:10,7h 35m,1 stop,No info,6442
Multiple carriers,24/06/2019,Delhi,Cochin,DEL → BOM → COK,17:00,01:30 25 Jun,8h 30m,1 stop,No info,7198
IndiGo,6/05/2019,Mumbai,Hyderabad,BOM → HYD,09:10,10:40,1h 30m,non-stop,No info,4049
Jet Airways,27/03/2019,Delhi,Cochin,DEL → BOM → COK,07:05,04:25 28 Mar,21h 20m,1 stop,In-flight meal not included,6645
Jet Airways,12/06/2019,Delhi,Cochin,DEL → LKO → BOM → COK,11:45,04:25 13 Jun,16h 40m,2 stops,No info,13882
Air India,21/04/2019,Delhi,Cochin,DEL → COK,05:10,08:00,2h 50m,non-stop,No info,6094
Air India,1/05/2019,Kolkata,Banglore,CCU → BBI → BOM → BLR,12:00,07:55 02 May,19h 55m,2 stops,No info,10151
IndiGo,24/05/2019,Banglore,Delhi,BLR → DEL,04:00,06:50,2h 50m,non-stop,No info,3943
SpiceJet,12/05/2019,Banglore,Delhi,BLR → DEL,05:55,08:35,2h 40m,non-stop,No info,3311
IndiGo,3/04/2019,Banglore,Delhi,BLR → DEL,18:55,21:50,2h 55m,non-stop,No info,4823
Air India,1/06/2019,Delhi,Cochin,DEL → MAA → COK,20:40,09:25 02 Jun,12h 45m,1 stop,No info,7480
IndiGo,12/05/2019,Chennai,Kolkata,MAA → CCU,07:55,10:15,2h 20m,non-stop,No info,3850
Air Asia,12/04/2019,Banglore,Delhi,BLR → DEL,23:55,02:45 13 Apr,2h 50m,non-stop,No info,7080
GoAir,1/04/2019,Delhi,Cochin,DEL → BOM → COK,10:35,19:35,9h,1 stop,No info,5281
Air India,27/03/2019,Delhi,Cochin,DEL → HYD → BOM → COK,13:05,07:40 28 Mar,18h 35m,2 stops,No info,8892
IndiGo,1/04/2019,Banglore,Delhi,BLR → DEL,00:30,03:25,2h 55m,non-stop,No info,4423
Air India,6/05/2019,Kolkata,Banglore,CCU → MAA → BLR,14:35,15:20 07 May,24h 45m,1 stop,No info,6528
Jet Airways,12/06/2019,Kolkata,Banglore,CCU → BOM → BLR,14:05,04:40 13 Jun,14h 35m,1 stop,In-flight meal not included,7594
Jet Airways,1/05/2019,Kolkata,Banglore,CCU → BOM → BLR,20:00,04:40 02 May,8h 40m,1 stop,In-flight meal not included,8586
Multiple carriers,3/03/2019,Delhi,Cochin,DEL → BOM → COK,06:40,18:50,12h 10m,1 stop,No info,15135
SpiceJet,6/06/2019,Mumbai,Hyderabad,BOM → HYD,13:15,14:45,1h 30m,non-stop,No info,2017
Air Asia,12/06/2019,Kolkata,Banglore,CCU → IXR → DEL → BLR,15:10,23:30,8h 20m,2 stops,No info,5192
IndiGo,27/03/2019,Delhi,Cochin,DEL → HYD → COK,06:40,22:20,15h 40m,1 stop,No info,6442
Multiple carriers,21/05/2019,Delhi,Cochin,DEL → BOM → COK,14:00,21:00,7h,1 stop,No info,14067
Multiple carriers,15/05/2019,Delhi,Cochin,DEL → BOM → COK,12:50,01:30 16 May,12h 40m,1 stop,No info,7670
Air India,21/05/2019,Delhi,Cochin,DEL → HYD → MAA → COK,07:05,09:25 22 May,26h 20m,2 stops,No info,10975
Air India,9/06/2019,Delhi,Cochin,DEL → AMD → BOM → COK,19:45,19:15 10 Jun,23h 30m,2 stops,No info,9968
Air India,18/03/2019,Banglore,New Delhi,BLR → VGA → VTZ → DEL,10:30,17:45,7h 15m,2 stops,No info,13261
Multiple carriers,27/05/2019,Delhi,Cochin,DEL → BOM → COK,17:00,01:30 28 May,8h 30m,1 stop,No info,7198
Jet Airways,24/06/2019,Delhi,Cochin,DEL → BOM → COK,11:30,04:25 25 Jun,16h 55m,1 stop,In-flight meal not included,10262
Air India,12/05/2019,Kolkata,Banglore,CCU → GAU → DEL → BLR,16:45,16:15 13 May,23h 30m,2 stops,No info,13437
Jet Airways,12/06/2019,Kolkata,Banglore,CCU → BOM → BLR,18:55,19:50 13 Jun,24h 55m,1 stop,No info,13044
Air India,06/03/2019,Banglore,New Delhi,BLR → HYD → VGA → DEL,08:15,11:20 07 Mar,27h 5m,2 stops,No info,13942
IndiGo,27/06/2019,Kolkata,Banglore,CCU → BLR,09:35,12:10,2h 35m,non-stop,No info,4804
Jet Airways,27/05/2019,Delhi,Cochin,DEL → BOM → COK,22:50,12:35 28 May,13h 45m,1 stop,In-flight meal not included,12898
Vistara,12/05/2019,Delhi,Cochin,DEL → COK,06:00,09:10,3h 10m,non-stop,No info,6216
Jet Airways,27/06/2019,Delhi,Cochin,DEL → BOM → COK,02:15,19:00,16h 45m,1 stop,In-flight meal not included,10262
SpiceJet,18/03/2019,Mumbai,Hyderabad,BOM → HYD,13:10,14:30,1h 20m,non-stop,No check-in baggage included,2385
IndiGo,27/03/2019,Delhi,Cochin,DEL → BOM → COK,07:30,15:30,8h,1 stop,No info,8574
IndiGo,01/03/2019,Banglore,New Delhi,BLR → DEL,18:55,21:45,2h 50m,non-stop,No info,14306
Jet Airways,18/05/2019,Delhi,Cochin,DEL → BOM → COK,21:50,04:25 19 May,6h 35m,1 stop,No info,15554
Multiple carriers,27/05/2019,Delhi,Cochin,DEL → BOM → COK,10:00,21:00,11h,1 stop,No info,9718
Jet Airways,27/06/2019,Banglore,Delhi,BLR → DEL,06:00,08:45,2h 45m,non-stop,In-flight meal not included,6478
Jet Airways,1/06/2019,Delhi,Cochin,DEL → BOM → COK,19:15,19:00 02 Jun,23h 45m,1 stop,No info,14714
Air India,9/06/2019,Kolkata,Banglore,CCU → BBI → BOM → BLR,12:00,11:10 10 Jun,23h 10m,2 stops,No info,10151
Air India,15/03/2019,Banglore,New Delhi,BLR → MAA → DEL,11:50,13:00 16 Mar,25h 10m,1 stop,No info,8032
IndiGo,01/03/2019,Banglore,New Delhi,BLR → HYD → DEL,16:15,20:35,4h 20m,1 stop,No Info,7917
Multiple carriers,9/03/2019,Delhi,Cochin,DEL → BOM → COK,06:00,19:45,13h 45m,1 stop,No info,13941
Jet Airways,6/05/2019,Kolkata,Banglore,CCU → DEL → BLR,09:35,18:00,8h 25m,1 stop,In-flight meal not included,12384
Jet Airways,12/06/2019,Delhi,Cochin,DEL → BOM → COK,08:00,04:25 13 Jun,20h 25m,1 stop,In-flight meal not included,10577
Multiple carriers,21/03/2019,Delhi,Cochin,DEL → HYD → MAA → COK,09:45,21:20,11h 35m,2 stops,No info,7178
Air India,9/03/2019,Delhi,Cochin,DEL → BOM → COK,04:00,19:15,15h 15m,1 stop,No info,11050
Multiple carriers,15/05/2019,Delhi,Cochin,DEL → HYD → COK,07:05,22:30,15h 25m,1 stop,No info,9646
Jet Airways,6/06/2019,Delhi,Cochin,DEL → BOM → COK,22:50,04:25 07 Jun,5h 35m,1 stop,In-flight meal not included,10262
Jet Airways,21/03/2019,Banglore,New Delhi,BLR → BOM → DEL,16:55,11:25 19 Mar,18h 30m,1 stop,In-flight meal not included,7832
Jet Airways,21/03/2019,Delhi,Cochin,DEL → UDR → BOM → COK,13:00,18:50 22 Mar,29h 50m,2 stops,No info,13082
Jet Airways,21/05/2019,Kolkata,Banglore,CCU → BOM → BLR,08:25,08:15 22 May,23h 50m,1 stop,No info,13941
GoAir,6/04/2019,Delhi,Cochin,DEL → BOM → COK,07:00,12:55,5h 55m,1 stop,No info,5135
Jet Airways,9/06/2019,Kolkata,Banglore,CCU → DEL → BLR,20:25,09:45 10 Jun,13h 20m,1 stop,No info,14151
Air India,12/03/2019,Banglore,New Delhi,BLR → HYD → VGA → DEL,06:50,11:20 13 Mar,28h 30m,2 stops,No info,12734
Jet Airways,1/04/2019,Kolkata,Banglore,CCU → BOM → BLR,18:55,12:00 02 Apr,17h 5m,1 stop,In-flight meal not included,7064
Jet Airways,24/05/2019,Banglore,Delhi,BLR → DEL,08:20,11:20,3h,non-stop,No info,7229
SpiceJet,1/06/2019,Delhi,Cochin,DEL → BLR → COK,17:55,22:50,4h 55m,1 stop,No info,5975
Jet Airways,1/06/2019,Delhi,Cochin,DEL → NAG → BOM → COK,14:35,12:35 02 Jun,22h,2 stops,In-flight meal not included,10919
IndiGo,9/05/2019,Kolkata,Banglore,CCU → BLR,21:25,00:05 10 May,2h 40m,non-stop,No info,4804
IndiGo,9/05/2019,Banglore,Delhi,BLR → DEL,18:55,21:50,2h 55m,non-stop,No info,4823
SpiceJet,27/03/2019,Kolkata,Banglore,CCU → BLR,17:15,19:45,2h 30m,non-stop,No info,3847
Air India,01/03/2019,Banglore,New Delhi,BLR → VGA → DEL,10:30,22:55,12h 25m,1 stop,No info,11003
IndiGo,15/03/2019,Chennai,Kolkata,MAA → CCU,19:35,21:55,2h 20m,non-stop,No info,6297
Multiple carriers,21/05/2019,Delhi,Cochin,DEL → BOM → COK,09:15,19:15,10h,1 stop,No info,8099
Jet Airways,9/05/2019,Delhi,Cochin,DEL → BOM → COK,11:30,04:25 10 May,16h 55m,1 stop,In-flight meal not included,12373
Jet Airways,6/03/2019,Mumbai,Hyderabad,BOM → DEL → HYD,14:00,16:50 07 Mar,26h 50m,1 stop,No info,19595
Multiple carriers,6/03/2019,Delhi,Cochin,DEL → GWL → IDR → BOM → COK,11:35,21:00,9h 25m,3 stops,No info,21829
Multiple carriers,9/06/2019,Delhi,Cochin,DEL → BOM → COK,13:00,01:30 10 Jun,12h 30m,1 stop,No info,7198
Air India,01/03/2019,Banglore,New Delhi,BLR → CCU → DEL,05:50,09:15 02 Mar,27h 25m,1 stop,No info,13439
Air India,18/05/2019,Kolkata,Banglore,CCU → DEL → AMD → BLR,10:00,05:25 19 May,19h 25m,2 stops,No info,14109
Air India,24/06/2019,Delhi,Cochin,DEL → GOI → BOM → COK,10:55,07:40 25 Jun,20h 45m,2 stops,No info,11753
Jet Airways,15/04/2019,Delhi,Cochin,DEL → BOM → COK,13:00,19:00,6h,1 stop,In-flight meal not included,6542
Jet Airways,12/06/2019,Kolkata,Banglore,CCU → BOM → BLR,16:30,16:20 13 Jun,23h 50m,1 stop,No info,13044
Multiple carriers,21/05/2019,Delhi,Cochin,DEL → BOM → COK,10:00,19:00,9h,1 stop,No info,10197
Jet Airways,6/05/2019,Banglore,Delhi,BLR → DEL,06:00,08:45,2h 45m,non-stop,In-flight meal not included,5198
Jet Airways,9/04/2019,Delhi,Cochin,DEL → JAI → BOM → COK,05:30,19:00,13h 30m,2 stops,No info,10909
Jet Airways,12/03/2019,Mumbai,Hyderabad,BOM → DEL → HYD,09:50,16:35,6h 45m,1 stop,No info,20120
IndiGo,09/03/2019,Banglore,New Delhi,BLR → DEL,05:30,08:20,2h 50m,non-stop,No info,4777
Jet Airways,15/06/2019,Delhi,Cochin,DEL → BOM → COK,02:15,04:25 16 Jun,26h 10m,1 stop,In-flight meal not included,10262
Multiple carriers,18/05/2019,Delhi,Cochin,DEL → BOM → COK,10:35,19:00,8h 25m,1 stop,No info,9627
IndiGo,3/03/2019,Mumbai,Hyderabad,BOM → HYD,06:20,07:45,1h 25m,non-stop,No info,4784
Jet Airways,9/05/2019,Delhi,Cochin,DEL → JAI → BOM → COK,09:40,12:35 10 May,26h 55m,2 stops,No info,15129
Jet Airways,1/04/2019,Kolkata,Banglore,CCU → BOM → BLR,08:25,20:45,12h 20m,1 stop,No info,12681
Jet Airways,6/06/2019,Kolkata,Banglore,CCU → BOM → BLR,18:55,19:50 07 Jun,24h 55m,1 stop,In-flight meal not included,10844
Jet Airways,06/03/2019,Banglore,New Delhi,BLR → BOM → DEL,16:55,05:05 07 Mar,12h 10m,1 stop,No info,16736
IndiGo,24/05/2019,Delhi,Cochin,DEL → BOM → COK,10:35,01:30 25 May,14h 55m,1 stop,No info,7081
Jet Airways,12/03/2019,Banglore,New Delhi,BLR → BOM → DEL,16:55,23:00,6h 5m,1 stop,In-flight meal not included,11087
Vistara,9/05/2019,Kolkata,Banglore,CCU → DEL → BLR,20:20,10:45 10 May,14h 25m,1 stop,No info,8452
Jet Airways,15/06/2019,Delhi,Cochin,DEL → JDH → BOM → COK,11:40,19:00,7h 20m,2 stops,In-flight meal not included,15812
IndiGo,24/05/2019,Kolkata,Banglore,CCU → BLR,22:15,00:50 25 May,2h 35m,non-stop,No info,4804
IndiGo,24/05/2019,Chennai,Kolkata,MAA → CCU,22:05,00:25 25 May,2h 20m,non-stop,No info,5277
Jet Airways,18/05/2019,Delhi,Cochin,DEL → BOM → COK,10:00,04:25 19 May,18h 25m,1 stop,In-flight meal not included,12373
Jet Airways,24/05/2019,Kolkata,Banglore,CCU → BOM → BLR,18:55,10:05 25 May,15h 10m,1 stop,No info,13731
Jet Airways,24/05/2019,Kolkata,Banglore,CCU → BOM → BLR,20:00,09:20 25 May,13h 20m,1 stop,No info,14571
Jet Airways,12/06/2019,Delhi,Cochin,DEL → BOM → COK,08:00,19:00,11h,1 stop,In-flight meal not included,10577
Jet Airways,18/06/2019,Banglore,Delhi,BLR → DEL,08:20,11:20,3h,non-stop,No info,8016
Air India,03/03/2019,Banglore,New Delhi,BLR → AMD → DEL,00:30,23:55,23h 25m,1 stop,No info,10394
Air Asia,21/05/2019,Delhi,Cochin,DEL → BLR → COK,16:45,07:10 22 May,14h 25m,1 stop,No info,8327
Jet Airways,1/05/2019,Kolkata,Banglore,CCU → DEL → BLR,17:00,22:05 02 May,29h 5m,1 stop,No info,14151
Multiple carriers,15/05/2019,Delhi,Cochin,DEL → GWL → IDR → BOM → COK,11:35,21:00,9h 25m,3 stops,No info,16294
Multiple carriers,15/05/2019,Delhi,Cochin,DEL → BOM → COK,06:00,19:00,13h,1 stop,No info,9794
Jet Airways,3/06/2019,Delhi,Cochin,DEL → BOM → COK,20:55,12:35 04 Jun,15h 40m,1 stop,In-flight meal not included,10262
Air India,3/06/2019,Delhi,Cochin,DEL → LKO → BOM → COK,07:10,19:15,12h 5m,2 stops,No info,12698
Jet Airways,12/06/2019,Kolkata,Banglore,CCU → GAU → BLR,10:20,17:35,7h 15m,1 stop,No info,8355
IndiGo,9/03/2019,Delhi,Cochin,DEL → BOM → COK,04:45,21:00,16h 15m,1 stop,No info,10518
Jet Airways,15/03/2019,Banglore,New Delhi,BLR → BOM → DEL,08:00,13:15,5h 15m,1 stop,In-flight meal not included,9134
Jet Airways,9/06/2019,Kolkata,Banglore,CCU → BOM → BLR,18:55,12:00 10 Jun,17h 5m,1 stop,No info,14571
Jet Airways,21/03/2019,Delhi,Cochin,DEL → MAA → BOM → COK,13:55,18:50 22 Mar,28h 55m,2 stops,In-flight meal not included,8728
Jet Airways,15/05/2019,Kolkata,Banglore,CCU → DEL → BLR,09:35,10:55 16 May,25h 20m,1 stop,No info,14151
Air Asia,15/05/2019,Delhi,Cochin,DEL → BLR → COK,20:45,07:10 16 May,10h 25m,1 stop,No info,6853
IndiGo,9/03/2019,Delhi,Cochin,DEL → HYD → COK,04:55,12:00,7h 5m,1 stop,No info,6171
IndiGo,27/03/2019,Delhi,Cochin,DEL → AMD → COK,07:45,13:40,5h 55m,1 stop,No info,4832
IndiGo,27/03/2019,Delhi,Cochin,DEL → BOM → COK,11:30,01:35 28 Mar,14h 5m,1 stop,No info,6206
Air India,15/05/2019,Delhi,Cochin,DEL → MAA → COK,12:30,09:25 16 May,20h 55m,1 stop,No info,7480
Multiple carriers,18/05/2019,Delhi,Cochin,DEL → BOM → COK,08:00,19:00,11h,1 stop,No info,10197
Multiple carriers,3/03/2019,Delhi,Cochin,DEL → BOM → COK,04:00,15:30,11h 30m,1 stop,No info,14973
Jet Airways,9/05/2019,Delhi,Cochin,DEL → BOM → COK,22:50,04:25 10 May,5h 35m,1 stop,No info,15554
SpiceJet,6/06/2019,Mumbai,Hyderabad,BOM → HYD,22:45,00:15 07 Jun,1h 30m,non-stop,No info,2017
SpiceJet,9/05/2019,Kolkata,Banglore,CCU → BLR,06:55,09:30,2h 35m,non-stop,No info,3873
SpiceJet,1/04/2019,Mumbai,Hyderabad,BOM → HYD,13:15,14:45,1h 30m,non-stop,No check-in baggage included,1965
IndiGo,3/06/2019,Banglore,Delhi,BLR → DEL,04:00,06:50,2h 50m,non-stop,No info,3943
Air India,18/05/2019,Delhi,Cochin,DEL → MAA → COK,09:45,09:25 19 May,23h 40m,1 stop,No info,8372
Jet Airways,27/06/2019,Delhi,Cochin,DEL → AMD → BOM → COK,23:05,19:00 28 Jun,19h 55m,2 stops,No info,12819
IndiGo,27/06/2019,Banglore,Delhi,BLR → DEL,06:05,08:50,2h 45m,non-stop,No info,3943
Jet Airways,12/06/2019,Kolkata,Banglore,CCU → BOM → BLR,18:55,04:40 13 Jun,9h 45m,1 stop,In-flight meal not included,6959
SpiceJet,27/05/2019,Kolkata,Banglore,CCU → BLR,09:00,11:25,2h 25m,non-stop,No check-in baggage included,3841
Jet Airways,21/05/2019,Kolkata,Banglore,CCU → BOM → BLR,14:05,08:15 22 May,18h 10m,1 stop,No info,14388
Jet Airways,15/05/2019,Kolkata,Banglore,CCU → BOM → BLR,18:55,08:15 16 May,13h 20m,1 stop,In-flight meal not included,9663
IndiGo,21/04/2019,Kolkata,Banglore,CCU → BLR,22:15,00:50 22 Apr,2h 35m,non-stop,No info,4804
Jet Airways,6/05/2019,Kolkata,Banglore,CCU → BOM → BLR,06:30,10:05 07 May,27h 35m,1 stop,No info,13941
Jet Airways,15/05/2019,Banglore,Delhi,BLR → DEL,11:10,14:05,2h 55m,non-stop,In-flight meal not included,4030
IndiGo,18/03/2019,Kolkata,Banglore,CCU → BLR,22:10,00:55 19 Mar,2h 45m,non-stop,No info,4148
Jet Airways,9/04/2019,Banglore,Delhi,BLR → DEL,11:10,14:05,2h 55m,non-stop,In-flight meal not included,4544
Vistara,9/06/2019,Kolkata,Banglore,CCU → DEL → BLR,07:10,22:55,15h 45m,1 stop,No info,8662
Jet Airways,27/03/2019,Delhi,Cochin,DEL → BOM → COK,09:55,04:25 28 Mar,18h 30m,1 stop,No info,12242
Vistara,21/05/2019,Banglore,Delhi,BLR → DEL,09:45,12:35,2h 50m,non-stop,No info,4668
Air India,3/04/2019,Delhi,Cochin,DEL → COK,14:10,17:10,3h,non-stop,No info,4729
IndiGo,12/05/2019,Banglore,Delhi,BLR → DEL,13:00,15:50,2h 50m,non-stop,No info,4591
Air India,12/06/2019,Delhi,Cochin,DEL → BOM → COK,13:00,19:15,6h 15m,1 stop,No info,8372
Jet Airways,18/05/2019,Banglore,Delhi,BLR → DEL,06:00,08:45,2h 45m,non-stop,No info,7229
Air India,21/04/2019,Delhi,Cochin,DEL → COK,14:10,17:10,3h,non-stop,No info,6934
Jet Airways,18/03/2019,Banglore,New Delhi,BLR → BOM → DEL,08:55,16:10,7h 15m,1 stop,No info,12284
Jet Airways,9/06/2019,Kolkata,Banglore,CCU → BOM → BLR,20:00,23:35 10 Jun,27h 35m,1 stop,In-flight meal not included,10844
Air India,24/05/2019,Mumbai,Hyderabad,BOM → HYD,15:00,16:25,1h 25m,non-stop,No info,3100
IndiGo,6/06/2019,Chennai,Kolkata,MAA → CCU,07:55,10:15,2h 20m,non-stop,No info,3850
Jet Airways,6/05/2019,Kolkata,Banglore,CCU → DEL → BLR,20:25,23:35 07 May,27h 10m,1 stop,In-flight meal not included,8066
Vistara,1/04/2019,Kolkata,Banglore,CCU → DEL → BLR,20:20,09:05 02 Apr,12h 45m,1 stop,No info,7980
Jet Airways,12/06/2019,Delhi,Cochin,DEL → IDR → BOM → COK,05:30,04:25 13 Jun,22h 55m,2 stops,No info,13292
Jet Airways,3/06/2019,Delhi,Cochin,DEL → BOM → COK,19:45,19:00 04 Jun,23h 15m,1 stop,No info,14714
Jet Airways,06/03/2019,Banglore,New Delhi,BLR → BOM → DEL,08:55,08:15 07 Mar,23h 20m,1 stop,No info,14815
Jet Airways,18/03/2019,Mumbai,Hyderabad,BOM → HYD,19:35,21:05,1h 30m,non-stop,No info,5678
Multiple carriers,21/03/2019,Delhi,Cochin,DEL → BOM → COK,09:00,15:30,6h 30m,1 stop,No info,14486
Jet Airways,9/06/2019,Delhi,Cochin,DEL → BOM → COK,10:00,04:25 10 Jun,18h 25m,1 stop,In-flight meal not included,10262
Jet Airways,21/03/2019,Mumbai,Hyderabad,BOM → HYD,07:10,08:35,1h 25m,non-stop,No info,8040
Vistara,9/06/2019,Kolkata,Banglore,CCU → DEL → BLR,20:20,18:50 10 Jun,22h 30m,1 stop,No info,8610
GoAir,15/06/2019,Banglore,Delhi,BLR → DEL,11:40,14:30,2h 50m,non-stop,No info,3898
Jet Airways,18/05/2019,Kolkata,Banglore,CCU → BOM → BLR,20:00,08:15 19 May,12h 15m,1 stop,No info,13941
Jet Airways,12/05/2019,Kolkata,Banglore,CCU → DEL → BLR,20:25,18:00 13 May,21h 35m,1 stop,No info,14151
Multiple carriers,6/03/2019,Delhi,Cochin,DEL → BOM → COK,11:30,21:00,9h 30m,1 stop,In-flight meal not included,15136
IndiGo,1/04/2019,Mumbai,Hyderabad,BOM → HYD,09:10,10:40,1h 30m,non-stop,No info,3342
Multiple carriers,3/06/2019,Delhi,Cochin,DEL → HYD → COK,14:55,22:30,7h 35m,1 stop,No info,7038
Jet Airways,27/06/2019,Delhi,Cochin,DEL → ATQ → BOM → COK,18:20,19:00 28 Jun,24h 40m,2 stops,No info,14300
Jet Airways,6/06/2019,Kolkata,Banglore,CCU → GAU → BLR,10:20,17:35,7h 15m,1 stop,No info,11316
Jet Airways,12/06/2019,Kolkata,Banglore,CCU → BOM → BLR,08:25,18:15,9h 50m,1 stop,In-flight meal not included,9899
Jet Airways,21/03/2019,Banglore,New Delhi,BLR → BOM → DEL,08:55,07:40 19 Mar,22h 45m,1 stop,In-flight meal not included,7412
Air Asia,09/03/2019,Banglore,New Delhi,BLR → DEL,23:25,02:10 10 Mar,2h 45m,non-stop,No info,5615
Jet Airways,1/04/2019,Banglore,Delhi,BLR → DEL,19:50,22:50,3h,non-stop,No info,7229
IndiGo,21/06/2019,Banglore,Delhi,BLR → DEL,19:30,22:15,2h 45m,non-stop,No info,5780
Multiple carriers,12/06/2019,Delhi,Cochin,DEL → BOM → COK,11:40,19:15,7h 35m,1 stop,No info,8266
Jet Airways,27/03/2019,Mumbai,Hyderabad,BOM → HYD,07:10,08:35,1h 25m,non-stop,In-flight meal not included,3205
Jet Airways,21/05/2019,Delhi,Cochin,DEL → BOM → COK,20:55,04:25 22 May,7h 30m,1 stop,In-flight meal not included,12898
IndiGo,15/04/2019,Delhi,Cochin,DEL → COK,14:25,17:40,3h 15m,non-stop,No info,6015
Jet Airways,15/05/2019,Banglore,Delhi,BLR → DEL,07:10,10:10,3h,non-stop,In-flight meal not included,5198
SpiceJet,12/05/2019,Mumbai,Hyderabad,BOM → HYD,13:15,14:45,1h 30m,non-stop,No check-in baggage included,2175
Multiple carriers,27/06/2019,Delhi,Cochin,DEL → BOM → COK,15:00,01:30 28 Jun,10h 30m,1 stop,No info,13377
IndiGo,9/03/2019,Chennai,Kolkata,MAA → CCU,22:05,00:25 10 Mar,2h 20m,non-stop,No info,6297
Air India,6/05/2019,Kolkata,Banglore,CCU → DEL → AMD → BLR,10:00,05:25 07 May,19h 25m,2 stops,No info,17049
Air India,15/03/2019,Banglore,New Delhi,BLR → BBI → DEL,09:30,16:20,6h 50m,1 stop,No info,8714
Jet Airways,27/06/2019,Delhi,Cochin,DEL → NAG → BOM → COK,14:35,12:35 28 Jun,22h,2 stops,In-flight meal not included,10919
GoAir,6/04/2019,Delhi,Cochin,DEL → AMD → COK,07:25,13:35,6h 10m,1 stop,No info,4201
IndiGo,21/05/2019,Delhi,Cochin,DEL → BOM → COK,08:30,21:00,12h 30m,1 stop,No info,7318
Jet Airways,12/06/2019,Kolkata,Banglore,CCU → BOM → BLR,20:00,12:00 13 Jun,16h,1 stop,No info,13044
SpiceJet,15/03/2019,Mumbai,Hyderabad,BOM → HYD,13:10,14:30,1h 20m,non-stop,No check-in baggage included,2385
Vistara,6/03/2019,Mumbai,Hyderabad,BOM → DEL → HYD,08:45,09:25 07 Mar,24h 40m,1 stop,No info,12395
SpiceJet,18/05/2019,Mumbai,Hyderabad,BOM → HYD,22:45,00:15 19 May,1h 30m,non-stop,No check-in baggage included,1965
GoAir,15/05/2019,Banglore,Delhi,BLR → DEL,11:40,14:30,2h 50m,non-stop,No info,3398
SpiceJet,18/03/2019,Kolkata,Banglore,CCU → BLR,22:20,00:40 19 Mar,2h 20m,non-stop,No info,3847
Vistara,21/05/2019,Chennai,Kolkata,MAA → CCU,07:05,09:20,2h 15m,non-stop,No info,3687
IndiGo,3/06/2019,Banglore,Delhi,BLR → DEL,16:55,19:55,3h,non-stop,No info,4823
Jet Airways,24/03/2019,Kolkata,Banglore,CCU → BOM → BLR,08:25,04:45 25 Mar,20h 20m,1 stop,In-flight meal not included,10031
Jet Airways,12/06/2019,Delhi,Cochin,DEL → BOM → COK,14:00,19:00,5h,1 stop,No info,14714
Vistara,9/04/2019,Banglore,Delhi,BLR → DEL,11:30,14:20,2h 50m,non-stop,No info,5403
Air India,12/06/2019,Delhi,Cochin,DEL → BOM → COK,21:00,07:40 13 Jun,10h 40m,1 stop,No info,8372
Air India,3/03/2019,Kolkata,Banglore,CCU → BLR,14:15,16:45,2h 30m,non-stop,No info,13885
Jet Airways,01/03/2019,Banglore,New Delhi,BLR → BOM → DEL,16:55,10:25 02 Mar,17h 30m,1 stop,1 Long layover,25735
Air India,01/03/2019,Banglore,New Delhi,BLR → DEL,06:10,08:55,2h 45m,non-stop,No info,15676
SpiceJet,27/04/2019,Kolkata,Banglore,CCU → BLR,09:00,11:25,2h 25m,non-stop,No check-in baggage included,3841
Jet Airways,18/03/2019,Banglore,New Delhi,BLR → BOM → DEL,11:40,09:00 16 Mar,21h 20m,1 stop,In-flight meal not included,11087
GoAir,1/05/2019,Banglore,Delhi,BLR → DEL,20:55,23:40,2h 45m,non-stop,No info,3898
SpiceJet,24/03/2019,Banglore,New Delhi,BLR → DEL,05:45,08:35,2h 50m,non-stop,No info,4377
Jet Airways,9/06/2019,Delhi,Cochin,DEL → JAI → BOM → COK,05:30,04:25 10 Jun,22h 55m,2 stops,No info,13014
IndiGo,21/03/2019,Kolkata,Banglore,CCU → BLR,05:30,08:20,2h 50m,non-stop,No info,4148
Air India,27/03/2019,Delhi,Cochin,DEL → BOM → COK,08:00,19:15,11h 15m,1 stop,No info,7199
IndiGo,3/03/2019,Delhi,Cochin,DEL → BOM → COK,08:25,15:30,7h 5m,1 stop,No info,14871
Air India,12/05/2019,Banglore,Delhi,BLR → DEL,10:00,12:45,2h 45m,non-stop,No info,5228
IndiGo,18/04/2019,Banglore,Delhi,BLR → DEL,21:15,00:15 19 Apr,3h,non-stop,No info,4591
IndiGo,12/05/2019,Banglore,Delhi,BLR → DEL,21:15,00:15 13 May,3h,non-stop,No info,3943
IndiGo,3/06/2019,Banglore,Delhi,BLR → DEL,06:05,08:50,2h 45m,non-stop,No info,3943
IndiGo,21/03/2019,Delhi,Cochin,DEL → BOM → COK,16:00,21:00,5h,1 stop,No info,6232
Air India,1/05/2019,Delhi,Cochin,DEL → MAA → COK,20:40,09:25 02 May,12h 45m,1 stop,No info,7480
Jet Airways,6/06/2019,Delhi,Cochin,DEL → BOM → COK,02:15,12:35,10h 20m,1 stop,No info,14714
Jet Airways,1/04/2019,Kolkata,Banglore,CCU → DEL → BLR,09:35,18:00,8h 25m,1 stop,In-flight meal not included,9314
IndiGo,27/03/2019,Delhi,Cochin,DEL → COK,05:35,08:50,3h 15m,non-stop,No info,4729
IndiGo,24/03/2019,Kolkata,Banglore,CCU → BLR,15:20,17:55,2h 35m,non-stop,No info,6985
IndiGo,24/06/2019,Kolkata,Banglore,CCU → BLR,17:15,19:50,2h 35m,non-stop,No info,4804
Jet Airways,27/03/2019,Delhi,Cochin,DEL → IDR → BOM → COK,05:25,04:25 28 Mar,23h,2 stops,No info,11664
Multiple carriers,3/06/2019,Delhi,Cochin,DEL → BOM → COK,11:30,19:15,7h 45m,1 stop,No info,14848
IndiGo,6/05/2019,Kolkata,Banglore,CCU → BLR,22:15,00:50 07 May,2h 35m,non-stop,No info,4804
Air India,3/03/2019,Delhi,Cochin,DEL → BLR → COK,06:10,08:15 04 Mar,26h 5m,1 stop,No info,13348
Jet Airways,9/04/2019,Banglore,Delhi,BLR → DEL,18:55,22:00,3h 5m,non-stop,No info,7229
Air Asia,15/04/2019,Banglore,Delhi,BLR → DEL,23:55,02:45 16 Apr,2h 50m,non-stop,No info,4483
IndiGo,15/04/2019,Banglore,Delhi,BLR → DEL,10:10,13:00,2h 50m,non-stop,No info,4423
IndiGo,24/03/2019,Mumbai,Hyderabad,BOM → HYD,16:55,18:25,1h 30m,non-stop,No info,3175
Multiple carriers,27/03/2019,Delhi,Cochin,DEL → BOM → COK,19:00,01:35 28 Mar,6h 35m,1 stop,No info,7845
Multiple carriers,12/06/2019,Delhi,Cochin,DEL → BOM → COK,07:00,19:00,12h,1 stop,No info,12192
Jet Airways,9/05/2019,Mumbai,Hyderabad,BOM → HYD,10:20,11:50,1h 30m,non-stop,In-flight meal not included,4995
Jet Airways,24/05/2019,Kolkata,Banglore,CCU → BOM → BLR,16:30,09:20 25 May,16h 50m,1 stop,In-flight meal not included,9663
Vistara,3/06/2019,Chennai,Kolkata,MAA → CCU,17:45,20:05,2h 20m,non-stop,No info,11982
Air Asia,1/06/2019,Delhi,Cochin,DEL → BLR → COK,16:45,22:25,5h 40m,1 stop,No info,11410
Air India,6/04/2019,Banglore,Delhi,BLR → DEL,10:00,12:45,2h 45m,non-stop,No info,5176
SpiceJet,15/05/2019,Delhi,Cochin,DEL → MAA → COK,06:05,11:20,5h 15m,1 stop,No info,5583
Jet Airways,18/05/2019,Delhi,Cochin,DEL → BOM → COK,13:00,12:35 19 May,23h 35m,1 stop,In-flight meal not included,12373
Jet Airways,18/05/2019,Kolkata,Banglore,CCU → BOM → BLR,08:25,12:00 19 May,27h 35m,1 stop,In-flight meal not included,10844
Air Asia,03/03/2019,Banglore,New Delhi,BLR → DEL,05:50,08:40,2h 50m,non-stop,No info,7074
Jet Airways,21/05/2019,Banglore,Delhi,BLR → DEL,11:10,14:05,2h 55m,non-stop,In-flight meal not included,4030
IndiGo,6/05/2019,Kolkata,Banglore,CCU → BBI → BLR,19:35,23:15,3h 40m,1 stop,No info,4226
Air India,27/03/2019,Delhi,Cochin,DEL → LKO → BOM → COK,07:00,19:15,12h 15m,2 stops,No info,10913
IndiGo,9/05/2019,Kolkata,Banglore,CCU → NAG → BLR,18:05,23:30,5h 25m,1 stop,No info,6218
Multiple carriers,18/05/2019,Delhi,Cochin,DEL → HYD → COK,07:10,22:30,15h 20m,1 stop,No info,7740
Multiple carriers,3/06/2019,Delhi,Cochin,DEL → BOM → COK,06:00,19:15,13h 15m,1 stop,No info,9736
Multiple carriers,9/06/2019,Delhi,Cochin,DEL → BOM → COK,08:00,21:00,13h,1 stop,No info,7408
Jet Airways,21/05/2019,Kolkata,Banglore,CCU → BOM → BLR,08:25,09:20 22 May,24h 55m,1 stop,No info,14388
Multiple carriers,6/06/2019,Delhi,Cochin,DEL → BOM → COK,06:40,19:15,12h 35m,1 stop,No info,7354
Multiple carriers,27/06/2019,Delhi,Cochin,DEL → BOM → COK,19:00,01:30 28 Jun,6h 30m,1 stop,No info,6795
Air India,21/03/2019,Kolkata,Banglore,CCU → BLR,20:45,23:20,2h 35m,non-stop,No info,4435
Multiple carriers,3/06/2019,Delhi,Cochin,DEL → BOM → COK,10:00,21:00,11h,1 stop,No info,13587
IndiGo,9/03/2019,Delhi,Cochin,DEL → HYD → MAA → COK,08:35,21:20,12h 45m,2 stops,No info,8146
Multiple carriers,12/06/2019,Delhi,Cochin,DEL → BOM → COK,09:00,21:00,12h,1 stop,No info,13587
Multiple carriers,9/05/2019,Delhi,Cochin,DEL → BOM → COK,13:00,21:00,8h,1 stop,No info,8073
Air India,6/03/2019,Delhi,Cochin,DEL → BLR → COK,20:30,08:15 07 Mar,11h 45m,1 stop,No info,10566
Multiple carriers,9/06/2019,Delhi,Cochin,DEL → IXU → BOM → COK,17:50,01:30 10 Jun,7h 40m,2 stops,No info,18485
Multiple carriers,6/06/2019,Delhi,Cochin,DEL → BOM → COK,17:30,01:30 07 Jun,8h,1 stop,No info,13377
Jet Airways,9/05/2019,Delhi,Cochin,DEL → AMD → BOM → COK,23:05,04:25 11 May,29h 20m,2 stops,No info,16704
Jet Airways,12/03/2019,Banglore,New Delhi,BLR → BOM → DEL,21:25,09:30 13 Mar,12h 5m,1 stop,No info,13817
Multiple carriers,9/03/2019,Delhi,Cochin,DEL → HYD → COK,07:05,22:20,15h 15m,1 stop,No info,6916
Jet Airways,21/05/2019,Delhi,Cochin,DEL → BOM → COK,20:55,19:00 22 May,22h 5m,1 stop,In-flight meal not included,12898
Air India,3/03/2019,Delhi,Cochin,DEL → BHO → BOM → COK,05:55,07:40 04 Mar,25h 45m,2 stops,No info,15113
Multiple carriers,24/06/2019,Delhi,Cochin,DEL → BOM → COK,06:40,19:00,12h 20m,1 stop,No info,10877
IndiGo,9/03/2019,Delhi,Cochin,DEL → BOM → COK,17:30,01:35 10 Mar,8h 5m,1 stop,No info,12351
Jet Airways,01/03/2019,Banglore,New Delhi,BLR → BOM → DEL,07:00,16:10,9h 10m,1 stop,No info,26890
Jet Airways,6/04/2019,Banglore,Delhi,BLR → DEL,06:00,08:45,2h 45m,non-stop,No info,7229
Multiple carriers,27/03/2019,Delhi,Cochin,DEL → BOM → COK,04:00,18:50,14h 50m,1 stop,No info,11299
Air India,9/05/2019,Kolkata,Banglore,CCU → DEL → COK → BLR,07:00,01:20 10 May,18h 20m,2 stops,No info,13033
IndiGo,15/04/2019,Kolkata,Banglore,CCU → BBI → BLR,19:35,23:15,3h 40m,1 stop,No info,4226
GoAir,1/04/2019,Banglore,Delhi,BLR → DEL,07:45,10:40,2h 55m,non-stop,No info,4239
Jet Airways,12/05/2019,Kolkata,Banglore,CCU → BOM → BLR,16:30,04:40 13 May,12h 10m,1 stop,No info,14388
Jet Airways,15/05/2019,Kolkata,Banglore,CCU → BOM → BLR,16:30,22:35,6h 5m,1 stop,No info,14781
Jet Airways,12/05/2019,Kolkata,Banglore,CCU → DEL → BLR,20:25,14:25 13 May,18h,1 stop,No info,13067
Vistara,6/05/2019,Banglore,Delhi,BLR → DEL,19:30,22:15,2h 45m,non-stop,No info,4878
Air Asia,15/05/2019,Kolkata,Banglore,CCU → DEL → BLR,22:40,10:40 16 May,12h,1 stop,No info,5192
IndiGo,3/06/2019,Delhi,Cochin,DEL → BOM → COK,06:40,21:00,14h 20m,1 stop,No info,6093
Jet Airways,06/03/2019,Banglore,New Delhi,BLR → BOM → DEL,21:25,09:30 07 Mar,12h 5m,1 stop,No info,17261
SpiceJet,21/04/2019,Kolkata,Banglore,CCU → BLR,09:00,11:25,2h 25m,non-stop,No check-in baggage included,4439
Jet Airways,6/06/2019,Delhi,Cochin,DEL → BDQ → BOM → COK,18:25,04:25 07 Jun,10h,2 stops,In-flight meal not included,12142
Air India,18/05/2019,Kolkata,Banglore,CCU → BBI → BOM → BLR,12:00,11:10 19 May,23h 10m,2 stops,No info,10676
Air India,21/05/2019,Delhi,Cochin,DEL → MAA → COK,17:20,09:25 22 May,16h 5m,1 stop,No info,7480
SpiceJet,3/04/2019,Banglore,Delhi,BLR → DEL,21:10,00:05 04 Apr,2h 55m,non-stop,No check-in baggage included,3919
Jet Airways,3/05/2019,Mumbai,Hyderabad,BOM → HYD,10:20,11:50,1h 30m,non-stop,In-flight meal not included,4995
Jet Airways,21/05/2019,Delhi,Cochin,DEL → BOM → COK,18:15,19:00 22 May,24h 45m,1 stop,In-flight meal not included,12898
Multiple carriers,27/06/2019,Delhi,Cochin,DEL → BOM → COK,04:55,19:00,14h 5m,1 stop,No info,10678
Air India,1/06/2019,Mumbai,Hyderabad,BOM → HYD,13:55,15:25,1h 30m,non-stop,No info,3625
Air India,24/06/2019,Delhi,Cochin,DEL → BOM → COK,19:00,07:40 25 Jun,12h 40m,1 stop,No info,8372
Multiple carriers,9/06/2019,Delhi,Cochin,DEL → BOM → COK,19:00,01:30 10 Jun,6h 30m,1 stop,No info,7530
Vistara,9/06/2019,Kolkata,Banglore,CCU → DEL → BLR,17:00,10:45 10 Jun,17h 45m,1 stop,No info,9922
Jet Airways,18/05/2019,Delhi,Cochin,DEL → AMD → BOM → COK,23:05,12:35 19 May,13h 30m,2 stops,No info,15129
IndiGo,1/05/2019,Banglore,Delhi,BLR → DEL,13:00,15:50,2h 50m,non-stop,No info,4423
Air Asia,27/05/2019,Kolkata,Banglore,CCU → BLR,22:50,01:20 28 May,2h 30m,non-stop,No info,3807
Jet Airways,24/06/2019,Delhi,Cochin,DEL → BOM → COK,19:15,04:25 25 Jun,9h 10m,1 stop,In-flight meal not included,10262
Air India,21/05/2019,Kolkata,Banglore,CCU → DEL → COK → BLR,10:00,01:20 22 May,15h 20m,2 stops,No info,13033
IndiGo,21/06/2019,Banglore,Delhi,BLR → DEL,07:10,10:05,2h 55m,non-stop,No info,4823
Jet Airways,12/06/2019,Delhi,Cochin,DEL → BOM → COK,21:50,04:25 13 Jun,6h 35m,1 stop,No info,14714
IndiGo,18/06/2019,Kolkata,Banglore,CCU → BLR,15:15,17:45,2h 30m,non-stop,No info,4804
Jet Airways,9/06/2019,Delhi,Cochin,DEL → BOM → COK,18:15,19:00 10 Jun,24h 45m,1 stop,In-flight meal not included,10577
Vistara,6/06/2019,Kolkata,Banglore,CCU → DEL → BLR,07:10,23:25,16h 15m,1 stop,No info,8610
Jet Airways,27/06/2019,Delhi,Cochin,DEL → AMD → BOM → COK,23:05,04:25 29 Jun,29h 20m,2 stops,No info,12819
Air India,18/05/2019,Kolkata,Banglore,CCU → IXR → DEL → BLR,05:50,12:30 19 May,30h 40m,2 stops,No info,12723
SpiceJet,9/05/2019,Kolkata,Banglore,CCU → BLR,22:20,00:40 10 May,2h 20m,non-stop,No info,3873
Air India,27/05/2019,Delhi,Cochin,DEL → BOM → COK,07:00,19:15,12h 15m,1 stop,No info,9929
Jet Airways,24/05/2019,Kolkata,Banglore,CCU → BOM → BLR,18:55,16:20 25 May,21h 25m,1 stop,In-flight meal not included,10844
Jet Airways,6/05/2019,Kolkata,Banglore,CCU → BOM → BLR,14:05,19:50,5h 45m,1 stop,No info,14781
IndiGo,21/05/2019,Mumbai,Hyderabad,BOM → HYD,16:55,18:25,1h 30m,non-stop,No info,3175
Jet Airways,15/05/2019,Kolkata,Banglore,CCU → BOM → BLR,06:30,20:45,14h 15m,1 stop,No info,14781
IndiGo,09/03/2019,Banglore,New Delhi,BLR → IDR → DEL,17:55,22:55,5h,1 stop,No info,6351
Air Asia,6/05/2019,Kolkata,Banglore,CCU → BLR,19:55,22:25,2h 30m,non-stop,No info,4409
Air India,9/05/2019,Kolkata,Banglore,CCU → BOM → COK → BLR,16:50,13:45 10 May,20h 55m,2 stops,No info,12592
Multiple carriers,12/06/2019,Delhi,Cochin,DEL → BOM → COK,10:20,19:00,8h 40m,1 stop,No info,11789
Jet Airways,18/05/2019,Kolkata,Banglore,CCU → BOM → BLR,08:25,22:35,14h 10m,1 stop,In-flight meal not included,10844
Air India,24/03/2019,Kolkata,Banglore,CCU → IXZ → MAA → BLR,05:40,14:35 25 Mar,32h 55m,2 stops,No info,11522
Air India,21/04/2019,Banglore,Delhi,BLR → DEL,13:20,16:10,2h 50m,non-stop,No info,6121
Multiple carriers,27/03/2019,Delhi,Cochin,DEL → BOM → COK,09:10,19:15,10h 5m,1 stop,No info,10667
SpiceJet,24/03/2019,Banglore,New Delhi,BLR → DEL,09:35,12:30,2h 55m,non-stop,No check-in baggage included,4273
IndiGo,01/03/2019,Banglore,New Delhi,BLR → DEL,10:05,13:00,2h 55m,non-stop,No info,10067
Air India,24/06/2019,Delhi,Cochin,DEL → GOI → BOM → COK,22:00,19:15 25 Jun,21h 15m,2 stops,No info,9181
Air India,24/04/2019,Kolkata,Banglore,CCU → BLR,20:45,23:20,2h 35m,non-stop,No info,4145
Vistara,9/06/2019,Kolkata,Banglore,CCU → DEL → BLR,07:10,20:20,13h 10m,1 stop,No info,9555
Jet Airways,9/05/2019,Kolkata,Banglore,CCU → BOM → BLR,06:30,18:15,11h 45m,1 stop,In-flight meal not included,10844
Jet Airways,3/06/2019,Delhi,Cochin,DEL → JAI → BOM → COK,05:30,19:00,13h 30m,2 stops,No info,13014
Multiple carriers,6/03/2019,Delhi,Cochin,DEL → BOM → COK,07:05,15:30,8h 25m,1 stop,No info,17267
Jet Airways,24/06/2019,Mumbai,Hyderabad,BOM → HYD,19:35,21:05,1h 30m,non-stop,In-flight meal not included,3210
Multiple carriers,3/03/2019,Delhi,Cochin,DEL → BOM → COK,10:20,21:00,10h 40m,1 stop,No info,15147
Jet Airways,6/06/2019,Kolkata,Banglore,CCU → BOM → BLR,08:25,04:40 07 Jun,20h 15m,1 stop,No info,13731
Jet Airways,9/06/2019,Kolkata,Banglore,CCU → BOM → BLR,16:30,23:35,7h 5m,1 stop,No info,14571
Jet Airways,9/06/2019,Delhi,Cochin,DEL → BDQ → BOM → COK,18:25,04:25 10 Jun,10h,2 stops,No info,14237
Jet Airways,1/06/2019,Delhi,Cochin,DEL → BOM → COK,07:05,12:35,5h 30m,1 stop,No info,16079
GoAir,1/05/2019,Kolkata,Banglore,CCU → AMD → BLR,16:40,00:15 02 May,7h 35m,1 stop,No info,6484
IndiGo,9/05/2019,Mumbai,Hyderabad,BOM → HYD,06:25,07:55,1h 30m,non-stop,No info,4049
Air Asia,9/05/2019,Kolkata,Banglore,CCU → BLR,10:20,12:55,2h 35m,non-stop,No info,4409
Multiple carriers,9/05/2019,Delhi,Cochin,DEL → BOM → COK,09:00,21:00,12h,1 stop,No info,8073
Jet Airways,6/06/2019,Banglore,Delhi,BLR → DEL,17:45,20:45,3h,non-stop,No info,8016
Jet Airways,12/03/2019,Banglore,New Delhi,BLR → BOM → DEL,20:35,12:25 13 Mar,15h 50m,1 stop,In-flight meal not included,11087
Vistara,15/05/2019,Banglore,Delhi,BLR → DEL,11:30,14:20,2h 50m,non-stop,No info,4668
Air India,9/06/2019,Delhi,Cochin,DEL → BLR → COK,09:45,23:00,13h 15m,1 stop,No info,8907
Jet Airways,24/06/2019,Delhi,Cochin,DEL → IDR → BOM → COK,05:30,04:25 25 Jun,22h 55m,2 stops,No info,13292
Jet Airways,27/06/2019,Delhi,Cochin,DEL → AMD → BOM → COK,23:05,04:25 29 Jun,29h 20m,2 stops,In-flight meal not included,11150
Vistara,9/03/2019,Delhi,Cochin,DEL → COK,14:55,17:50,2h 55m,non-stop,No info,6741
Jet Airways,12/06/2019,Kolkata,Banglore,CCU → BOM → BLR,08:25,18:15,9h 50m,1 stop,No info,13626
IndiGo,24/05/2019,Kolkata,Banglore,CCU → BLR,17:15,19:50,2h 35m,non-stop,No info,4804
Jet Airways,12/05/2019,Kolkata,Banglore,CCU → DEL → BLR,20:25,10:55 13 May,14h 30m,1 stop,No info,14151
Jet Airways,1/05/2019,Kolkata,Banglore,CCU → BOM → BLR,08:25,20:45,12h 20m,1 stop,In-flight meal not included,10844
Multiple carriers,3/06/2019,Delhi,Cochin,DEL → BOM → COK,06:40,19:15,12h 35m,1 stop,No info,7354
Jet Airways,24/03/2019,Kolkata,Banglore,CCU → BOM → BLR,19:45,18:10 25 Mar,22h 25m,1 stop,No info,13759
IndiGo,6/06/2019,Kolkata,Banglore,CCU → HYD → BLR,15:15,20:30,5h 15m,1 stop,No info,5170
IndiGo,15/05/2019,Delhi,Cochin,DEL → BOM → COK,07:30,21:00,13h 30m,1 stop,No info,7191
Air India,9/03/2019,Delhi,Cochin,DEL → BOM → COK,23:00,19:15 10 Mar,20h 15m,1 stop,No info,11260
IndiGo,3/06/2019,Banglore,Delhi,BLR → DEL,07:10,10:05,2h 55m,non-stop,No info,4823
Vistara,1/05/2019,Kolkata,Banglore,CCU → DEL → BLR,17:00,18:50 02 May,25h 50m,1 stop,No info,8610
IndiGo,6/06/2019,Delhi,Cochin,DEL → HYD → COK,06:50,22:30,15h 40m,1 stop,No info,6674
Jet Airways,27/05/2019,Delhi,Cochin,DEL → BOM → COK,08:00,19:00,11h,1 stop,No info,16289
Jet Airways,06/03/2019,Banglore,New Delhi,BLR → BOM → DEL,11:40,18:25,6h 45m,1 stop,No info,19225
Jet Airways,1/04/2019,Kolkata,Banglore,CCU → DEL → BLR,09:35,19:10,9h 35m,1 stop,In-flight meal not included,9314
Air India,18/05/2019,Delhi,Cochin,DEL → BOM → COK,23:00,07:40 19 May,8h 40m,1 stop,No info,8372
Jet Airways,6/06/2019,Kolkata,Banglore,CCU → BOM → PNQ → BLR,06:30,07:25 07 Jun,24h 55m,2 stops,In-flight meal not included,10118
Jet Airways,9/06/2019,Kolkata,Banglore,CCU → BOM → BLR,20:00,16:20 10 Jun,20h 20m,1 stop,In-flight meal not included,10844
Jet Airways,24/06/2019,Delhi,Cochin,DEL → AMD → BOM → COK,19:10,19:00 25 Jun,23h 50m,2 stops,No info,12819
GoAir,15/04/2019,Delhi,Cochin,DEL → AMD → COK,07:25,13:35,6h 10m,1 stop,No info,5052
Jet Airways,01/03/2019,Banglore,New Delhi,BLR → BOM → DEL,08:00,08:15 02 Mar,24h 15m,1 stop,No info,22270
Jet Airways,06/03/2019,Banglore,New Delhi,BLR → BOM → DEL,08:00,08:15 07 Mar,24h 15m,1 stop,No info,17996
Air India,1/04/2019,Kolkata,Banglore,CCU → BBI → BOM → BLR,12:00,11:10 02 Apr,23h 10m,2 stops,No info,9258
IndiGo,3/04/2019,Kolkata,Banglore,CCU → MAA → BLR,06:15,10:30,4h 15m,1 stop,No info,4226
IndiGo,9/05/2019,Delhi,Cochin,DEL → PNQ → COK,23:30,04:35 10 May,5h 5m,1 stop,No info,8177
Air India,9/05/2019,Delhi,Cochin,DEL → CCU → BOM → COK,06:50,07:40 10 May,24h 50m,2 stops,No info,14431
Jet Airways,12/05/2019,Kolkata,Banglore,CCU → DEL → BLR,09:35,23:35,14h,1 stop,No info,14151
Vistara,9/04/2019,Delhi,Cochin,DEL → COK,06:00,09:10,3h 10m,non-stop,No info,5586
Air India,6/06/2019,Kolkata,Banglore,CCU → GAU → DEL → BLR,09:50,23:15,13h 25m,2 stops,No info,14960
Jet Airways,9/06/2019,Kolkata,Banglore,CCU → DEL → BLR,17:00,10:55 10 Jun,17h 55m,1 stop,No info,14151
Jet Airways,24/03/2019,Kolkata,Banglore,CCU → BOM → BLR,21:10,09:15 25 Mar,12h 5m,1 stop,No info,14231
Jet Airways,15/03/2019,Banglore,New Delhi,BLR → BOM → DEL,07:00,16:10,9h 10m,1 stop,In-flight meal not included,9134
IndiGo,15/05/2019,Banglore,Delhi,BLR → DEL,06:05,08:50,2h 45m,non-stop,No info,4423
Multiple carriers,9/06/2019,Delhi,Cochin,DEL → BOM → COK,04:55,12:35,7h 40m,1 stop,No info,10877
Multiple carriers,27/06/2019,Delhi,Cochin,DEL → BOM → COK,15:15,01:30 28 Jun,10h 15m,1 stop,In-flight meal not included,5797
Air India,03/03/2019,Banglore,New Delhi,BLR → BOM → AMD → DEL,06:45,23:55,17h 10m,2 stops,No info,10573
Jet Airways,9/05/2019,Kolkata,Banglore,CCU → BOM → BLR,21:10,08:15 10 May,11h 5m,1 stop,In-flight meal not included,9663
SpiceJet,15/03/2019,Kolkata,Banglore,CCU → BLR,09:00,11:30,2h 30m,non-stop,No check-in baggage included,3815
IndiGo,3/03/2019,Delhi,Cochin,DEL → BOM → COK,06:40,13:20,6h 40m,1 stop,No info,14871
Jet Airways,24/03/2019,Mumbai,Hyderabad,BOM → HYD,02:55,04:25,1h 30m,non-stop,In-flight meal not included,2071
Vistara,1/05/2019,Kolkata,Banglore,CCU → DEL → BLR,07:10,10:45 02 May,27h 35m,1 stop,No info,9187
IndiGo,15/04/2019,Delhi,Cochin,DEL → HYD → COK,05:05,16:10,11h 5m,1 stop,No info,6171
IndiGo,3/06/2019,Delhi,Cochin,DEL → BOM → COK,11:25,21:00,9h 35m,1 stop,No info,6093
Air India,6/05/2019,Kolkata,Banglore,CCU → HYD → BLR,19:00,04:40 07 May,9h 40m,1 stop,No info,6117
Jet Airways,3/03/2019,Delhi,Cochin,DEL → BOM → COK,02:15,04:25 04 Mar,26h 10m,1 stop,No info,17024
Vistara,12/06/2019,Kolkata,Banglore,CCU → DEL → BLR,07:10,20:20,13h 10m,1 stop,No info,8610
Vistara,12/05/2019,Banglore,Delhi,BLR → DEL,17:00,19:35,2h 35m,non-stop,No info,4878
IndiGo,3/06/2019,Banglore,Delhi,BLR → DEL,13:00,15:50,2h 50m,non-stop,No info,3943
Air India,01/03/2019,Banglore,New Delhi,BLR → AMD → DEL,00:30,23:55,23h 25m,1 stop,1 Long layover,12599
Vistara,9/05/2019,Kolkata,Banglore,CCU → DEL → BLR,17:00,20:20 10 May,27h 20m,1 stop,No info,9555
Jet Airways,15/05/2019,Kolkata,Banglore,CCU → BOM → BLR,16:30,22:35,6h 5m,1 stop,In-flight meal not included,10844
Jet Airways,9/04/2019,Banglore,Delhi,BLR → DEL,06:00,08:45,2h 45m,non-stop,In-flight meal not included,4544
IndiGo,27/04/2019,Kolkata,Banglore,CCU → BLR,14:25,16:55,2h 30m,non-stop,No info,4804
Jet Airways,01/03/2019,Banglore,New Delhi,BLR → BOM → DEL,11:40,07:40 02 Mar,20h,1 stop,No info,22270
Vistara,9/06/2019,Banglore,Delhi,BLR → DEL,17:00,19:35,2h 35m,non-stop,No info,4878
Jet Airways,9/06/2019,Delhi,Cochin,DEL → BOM → COK,22:50,04:25 10 Jun,5h 35m,1 stop,No info,14714
Jet Airways,1/04/2019,Kolkata,Banglore,CCU → BOM → BLR,18:55,20:45 02 Apr,25h 50m,1 stop,In-flight meal not included,7064
Air India,6/05/2019,Kolkata,Banglore,CCU → BOM → COK → BLR,09:25,15:05 07 May,29h 40m,2 stops,No info,11542
IndiGo,21/04/2019,Delhi,Cochin,DEL → HYD → COK,06:50,12:10,5h 20m,1 stop,No info,6968
SpiceJet,1/05/2019,Kolkata,Banglore,CCU → BLR,09:00,11:25,2h 25m,non-stop,No check-in baggage included,3841
Air India,12/03/2019,Mumbai,Hyderabad,BOM → JDH → JAI → DEL → HYD,09:40,15:15 13 Mar,29h 35m,3 stops,No info,18293
Vistara,1/04/2019,Kolkata,Banglore,CCU → DEL → BLR,07:10,22:55,15h 45m,1 stop,No info,8295
IndiGo,18/03/2019,Chennai,Kolkata,MAA → CCU,22:05,00:25 19 Mar,2h 20m,non-stop,No info,5277
Jet Airways,1/06/2019,Delhi,Cochin,DEL → BOM → COK,09:00,12:35 02 Jun,27h 35m,1 stop,In-flight meal not included,10262
SpiceJet,24/03/2019,Banglore,New Delhi,BLR → DEL,05:45,08:35,2h 50m,non-stop,No check-in baggage included,4273
Jet Airways,1/05/2019,Kolkata,Banglore,CCU → BOM → BLR,08:25,16:20,7h 55m,1 stop,In-flight meal not included,10844
IndiGo,12/06/2019,Mumbai,Hyderabad,BOM → HYD,12:00,13:30,1h 30m,non-stop,No info,2754
Air India,1/04/2019,Kolkata,Banglore,CCU → GAU → DEL → BLR,16:45,20:25 02 Apr,27h 40m,2 stops,No info,9920
IndiGo,03/03/2019,Banglore,New Delhi,BLR → DEL,10:05,13:00,2h 55m,non-stop,No info,7648
Jet Airways,1/06/2019,Delhi,Cochin,DEL → BOM → COK,19:45,19:00 02 Jun,23h 15m,1 stop,No info,14714
Air India,24/03/2019,Kolkata,Banglore,CCU → DEL → VGA → BLR,07:00,10:00 25 Mar,27h,2 stops,No info,11491
Jet Airways,9/03/2019,Delhi,Cochin,DEL → BOM → COK,21:50,04:25 10 Mar,6h 35m,1 stop,No info,15029
Jet Airways,24/06/2019,Delhi,Cochin,DEL → BOM → COK,02:15,04:25 25 Jun,26h 10m,1 stop,In-flight meal not included,10262
Jet Airways,27/05/2019,Delhi,Cochin,DEL → AMD → BOM → COK,13:25,04:25 28 May,15h,2 stops,No info,16704
IndiGo,9/06/2019,Mumbai,Hyderabad,BOM → HYD,09:10,10:40,1h 30m,non-stop,No info,4049
Jet Airways,18/05/2019,Kolkata,Banglore,CCU → BOM → BLR,14:05,22:35,8h 30m,1 stop,No info,14781
IndiGo,21/05/2019,Kolkata,Banglore,CCU → BLR,15:30,18:05,2h 35m,non-stop,No info,4804
Multiple carriers,1/06/2019,Delhi,Cochin,DEL → BOM → COK,10:00,01:30 02 Jun,15h 30m,1 stop,No info,7198
Air India,15/06/2019,Delhi,Cochin,DEL → GOI → BOM → COK,10:55,07:40 16 Jun,20h 45m,2 stops,No info,11753
SpiceJet,15/06/2019,Kolkata,Banglore,CCU → BLR,22:20,00:40 16 Jun,2h 20m,non-stop,No check-in baggage included,3841
Air India,6/04/2019,Kolkata,Banglore,CCU → BLR,20:45,23:20,2h 35m,non-stop,No info,4460
IndiGo,12/04/2019,Kolkata,Banglore,CCU → BLR,15:30,18:05,2h 35m,non-stop,No info,4174
Multiple carriers,9/03/2019,Delhi,Cochin,DEL → BOM → COK,04:00,12:55,8h 55m,1 stop,No info,16259
SpiceJet,3/05/2019,Kolkata,Banglore,CCU → BLR,09:00,11:25,2h 25m,non-stop,No info,3873
Jet Airways,12/06/2019,Delhi,Cochin,DEL → JAI → BOM → COK,09:40,04:25 13 Jun,18h 45m,2 stops,No info,13014
Multiple carriers,6/03/2019,Delhi,Cochin,DEL → BOM → COK,07:00,15:30,8h 30m,1 stop,No info,15603
Jet Airways,21/03/2019,Banglore,New Delhi,BLR → BOM → DEL,20:35,10:25 19 Mar,13h 50m,1 stop,In-flight meal not included,7832
Jet Airways,01/03/2019,Banglore,New Delhi,BLR → BOM → DEL,05:45,15:15,9h 30m,1 stop,No info,26890
GoAir,21/06/2019,Banglore,Delhi,BLR → DEL,20:55,23:40,2h 45m,non-stop,No info,3898
Jet Airways,6/03/2019,Mumbai,Hyderabad,BOM → BDQ → DEL → HYD,13:05,16:50 07 Mar,27h 45m,2 stops,No info,21375
Jet Airways,24/03/2019,Kolkata,Banglore,CCU → BOM → BLR,21:10,10:05 25 Mar,12h 55m,1 stop,No info,14914
Air Asia,27/03/2019,Delhi,Cochin,DEL → BLR → COK,20:10,07:10 28 Mar,11h,1 stop,No info,6151
Jet Airways,1/06/2019,Banglore,Delhi,BLR → DEL,15:15,18:10,2h 55m,non-stop,No info,8016
Air India,6/06/2019,Kolkata,Banglore,CCU → BBI → BLR,12:00,13:15 07 Jun,25h 15m,1 stop,No info,7662
Air India,9/05/2019,Delhi,Cochin,DEL → MAA → COK,06:05,09:25 10 May,27h 20m,1 stop,No info,7480
SpiceJet,12/04/2019,Banglore,Delhi,BLR → DEL,21:10,00:05 13 Apr,2h 55m,non-stop,No info,5621
IndiGo,21/03/2019,Banglore,New Delhi,BLR → DEL,01:30,04:15,2h 45m,non-stop,No info,4777
Air India,15/03/2019,Banglore,New Delhi,BLR → CCU → GAU → DEL,05:50,22:10,16h 20m,2 stops,No info,10111
Jet Airways,21/03/2019,Delhi,Cochin,DEL → JAI → BOM → COK,05:30,04:25 22 Mar,22h 55m,2 stops,No info,12647
IndiGo,9/06/2019,Chennai,Kolkata,MAA → CCU,22:05,00:25 10 Jun,2h 20m,non-stop,No info,5277
Jet Airways,27/05/2019,Delhi,Cochin,DEL → BOM → COK,02:15,12:35,10h 20m,1 stop,In-flight meal not included,10152
IndiGo,3/06/2019,Delhi,Cochin,DEL → HYD → COK,06:50,22:30,15h 40m,1 stop,No info,7514
Multiple carriers,9/06/2019,Delhi,Cochin,DEL → BOM → COK,17:00,01:30 10 Jun,8h 30m,1 stop,No info,7408
Jet Airways,6/06/2019,Delhi,Cochin,DEL → BOM → COK,11:30,04:25 07 Jun,16h 55m,1 stop,No info,14714
IndiGo,18/03/2019,Banglore,New Delhi,BLR → DEL,22:20,01:10 19 Mar,2h 50m,non-stop,No info,4545
Multiple carriers,1/06/2019,Delhi,Cochin,DEL → BOM → COK,07:00,21:00,14h,1 stop,No info,7408
Jet Airways,27/06/2019,Delhi,Cochin,DEL → BOM → COK,19:45,12:35 28 Jun,16h 50m,1 stop,In-flight meal not included,10262
Jet Airways,1/05/2019,Delhi,Cochin,DEL → AMD → BOM → COK,23:05,19:00 02 May,19h 55m,2 stops,No info,15129
Jet Airways,18/05/2019,Kolkata,Banglore,CCU → BOM → BLR,08:25,19:50,11h 25m,1 stop,In-flight meal not included,10844
Jet Airways,06/03/2019,Banglore,New Delhi,BLR → BOM → DEL,11:40,05:05 07 Mar,17h 25m,1 stop,No info,16736
Jet Airways,12/06/2019,Delhi,Cochin,DEL → JAI → BOM → COK,05:30,19:00,13h 30m,2 stops,In-flight meal not included,10368
Multiple carriers,15/05/2019,Delhi,Cochin,DEL → BOM → COK,07:30,21:00,13h 30m,1 stop,No info,8405
Jet Airways,15/06/2019,Delhi,Cochin,DEL → BOM → COK,07:05,12:35,5h 30m,1 stop,In-flight meal not included,10262
SpiceJet,24/06/2019,Mumbai,Hyderabad,BOM → HYD,13:15,14:45,1h 30m,non-stop,No info,2017
Air India,1/04/2019,Kolkata,Banglore,CCU → GAU → BLR,09:50,21:05,11h 15m,1 stop,No info,8030
Multiple carriers,9/03/2019,Delhi,Cochin,DEL → BOM → COK,00:20,12:55,12h 35m,1 stop,In-flight meal not included,18260
Jet Airways,15/06/2019,Delhi,Cochin,DEL → BOM → COK,09:00,12:35 16 Jun,27h 35m,1 stop,In-flight meal not included,10262
Multiple carriers,9/05/2019,Delhi,Cochin,DEL → HYD → COK,13:15,22:30,9h 15m,1 stop,No info,8888
Air Asia,3/04/2019,Kolkata,Banglore,CCU → BLR,22:50,01:20 04 Apr,2h 30m,non-stop,No info,3807
Jet Airways,18/05/2019,Delhi,Cochin,DEL → AMD → BOM → COK,13:25,12:35 19 May,23h 10m,2 stops,No info,15129
IndiGo,6/06/2019,Kolkata,Banglore,CCU → BLR,14:25,16:55,2h 30m,non-stop,No info,4804
Air India,21/06/2019,Delhi,Cochin,DEL → COK,14:10,17:10,3h,non-stop,No info,5201
Air India,21/03/2019,Delhi,Cochin,DEL → HYD → BOM → COK,17:15,19:15 22 Mar,26h,2 stops,No info,8770
Multiple carriers,3/06/2019,Delhi,Cochin,DEL → BOM → COK,12:50,21:00,8h 10m,1 stop,No info,7740
IndiGo,1/05/2019,Delhi,Cochin,DEL → BOM → COK,18:35,01:30 02 May,6h 55m,1 stop,No info,8854
Multiple carriers,21/05/2019,Delhi,Cochin,DEL → BOM → COK,13:00,01:30 22 May,12h 30m,1 stop,No info,7888
Jet Airways,1/05/2019,Kolkata,Banglore,CCU → BOM → BLR,20:00,09:20 02 May,13h 20m,1 stop,In-flight meal not included,9663
Jet Airways,24/05/2019,Kolkata,Banglore,CCU → DEL → BLR,20:25,09:45 25 May,13h 20m,1 stop,No info,13067
IndiGo,15/03/2019,Kolkata,Banglore,CCU → BLR,14:20,16:55,2h 35m,non-stop,No info,4778
Multiple carriers,6/03/2019,Delhi,Cochin,DEL → BOM → COK,13:55,21:00,7h 5m,1 stop,In-flight meal not included,15136
Jet Airways,9/03/2019,Delhi,Cochin,DEL → BOM → COK,17:25,04:25 10 Mar,11h,1 stop,In-flight meal not included,11848
Air India,24/03/2019,Kolkata,Banglore,CCU → BOM → GOI → BLR,09:25,05:35 25 Mar,20h 10m,2 stops,No info,11774
Air India,12/06/2019,Delhi,Cochin,DEL → JAI → BOM → COK,12:00,19:15,7h 15m,2 stops,No info,8603
Multiple carriers,3/03/2019,Delhi,Cochin,DEL → HYD → COK,13:05,22:20,9h 15m,1 stop,No info,14153
Jet Airways,18/03/2019,Banglore,New Delhi,BLR → BOM → DEL,16:55,05:05 16 Mar,12h 10m,1 stop,In-flight meal not included,11087
IndiGo,24/06/2019,Delhi,Cochin,DEL → BLR → COK,17:05,22:15,5h 10m,1 stop,No info,6147
Air India,12/03/2019,Chennai,Kolkata,MAA → CCU,11:40,13:55,2h 15m,non-stop,No info,7082
SpiceJet,9/05/2019,Banglore,Delhi,BLR → DEL,21:10,00:05 10 May,2h 55m,non-stop,No check-in baggage included,4319
Jet Airways,6/05/2019,Kolkata,Banglore,CCU → GAU → BLR,10:20,17:35,7h 15m,1 stop,No info,9358
Air India,6/06/2019,Kolkata,Banglore,CCU → IXR → DEL → BLR,05:50,12:30 07 Jun,30h 40m,2 stops,No info,12723
IndiGo,21/03/2019,Delhi,Cochin,DEL → MAA → COK,02:05,07:25,5h 20m,1 stop,No info,4862
Air India,24/03/2019,Kolkata,Banglore,CCU → BBI → BOM → BLR,09:10,11:10 25 Mar,26h,2 stops,No info,15187
Jet Airways,6/03/2019,Delhi,Cochin,DEL → AMD → BOM → COK,19:10,04:25 08 Mar,33h 15m,2 stops,No info,20694
Multiple carriers,27/06/2019,Delhi,Cochin,DEL → BOM → COK,11:30,19:15,7h 45m,1 stop,No info,14848
GoAir,3/04/2019,Delhi,Cochin,DEL → BOM → COK,10:35,19:35,9h,1 stop,No info,5135
Multiple carriers,12/06/2019,Delhi,Cochin,DEL → BOM → COK,04:55,19:15,14h 20m,1 stop,No info,7155
Jet Airways,1/04/2019,Kolkata,Banglore,CCU → DEL → BLR,20:25,22:05 02 Apr,25h 40m,1 stop,No info,12121
Jet Airways,3/06/2019,Delhi,Cochin,DEL → BOM → COK,19:15,19:00 04 Jun,23h 45m,1 stop,In-flight meal not included,10262
Vistara,24/05/2019,Kolkata,Banglore,CCU → DEL → BLR,17:00,20:20 25 May,27h 20m,1 stop,No info,9870
Air India,9/05/2019,Delhi,Cochin,DEL → JAI → BOM → COK,18:45,19:15 10 May,24h 30m,2 stops,No info,11942
Jet Airways,6/06/2019,Kolkata,Banglore,CCU → DEL → BLR,17:00,14:25 07 Jun,21h 25m,1 stop,In-flight meal not included,10539
Multiple carriers,9/06/2019,Delhi,Cochin,DEL → BOM → COK,12:50,01:30 10 Jun,12h 40m,1 stop,No info,6795
Jet Airways,21/05/2019,Kolkata,Banglore,CCU → DEL → BLR,17:00,23:35,6h 35m,1 stop,No info,14151
Jet Airways,18/03/2019,Mumbai,Hyderabad,BOM → HYD,02:55,04:25,1h 30m,non-stop,In-flight meal not included,2228
Jet Airways,27/06/2019,Delhi,Cochin,DEL → BOM → COK,10:00,19:00,9h,1 stop,No info,14714
IndiGo,21/03/2019,Delhi,Cochin,DEL → HYD → COK,16:10,22:20,6h 10m,1 stop,No info,6528
IndiGo,15/04/2019,Delhi,Cochin,DEL → HYD → COK,06:50,12:10,5h 20m,1 stop,No info,5761
SpiceJet,6/05/2019,Chennai,Kolkata,MAA → CCU,08:20,10:35,2h 15m,non-stop,No check-in baggage included,3859
Air India,12/06/2019,Delhi,Cochin,DEL → JAI → BOM → COK,18:45,19:15 13 Jun,24h 30m,2 stops,No info,11732
Multiple carriers,6/06/2019,Delhi,Cochin,DEL → BOM → COK,08:45,19:00,10h 15m,1 stop,No info,12524
Air India,1/04/2019,Kolkata,Banglore,CCU → DEL → BLR,20:30,12:00 02 Apr,15h 30m,1 stop,No info,7893
Multiple carriers,9/05/2019,Delhi,Cochin,DEL → BOM → COK,07:05,21:00,13h 55m,1 stop,In-flight meal not included,10546
IndiGo,9/05/2019,Banglore,Delhi,BLR → DEL,10:10,13:00,2h 50m,non-stop,No info,3943
Jet Airways,27/03/2019,Delhi,Cochin,DEL → BOM → COK,07:05,18:50,11h 45m,1 stop,No info,12032
IndiGo,9/05/2019,Banglore,Delhi,BLR → DEL,04:00,06:50,2h 50m,non-stop,No info,3943
Jet Airways,24/03/2019,Kolkata,Banglore,CCU → BOM → BLR,06:30,16:20,9h 50m,1 stop,In-flight meal not included,8824
Jet Airways,18/03/2019,Banglore,New Delhi,BLR → BOM → DEL,11:40,19:10,7h 30m,1 stop,No info,14815
IndiGo,1/03/2019,Kolkata,Banglore,CCU → BLR,14:20,16:55,2h 35m,non-stop,No info,6565
Vistara,1/05/2019,Chennai,Kolkata,MAA → CCU,07:05,09:20,2h 15m,non-stop,No info,3687
Jet Airways,24/06/2019,Delhi,Cochin,DEL → BOM → COK,21:50,12:35 25 Jun,14h 45m,1 stop,In-flight meal not included,10262
IndiGo,21/06/2019,Mumbai,Hyderabad,BOM → HYD,19:05,20:35,1h 30m,non-stop,No info,4049
IndiGo,6/03/2019,Delhi,Cochin,DEL → COK,05:35,08:50,3h 15m,non-stop,No info,7673
IndiGo,21/05/2019,Banglore,Delhi,BLR → DEL,18:25,21:20,2h 55m,non-stop,No info,4823
IndiGo,18/04/2019,Banglore,Delhi,BLR → DEL,18:55,21:50,2h 55m,non-stop,No info,5780
SpiceJet,24/05/2019,Banglore,Delhi,BLR → DEL,09:30,12:20,2h 50m,non-stop,No check-in baggage included,3573
Air Asia,18/05/2019,Delhi,Cochin,DEL → BLR → COK,20:45,07:10 19 May,10h 25m,1 stop,No info,7452
Air India,24/05/2019,Kolkata,Banglore,CCU → DEL → BLR,10:00,20:25,10h 25m,1 stop,No info,10413
Vistara,1/05/2019,Kolkata,Banglore,CCU → DEL → BLR,20:20,10:45 02 May,14h 25m,1 stop,No info,9187
Jet Airways,6/03/2019,Delhi,Cochin,DEL → BOM → COK,07:05,18:50,11h 45m,1 stop,No info,17234
Jet Airways,15/03/2019,Banglore,New Delhi,BLR → BDQ → DEL,05:50,12:20,6h 30m,1 stop,No info,9623
Jet Airways,12/06/2019,Kolkata,Banglore,CCU → BOM → BLR,14:05,19:50,5h 45m,1 stop,No info,13626
Air Asia,24/03/2019,Banglore,New Delhi,BLR → DEL,05:50,08:40,2h 50m,non-stop,No info,4284
IndiGo,18/03/2019,Banglore,New Delhi,BLR → HYD → DEL,16:55,21:50,4h 55m,1 stop,No info,4049
Jet Airways,12/06/2019,Kolkata,Banglore,CCU → DEL → BLR,17:00,18:00 13 Jun,25h,1 stop,No info,12692
IndiGo,15/03/2019,Kolkata,Banglore,CCU → BLR,20:25,23:05,2h 40m,non-stop,No info,4462
IndiGo,27/03/2019,Mumbai,Hyderabad,BOM → HYD,19:05,20:30,1h 25m,non-stop,No info,2754
Jet Airways,9/05/2019,Delhi,Cochin,DEL → AMD → BOM → COK,23:05,19:00 10 May,19h 55m,2 stops,No info,15129
SpiceJet,9/03/2019,Kolkata,Banglore,CCU → BLR,06:55,09:35,2h 40m,non-stop,No info,4622
Multiple carriers,24/06/2019,Delhi,Cochin,DEL → BOM → COK,08:30,19:00,10h 30m,1 stop,No info,10877
IndiGo,3/04/2019,Kolkata,Banglore,CCU → BLR,17:15,19:50,2h 35m,non-stop,No info,4174
SpiceJet,6/06/2019,Delhi,Cochin,DEL → MAA → COK,15:45,22:05,6h 20m,1 stop,No info,5583
Jet Airways,21/04/2019,Banglore,Delhi,BLR → DEL,15:15,18:10,2h 55m,non-stop,No info,7229
Jet Airways,24/03/2019,Banglore,New Delhi,BLR → BOM → DEL,22:50,12:15 19 Mar,13h 25m,1 stop,In-flight meal not included,7832
Multiple carriers,1/06/2019,Delhi,Cochin,DEL → BOM → COK,17:30,01:30 02 Jun,8h,1 stop,No info,13377
Jet Airways,9/06/2019,Kolkata,Banglore,CCU → DEL → BLR,17:00,22:05 10 Jun,29h 5m,1 stop,No info,12692
IndiGo,9/05/2019,Delhi,Cochin,DEL → HYD → COK,06:50,22:30,15h 40m,1 stop,No info,6734
IndiGo,3/04/2019,Kolkata,Banglore,CCU → HYD → BLR,19:20,23:45,4h 25m,1 stop,No info,3480
Jet Airways,1/04/2019,Kolkata,Banglore,CCU → BOM → BLR,20:00,16:20 02 Apr,20h 20m,1 stop,No info,12681
IndiGo,15/06/2019,Banglore,Delhi,BLR → DEL,23:30,02:20 16 Jun,2h 50m,non-stop,No info,4077
Jet Airways,3/06/2019,Mumbai,Hyderabad,BOM → HYD,19:35,21:05,1h 30m,non-stop,In-flight meal not included,3210
Air Asia,15/05/2019,Delhi,Cochin,DEL → BLR → COK,16:45,22:25,5h 40m,1 stop,No info,6752
Jet Airways,01/03/2019,Banglore,New Delhi,BLR → BOM → DEL,22:50,10:25 02 Mar,11h 35m,1 stop,1 Long layover,31825
Jet Airways,1/05/2019,Kolkata,Banglore,CCU → BOM → BLR,20:00,04:40 02 May,8h 40m,1 stop,No info,13941
SpiceJet,6/06/2019,Kolkata,Banglore,CCU → BLR,09:00,11:25,2h 25m,non-stop,No check-in baggage included,3841
Jet Airways,6/03/2019,Delhi,Cochin,DEL → UDR → BOM → COK,17:55,04:25 08 Mar,34h 30m,2 stops,In-flight meal not included,15812
SpiceJet,18/06/2019,Kolkata,Banglore,CCU → BLR,17:10,19:40,2h 30m,non-stop,No info,3873
Jet Airways,15/04/2019,Banglore,Delhi,BLR → DEL,06:00,08:45,2h 45m,non-stop,No info,7229
SpiceJet,27/03/2019,Kolkata,Banglore,CCU → BLR,06:55,09:35,2h 40m,non-stop,No check-in baggage included,3815
Jet Airways,9/05/2019,Delhi,Cochin,DEL → JAI → BOM → COK,09:40,04:25 10 May,18h 45m,2 stops,No info,15129
Jet Airways,12/05/2019,Kolkata,Banglore,CCU → DEL → BLR,17:00,21:05 13 May,28h 5m,1 stop,In-flight meal not included,10703
Jet Airways,12/06/2019,Banglore,Delhi,BLR → DEL,17:45,20:45,3h,non-stop,No info,8016
IndiGo,6/03/2019,Delhi,Cochin,DEL → BOM → COK,17:30,01:35 07 Mar,8h 5m,1 stop,No info,14871
Jet Airways,6/06/2019,Delhi,Cochin,DEL → LKO → BOM → COK,09:25,04:25 07 Jun,19h,2 stops,In-flight meal not included,11992
IndiGo,18/06/2019,Chennai,Kolkata,MAA → CCU,13:15,15:35,2h 20m,non-stop,No info,3597
Jet Airways,24/05/2019,Mumbai,Hyderabad,BOM → HYD,07:05,08:30,1h 25m,non-stop,No info,8040
Jet Airways,9/05/2019,Kolkata,Banglore,CCU → BOM → BLR,14:05,22:35,8h 30m,1 stop,In-flight meal not included,10844
Air India,12/06/2019,Delhi,Cochin,DEL → COK,05:10,08:00,2h 50m,non-stop,No info,5201
IndiGo,21/05/2019,Delhi,Cochin,DEL → HYD → COK,05:05,12:10,7h 5m,1 stop,No info,6818
Jet Airways,27/05/2019,Delhi,Cochin,DEL → BOM → COK,13:00,19:00,6h,1 stop,No info,16079
Jet Airways,21/03/2019,Banglore,New Delhi,BLR → BOM → DEL,05:45,21:20,15h 35m,1 stop,In-flight meal not included,7832
Jet Airways,15/05/2019,Kolkata,Banglore,CCU → BOM → BLR,08:25,19:50,11h 25m,1 stop,In-flight meal not included,10844
Jet Airways,12/06/2019,Mumbai,Hyderabad,BOM → HYD,10:20,11:50,1h 30m,non-stop,In-flight meal not included,4995
SpiceJet,24/03/2019,Chennai,Kolkata,MAA → CCU,08:20,10:35,2h 15m,non-stop,No info,3859
Air India,24/03/2019,Banglore,New Delhi,BLR → DEL,10:00,12:45,2h 45m,non-stop,No info,7276
Jet Airways,6/06/2019,Kolkata,Banglore,CCU → BOM → BLR,20:00,12:00 07 Jun,16h,1 stop,No info,14571
Vistara,03/03/2019,Banglore,New Delhi,BLR → DEL,19:40,22:20,2h 40m,non-stop,No info,8553
Air India,9/04/2019,Delhi,Cochin,DEL → BHO → BOM → COK,05:55,07:40 10 Apr,25h 45m,2 stops,No info,10021
Air India,1/06/2019,Delhi,Cochin,DEL → HYD → BOM → COK,17:15,19:15 02 Jun,26h,2 stops,No info,12970
Multiple carriers,6/03/2019,Delhi,Cochin,DEL → BOM → COK,07:30,18:50,11h 20m,1 stop,No info,15135
Jet Airways,9/06/2019,Kolkata,Banglore,CCU → DEL → BLR,17:00,22:05 10 Jun,29h 5m,1 stop,In-flight meal not included,10539
Jet Airways,12/05/2019,Kolkata,Banglore,CCU → BOM → BLR,16:30,16:20 13 May,23h 50m,1 stop,In-flight meal not included,10844
Multiple carriers,21/03/2019,Delhi,Cochin,DEL → BOM → COK,11:40,21:00,9h 20m,1 stop,No info,7215
SpiceJet,03/03/2019,Banglore,New Delhi,BLR → DEL,09:35,12:30,2h 55m,non-stop,No info,7648
Jet Airways,18/05/2019,Kolkata,Banglore,CCU → DEL → BLR,20:25,23:35 19 May,27h 10m,1 stop,No info,14151
Jet Airways,15/06/2019,Mumbai,Hyderabad,BOM → HYD,07:05,08:30,1h 25m,non-stop,In-flight meal not included,4050
IndiGo,9/05/2019,Mumbai,Hyderabad,BOM → HYD,02:35,04:05,1h 30m,non-stop,No info,2754
IndiGo,09/03/2019,Banglore,New Delhi,BLR → DEL,01:30,04:15,2h 45m,non-stop,No info,4545
Jet Airways,27/03/2019,Delhi,Cochin,DEL → BOM → COK,09:55,18:50,8h 55m,1 stop,In-flight meal not included,5963
Multiple carriers,12/06/2019,Delhi,Cochin,DEL → HYD → COK,09:45,16:10,6h 25m,1 stop,No info,9646
Jet Airways,12/06/2019,Kolkata,Banglore,CCU → BOM → BLR,16:30,19:50 13 Jun,27h 20m,1 stop,In-flight meal not included,8529
Air India,12/05/2019,Kolkata,Banglore,CCU → DEL → BLR,20:30,16:15 13 May,19h 45m,1 stop,No info,10203
Jet Airways,9/05/2019,Delhi,Cochin,DEL → JAI → BOM → COK,05:30,04:25 10 May,22h 55m,2 stops,In-flight meal not included,13029
Air India,3/06/2019,Delhi,Cochin,DEL → AMD → BOM → COK,16:40,19:15 04 Jun,26h 35m,2 stops,No info,9968
Air India,12/03/2019,Banglore,New Delhi,BLR → BOM → IDR → GWL → DEL,06:45,18:05 13 Mar,35h 20m,3 stops,No info,13387
IndiGo,27/05/2019,Mumbai,Hyderabad,BOM → HYD,16:55,18:25,1h 30m,non-stop,No info,3175
SpiceJet,15/04/2019,Kolkata,Banglore,CCU → BLR,17:10,19:40,2h 30m,non-stop,No check-in baggage included,3841
Air India,27/05/2019,Delhi,Cochin,DEL → GOI → BOM → COK,22:00,19:15 28 May,21h 15m,2 stops,No info,10231
GoAir,3/06/2019,Delhi,Cochin,DEL → AMD → COK,07:25,13:35,6h 10m,1 stop,No info,6976
Air India,9/03/2019,Delhi,Cochin,DEL → AMD → BOM → COK,16:40,19:15 10 Mar,26h 35m,2 stops,No info,11911
Air India,01/03/2019,Banglore,New Delhi,BLR → HYD → DEL,17:00,23:10,6h 10m,1 stop,No info,11628
Multiple carriers,27/05/2019,Delhi,Cochin,DEL → HYD → COK,14:55,22:30,7h 35m,1 stop,No info,7038
Air Asia,6/06/2019,Banglore,Delhi,BLR → DEL,11:10,13:55,2h 45m,non-stop,No info,4483
IndiGo,15/04/2019,Banglore,Delhi,BLR → DEL,16:55,19:55,3h,non-stop,No info,4823
Air India,6/03/2019,Delhi,Cochin,DEL → BOM → COK,04:00,07:40 07 Mar,27h 40m,1 stop,No info,12940
Jet Airways,21/03/2019,Banglore,New Delhi,BLR → BOM → DEL,08:55,19:10,10h 15m,1 stop,In-flight meal not included,7832
Jet Airways,12/05/2019,Kolkata,Banglore,CCU → BOM → BLR,18:55,09:20 13 May,14h 25m,1 stop,In-flight meal not included,9663
IndiGo,1/04/2019,Mumbai,Hyderabad,BOM → HYD,02:35,04:05,1h 30m,non-stop,No info,2754
SpiceJet,24/03/2019,Banglore,New Delhi,BLR → DEL,20:30,23:20,2h 50m,non-stop,No check-in baggage included,3873
Air India,12/06/2019,Delhi,Cochin,DEL → GOI → BOM → COK,10:55,07:40 13 Jun,20h 45m,2 stops,No info,11753
Jet Airways,6/06/2019,Delhi,Cochin,DEL → BOM → COK,21:50,04:25 07 Jun,6h 35m,1 stop,No info,14714
Air India,12/03/2019,Mumbai,Hyderabad,BOM → GOI → PNQ → HYD,21:10,16:55,4h 15m,2 stops,No info,16172
SpiceJet,1/03/2019,Kolkata,Banglore,CCU → BLR,09:00,11:30,2h 30m,non-stop,No info,5515
Jet Airways,1/06/2019,Delhi,Cochin,DEL → BOM → COK,19:15,04:25 02 Jun,9h 10m,1 stop,No info,14714
Jet Airways,27/03/2019,Delhi,Cochin,DEL → IXC → BOM → COK,06:20,04:25 28 Mar,22h 5m,2 stops,In-flight meal not included,9296
IndiGo,21/03/2019,Delhi,Cochin,DEL → BLR → COK,02:00,07:45,5h 45m,1 stop,No info,6426
Multiple carriers,9/05/2019,Delhi,Cochin,DEL → BOM → COK,10:00,01:30 10 May,15h 30m,1 stop,No info,15078
Jet Airways,15/05/2019,Kolkata,Banglore,CCU → DEL → BLR,17:00,19:10 16 May,26h 10m,1 stop,No info,14151
Jet Airways,15/06/2019,Delhi,Cochin,DEL → BOM → COK,20:55,19:00 16 Jun,22h 5m,1 stop,In-flight meal not included,10262
Jet Airways,9/06/2019,Kolkata,Banglore,CCU → BOM → BLR,18:55,18:15 10 Jun,23h 20m,1 stop,In-flight meal not included,10844
Air India,9/05/2019,Delhi,Cochin,DEL → GOI → BOM → COK,22:00,19:15 10 May,21h 15m,2 stops,No info,10441
Jet Airways,1/06/2019,Delhi,Cochin,DEL → BOM → COK,13:00,19:00,6h,1 stop,In-flight meal not included,10262
Jet Airways,9/05/2019,Kolkata,Banglore,CCU → BOM → BLR,08:25,09:20 10 May,24h 55m,1 stop,In-flight meal not included,9663
IndiGo,15/04/2019,Banglore,Delhi,BLR → DEL,23:30,02:20 16 Apr,2h 50m,non-stop,No info,4591
Jet Airways,12/05/2019,Kolkata,Banglore,CCU → BOM → BLR,06:30,19:50,13h 20m,1 stop,In-flight meal not included,8586
Air India,27/05/2019,Delhi,Cochin,DEL → BOM → COK,09:00,19:15,10h 15m,1 stop,No info,9929
IndiGo,6/06/2019,Banglore,Delhi,BLR → DEL,01:30,04:15,2h 45m,non-stop,No info,3943
IndiGo,1/06/2019,Delhi,Cochin,DEL → PNQ → COK,23:30,04:35 02 Jun,5h 5m,1 stop,No info,10112
Jet Airways,21/03/2019,Delhi,Cochin,DEL → BDQ → BOM → COK,18:25,04:25 22 Mar,10h,2 stops,In-flight meal not included,7791
Jet Airways,12/05/2019,Kolkata,Banglore,CCU → BOM → BLR,08:25,19:50,11h 25m,1 stop,In-flight meal not included,8586
Air India,6/06/2019,Kolkata,Banglore,CCU → JAI → BOM → BLR,08:20,21:50,13h 30m,2 stops,No info,10697
SpiceJet,18/05/2019,Kolkata,Banglore,CCU → BLR,06:55,09:30,2h 35m,non-stop,No check-in baggage included,3841
IndiGo,27/06/2019,Banglore,Delhi,BLR → DEL,08:30,11:20,2h 50m,non-stop,No info,4823
IndiGo,24/05/2019,Kolkata,Banglore,CCU → NAG → BLR,18:05,23:30,5h 25m,1 stop,No info,6218
IndiGo,6/03/2019,Delhi,Cochin,DEL → HYD → COK,07:35,16:10,8h 35m,1 stop,No info,7094
Air India,18/06/2019,Kolkata,Banglore,CCU → BLR,14:15,16:45,2h 30m,non-stop,No info,5510
Jet Airways,15/05/2019,Kolkata,Banglore,CCU → BOM → BLR,18:55,20:45 16 May,25h 50m,1 stop,In-flight meal not included,10844
Jet Airways,9/06/2019,Kolkata,Banglore,CCU → BOM → BLR,08:25,04:40 10 Jun,20h 15m,1 stop,In-flight meal not included,8586
IndiGo,12/06/2019,Delhi,Cochin,DEL → MAA → COK,02:00,07:25,5h 25m,1 stop,No info,5636
GoAir,15/06/2019,Banglore,Delhi,BLR → DEL,20:55,23:40,2h 45m,non-stop,No info,3898
Jet Airways,21/03/2019,Delhi,Cochin,DEL → BOM → COK,02:15,18:50,16h 35m,1 stop,No info,12719
Multiple carriers,3/03/2019,Delhi,Cochin,DEL → GWL → IDR → BOM → COK,11:35,21:00,9h 25m,3 stops,No info,21829
Multiple carriers,1/06/2019,Delhi,Cochin,DEL → BOM → COK,08:00,21:00,13h,1 stop,No info,13587
Multiple carriers,24/06/2019,Delhi,Cochin,DEL → BOM → COK,09:00,21:00,12h,1 stop,No info,8143
IndiGo,15/05/2019,Kolkata,Banglore,CCU → HYD → BLR,15:15,20:05,4h 50m,1 stop,No info,5380
Jet Airways,6/06/2019,Kolkata,Banglore,CCU → BOM → BLR,06:30,04:40 07 Jun,22h 10m,1 stop,In-flight meal not included,8586
Multiple carriers,9/06/2019,Delhi,Cochin,DEL → HYD → COK,07:05,22:30,15h 25m,1 stop,No info,9646
SpiceJet,3/03/2019,Delhi,Cochin,DEL → BLR → COK,16:35,22:50,6h 15m,1 stop,No info,11726
Air India,6/03/2019,Delhi,Cochin,DEL → HYD → BOM → COK,07:05,19:15 07 Mar,36h 10m,2 stops,No info,11552
Air India,27/05/2019,Delhi,Cochin,DEL → LKO → BOM → COK,12:20,19:15 28 May,30h 55m,2 stops,No info,12488
IndiGo,27/05/2019,Banglore,Delhi,BLR → DEL,18:25,21:20,2h 55m,non-stop,No info,4823
Jet Airways,6/05/2019,Delhi,Cochin,DEL → JAI → BOM → COK,09:40,12:35 07 May,26h 55m,2 stops,No info,15129
Jet Airways,24/06/2019,Delhi,Cochin,DEL → JAI → BOM → COK,05:30,04:25 25 Jun,22h 55m,2 stops,No info,13014
IndiGo,27/05/2019,Delhi,Cochin,DEL → MAA → COK,02:00,07:25,5h 25m,1 stop,No info,7164
Jet Airways,12/05/2019,Banglore,Delhi,BLR → DEL,07:10,10:10,3h,non-stop,In-flight meal not included,5198
Vistara,1/05/2019,Kolkata,Banglore,CCU → DEL → BLR,07:10,20:20,13h 10m,1 stop,No info,8610
Air India,18/05/2019,Mumbai,Hyderabad,BOM → HYD,06:20,07:40,1h 20m,non-stop,No info,3100
Vistara,1/05/2019,Kolkata,Banglore,CCU → DEL → BLR,17:00,10:45 02 May,17h 45m,1 stop,No info,9187
Jet Airways,24/03/2019,Kolkata,Banglore,CCU → BOM → BLR,21:10,20:40 25 Mar,23h 30m,1 stop,In-flight meal not included,10031
Jet Airways,18/06/2019,Banglore,Delhi,BLR → DEL,08:20,11:20,3h,non-stop,In-flight meal not included,5769
IndiGo,15/03/2019,Banglore,New Delhi,BLR → DEL,20:00,22:55,2h 55m,non-stop,No info,8855
Jet Airways,12/06/2019,Delhi,Cochin,DEL → ATQ → BOM → COK,12:15,04:25 13 Jun,16h 10m,2 stops,No info,14300
Vistara,21/05/2019,Kolkata,Banglore,CCU → DEL → BLR,07:10,10:45 22 May,27h 35m,1 stop,No info,9187
Jet Airways,15/03/2019,Banglore,New Delhi,BLR → BOM → DEL,22:50,07:40 16 Mar,8h 50m,1 stop,In-flight meal not included,9134
Air India,3/03/2019,Delhi,Cochin,DEL → MAA → COK,17:20,09:25 04 Mar,16h 5m,1 stop,No info,16352
Jet Airways,1/04/2019,Kolkata,Banglore,CCU → BOM → BLR,20:00,19:50 02 Apr,23h 50m,1 stop,No info,12681
Multiple carriers,3/03/2019,Delhi,Cochin,DEL → BOM → COK,17:30,01:35 04 Mar,8h 5m,1 stop,No info,17057
Multiple carriers,15/06/2019,Delhi,Cochin,DEL → BOM → COK,15:00,01:30 16 Jun,10h 30m,1 stop,No info,13377
Air India,9/05/2019,Kolkata,Banglore,CCU → BOM → COK → BLR,09:25,13:45 10 May,28h 20m,2 stops,No info,12592
Air India,9/03/2019,Delhi,Cochin,DEL → GOI → BOM → COK,22:00,19:15 10 Mar,21h 15m,2 stops,No info,14851
IndiGo,3/06/2019,Chennai,Kolkata,MAA → CCU,07:55,10:15,2h 20m,non-stop,No info,3850
Jet Airways,18/06/2019,Banglore,Delhi,BLR → DEL,06:00,08:45,2h 45m,non-stop,In-flight meal not included,6478
Vistara,27/05/2019,Banglore,Delhi,BLR → DEL,17:00,19:35,2h 35m,non-stop,No info,4878
Jet Airways,1/05/2019,Mumbai,Hyderabad,BOM → HYD,02:55,04:20,1h 25m,non-stop,In-flight meal not included,3210
Multiple carriers,6/03/2019,Delhi,Cochin,DEL → BOM → COK,07:00,21:00,14h,1 stop,No info,15603
Vistara,1/04/2019,Kolkata,Banglore,CCU → DEL → BLR,07:10,10:45 02 Apr,27h 35m,1 stop,No info,8505
Multiple carriers,24/06/2019,Delhi,Cochin,DEL → BOM → COK,15:15,01:30 25 Jun,10h 15m,1 stop,In-flight meal not included,5797
Air India,12/06/2019,Kolkata,Banglore,CCU → DEL → BLR,07:00,16:15,9h 15m,1 stop,No info,11936
Vistara,21/05/2019,Kolkata,Banglore,CCU → DEL → BLR,07:10,20:20,13h 10m,1 stop,No info,9345
Jet Airways,3/06/2019,Delhi,Cochin,DEL → BOM → COK,09:00,19:00,10h,1 stop,No info,14714
Vistara,3/06/2019,Banglore,Delhi,BLR → DEL,11:30,14:20,2h 50m,non-stop,No info,4668
Jet Airways,6/03/2019,Delhi,Cochin,DEL → BOM → COK,21:50,04:25 07 Mar,6h 35m,1 stop,In-flight meal not included,13843
Multiple carriers,21/03/2019,Delhi,Cochin,DEL → BOM → COK,12:50,01:35 22 Mar,12h 45m,1 stop,No info,7695
IndiGo,3/03/2019,Chennai,Kolkata,MAA → CCU,05:15,07:35,2h 20m,non-stop,No info,6482
Air India,03/03/2019,Banglore,New Delhi,BLR → DEL,10:00,12:45,2h 45m,non-stop,No info,8588
Jet Airways,27/05/2019,Delhi,Cochin,DEL → JAI → BOM → COK,09:40,04:25 28 May,18h 45m,2 stops,In-flight meal not included,13029
Air India,06/03/2019,Banglore,New Delhi,BLR → BOM → UDR → DEL,08:50,16:30 07 Mar,31h 40m,2 stops,No info,14143
Jet Airways,6/05/2019,Kolkata,Banglore,CCU → BOM → BLR,20:00,08:15 07 May,12h 15m,1 stop,No info,14388
Jet Airways,6/06/2019,Kolkata,Banglore,CCU → DEL → BLR,17:00,19:10 07 Jun,26h 10m,1 stop,No info,14151
Air India,6/06/2019,Delhi,Cochin,DEL → BHO → BOM → COK,20:00,19:15 07 Jun,23h 15m,2 stops,No info,11596
Vistara,1/05/2019,Kolkata,Banglore,CCU → DEL → BLR,17:00,09:05 02 May,16h 5m,1 stop,No info,8452
Jet Airways,12/05/2019,Kolkata,Banglore,CCU → BOM → BLR,18:55,18:15 13 May,23h 20m,1 stop,In-flight meal not included,10844
Multiple carriers,6/06/2019,Delhi,Cochin,DEL → BOM → COK,08:45,21:00,12h 15m,1 stop,No info,7740
IndiGo,24/03/2019,Mumbai,Hyderabad,BOM → HYD,02:30,04:00,1h 30m,non-stop,No info,2754
Air India,15/05/2019,Kolkata,Banglore,CCU → BOM → BLR,09:25,21:50,12h 25m,1 stop,No info,8366
Air India,6/05/2019,Kolkata,Banglore,CCU → IXR → DEL → BLR,05:50,20:25,14h 35m,2 stops,No info,10991
Jet Airways,12/06/2019,Kolkata,Banglore,CCU → BOM → BLR,20:00,08:15 13 Jun,12h 15m,1 stop,No info,13044
Multiple carriers,21/03/2019,Delhi,Cochin,DEL → BOM → COK,09:10,19:15,10h 5m,1 stop,No info,8601
Jet Airways,21/03/2019,Delhi,Cochin,DEL → AMD → BOM → COK,19:10,18:50 22 Mar,23h 40m,2 stops,In-flight meal not included,6643
Jet Airways,6/05/2019,Kolkata,Banglore,CCU → BOM → BLR,16:30,20:45 07 May,28h 15m,1 stop,In-flight meal not included,9663
Air India,9/05/2019,Delhi,Cochin,DEL → COK,05:10,08:00,2h 50m,non-stop,No info,5201
Air India,12/05/2019,Kolkata,Banglore,CCU → BOM → COK → BLR,09:25,13:45 13 May,28h 20m,2 stops,No info,12592
SpiceJet,15/06/2019,Kolkata,Banglore,CCU → BLR,06:55,09:30,2h 35m,non-stop,No check-in baggage included,3841
IndiGo,9/06/2019,Kolkata,Banglore,CCU → BLR,14:25,16:55,2h 30m,non-stop,No info,5644
Jet Airways,9/05/2019,Delhi,Cochin,DEL → BOM → COK,18:15,12:35 10 May,18h 20m,1 stop,In-flight meal not included,12373
Air Asia,15/06/2019,Delhi,Cochin,DEL → BLR → COK,16:45,22:25,5h 40m,1 stop,No info,6853
Jet Airways,6/06/2019,Delhi,Cochin,DEL → BOM → COK,17:30,19:00 07 Jun,25h 30m,1 stop,In-flight meal not included,10262
Jet Airways,15/06/2019,Delhi,Cochin,DEL → BOM → COK,13:00,04:25 16 Jun,15h 25m,1 stop,In-flight meal not included,10262
Multiple carriers,3/06/2019,Delhi,Cochin,DEL → BOM → COK,08:30,19:00,10h 30m,1 stop,No info,11200
IndiGo,3/03/2019,Delhi,Cochin,DEL → MAA → COK,07:20,12:30,5h 10m,1 stop,No info,12214
Jet Airways,06/03/2019,Banglore,New Delhi,BLR → BOM → DEL,14:05,05:05 07 Mar,15h,1 stop,No info,14815
IndiGo,6/06/2019,Delhi,Cochin,DEL → HYD → COK,07:35,16:10,8h 35m,1 stop,No info,6674
Jet Airways,1/04/2019,Kolkata,Banglore,CCU → BOM → BLR,20:00,22:35 02 Apr,26h 35m,1 stop,In-flight meal not included,7064
Multiple carriers,27/03/2019,Delhi,Cochin,DEL → BOM → COK,02:15,13:20,11h 5m,1 stop,No info,12327
Jet Airways,27/05/2019,Delhi,Cochin,DEL → BOM → COK,02:15,19:00,16h 45m,1 stop,No info,16079
Multiple carriers Premium economy,21/03/2019,Delhi,Cochin,DEL → BOM → COK,08:55,19:15,10h 20m,1 stop,No info,10161
IndiGo,9/06/2019,Delhi,Cochin,DEL → HYD → COK,05:05,16:10,11h 5m,1 stop,No info,6600
Multiple carriers,24/06/2019,Delhi,Cochin,DEL → BOM → COK,10:35,19:00,8h 25m,1 stop,No info,10678
Multiple carriers,9/05/2019,Delhi,Cochin,DEL → HYD → COK,07:05,22:30,15h 25m,1 stop,No info,8310
Multiple carriers,21/05/2019,Delhi,Cochin,DEL → BOM → COK,09:15,19:00,9h 45m,1 stop,No info,9627
Multiple carriers Premium economy,21/03/2019,Delhi,Cochin,DEL → BOM → COK,06:00,21:00,15h,1 stop,No info,9845
Jet Airways,9/06/2019,Delhi,Cochin,DEL → BOM → COK,14:00,12:35 10 Jun,22h 35m,1 stop,In-flight meal not included,10262
Multiple carriers,12/06/2019,Delhi,Cochin,DEL → GWL → IDR → BOM → COK,11:35,21:00,9h 25m,3 stops,No info,15629
Jet Airways,24/03/2019,Kolkata,Banglore,CCU → BOM → BLR,16:55,12:00 25 Mar,19h 5m,1 stop,In-flight meal not included,11134
Air India,9/05/2019,Chennai,Kolkata,MAA → CCU,11:40,13:55,2h 15m,non-stop,No info,4667
Jet Airways,9/05/2019,Delhi,Cochin,DEL → BOM → COK,17:30,12:35 10 May,19h 5m,1 stop,In-flight meal not included,12373
Multiple carriers,15/06/2019,Delhi,Cochin,DEL → BOM → COK,16:00,01:30 16 Jun,9h 30m,1 stop,In-flight meal not included,10196
Multiple carriers,15/05/2019,Delhi,Cochin,DEL → BOM → COK,06:00,21:00,15h,1 stop,No info,7670
Multiple carriers,21/03/2019,Delhi,Cochin,DEL → BOM → COK,07:05,13:20,6h 15m,1 stop,No info,14486
SpiceJet,21/03/2019,Chennai,Kolkata,MAA → CCU,09:30,12:05,2h 35m,non-stop,No info,3384
SpiceJet,1/03/2019,Mumbai,Hyderabad,BOM → HYD,22:45,00:10 02 Mar,1h 25m,non-stop,No info,11005
Jet Airways,9/05/2019,Delhi,Cochin,DEL → IDR → BOM → COK,09:35,12:35 10 May,27h,2 stops,No info,14657
Air India,15/05/2019,Delhi,Cochin,DEL → NAG → BOM → COK,05:55,07:40 16 May,25h 45m,2 stops,No info,11543
Jet Airways,6/06/2019,Kolkata,Banglore,CCU → BOM → BLR,18:55,16:20 07 Jun,21h 25m,1 stop,In-flight meal not included,10844
IndiGo,3/03/2019,Delhi,Cochin,DEL → HYD → MAA → COK,07:35,21:20,13h 45m,2 stops,No info,9413
Multiple carriers,15/05/2019,Delhi,Cochin,DEL → BOM → COK,17:30,01:30 16 May,8h,1 stop,No info,13727
Vistara,3/04/2019,Banglore,Delhi,BLR → DEL,07:00,09:40,2h 40m,non-stop,No info,5403
Air India,9/03/2019,Delhi,Cochin,DEL → HYD → BOM → COK,21:30,19:15 10 Mar,21h 45m,2 stops,No info,11762
Air India,6/05/2019,Kolkata,Banglore,CCU → IXR → DEL → BLR,05:50,23:15,17h 25m,2 stops,No info,11883
Air India,12/06/2019,Delhi,Cochin,DEL → BLR → COK,17:40,08:15 13 Jun,14h 35m,1 stop,No info,8991
Jet Airways,18/06/2019,Mumbai,Hyderabad,BOM → HYD,08:45,10:15,1h 30m,non-stop,No info,8040
GoAir,9/06/2019,Delhi,Cochin,DEL → BOM → COK,10:35,19:35,9h,1 stop,No info,5281
IndiGo,18/05/2019,Kolkata,Banglore,CCU → BBI → BLR,19:35,23:15,3h 40m,1 stop,No info,4226
Jet Airways,21/06/2019,Mumbai,Hyderabad,BOM → HYD,02:55,04:20,1h 25m,non-stop,In-flight meal not included,4995
GoAir,12/05/2019,Kolkata,Banglore,CCU → AMD → BLR,16:40,00:15 13 May,7h 35m,1 stop,No info,8855
Air India,21/03/2019,Delhi,Cochin,DEL → AMD → BOM → COK,16:40,19:15 22 Mar,26h 35m,2 stops,No info,8236
Jet Airways,9/06/2019,Delhi,Cochin,DEL → BOM → COK,22:50,19:00 10 Jun,20h 10m,1 stop,No info,14714
IndiGo,21/05/2019,Banglore,Delhi,BLR → DEL,00:30,03:25,2h 55m,non-stop,No info,3419
IndiGo,18/03/2019,Delhi,Cochin,DEL → COK,14:30,17:35,3h 5m,non-stop,No info,5406
Multiple carriers,15/05/2019,Delhi,Cochin,DEL → BOM → COK,09:00,19:00,10h,1 stop,No info,10197
Air India,9/05/2019,Delhi,Cochin,DEL → BHO → BOM → COK,05:55,19:15,13h 20m,2 stops,No info,10861
IndiGo,6/05/2019,Mumbai,Hyderabad,BOM → HYD,12:00,13:30,1h 30m,non-stop,No info,2754
Jet Airways,9/06/2019,Kolkata,Banglore,CCU → DEL → BLR,20:25,21:05 10 Jun,24h 40m,1 stop,In-flight meal not included,10539
IndiGo,27/04/2019,Banglore,Delhi,BLR → DEL,07:10,10:05,2h 55m,non-stop,No info,4823
SpiceJet,24/05/2019,Kolkata,Banglore,CCU → BLR,22:20,00:40 25 May,2h 20m,non-stop,No check-in baggage included,3841
Jet Airways,6/05/2019,Kolkata,Banglore,CCU → BOM → BLR,14:05,04:40 07 May,14h 35m,1 stop,In-flight meal not included,9663
Jet Airways,12/03/2019,Banglore,New Delhi,BLR → BOM → DEL,18:55,20:20 13 Mar,25h 25m,1 stop,In-flight meal not included,11087
Jet Airways,06/03/2019,Banglore,New Delhi,BLR → BOM → DEL,21:25,10:25 07 Mar,13h,1 stop,No info,17261
Jet Airways,15/06/2019,Delhi,Cochin,DEL → BOM → COK,15:00,12:35 16 Jun,21h 35m,1 stop,In-flight meal not included,10262
Jet Airways,18/05/2019,Kolkata,Banglore,CCU → DEL → BLR,20:25,19:10 19 May,22h 45m,1 stop,No info,14151
Jet Airways,06/03/2019,Banglore,New Delhi,BLR → BOM → DEL,20:35,19:10 07 Mar,22h 35m,1 stop,No info,17471
Jet Airways,12/06/2019,Delhi,Cochin,DEL → BOM → COK,09:00,19:00,10h,1 stop,In-flight meal not included,10262
Multiple carriers,12/06/2019,Delhi,Cochin,DEL → BOM → COK,07:30,19:15,11h 45m,1 stop,No info,7354
Multiple carriers,6/03/2019,Delhi,Cochin,DEL → HYD → COK,09:45,22:20,12h 35m,1 stop,No info,10276
Air Asia,15/06/2019,Delhi,Cochin,DEL → BLR → COK,07:55,13:25,5h 30m,1 stop,No info,6253
Jet Airways,12/06/2019,Kolkata,Banglore,CCU → DEL → BLR,17:00,09:45 13 Jun,16h 45m,1 stop,No info,12692
Multiple carriers,9/06/2019,Delhi,Cochin,DEL → BOM → COK,09:15,19:00,9h 45m,1 stop,No info,11622
Air India,24/06/2019,Delhi,Cochin,DEL → HYD → BOM → COK,17:15,19:15 25 Jun,26h,2 stops,No info,11972
IndiGo,1/06/2019,Banglore,Delhi,BLR → DEL,06:05,08:50,2h 45m,non-stop,No info,3943
IndiGo,03/03/2019,Banglore,New Delhi,BLR → DEL,10:05,13:00,2h 55m,non-stop,No info,7648
IndiGo,1/04/2019,Banglore,Delhi,BLR → DEL,20:00,22:50,2h 50m,non-stop,No info,4823
Air India,1/04/2019,Kolkata,Banglore,CCU → BOM → HBX → BLR,16:50,18:20 02 Apr,25h 30m,2 stops,No info,7893
Air India,27/03/2019,Delhi,Cochin,DEL → BLR → COK,13:30,08:15 28 Mar,18h 45m,1 stop,No info,6681
IndiGo,21/04/2019,Banglore,Delhi,BLR → DEL,21:15,00:15 22 Apr,3h,non-stop,No info,4423
Vistara,15/03/2019,Banglore,New Delhi,BLR → AMD → DEL,06:40,10:25 16 Mar,27h 45m,1 stop,No info,6590
Air Asia,12/06/2019,Kolkata,Banglore,CCU → DEL → BLR,22:40,10:40 13 Jun,12h,1 stop,No info,5192
Jet Airways,21/05/2019,Kolkata,Banglore,CCU → BOM → BLR,21:10,22:35 22 May,25h 25m,1 stop,In-flight meal not included,10844
Jet Airways,27/05/2019,Delhi,Cochin,DEL → BOM → COK,18:15,19:00 28 May,24h 45m,1 stop,In-flight meal not included,12898
GoAir,9/06/2019,Kolkata,Banglore,CCU → AMD → BLR,16:40,00:15 10 Jun,7h 35m,1 stop,No info,9495
Jet Airways,24/03/2019,Banglore,New Delhi,BLR → BOM → DEL,11:40,09:00 19 Mar,21h 20m,1 stop,In-flight meal not included,8147
Air Asia,15/06/2019,Banglore,Delhi,BLR → DEL,04:55,07:45,2h 50m,non-stop,No info,4282
Jet Airways,15/05/2019,Kolkata,Banglore,CCU → BOM → BLR,21:10,20:45 16 May,23h 35m,1 stop,In-flight meal not included,10844
SpiceJet,27/03/2019,Kolkata,Banglore,CCU → BLR,09:00,11:30,2h 30m,non-stop,No check-in baggage included,3815
Jet Airways,6/05/2019,Kolkata,Banglore,CCU → BOM → BLR,18:55,10:05 07 May,15h 10m,1 stop,No info,13584
Vistara,18/05/2019,Chennai,Kolkata,MAA → CCU,07:05,09:20,2h 15m,non-stop,No info,3687
IndiGo,3/03/2019,Delhi,Cochin,DEL → HYD → COK,07:35,22:20,14h 45m,1 stop,No info,11600
IndiGo,6/05/2019,Mumbai,Hyderabad,BOM → HYD,06:25,07:55,1h 30m,non-stop,No info,4049
Jet Airways,9/05/2019,Kolkata,Banglore,CCU → BOM → BLR,21:10,12:00 10 May,14h 50m,1 stop,In-flight meal not included,9663
Multiple carriers,18/05/2019,Delhi,Cochin,DEL → BOM → COK,08:30,19:00,10h 30m,1 stop,No info,9205
Jet Airways,12/06/2019,Kolkata,Banglore,CCU → BOM → BLR,14:05,22:35,8h 30m,1 stop,No info,13626
Vistara,24/03/2019,Banglore,New Delhi,BLR → DEL,19:40,22:20,2h 40m,non-stop,No info,4563
Air India,18/05/2019,Delhi,Cochin,DEL → GOI → BOM → COK,22:00,19:15 19 May,21h 15m,2 stops,No info,11228
IndiGo,6/05/2019,Kolkata,Banglore,CCU → MAA → BLR,17:35,22:15,4h 40m,1 stop,No info,5699
Jet Airways,24/06/2019,Banglore,Delhi,BLR → DEL,07:10,10:10,3h,non-stop,In-flight meal not included,5769
Jet Airways,3/06/2019,Delhi,Cochin,DEL → IDR → BOM → COK,09:35,12:35 04 Jun,27h,2 stops,No info,13292
Vistara,18/03/2019,Banglore,New Delhi,BLR → DEL,19:40,22:20,2h 40m,non-stop,No info,12123
Air India,21/05/2019,Delhi,Cochin,DEL → HYD → BOM → COK,17:15,07:40 22 May,14h 25m,2 stops,No info,13039
Jet Airways,21/03/2019,Banglore,New Delhi,BLR → BOM → DEL,08:55,21:20,12h 25m,1 stop,In-flight meal not included,7832
IndiGo,21/06/2019,Kolkata,Banglore,CCU → BLR,14:25,16:55,2h 30m,non-stop,No info,5224
Multiple carriers,27/05/2019,Delhi,Cochin,DEL → BOM → COK,10:00,19:15,9h 15m,1 stop,In-flight meal not included,11446
Multiple carriers,18/05/2019,Delhi,Cochin,DEL → BOM → COK,13:00,19:15,6h 15m,1 stop,No info,14533
SpiceJet,6/06/2019,Chennai,Kolkata,MAA → CCU,17:45,20:05,2h 20m,non-stop,No check-in baggage included,3543
IndiGo,18/05/2019,Mumbai,Hyderabad,BOM → HYD,12:00,13:30,1h 30m,non-stop,No info,2754
IndiGo,3/05/2019,Banglore,Delhi,BLR → DEL,01:30,04:15,2h 45m,non-stop,No info,3943
IndiGo,9/06/2019,Banglore,Delhi,BLR → DEL,22:10,01:00 10 Jun,2h 50m,non-stop,No info,3749
Air India,01/03/2019,Banglore,New Delhi,BLR → CCU → GAU → DEL,05:50,22:10,16h 20m,2 stops,No info,13576
Air India,01/03/2019,Banglore,New Delhi,BLR → MAA → DEL,11:50,13:00 02 Mar,25h 10m,1 stop,1 Long layover,15434
IndiGo,6/03/2019,Delhi,Cochin,DEL → HYD → MAA → COK,08:35,21:20,12h 45m,2 stops,No info,7682
SpiceJet,9/06/2019,Mumbai,Hyderabad,BOM → HYD,13:15,14:45,1h 30m,non-stop,No info,2227
Air India,01/03/2019,Banglore,New Delhi,BLR → BBI → DEL,09:30,23:45,14h 15m,1 stop,No info,12704
Jet Airways,21/03/2019,Delhi,Cochin,DEL → BDQ → BOM → COK,18:25,04:25 23 Mar,34h,2 stops,No info,12347
Multiple carriers,3/03/2019,Delhi,Cochin,DEL → BOM → COK,13:55,21:00,7h 5m,1 stop,No info,17057
SpiceJet,21/05/2019,Banglore,Delhi,BLR → DEL,09:30,12:20,2h 50m,non-stop,No info,3625
Multiple carriers,3/03/2019,Delhi,Cochin,DEL → BOM → COK,16:00,01:35 04 Mar,9h 35m,1 stop,No info,21226
Jet Airways,27/03/2019,Delhi,Cochin,DEL → BOM → COK,11:30,04:25 28 Mar,16h 55m,1 stop,No info,12242
Air India,9/06/2019,Delhi,Cochin,DEL → HYD → BOM → COK,17:15,19:15 10 Jun,26h,2 stops,No info,12392
Jet Airways,24/06/2019,Delhi,Cochin,DEL → AMD → BOM → COK,23:05,04:25 26 Jun,29h 20m,2 stops,No info,12819
Jet Airways,12/05/2019,Banglore,Delhi,BLR → DEL,19:50,22:50,3h,non-stop,No info,7229
Jet Airways,21/04/2019,Banglore,Delhi,BLR → DEL,08:20,11:20,3h,non-stop,No info,7229
IndiGo,6/03/2019,Delhi,Cochin,DEL → BOM → COK,04:45,15:30,10h 45m,1 stop,No info,13611
Air India,21/03/2019,Delhi,Cochin,DEL → BOM → COK,08:00,19:15,11h 15m,1 stop,No info,7199
Air India,6/03/2019,Delhi,Cochin,DEL → BOM → COK,07:00,19:15,12h 15m,1 stop,No info,15809
Multiple carriers,6/03/2019,Delhi,Cochin,DEL → HYD → COK,07:05,22:20,15h 15m,1 stop,No info,6916
Jet Airways,6/05/2019,Kolkata,Banglore,CCU → BOM → BLR,06:30,12:00,5h 30m,1 stop,No info,14388
IndiGo,9/05/2019,Kolkata,Banglore,CCU → BLR,09:35,12:20,2h 45m,non-stop,No info,4804
Jet Airways,27/03/2019,Delhi,Cochin,DEL → IDR → BOM → COK,05:25,04:25 28 Mar,23h,2 stops,No info,11664
Multiple carriers,12/06/2019,Delhi,Cochin,DEL → BOM → COK,08:50,19:00,10h 10m,1 stop,No info,10877
Air India,21/06/2019,Delhi,Cochin,DEL → COK,05:10,08:00,2h 50m,non-stop,No info,5201
Air India,15/05/2019,Kolkata,Banglore,CCU → BOM → BLR,09:25,18:30,9h 5m,1 stop,No info,8891
Jet Airways,9/06/2019,Delhi,Cochin,DEL → NAG → BOM → COK,14:35,04:25 10 Jun,13h 50m,2 stops,No info,13376
IndiGo,6/04/2019,Banglore,Delhi,BLR → DEL,18:55,21:50,2h 55m,non-stop,No info,4823
Vistara,24/05/2019,Kolkata,Banglore,CCU → DEL → BLR,07:10,22:40,15h 30m,1 stop,No info,9397
Jet Airways,24/06/2019,Delhi,Cochin,DEL → BOM → COK,14:00,19:00,5h,1 stop,In-flight meal not included,10262
Jet Airways,27/03/2019,Delhi,Cochin,DEL → BOM → COK,16:00,19:45 28 Mar,27h 45m,1 stop,No info,12032
Air India,3/06/2019,Banglore,Delhi,BLR → DEL,13:20,16:10,2h 50m,non-stop,No info,6961
Jet Airways,18/04/2019,Banglore,Delhi,BLR → DEL,17:45,20:45,3h,non-stop,No info,7229
Air India,24/05/2019,Banglore,Delhi,BLR → DEL,17:00,19:45,2h 45m,non-stop,No info,7171
Air India,27/06/2019,Delhi,Cochin,DEL → COK,18:05,21:10,3h 5m,non-stop,No info,5201
SpiceJet,15/05/2019,Chennai,Kolkata,MAA → CCU,17:45,20:05,2h 20m,non-stop,No check-in baggage included,3543
Air Asia,3/05/2019,Banglore,Delhi,BLR → DEL,11:10,13:55,2h 45m,non-stop,No info,4483
Air India,27/06/2019,Kolkata,Banglore,CCU → BLR,20:45,23:20,2h 35m,non-stop,No info,4145
GoAir,27/03/2019,Delhi,Cochin,DEL → BOM → COK,14:10,19:20,5h 10m,1 stop,No info,10188
Jet Airways,01/03/2019,Banglore,New Delhi,BLR → BOM → DEL,16:55,09:00 02 Mar,16h 5m,1 stop,1 Long layover,25735
SpiceJet,6/05/2019,Kolkata,Banglore,CCU → IXB → BLR,11:15,18:30,7h 15m,1 stop,No info,9736
Air India,15/05/2019,Delhi,Cochin,DEL → BOM → COK,08:00,19:15,11h 15m,1 stop,No info,8372
Multiple carriers,6/06/2019,Delhi,Cochin,DEL → BOM → COK,04:55,19:00,14h 5m,1 stop,No info,10678
Air India,1/05/2019,Kolkata,Banglore,CCU → DEL → COK → BLR,10:00,13:45 02 May,27h 45m,2 stops,No info,15164
Multiple carriers,27/03/2019,Delhi,Cochin,DEL → BOM → COK,17:00,01:35 28 Mar,8h 35m,1 stop,No info,6673
IndiGo,21/06/2019,Banglore,Delhi,BLR → DEL,04:00,06:50,2h 50m,non-stop,No info,3943
IndiGo,21/03/2019,Mumbai,Hyderabad,BOM → HYD,02:30,04:00,1h 30m,non-stop,No info,3603
IndiGo,1/05/2019,Kolkata,Banglore,CCU → BLR,15:30,18:05,2h 35m,non-stop,No info,4804
Multiple carriers,12/06/2019,Delhi,Cochin,DEL → BOM → COK,18:00,01:30 13 Jun,7h 30m,1 stop,No info,7198
Air India,6/06/2019,Delhi,Cochin,DEL → GOI → BOM → COK,22:00,19:15 07 Jun,21h 15m,2 stops,No info,10441
IndiGo,12/05/2019,Delhi,Cochin,DEL → COK,21:05,00:20 13 May,3h 15m,non-stop,No info,8626
IndiGo,24/03/2019,Banglore,New Delhi,BLR → DEL,21:20,00:15 25 Mar,2h 55m,non-stop,No info,6144
IndiGo,9/05/2019,Delhi,Cochin,DEL → BOM → COK,17:30,01:30 10 May,8h,1 stop,No info,8330
SpiceJet,15/03/2019,Banglore,New Delhi,BLR → DEL,05:45,08:35,2h 50m,non-stop,No check-in baggage included,5469
Jet Airways,01/03/2019,Banglore,New Delhi,BLR → BOM → DEL,08:00,16:10,8h 10m,1 stop,No info,22270
IndiGo,9/05/2019,Mumbai,Hyderabad,BOM → HYD,19:05,20:35,1h 30m,non-stop,No info,4392
IndiGo,27/06/2019,Delhi,Cochin,DEL → BOM → COK,18:35,01:30 28 Jun,6h 55m,1 stop,No info,5883
Jet Airways,6/05/2019,Kolkata,Banglore,CCU → BOM → BLR,18:55,10:05 07 May,15h 10m,1 stop,In-flight meal not included,7757
Jet Airways,21/04/2019,Banglore,Delhi,BLR → DEL,08:20,11:20,3h,non-stop,In-flight meal not included,5198
IndiGo,15/04/2019,Delhi,Cochin,DEL → BOM → COK,16:00,21:00,5h,1 stop,No info,5947
Jet Airways,24/06/2019,Delhi,Cochin,DEL → BOM → COK,21:50,04:25 25 Jun,6h 35m,1 stop,No info,14714
Multiple carriers,6/06/2019,Delhi,Cochin,DEL → BOM → COK,08:00,19:00,11h,1 stop,No info,12192
Jet Airways,9/03/2019,Delhi,Cochin,DEL → BOM → COK,00:20,04:25 10 Mar,28h 5m,1 stop,No info,15029
SpiceJet,15/06/2019,Kolkata,Banglore,CCU → BLR,22:20,00:40 16 Jun,2h 20m,non-stop,No info,3873
Jet Airways,18/05/2019,Kolkata,Banglore,CCU → DEL → BLR,20:25,18:00 19 May,21h 35m,1 stop,No info,14151
IndiGo,09/03/2019,Banglore,New Delhi,BLR → HYD → DEL,16:55,21:50,4h 55m,1 stop,No info,4259
IndiGo,6/03/2019,Chennai,Kolkata,MAA → CCU,22:05,00:25 07 Mar,2h 20m,non-stop,No info,5277
Air India,6/06/2019,Kolkata,Banglore,CCU → JAI → BOM → BLR,08:20,18:30,10h 10m,2 stops,No info,10697
Air India,21/05/2019,Kolkata,Banglore,CCU → BBI → BLR,12:00,13:15 22 May,25h 15m,1 stop,No info,7662
Air India,3/03/2019,Delhi,Cochin,DEL → COK,05:10,08:00,2h 50m,non-stop,No info,7931
IndiGo,12/04/2019,Banglore,Delhi,BLR → DEL,07:10,10:05,2h 55m,non-stop,No info,4823
Jet Airways,12/06/2019,Delhi,Cochin,DEL → BOM → COK,10:00,04:25 13 Jun,18h 25m,1 stop,In-flight meal not included,10262
SpiceJet,21/03/2019,Kolkata,Banglore,CCU → BLR,22:20,00:40 22 Mar,2h 20m,non-stop,No info,3847
Jet Airways,21/03/2019,Banglore,New Delhi,BLR → BOM → DEL,18:40,11:25 19 Mar,16h 45m,1 stop,In-flight meal not included,7832
Air India,3/06/2019,Delhi,Cochin,DEL → UDR → BOM → COK,13:20,07:40 04 Jun,18h 20m,2 stops,No info,11911
Multiple carriers Premium economy,21/03/2019,Delhi,Cochin,DEL → BOM → COK,06:00,13:20,7h 20m,1 stop,No info,11269
Multiple carriers,21/03/2019,Delhi,Cochin,DEL → BOM → COK,13:00,01:35 22 Mar,12h 35m,1 stop,No info,8098
Multiple carriers,9/05/2019,Delhi,Cochin,DEL → BOM → COK,08:00,19:00,11h,1 stop,No info,10197
Jet Airways,18/05/2019,Banglore,Delhi,BLR → DEL,11:10,14:05,2h 55m,non-stop,No info,7229
SpiceJet,09/03/2019,Banglore,New Delhi,BLR → DEL,09:35,12:30,2h 55m,non-stop,No info,6205
Jet Airways,24/05/2019,Kolkata,Banglore,CCU → DEL → BLR,20:25,21:05 25 May,24h 40m,1 stop,No info,14151
IndiGo,9/03/2019,Delhi,Cochin,DEL → TRV → COK,21:05,01:45 10 Mar,4h 40m,1 stop,No info,6937
IndiGo,18/03/2019,Mumbai,Hyderabad,BOM → HYD,02:30,04:00,1h 30m,non-stop,No info,2754
Vistara,15/06/2019,Banglore,Delhi,BLR → DEL,07:00,09:40,2h 40m,non-stop,No info,4878
IndiGo,24/06/2019,Delhi,Cochin,DEL → HYD → COK,11:55,22:30,10h 35m,1 stop,No info,6442
IndiGo,21/05/2019,Banglore,Delhi,BLR → DEL,22:10,01:00 22 May,2h 50m,non-stop,No info,3625
SpiceJet,18/06/2019,Chennai,Kolkata,MAA → CCU,09:45,12:00,2h 15m,non-stop,No check-in baggage included,3543
Jet Airways,21/05/2019,Kolkata,Banglore,CCU → BOM → BLR,14:05,10:05 22 May,20h,1 stop,No info,14388
SpiceJet,3/04/2019,Mumbai,Hyderabad,BOM → HYD,05:45,07:15,1h 30m,non-stop,No check-in baggage included,1965
Multiple carriers,6/03/2019,Delhi,Cochin,DEL → BOM → COK,11:30,19:15,7h 45m,1 stop,No info,15077
GoAir,24/06/2019,Kolkata,Banglore,CCU → BLR,15:20,17:55,2h 35m,non-stop,No info,3514
Jet Airways,21/05/2019,Kolkata,Banglore,CCU → BOM → BLR,18:55,16:20 22 May,21h 25m,1 stop,In-flight meal not included,10844
Jet Airways,12/03/2019,Banglore,New Delhi,BLR → BOM → DEL,22:55,18:25 13 Mar,19h 30m,1 stop,In-flight meal not included,11087
IndiGo,03/03/2019,Banglore,New Delhi,BLR → DEL,18:25,21:20,2h 55m,non-stop,No info,8855
Jet Airways,15/06/2019,Delhi,Cochin,DEL → IDR → BOM → COK,05:30,19:00,13h 30m,2 stops,In-flight meal not included,11507
Jet Airways,24/05/2019,Kolkata,Banglore,CCU → BOM → BLR,16:30,04:40 25 May,12h 10m,1 stop,In-flight meal not included,10844
IndiGo,27/03/2019,Delhi,Cochin,DEL → BOM → COK,20:30,01:35 28 Mar,5h 5m,1 stop,No info,5073
Air India,24/06/2019,Delhi,Cochin,DEL → AMD → BOM → COK,16:40,19:15 25 Jun,26h 35m,2 stops,No info,9443
Jet Airways,3/06/2019,Mumbai,Hyderabad,BOM → HYD,10:20,11:50,1h 30m,non-stop,No info,8040
Multiple carriers,15/05/2019,Delhi,Cochin,DEL → BOM → COK,08:00,19:00,11h,1 stop,No info,10197
Air India,6/05/2019,Banglore,Delhi,BLR → DEL,13:20,16:10,2h 50m,non-stop,No info,5228
IndiGo,6/03/2019,Chennai,Kolkata,MAA → CCU,11:35,14:00,2h 25m,non-stop,No info,7295
Air India,18/05/2019,Kolkata,Banglore,CCU → BOM → HBX → BLR,09:25,18:20,8h 55m,2 stops,No info,8366
Multiple carriers,6/03/2019,Delhi,Cochin,DEL → BOM → COK,10:00,18:50,8h 50m,1 stop,No info,16497
IndiGo,6/05/2019,Kolkata,Banglore,CCU → BLR,09:35,12:20,2h 45m,non-stop,No info,4804
SpiceJet,18/06/2019,Mumbai,Hyderabad,BOM → HYD,13:15,14:45,1h 30m,non-stop,No info,2017
Vistara,6/05/2019,Banglore,Delhi,BLR → DEL,17:00,19:35,2h 35m,non-stop,No info,4878
IndiGo,12/06/2019,Delhi,Cochin,DEL → BOM → COK,07:30,21:00,13h 30m,1 stop,No info,6093
Jet Airways,24/05/2019,Kolkata,Banglore,CCU → BOM → BLR,06:30,09:20 25 May,26h 50m,1 stop,No info,14178
Jet Airways,12/06/2019,Delhi,Cochin,DEL → NAG → BOM → COK,06:45,04:25 13 Jun,21h 40m,2 stops,In-flight meal not included,10919
Jet Airways,9/06/2019,Delhi,Cochin,DEL → BOM → COK,17:30,04:25 10 Jun,10h 55m,1 stop,In-flight meal not included,10262
Multiple carriers,6/06/2019,Delhi,Cochin,DEL → BOM → COK,11:40,19:15,7h 35m,1 stop,No info,8266
Multiple carriers,12/06/2019,Delhi,Cochin,DEL → BOM → COK,14:00,01:30 13 Jun,11h 30m,1 stop,No info,13377
Air India,01/03/2019,Banglore,New Delhi,BLR → DEL,17:00,19:45,2h 45m,non-stop,No info,25913
Air India,27/06/2019,Delhi,Cochin,DEL → HYD → BOM → COK,17:15,07:40 28 Jun,14h 25m,2 stops,No info,13039
IndiGo,6/05/2019,Kolkata,Banglore,CCU → BLR,14:25,16:55,2h 30m,non-stop,No info,5224
Jet Airways,9/05/2019,Kolkata,Banglore,CCU → BOM → BLR,14:05,04:40 10 May,14h 35m,1 stop,No info,13941
Jet Airways,9/06/2019,Delhi,Cochin,DEL → BOM → COK,19:15,12:35 10 Jun,17h 20m,1 stop,In-flight meal not included,10577
Jet Airways,12/05/2019,Kolkata,Banglore,CCU → BOM → BLR,20:00,18:15 13 May,22h 15m,1 stop,In-flight meal not included,10844
IndiGo,6/06/2019,Mumbai,Hyderabad,BOM → HYD,06:25,07:55,1h 30m,non-stop,No info,4049
Air India,15/06/2019,Delhi,Cochin,DEL → RPR → NAG → BOM → COK,05:15,19:15 16 Jun,38h,3 stops,No info,10703
Air India,01/03/2019,Banglore,New Delhi,BLR → COK → DEL,22:00,13:20 02 Mar,15h 20m,1 stop,No info,21130
Jet Airways,27/05/2019,Delhi,Cochin,DEL → BOM → COK,09:00,19:00,10h,1 stop,In-flight meal not included,10675
Air India,15/06/2019,Delhi,Cochin,DEL → HYD → MAA → COK,13:15,09:25 16 Jun,20h 10m,2 stops,No info,8839
Jet Airways,1/06/2019,Delhi,Cochin,DEL → BOM → COK,07:05,12:35,5h 30m,1 stop,In-flight meal not included,12898
Jet Airways,24/06/2019,Delhi,Cochin,DEL → JAI → BOM → COK,05:30,04:25 25 Jun,22h 55m,2 stops,In-flight meal not included,10368
IndiGo,3/03/2019,Delhi,Cochin,DEL → HYD → COK,06:40,12:00,5h 20m,1 stop,No info,9304
Multiple carriers,6/05/2019,Delhi,Cochin,DEL → BOM → COK,13:00,21:00,8h,1 stop,No info,13727
Jet Airways,1/06/2019,Delhi,Cochin,DEL → BOM → COK,14:00,12:35 02 Jun,22h 35m,1 stop,In-flight meal not included,10262
Multiple carriers,21/03/2019,Delhi,Cochin,DEL → BOM → COK,04:45,12:35,7h 50m,1 stop,No info,9838
IndiGo,15/06/2019,Delhi,Cochin,DEL → BOM → COK,10:35,01:30 16 Jun,14h 55m,1 stop,No info,5883
IndiGo,9/05/2019,Delhi,Cochin,DEL → BLR → COK,17:05,22:25,5h 20m,1 stop,No info,6027
SpiceJet,21/05/2019,Kolkata,Banglore,CCU → BLR,09:00,11:25,2h 25m,non-stop,No info,4174
Air India,9/06/2019,Kolkata,Banglore,CCU → IXR → DEL → BLR,05:50,08:55 10 Jun,27h 5m,2 stops,No info,12723
Jet Airways,12/06/2019,Delhi,Cochin,DEL → ATQ → BOM → COK,08:10,04:25 13 Jun,20h 15m,2 stops,No info,14300
Jet Airways,6/05/2019,Kolkata,Banglore,CCU → BOM → BLR,06:30,08:15 07 May,25h 45m,1 stop,No info,13941
Jet Airways,21/05/2019,Kolkata,Banglore,CCU → BOM → BLR,18:55,19:50 22 May,24h 55m,1 stop,In-flight meal not included,10844
Multiple carriers,15/05/2019,Delhi,Cochin,DEL → BOM → COK,12:50,19:15,6h 25m,1 stop,No info,8266
Multiple carriers,3/03/2019,Delhi,Cochin,DEL → BOM → COK,11:30,18:50,7h 20m,1 stop,No info,15135
IndiGo,09/03/2019,Banglore,New Delhi,BLR → MAA → DEL,06:25,11:30,5h 5m,1 stop,No info,8434
Air India,27/06/2019,Delhi,Cochin,DEL → MAA → COK,09:45,09:25 28 Jun,23h 40m,1 stop,No info,7480
IndiGo,27/06/2019,Mumbai,Hyderabad,BOM → HYD,19:05,20:35,1h 30m,non-stop,No info,2754
Jet Airways,6/05/2019,Kolkata,Banglore,CCU → BOM → BLR,06:30,18:15,11h 45m,1 stop,No info,14781
Air India,12/06/2019,Kolkata,Banglore,CCU → GAU → DEL → BLR,09:50,08:55 13 Jun,23h 5m,2 stops,No info,14960
Jet Airways,1/04/2019,Kolkata,Banglore,CCU → BOM → BLR,16:30,22:35,6h 5m,1 stop,In-flight meal not included,7064
Multiple carriers,15/05/2019,Delhi,Cochin,DEL → BOM → COK,14:00,21:00,7h,1 stop,No info,13727
Multiple carriers,12/06/2019,Delhi,Cochin,DEL → BOM → COK,07:05,19:15,12h 10m,1 stop,In-flight meal not included,11667
Air India,27/05/2019,Mumbai,Hyderabad,BOM → HYD,06:20,07:40,1h 20m,non-stop,No info,3100
IndiGo,1/03/2019,Kolkata,Banglore,CCU → BLR,20:25,23:05,2h 40m,non-stop,No info,4778
Vistara,24/03/2019,Kolkata,Banglore,CCU → DEL → BLR,07:10,18:45,11h 35m,1 stop,No info,16932
Multiple carriers,15/05/2019,Delhi,Cochin,DEL → BOM → COK,06:40,19:00,12h 20m,1 stop,No info,9315
Jet Airways,1/04/2019,Mumbai,Hyderabad,BOM → HYD,10:20,11:50,1h 30m,non-stop,No info,8040
IndiGo,3/03/2019,Delhi,Cochin,DEL → COK,14:30,17:35,3h 5m,non-stop,No info,7673
Air India,24/03/2019,Banglore,New Delhi,BLR → DEL,13:20,16:10,2h 50m,non-stop,No info,4441
IndiGo,6/04/2019,Banglore,Delhi,BLR → DEL,16:55,19:55,3h,non-stop,No info,4823
IndiGo,9/03/2019,Delhi,Cochin,DEL → BOM → COK,16:00,01:35 10 Mar,9h 35m,1 stop,No info,13611
Jet Airways,12/06/2019,Mumbai,Hyderabad,BOM → HYD,07:05,08:30,1h 25m,non-stop,No info,8040
Vistara,24/06/2019,Banglore,Delhi,BLR → DEL,07:00,09:40,2h 40m,non-stop,No info,4668
Air India,12/05/2019,Delhi,Cochin,DEL → COK,18:05,21:10,3h 5m,non-stop,No info,6304
Air India,12/05/2019,Banglore,Delhi,BLR → DEL,17:00,19:45,2h 45m,non-stop,No info,5438
IndiGo,21/03/2019,Delhi,Cochin,DEL → HYD → COK,06:40,16:10,9h 30m,1 stop,No info,6558
Multiple carriers,27/05/2019,Delhi,Cochin,DEL → BOM → COK,06:00,12:35,6h 35m,1 stop,No info,11264
Multiple carriers,1/06/2019,Delhi,Cochin,DEL → BOM → COK,06:40,19:00,12h 20m,1 stop,No info,11200
Jet Airways,1/05/2019,Kolkata,Banglore,CCU → DEL → BLR,17:00,09:45 02 May,16h 45m,1 stop,No info,11467
IndiGo,1/06/2019,Kolkata,Banglore,CCU → BLR,21:25,00:05 02 Jun,2h 40m,non-stop,No info,4804
Air India,03/03/2019,Banglore,New Delhi,BLR → CCU → GAU → DEL,11:05,22:10 07 Mar,35h 5m,2 stops,No info,11948
Air India,6/06/2019,Kolkata,Banglore,CCU → GAU → BLR,09:50,21:05,11h 15m,1 stop,No info,7452
SpiceJet,27/05/2019,Banglore,Delhi,BLR → DEL,05:55,08:35,2h 40m,non-stop,No info,3311
Air India,15/05/2019,Delhi,Cochin,DEL → UDR → BOM → COK,13:20,07:40 16 May,18h 20m,2 stops,No info,13538
Jet Airways,24/03/2019,Kolkata,Banglore,CCU → BOM → BLR,08:25,22:35,14h 10m,1 stop,No info,13759
IndiGo,27/05/2019,Banglore,Delhi,BLR → DEL,06:05,08:50,2h 45m,non-stop,No info,4423
SpiceJet,3/03/2019,Kolkata,Banglore,CCU → BLR,17:15,19:45,2h 30m,non-stop,No info,6251
Air India,1/04/2019,Kolkata,Banglore,CCU → IXR → BBI → BLR,05:50,13:15,7h 25m,2 stops,No info,5562
IndiGo,9/03/2019,Delhi,Cochin,DEL → BOM → COK,16:00,21:00,5h,1 stop,No info,7725
IndiGo,21/06/2019,Mumbai,Hyderabad,BOM → HYD,16:55,18:25,1h 30m,non-stop,No info,4392
Jet Airways,3/04/2019,Banglore,Delhi,BLR → DEL,18:55,22:00,3h 5m,non-stop,No info,7229
Air India,18/05/2019,Delhi,Cochin,DEL → BLR → COK,20:30,23:00 19 May,26h 30m,1 stop,No info,8907
Air Asia,27/04/2019,Banglore,Delhi,BLR → DEL,23:55,02:45 28 Apr,2h 50m,non-stop,No info,3383
Air India,1/04/2019,Delhi,Cochin,DEL → MAA → COK,20:40,09:25 02 Apr,12h 45m,1 stop,No info,5117
IndiGo,9/05/2019,Mumbai,Hyderabad,BOM → HYD,16:55,18:25,1h 30m,non-stop,No info,4784
Air India,12/03/2019,Banglore,New Delhi,BLR → MAA → DEL,11:50,19:50,8h,1 stop,No info,11707
Jet Airways,6/03/2019,Delhi,Cochin,DEL → BOM → COK,13:00,18:50,5h 50m,1 stop,No info,17024
Multiple carriers,1/06/2019,Delhi,Cochin,DEL → BOM → COK,08:45,19:00,10h 15m,1 stop,No info,12524
Jet Airways,1/06/2019,Delhi,Cochin,DEL → JDH → BOM → COK,11:40,19:00,7h 20m,2 stops,No info,18804
Multiple carriers,9/03/2019,Delhi,Cochin,DEL → BOM → COK,08:40,21:00,12h 20m,1 stop,No info,18228
Jet Airways,21/04/2019,Banglore,Delhi,BLR → DEL,18:55,22:00,3h 5m,non-stop,In-flight meal not included,4544
IndiGo,6/03/2019,Mumbai,Hyderabad,BOM → HYD,02:30,04:00,1h 30m,non-stop,No info,3175
IndiGo,15/04/2019,Banglore,Delhi,BLR → DEL,21:15,00:15 16 Apr,3h,non-stop,No info,3943
Multiple carriers,6/06/2019,Delhi,Cochin,DEL → HYD → COK,14:55,22:30,7h 35m,1 stop,No info,7038
Multiple carriers,6/06/2019,Delhi,Cochin,DEL → BOM → COK,14:00,21:00,7h,1 stop,No info,13587
Jet Airways,3/06/2019,Banglore,Delhi,BLR → DEL,11:10,14:05,2h 55m,non-stop,No info,8016
Air India,21/05/2019,Kolkata,Banglore,CCU → BBI → BOM → BLR,12:00,21:50,9h 50m,2 stops,No info,10151
Air India,6/05/2019,Kolkata,Banglore,CCU → BLR,14:15,16:45,2h 30m,non-stop,No info,5510
IndiGo,12/05/2019,Mumbai,Hyderabad,BOM → HYD,19:05,20:35,1h 30m,non-stop,No info,2754
SpiceJet,27/03/2019,Mumbai,Hyderabad,BOM → HYD,22:45,00:10 28 Mar,1h 25m,non-stop,No info,1759
IndiGo,12/05/2019,Banglore,Delhi,BLR → DEL,06:05,08:50,2h 45m,non-stop,No info,4423
Multiple carriers,27/06/2019,Delhi,Cochin,DEL → BOM → COK,08:45,19:00,10h 15m,1 stop,No info,11789
Jet Airways,6/03/2019,Delhi,Cochin,DEL → AMD → BOM → COK,19:10,04:25 08 Mar,33h 15m,2 stops,No info,16809
Vistara,12/06/2019,Kolkata,Banglore,CCU → DEL → BLR,07:10,10:45 13 Jun,27h 35m,1 stop,No info,8452
SpiceJet,3/03/2019,Kolkata,Banglore,CCU → BLR,06:55,09:35,2h 40m,non-stop,No info,4622
Vistara,9/03/2019,Delhi,Cochin,DEL → COK,06:00,09:10,3h 10m,non-stop,No info,7266
GoAir,27/05/2019,Banglore,Delhi,BLR → DEL,07:45,10:40,2h 55m,non-stop,No info,3419
SpiceJet,24/05/2019,Banglore,Delhi,BLR → DEL,05:55,08:35,2h 40m,non-stop,No check-in baggage included,3257
IndiGo,6/05/2019,Delhi,Cochin,DEL → HYD → COK,14:20,22:30,8h 10m,1 stop,No info,7054
Air India,27/06/2019,Delhi,Cochin,DEL → JDH → BOM → COK,12:55,19:15 28 Jun,30h 20m,2 stops,No info,12646
Vistara,24/03/2019,Banglore,New Delhi,BLR → DEL,16:00,18:35,2h 35m,non-stop,No info,5088
Jet Airways,27/06/2019,Delhi,Cochin,DEL → AMD → BOM → COK,13:25,12:35 28 Jun,23h 10m,2 stops,No info,15339
Jet Airways,15/05/2019,Kolkata,Banglore,CCU → BOM → BLR,20:00,09:20 16 May,13h 20m,1 stop,In-flight meal not included,9663
Multiple carriers,27/06/2019,Delhi,Cochin,DEL → BOM → COK,14:00,21:00,7h,1 stop,No info,13587
Jet Airways,9/05/2019,Kolkata,Banglore,CCU → BOM → BLR,20:00,04:40 10 May,8h 40m,1 stop,In-flight meal not included,8586
Jet Airways,15/06/2019,Delhi,Cochin,DEL → BOM → COK,08:00,19:00,11h,1 stop,In-flight meal not included,10262
SpiceJet,3/06/2019,Mumbai,Hyderabad,BOM → HYD,13:15,14:45,1h 30m,non-stop,No check-in baggage included,1965
Jet Airways,12/03/2019,Banglore,New Delhi,BLR → BOM → DEL,16:55,09:30 13 Mar,16h 35m,1 stop,No info,13817
SpiceJet,1/03/2019,Chennai,Kolkata,MAA → CCU,08:20,10:35,2h 15m,non-stop,No info,7298
Jet Airways,15/05/2019,Kolkata,Banglore,CCU → DEL → BLR,17:00,22:05 16 May,29h 5m,1 stop,No info,14151
Jet Airways,27/04/2019,Banglore,Delhi,BLR → DEL,07:10,10:10,3h,non-stop,In-flight meal not included,4544
Jet Airways,21/05/2019,Delhi,Cochin,DEL → BOM → COK,02:15,04:25 22 May,26h 10m,1 stop,In-flight meal not included,12898
SpiceJet,12/04/2019,Kolkata,Banglore,CCU → BLR,06:55,09:30,2h 35m,non-stop,No info,3873
Vistara,6/03/2019,Mumbai,Hyderabad,BOM → DEL → HYD,08:45,22:55,14h 10m,1 stop,No info,12395
Air Asia,24/03/2019,Kolkata,Banglore,CCU → DEL → BLR,07:35,19:25,11h 50m,1 stop,No info,6785
Jet Airways,27/06/2019,Delhi,Cochin,DEL → JAI → BOM → COK,09:40,19:00,9h 20m,2 stops,No info,13014
SpiceJet,24/05/2019,Kolkata,Banglore,CCU → MAA → BLR,15:05,20:20,5h 15m,1 stop,No info,4649
Air India,18/06/2019,Mumbai,Hyderabad,BOM → HYD,15:00,16:25,1h 25m,non-stop,No info,3100
Jet Airways,06/03/2019,Banglore,New Delhi,BLR → BOM → DEL,22:50,00:45 08 Mar,25h 55m,1 stop,No info,14815
IndiGo,18/04/2019,Kolkata,Banglore,CCU → BLR,21:25,00:05 19 Apr,2h 40m,non-stop,No info,4174
Jet Airways,9/03/2019,Delhi,Cochin,DEL → BOM → COK,16:00,04:25 10 Mar,12h 25m,1 stop,No info,16289
Jet Airways,18/05/2019,Kolkata,Banglore,CCU → BOM → BLR,21:10,09:20 19 May,12h 10m,1 stop,In-flight meal not included,9663
IndiGo,24/03/2019,Banglore,New Delhi,BLR → DEL,10:10,13:00,2h 50m,non-stop,No info,4777
Jet Airways,6/06/2019,Kolkata,Banglore,CCU → BOM → BLR,14:05,23:35,9h 30m,1 stop,In-flight meal not included,10844
Air India,3/04/2019,Mumbai,Hyderabad,BOM → HYD,19:30,20:45,1h 15m,non-stop,No info,2050
Jet Airways,15/06/2019,Delhi,Cochin,DEL → LKO → BOM → COK,09:25,04:25 16 Jun,19h,2 stops,No info,13882
SpiceJet,21/06/2019,Mumbai,Hyderabad,BOM → HYD,22:45,00:15 22 Jun,1h 30m,non-stop,No info,2017
Air India,12/03/2019,Mumbai,Hyderabad,BOM → BLR → CCU → BBI → HYD,16:50,12:25 13 Mar,19h 35m,3 stops,No info,14260
Jet Airways,21/05/2019,Delhi,Cochin,DEL → BOM → COK,09:00,19:00,10h,1 stop,No info,16079
GoAir,27/05/2019,Banglore,Delhi,BLR → DEL,20:55,23:40,2h 45m,non-stop,No info,3419
SpiceJet,9/06/2019,Kolkata,Banglore,CCU → BLR,09:00,11:25,2h 25m,non-stop,No check-in baggage included,3841
Jet Airways,12/06/2019,Kolkata,Banglore,CCU → BOM → BLR,20:00,04:40 13 Jun,8h 40m,1 stop,No info,12576
Jet Airways,12/05/2019,Kolkata,Banglore,CCU → DEL → BLR,09:35,14:25 13 May,28h 50m,1 stop,No info,13067
Air India,1/05/2019,Kolkata,Banglore,CCU → BBI → BOM → BLR,09:10,21:50,12h 40m,2 stops,No info,12009
IndiGo,27/05/2019,Chennai,Kolkata,MAA → CCU,13:15,15:35,2h 20m,non-stop,No info,3597
IndiGo,21/05/2019,Delhi,Cochin,DEL → BOM → COK,04:55,11:50,6h 55m,1 stop,No info,6794
Jet Airways,6/03/2019,Delhi,Cochin,DEL → BOM → COK,11:30,04:25 07 Mar,16h 55m,1 stop,In-flight meal not included,13843
SpiceJet,01/03/2019,Banglore,New Delhi,BLR → DEL,09:35,12:30,2h 55m,non-stop,No info,11690
GoAir,27/03/2019,Delhi,Cochin,DEL → BOM → COK,07:00,12:50,5h 50m,1 stop,No info,5281
Air India,6/03/2019,Delhi,Cochin,DEL → BHO → BOM → COK,05:55,07:40 07 Mar,25h 45m,2 stops,No info,15428
Jet Airways,27/06/2019,Banglore,Delhi,BLR → DEL,18:55,22:00,3h 5m,non-stop,In-flight meal not included,7229
IndiGo,6/06/2019,Chennai,Kolkata,MAA → CCU,05:15,07:40,2h 25m,non-stop,No info,3540
GoAir,24/06/2019,Banglore,Delhi,BLR → DEL,07:45,10:40,2h 55m,non-stop,No info,3898
IndiGo,1/06/2019,Mumbai,Hyderabad,BOM → HYD,20:05,21:40,1h 35m,non-stop,No info,2227
Multiple carriers,12/06/2019,Delhi,Cochin,DEL → BOM → COK,19:00,01:30 13 Jun,6h 30m,1 stop,No info,7198
Jet Airways,9/05/2019,Delhi,Cochin,DEL → JAI → BOM → COK,09:40,12:35 10 May,26h 55m,2 stops,In-flight meal not included,13029
Multiple carriers,9/05/2019,Delhi,Cochin,DEL → HYD → COK,09:45,22:30,12h 45m,1 stop,No info,8888
IndiGo,3/03/2019,Delhi,Cochin,DEL → HYD → MAA → COK,08:35,21:20,12h 45m,2 stops,No info,8049
IndiGo,21/03/2019,Delhi,Cochin,DEL → HYD → COK,06:40,12:00,5h 20m,1 stop,No info,5761
Jet Airways,24/06/2019,Delhi,Cochin,DEL → AMD → BOM → COK,23:05,19:00 25 Jun,19h 55m,2 stops,No info,12819
Jet Airways,6/03/2019,Delhi,Cochin,DEL → BOM → COK,13:55,04:25 07 Mar,14h 30m,1 stop,In-flight meal not included,13843
Multiple carriers,12/06/2019,Delhi,Cochin,DEL → BOM → COK,08:30,19:15,10h 45m,1 stop,No info,7354
Jet Airways,9/03/2019,Delhi,Cochin,DEL → BOM → COK,15:05,04:25 10 Mar,13h 20m,1 stop,In-flight meal not included,14053
Jet Airways,1/06/2019,Delhi,Cochin,DEL → BOM → COK,18:15,19:00 02 Jun,24h 45m,1 stop,No info,14714
IndiGo,1/04/2019,Banglore,Delhi,BLR → DEL,07:10,10:05,2h 55m,non-stop,No info,4823
Air India,01/03/2019,Banglore,New Delhi,BLR → VGA → DEL,10:30,11:20 02 Mar,24h 50m,1 stop,No info,11528
Air India,6/05/2019,Kolkata,Banglore,CCU → DEL → COK → BLR,07:00,01:20 07 May,18h 20m,2 stops,No info,14083
Jet Airways,6/03/2019,Mumbai,Hyderabad,BOM → UDR → DEL → HYD,17:15,16:50 07 Mar,23h 35m,2 stops,No info,22950
Jet Airways,15/06/2019,Delhi,Cochin,DEL → LKO → BOM → COK,11:45,04:25 16 Jun,16h 40m,2 stops,No info,13882
Multiple carriers,6/03/2019,Delhi,Cochin,DEL → BOM → COK,11:30,18:50,7h 20m,1 stop,No info,15135
Jet Airways,9/03/2019,Delhi,Cochin,DEL → BOM → COK,21:50,18:50 10 Mar,21h,1 stop,In-flight meal not included,13843
Jet Airways,1/04/2019,Kolkata,Banglore,CCU → BOM → BLR,06:30,20:45,14h 15m,1 stop,In-flight meal not included,7064
Multiple carriers,6/03/2019,Delhi,Cochin,DEL → BOM → COK,08:25,18:50,10h 25m,1 stop,No info,15135
Jet Airways,1/06/2019,Delhi,Cochin,DEL → IDR → BOM → COK,09:35,12:35 02 Jun,27h,2 stops,No info,13292
IndiGo,9/03/2019,Delhi,Cochin,DEL → HYD → COK,07:35,16:10,8h 35m,1 stop,No info,6674
Vistara,15/04/2019,Delhi,Cochin,DEL → COK,14:40,17:50,3h 10m,non-stop,No info,6216
SpiceJet,6/05/2019,Kolkata,Banglore,CCU → BLR,17:10,19:40,2h 30m,non-stop,No info,4491
Multiple carriers,1/06/2019,Delhi,Cochin,DEL → BOM → COK,11:40,19:15,7h 35m,1 stop,No info,10261
IndiGo,12/04/2019,Banglore,Delhi,BLR → DEL,21:15,00:15 13 Apr,3h,non-stop,No info,4990
Air India,9/03/2019,Delhi,Cochin,DEL → BHO → BOM → COK,20:00,19:15 10 Mar,23h 15m,2 stops,No info,16111
IndiGo,9/05/2019,Delhi,Cochin,DEL → BOM → COK,20:25,01:30 10 May,5h 5m,1 stop,No info,7255
Air India,24/03/2019,Kolkata,Banglore,CCU → BBI → BLR,12:00,13:40 25 Mar,25h 40m,1 stop,No info,7742
Vistara,12/05/2019,Kolkata,Banglore,CCU → DEL → BLR,20:20,20:20 13 May,24h,1 stop,No info,8610
IndiGo,18/05/2019,Chennai,Kolkata,MAA → CCU,15:40,18:25,2h 45m,non-stop,No info,3850
Jet Airways,15/03/2019,Banglore,New Delhi,BLR → BOM → DEL,08:00,16:10,8h 10m,1 stop,In-flight meal not included,9134
Jet Airways,27/05/2019,Delhi,Cochin,DEL → BOM → COK,17:30,04:25 28 May,10h 55m,1 stop,In-flight meal not included,12898
Jet Airways,21/05/2019,Delhi,Cochin,DEL → JAI → BOM → COK,05:30,04:25 22 May,22h 55m,2 stops,No info,15129
Jet Airways,21/05/2019,Delhi,Cochin,DEL → BOM → COK,16:00,12:35 22 May,20h 35m,1 stop,In-flight meal not included,12898
IndiGo,27/06/2019,Banglore,Delhi,BLR → DEL,23:30,02:20 28 Jun,2h 50m,non-stop,No info,3943
Multiple carriers,24/05/2019,Delhi,Cochin,DEL → BOM → COK,09:00,19:00,10h,1 stop,No info,10197
Jet Airways,3/06/2019,Delhi,Cochin,DEL → IDR → BOM → COK,21:25,19:00 04 Jun,21h 35m,2 stops,No info,13292
Multiple carriers,12/06/2019,Delhi,Cochin,DEL → BOM → COK,14:00,21:00,7h,1 stop,No info,13587
IndiGo,27/06/2019,Banglore,Delhi,BLR → DEL,00:25,03:15,2h 50m,non-stop,No info,3419
Air India,15/05/2019,Delhi,Cochin,DEL → JDH → BOM → COK,12:55,19:15 16 May,30h 20m,2 stops,No info,13486
Air India,6/06/2019,Mumbai,Hyderabad,BOM → HYD,19:30,20:45,1h 15m,non-stop,No info,3100
IndiGo,12/06/2019,Delhi,Cochin,DEL → BOM → COK,20:25,01:30 13 Jun,5h 5m,1 stop,No info,5058
IndiGo,24/05/2019,Banglore,Delhi,BLR → DEL,13:00,15:50,2h 50m,non-stop,No info,4990
IndiGo,21/06/2019,Chennai,Kolkata,MAA → CCU,22:05,00:25 22 Jun,2h 20m,non-stop,No info,5277
Jet Airways,3/04/2019,Banglore,Delhi,BLR → DEL,11:10,14:05,2h 55m,non-stop,No info,7229
IndiGo,3/06/2019,Delhi,Cochin,DEL → BOM → COK,17:10,01:30 04 Jun,8h 20m,1 stop,No info,6104
Jet Airways,27/03/2019,Delhi,Cochin,DEL → AMD → BOM → COK,19:10,04:25 29 Mar,33h 15m,2 stops,In-flight meal not included,6643
Air Asia,3/06/2019,Delhi,Cochin,DEL → BLR → COK,16:45,06:35 04 Jun,13h 50m,1 stop,No info,11410
Vistara,03/03/2019,Banglore,New Delhi,BLR → DEL,21:10,00:05 04 Mar,2h 55m,non-stop,No info,7608
Air India,27/05/2019,Banglore,Delhi,BLR → DEL,10:00,12:45,2h 45m,non-stop,No info,6961
Multiple carriers,1/06/2019,Delhi,Cochin,DEL → BOM → COK,09:15,19:00,9h 45m,1 stop,No info,12042
Jet Airways,9/06/2019,Delhi,Cochin,DEL → LKO → BOM → COK,09:25,12:35 10 Jun,27h 10m,2 stops,No info,13882
IndiGo,1/03/2019,Mumbai,Hyderabad,BOM → HYD,02:30,04:00,1h 30m,non-stop,No info,16000
Jet Airways,27/06/2019,Delhi,Cochin,DEL → IDR → BOM → COK,21:25,19:00 28 Jun,21h 35m,2 stops,In-flight meal not included,11507
Jet Airways,6/06/2019,Delhi,Cochin,DEL → BOM → COK,19:15,04:25 07 Jun,9h 10m,1 stop,In-flight meal not included,10262
IndiGo,27/06/2019,Delhi,Cochin,DEL → HYD → COK,14:20,22:30,8h 10m,1 stop,No info,6412
SpiceJet,24/05/2019,Kolkata,Banglore,CCU → BLR,09:00,11:25,2h 25m,non-stop,No info,3873
Jet Airways,12/05/2019,Banglore,Delhi,BLR → DEL,06:00,08:45,2h 45m,non-stop,In-flight meal not included,5198
Multiple carriers,3/06/2019,Delhi,Cochin,DEL → BOM → COK,07:05,19:15,12h 10m,1 stop,No info,15058
Air India,6/06/2019,Delhi,Cochin,DEL → BOM → COK,08:00,19:15,11h 15m,1 stop,No info,8372
Vistara,9/04/2019,Banglore,Delhi,BLR → DEL,21:00,23:50,2h 50m,non-stop,No info,5403
SpiceJet,15/05/2019,Delhi,Cochin,DEL → BLR → COK,17:55,22:50,4h 55m,1 stop,No info,5409
Multiple carriers,27/06/2019,Delhi,Cochin,DEL → BOM → COK,06:00,19:00,13h,1 stop,In-flight meal not included,10791
Air India,15/05/2019,Delhi,Cochin,DEL → JAI → BOM → COK,18:45,19:15 16 May,24h 30m,2 stops,No info,13307
Air India,21/05/2019,Delhi,Cochin,DEL → TRV → COK,05:15,06:50 22 May,25h 35m,1 stop,No info,7480
Air India,3/06/2019,Delhi,Cochin,DEL → BLR → COK,17:40,09:35 04 Jun,15h 55m,1 stop,No info,7258
Air India,9/06/2019,Delhi,Cochin,DEL → BOM → COK,21:00,07:40 10 Jun,10h 40m,1 stop,No info,8372
IndiGo,24/06/2019,Kolkata,Banglore,CCU → BLR,14:25,16:55,2h 30m,non-stop,No info,4804
IndiGo,24/05/2019,Delhi,Cochin,DEL → HYD → COK,14:20,22:30,8h 10m,1 stop,No info,7640
Jet Airways,15/05/2019,Kolkata,Banglore,CCU → BOM → BLR,18:55,12:00 16 May,17h 5m,1 stop,In-flight meal not included,10844
Vistara,15/05/2019,Kolkata,Banglore,CCU → DEL → BLR,07:10,23:25,16h 15m,1 stop,No info,9345
IndiGo,27/04/2019,Banglore,Delhi,BLR → DEL,13:00,15:50,2h 50m,non-stop,No info,4423
SpiceJet,3/03/2019,Mumbai,Hyderabad,BOM → HYD,13:10,14:30,1h 20m,non-stop,No info,5755
SpiceJet,6/05/2019,Banglore,Delhi,BLR → DEL,21:10,00:05 07 May,2h 55m,non-stop,No check-in baggage included,3573
Air Asia,6/06/2019,Delhi,Cochin,DEL → BLR → COK,07:55,13:25,5h 30m,1 stop,No info,8759
Jet Airways,12/06/2019,Delhi,Cochin,DEL → BOM → COK,17:30,19:00 13 Jun,25h 30m,1 stop,In-flight meal not included,10262
Jet Airways,9/05/2019,Kolkata,Banglore,CCU → BOM → BLR,16:30,18:15 10 May,25h 45m,1 stop,No info,13941
IndiGo,12/05/2019,Chennai,Kolkata,MAA → CCU,22:05,00:25 13 May,2h 20m,non-stop,No info,5277
Air India,15/05/2019,Delhi,Cochin,DEL → COK,05:10,08:00,2h 50m,non-stop,No info,6094
Air India,1/06/2019,Delhi,Cochin,DEL → JAI → BOM → COK,12:00,07:40 02 Jun,19h 40m,2 stops,No info,10966
Jet Airways,3/05/2019,Banglore,Delhi,BLR → DEL,11:10,14:05,2h 55m,non-stop,In-flight meal not included,4030
Multiple carriers,3/03/2019,Delhi,Cochin,DEL → BOM → COK,12:50,01:35 04 Mar,12h 45m,1 stop,No info,18192
Jet Airways,12/05/2019,Kolkata,Banglore,CCU → DEL → BLR,09:35,09:45 13 May,24h 10m,1 stop,No info,14151
SpiceJet,24/05/2019,Mumbai,Hyderabad,BOM → HYD,22:45,00:15 25 May,1h 30m,non-stop,No info,2017
Jet Airways,3/04/2019,Delhi,Cochin,DEL → BOM → COK,02:15,04:25 04 Apr,26h 10m,1 stop,In-flight meal not included,5177
Vistara,21/05/2019,Kolkata,Banglore,CCU → DEL → BLR,17:00,23:25,6h 25m,1 stop,No info,9345
Multiple carriers,3/03/2019,Delhi,Cochin,DEL → BOM → COK,07:00,13:20,6h 20m,1 stop,No info,15603
IndiGo,21/03/2019,Chennai,Kolkata,MAA → CCU,11:35,14:00,2h 25m,non-stop,No info,3858
Jet Airways,15/05/2019,Kolkata,Banglore,CCU → DEL → BLR,20:25,19:10 16 May,22h 45m,1 stop,No info,14151
GoAir,12/04/2019,Banglore,Delhi,BLR → DEL,11:40,14:30,2h 50m,non-stop,No info,4937
SpiceJet,9/05/2019,Chennai,Kolkata,MAA → CCU,08:20,10:35,2h 15m,non-stop,No info,3911
IndiGo,15/06/2019,Banglore,Delhi,BLR → DEL,13:00,15:50,2h 50m,non-stop,No info,3943
Jet Airways,24/03/2019,Kolkata,Banglore,CCU → BOM → BLR,13:55,23:25,9h 30m,1 stop,In-flight meal not included,11134
Jet Airways,21/03/2019,Delhi,Cochin,DEL → BHO → BOM → COK,05:40,04:25 22 Mar,22h 45m,2 stops,No info,11543
SpiceJet,24/03/2019,Banglore,New Delhi,BLR → DEL,05:45,08:35,2h 50m,non-stop,No info,3579
IndiGo,3/06/2019,Kolkata,Banglore,CCU → BLR,04:40,07:15,2h 35m,non-stop,No info,5224
Air India,18/05/2019,Banglore,Delhi,BLR → DEL,17:00,19:45,2h 45m,non-stop,No info,7171
Multiple carriers,3/06/2019,Delhi,Cochin,DEL → BOM → COK,11:25,19:15,7h 50m,1 stop,No info,7354
Jet Airways,6/06/2019,Kolkata,Banglore,CCU → DEL → BLR,09:35,23:35,14h,1 stop,No info,14151
Jet Airways,21/05/2019,Banglore,Delhi,BLR → DEL,19:50,22:50,3h,non-stop,No info,7229
Air India,21/03/2019,Mumbai,Hyderabad,BOM → HYD,19:30,20:45,1h 15m,non-stop,No info,2575
Vistara,09/03/2019,Banglore,New Delhi,BLR → DEL,19:40,22:20,2h 40m,non-stop,No info,8290
Jet Airways,12/05/2019,Kolkata,Banglore,CCU → DEL → BLR,20:25,23:35 13 May,27h 10m,1 stop,No info,10953
IndiGo,3/06/2019,Delhi,Cochin,DEL → HYD → COK,07:35,12:10,4h 35m,1 stop,No info,6069
IndiGo,18/04/2019,Banglore,Delhi,BLR → DEL,18:25,21:20,2h 55m,non-stop,No info,4990
Multiple carriers,12/06/2019,Delhi,Cochin,DEL → BOM → COK,10:00,19:15,9h 15m,1 stop,No info,14848
Multiple carriers,18/05/2019,Delhi,Cochin,DEL → BOM → COK,11:40,01:30 19 May,13h 50m,1 stop,No info,8405
Jet Airways,9/03/2019,Delhi,Cochin,DEL → BOM → COK,06:50,04:25 10 Mar,21h 35m,1 stop,No info,16289
Multiple carriers,15/06/2019,Delhi,Cochin,DEL → BOM → COK,18:15,01:30 16 Jun,7h 15m,1 stop,No info,13377
IndiGo,12/06/2019,Chennai,Kolkata,MAA → CCU,11:35,14:00,2h 25m,non-stop,No info,3858
IndiGo,21/06/2019,Banglore,Delhi,BLR → DEL,16:55,19:55,3h,non-stop,No info,4990
Air Asia,6/06/2019,Kolkata,Banglore,CCU → BBI → BLR,06:50,10:30,3h 40m,1 stop,No info,6857
Jet Airways,6/05/2019,Kolkata,Banglore,CCU → BOM → BLR,08:25,19:50,11h 25m,1 stop,No info,14781
IndiGo,24/05/2019,Mumbai,Hyderabad,BOM → HYD,12:00,13:30,1h 30m,non-stop,No info,4392
Multiple carriers,6/03/2019,Delhi,Cochin,DEL → HYD → MAA → COK,07:05,21:20,14h 15m,2 stops,No info,7084
Multiple carriers,18/05/2019,Delhi,Cochin,DEL → BOM → COK,13:00,21:00,8h,1 stop,No info,9385
Jet Airways,15/06/2019,Delhi,Cochin,DEL → BOM → COK,17:30,19:00 16 Jun,25h 30m,1 stop,In-flight meal not included,10262
Jet Airways,12/06/2019,Mumbai,Hyderabad,BOM → HYD,19:35,21:05,1h 30m,non-stop,No info,5678
Air India,09/03/2019,Banglore,New Delhi,BLR → COK → DEL,22:00,13:20 13 Mar,15h 20m,1 stop,No info,8425
Jet Airways,27/06/2019,Delhi,Cochin,DEL → BHO → BOM → COK,05:30,12:35,7h 5m,2 stops,No info,14441
Jet Airways,27/03/2019,Delhi,Cochin,DEL → BOM → COK,11:30,18:50,7h 20m,1 stop,No info,12242
Air India,6/06/2019,Kolkata,Banglore,CCU → DEL → COK → BLR,10:00,01:20 07 Jun,15h 20m,2 stops,No info,13033
Air India,1/04/2019,Kolkata,Banglore,CCU → HYD → BLR,19:00,09:50 02 Apr,14h 50m,1 stop,No info,4227
IndiGo,15/06/2019,Delhi,Cochin,DEL → BOM → COK,11:25,01:30 16 Jun,14h 5m,1 stop,No info,5883
Air India,21/05/2019,Delhi,Cochin,DEL → BOM → COK,08:00,19:15,11h 15m,1 stop,No info,8372
IndiGo,3/06/2019,Delhi,Cochin,DEL → HYD → COK,06:50,16:10,9h 20m,1 stop,No info,7514
Jet Airways,24/05/2019,Kolkata,Banglore,CCU → BOM → BLR,20:00,20:45 25 May,24h 45m,1 stop,In-flight meal not included,10844
IndiGo,3/06/2019,Mumbai,Hyderabad,BOM → HYD,06:25,07:55,1h 30m,non-stop,No info,4049
Jet Airways,9/03/2019,Delhi,Cochin,DEL → BOM → COK,16:00,18:50 10 Mar,26h 50m,1 stop,No info,16289
Jet Airways,24/05/2019,Kolkata,Banglore,CCU → BOM → BLR,08:25,18:15,9h 50m,1 stop,In-flight meal not included,10844
IndiGo,15/05/2019,Banglore,Delhi,BLR → DEL,04:00,06:50,2h 50m,non-stop,No info,3943
SpiceJet,6/06/2019,Banglore,Delhi,BLR → DEL,21:10,00:05 07 Jun,2h 55m,non-stop,No check-in baggage included,3257
IndiGo,21/03/2019,Chennai,Kolkata,MAA → CCU,05:15,07:35,2h 20m,non-stop,No info,4326
Jet Airways,15/06/2019,Delhi,Cochin,DEL → IDR → BOM → COK,09:35,04:25 16 Jun,18h 50m,2 stops,No info,13292
Jet Airways,27/06/2019,Banglore,Delhi,BLR → DEL,17:45,20:45,3h,non-stop,In-flight meal not included,7229
Air Asia,6/04/2019,Kolkata,Banglore,CCU → BLR,22:50,01:20 07 Apr,2h 30m,non-stop,No info,3807
Jet Airways,12/06/2019,Delhi,Cochin,DEL → NAG → BOM → COK,14:35,12:35 13 Jun,22h,2 stops,No info,13376
SpiceJet,1/06/2019,Kolkata,Banglore,CCU → BLR,06:55,09:30,2h 35m,non-stop,No info,3873
Multiple carriers,21/03/2019,Delhi,Cochin,DEL → HYD → COK,14:35,22:20,7h 45m,1 stop,In-flight meal not included,5999
Air India,6/04/2019,Banglore,Delhi,BLR → DEL,06:10,08:55,2h 45m,non-stop,No info,5176
IndiGo,3/05/2019,Banglore,Delhi,BLR → DEL,20:00,22:50,2h 50m,non-stop,No info,4823
GoAir,21/04/2019,Delhi,Cochin,DEL → BOM → COK,07:00,12:55,5h 55m,1 stop,No info,6591
Air India,03/03/2019,Banglore,New Delhi,BLR → TRV → COK → DEL,07:30,10:50 07 Mar,27h 20m,2 stops,No info,12074
Jet Airways,6/06/2019,Delhi,Cochin,DEL → BOM → COK,11:30,19:00,7h 30m,1 stop,In-flight meal not included,10262
Vistara,9/06/2019,Banglore,Delhi,BLR → DEL,21:00,23:50,2h 50m,non-stop,No info,4668
SpiceJet,24/03/2019,Mumbai,Hyderabad,BOM → HYD,22:45,00:10 25 Mar,1h 25m,non-stop,No check-in baggage included,2175
IndiGo,12/05/2019,Banglore,Delhi,BLR → DEL,18:25,21:20,2h 55m,non-stop,No info,4823
Air India,24/05/2019,Banglore,Delhi,BLR → DEL,21:05,23:55,2h 50m,non-stop,No info,5228
Jet Airways,3/04/2019,Delhi,Cochin,DEL → COK,11:00,14:15,3h 15m,non-stop,In-flight meal not included,4886
Jet Airways,21/05/2019,Delhi,Cochin,DEL → BOM → COK,11:30,12:35 22 May,25h 5m,1 stop,In-flight meal not included,12898
Air India,15/05/2019,Kolkata,Banglore,CCU → DEL → COK → BLR,10:00,13:45 16 May,27h 45m,2 stops,No info,16057
Jet Airways,21/05/2019,Banglore,Delhi,BLR → DEL,17:45,20:45,3h,non-stop,In-flight meal not included,4030
Air India,27/05/2019,Banglore,Delhi,BLR → DEL,17:00,19:45,2h 45m,non-stop,No info,6961
Jet Airways,15/05/2019,Kolkata,Banglore,CCU → BOM → BLR,16:30,16:20 16 May,23h 50m,1 stop,In-flight meal not included,10844
Multiple carriers,9/05/2019,Delhi,Cochin,DEL → BOM → COK,04:55,19:15,14h 20m,1 stop,No info,7575
GoAir,18/04/2019,Banglore,Delhi,BLR → DEL,07:45,10:40,2h 55m,non-stop,No info,5048
Jet Airways,6/03/2019,Delhi,Cochin,DEL → BOM → COK,15:05,04:25 07 Mar,13h 20m,1 stop,No info,15764
Air India,24/05/2019,Kolkata,Banglore,CCU → BBI → BOM → BLR,12:00,21:50,9h 50m,2 stops,No info,9941
Vistara,24/06/2019,Banglore,Delhi,BLR → DEL,21:00,23:50,2h 50m,non-stop,No info,4668
IndiGo,24/05/2019,Mumbai,Hyderabad,BOM → HYD,06:25,07:55,1h 30m,non-stop,No info,4049
IndiGo,9/04/2019,Kolkata,Banglore,CCU → BLR,17:15,19:50,2h 35m,non-stop,No info,4174
IndiGo,3/03/2019,Delhi,Cochin,DEL → BOM → COK,07:30,13:20,5h 50m,1 stop,No info,13628
Air India,1/05/2019,Kolkata,Banglore,CCU → DEL → AMD → BLR,10:00,05:25 02 May,19h 25m,2 stops,No info,13899
Jet Airways,27/06/2019,Delhi,Cochin,DEL → IDR → BOM → COK,21:25,19:00 28 Jun,21h 35m,2 stops,No info,13292
SpiceJet,1/06/2019,Kolkata,Banglore,CCU → BLR,14:55,17:25,2h 30m,non-stop,No check-in baggage included,3841
Air India,12/05/2019,Kolkata,Banglore,CCU → BBI → BOM → BLR,12:00,07:55 13 May,19h 55m,2 stops,No info,10676
Multiple carriers,27/05/2019,Delhi,Cochin,DEL → HYD → COK,09:45,16:10,6h 25m,1 stop,No info,10486
SpiceJet,18/03/2019,Mumbai,Hyderabad,BOM → HYD,05:45,07:05,1h 20m,non-stop,No check-in baggage included,2385
IndiGo,27/05/2019,Chennai,Kolkata,MAA → CCU,19:35,21:55,2h 20m,non-stop,No info,3597
Jet Airways,1/04/2019,Kolkata,Banglore,CCU → BOM → BLR,21:10,08:15 02 Apr,11h 5m,1 stop,In-flight meal not included,8849
Multiple carriers,27/05/2019,Delhi,Cochin,DEL → BOM → COK,10:00,01:30 28 May,15h 30m,1 stop,No info,9508
SpiceJet,18/05/2019,Mumbai,Hyderabad,BOM → HYD,05:45,07:15,1h 30m,non-stop,No info,2017
Air India,15/05/2019,Delhi,Cochin,DEL → JAI → BOM → COK,12:00,07:40 16 May,19h 40m,2 stops,No info,10651
Air India,9/04/2019,Delhi,Cochin,DEL → MAA → COK,20:40,09:25 10 Apr,12h 45m,1 stop,No info,4487
Jet Airways,27/06/2019,Delhi,Cochin,DEL → IDR → BOM → COK,05:30,19:00,13h 30m,2 stops,No info,13292
Air India,21/03/2019,Delhi,Cochin,DEL → AMD → BOM → COK,19:45,19:15 22 Mar,23h 30m,2 stops,No info,8236
GoAir,01/03/2019,Banglore,New Delhi,BLR → DEL,20:55,23:50,2h 55m,non-stop,No info,18558
IndiGo,12/06/2019,Chennai,Kolkata,MAA → CCU,14:45,17:05,2h 20m,non-stop,No info,3597
IndiGo,27/05/2019,Delhi,Cochin,DEL → HYD → COK,06:50,12:10,5h 20m,1 stop,No info,5530
Jet Airways,18/03/2019,Banglore,New Delhi,BLR → BOM → DEL,21:25,09:30 16 Mar,12h 5m,1 stop,No info,13555
Jet Airways,6/05/2019,Kolkata,Banglore,CCU → DEL → BLR,17:00,18:00 07 May,25h,1 stop,In-flight meal not included,9314
Air India,12/06/2019,Kolkata,Banglore,CCU → BLR,14:15,16:45,2h 30m,non-stop,No info,5510
Multiple carriers,9/05/2019,Delhi,Cochin,DEL → BOM → COK,08:45,19:15,10h 30m,1 stop,No info,8266
IndiGo,24/03/2019,Banglore,New Delhi,BLR → DEL,04:00,06:50,2h 50m,non-stop,No info,4777
Multiple carriers,9/06/2019,Delhi,Cochin,DEL → BOM → COK,10:00,21:00,11h,1 stop,No info,7408
Air India,27/04/2019,Delhi,Cochin,DEL → COK,05:10,08:00,2h 50m,non-stop,No info,6094
Jet Airways,21/05/2019,Kolkata,Banglore,CCU → GAU → BLR,10:20,17:35,7h 15m,1 stop,No info,8355
SpiceJet,15/04/2019,Delhi,Cochin,DEL → PNQ → COK,08:45,13:15,4h 30m,1 stop,No check-in baggage included,5726
Jet Airways,6/04/2019,Banglore,Delhi,BLR → DEL,17:45,20:45,3h,non-stop,No info,7229
Multiple carriers,27/03/2019,Delhi,Cochin,DEL → BOM → COK,08:00,15:30,7h 30m,1 stop,No info,12537
Air India,27/05/2019,Delhi,Cochin,DEL → BOM → COK,13:00,19:15,6h 15m,1 stop,No info,9719
IndiGo,24/05/2019,Delhi,Cochin,DEL → BOM → COK,07:30,21:00,13h 30m,1 stop,No info,7006
SpiceJet,6/06/2019,Delhi,Cochin,DEL → BLR → COK,17:55,22:50,4h 55m,1 stop,No info,5409
IndiGo,3/03/2019,Delhi,Cochin,DEL → MAA → COK,02:05,07:25,5h 20m,1 stop,No info,10394
Multiple carriers,6/03/2019,Delhi,Cochin,DEL → BOM → COK,07:05,21:00,13h 55m,1 stop,No info,17267
Air Asia,12/05/2019,Banglore,Delhi,BLR → DEL,23:55,02:45 13 May,2h 50m,non-stop,No info,4483
Multiple carriers,21/05/2019,Delhi,Cochin,DEL → BOM → COK,10:20,21:00,10h 40m,1 stop,No info,7485
Multiple carriers,15/05/2019,Delhi,Cochin,DEL → HYD → COK,14:55,22:30,7h 35m,1 stop,No info,6513
Jet Airways,6/06/2019,Kolkata,Banglore,CCU → GAU → BLR,10:20,17:35,7h 15m,1 stop,In-flight meal not included,9689
Air India,27/06/2019,Delhi,Cochin,DEL → COK,05:10,08:00,2h 50m,non-stop,No info,5201
Air India,15/06/2019,Delhi,Cochin,DEL → BHO → BOM → COK,05:55,19:15,13h 20m,2 stops,No info,12646
Jet Airways,3/06/2019,Delhi,Cochin,DEL → BOM → COK,22:50,04:25 04 Jun,5h 35m,1 stop,In-flight meal not included,10262
Air India,24/06/2019,Delhi,Cochin,DEL → JAI → BOM → COK,12:00,07:40 25 Jun,19h 40m,2 stops,No info,9548
Jet Airways,27/03/2019,Delhi,Cochin,DEL → IXC → BOM → COK,06:20,18:50,12h 30m,2 stops,No info,11538
IndiGo,12/05/2019,Kolkata,Banglore,CCU → HYD → BLR,15:15,20:05,4h 50m,1 stop,No info,5170
Jet Airways,21/06/2019,Banglore,Delhi,BLR → DEL,17:45,20:45,3h,non-stop,No info,8541
SpiceJet,18/03/2019,Mumbai,Hyderabad,BOM → HYD,22:45,00:10 19 Mar,1h 25m,non-stop,No check-in baggage included,1965
Multiple carriers,9/04/2019,Delhi,Cochin,DEL → BOM → COK,17:45,01:30 10 Apr,7h 45m,1 stop,No info,8535
Jet Airways,15/06/2019,Delhi,Cochin,DEL → BOM → COK,11:30,19:00,7h 30m,1 stop,In-flight meal not included,10262
SpiceJet,18/03/2019,Kolkata,Banglore,CCU → BLR,17:15,19:45,2h 30m,non-stop,No check-in baggage included,4413
IndiGo,9/06/2019,Delhi,Cochin,DEL → HYD → COK,07:35,22:30,14h 55m,1 stop,No info,6442
Jet Airways,6/06/2019,Delhi,Cochin,DEL → BOM → COK,20:55,04:25 07 Jun,7h 30m,1 stop,In-flight meal not included,10262
Jet Airways,3/06/2019,Delhi,Cochin,DEL → BOM → COK,17:30,04:25 04 Jun,10h 55m,1 stop,No info,14714
Multiple carriers,18/05/2019,Delhi,Cochin,DEL → BOM → COK,12:50,01:30 19 May,12h 40m,1 stop,No info,7670
Jet Airways,15/05/2019,Kolkata,Banglore,CCU → BOM → BLR,16:30,04:40 16 May,12h 10m,1 stop,In-flight meal not included,10844
Multiple carriers,27/05/2019,Delhi,Cochin,DEL → HYD → COK,07:10,22:30,15h 20m,1 stop,No info,7878
Air India,15/05/2019,Kolkata,Banglore,CCU → IXR → DEL → BLR,05:50,16:15 16 May,34h 25m,2 stops,No info,12723
Jet Airways,9/06/2019,Kolkata,Banglore,CCU → BOM → BLR,21:10,09:20 10 Jun,12h 10m,1 stop,In-flight meal not included,11841
Jet Airways,12/03/2019,Banglore,New Delhi,BLR → BOM → DEL,18:55,07:40 13 Mar,12h 45m,1 stop,No info,13817
SpiceJet,21/04/2019,Kolkata,Banglore,CCU → BLR,17:10,19:40,2h 30m,non-stop,No check-in baggage included,4807
Jet Airways,27/05/2019,Delhi,Cochin,DEL → AMD → BOM → COK,23:05,04:25 29 May,29h 20m,2 stops,No info,16704
Air India,1/04/2019,Kolkata,Banglore,CCU → BOM → AMD → BLR,09:25,05:25 02 Apr,20h,2 stops,No info,12219
Vistara,9/06/2019,Chennai,Kolkata,MAA → CCU,17:45,20:05,2h 20m,non-stop,No info,11982
Jet Airways,12/06/2019,Delhi,Cochin,DEL → IDR → BOM → COK,09:35,12:35 13 Jun,27h,2 stops,No info,13292
Jet Airways,18/05/2019,Delhi,Cochin,DEL → BOM → COK,19:45,12:35 19 May,16h 50m,1 stop,In-flight meal not included,12373
Jet Airways,6/06/2019,Delhi,Cochin,DEL → BOM → COK,21:50,19:00 07 Jun,21h 10m,1 stop,No info,14714
Jet Airways,1/06/2019,Banglore,Delhi,BLR → DEL,08:20,11:20,3h,non-stop,No info,8016
Multiple carriers,27/05/2019,Delhi,Cochin,DEL → BOM → COK,09:00,21:00,12h,1 stop,No info,13587
IndiGo,12/06/2019,Delhi,Cochin,DEL → BOM → COK,09:15,21:00,11h 45m,1 stop,No info,6838
Multiple carriers,18/05/2019,Delhi,Cochin,DEL → IDR → BOM → COK,15:05,01:30 19 May,10h 25m,2 stops,No info,16840
Air India,21/03/2019,Delhi,Cochin,DEL → BLR → COK,13:30,23:00,9h 30m,1 stop,No info,5704
IndiGo,15/05/2019,Chennai,Kolkata,MAA → CCU,11:35,14:00,2h 25m,non-stop,No info,4332
Air Asia,03/03/2019,Banglore,New Delhi,BLR → DEL,05:50,08:40,2h 50m,non-stop,No info,7652
Jet Airways,18/05/2019,Delhi,Cochin,DEL → BOM → COK,09:00,19:00,10h,1 stop,In-flight meal not included,12373
Jet Airways,6/06/2019,Kolkata,Banglore,CCU → BOM → BLR,18:55,04:40 07 Jun,9h 45m,1 stop,In-flight meal not included,7757
Jet Airways,9/05/2019,Delhi,Cochin,DEL → BOM → COK,10:00,04:25 10 May,18h 25m,1 stop,In-flight meal not included,12373
Vistara,27/05/2019,Banglore,Delhi,BLR → DEL,19:30,22:15,2h 45m,non-stop,No info,4878
IndiGo,18/05/2019,Banglore,Delhi,BLR → DEL,10:30,13:20,2h 50m,non-stop,No info,3943
IndiGo,15/03/2019,Mumbai,Hyderabad,BOM → HYD,06:20,07:45,1h 25m,non-stop,No info,3342
SpiceJet,9/04/2019,Banglore,Delhi,BLR → DEL,21:10,00:05 10 Apr,2h 55m,non-stop,No check-in baggage included,3919
Air India,1/06/2019,Kolkata,Banglore,CCU → BLR,20:45,23:20,2h 35m,non-stop,No info,4145
Jet Airways,6/06/2019,Delhi,Cochin,DEL → JAI → BOM → COK,05:30,04:25 07 Jun,22h 55m,2 stops,In-flight meal not included,10368
Jet Airways,1/04/2019,Banglore,Delhi,BLR → DEL,18:55,22:00,3h 5m,non-stop,In-flight meal not included,4544
Jet Airways,12/03/2019,Banglore,New Delhi,BLR → MAA → DEL,09:45,14:25,4h 40m,1 stop,No info,12295
Jet Airways,09/03/2019,Banglore,New Delhi,BLR → BOM → DEL,21:25,07:40 13 Mar,10h 15m,1 stop,In-flight meal not included,7832
Jet Airways,15/06/2019,Mumbai,Hyderabad,BOM → HYD,10:20,11:50,1h 30m,non-stop,In-flight meal not included,4050
Jet Airways,9/05/2019,Kolkata,Banglore,CCU → BOM → BLR,14:05,04:40 10 May,14h 35m,1 stop,In-flight meal not included,8586
Air India,9/05/2019,Kolkata,Banglore,CCU → BOM → COK → BLR,09:25,13:45 10 May,28h 20m,2 stops,No info,11542
Jet Airways,21/05/2019,Kolkata,Banglore,CCU → BOM → BLR,08:25,08:15 22 May,23h 50m,1 stop,In-flight meal not included,8586
Multiple carriers,6/03/2019,Delhi,Cochin,DEL → BOM → COK,06:00,15:30,9h 30m,1 stop,No info,15147
Jet Airways,21/05/2019,Mumbai,Hyderabad,BOM → HYD,07:05,08:30,1h 25m,non-stop,No info,8040
GoAir,6/06/2019,Banglore,Delhi,BLR → DEL,20:55,23:40,2h 45m,non-stop,No info,3419
Jet Airways,18/03/2019,Banglore,New Delhi,BLR → BOM → DEL,08:55,18:25,9h 30m,1 stop,No info,12284
Multiple carriers,24/06/2019,Delhi,Cochin,DEL → BOM → COK,07:30,19:15,11h 45m,1 stop,No info,7354
Air India,21/05/2019,Kolkata,Banglore,CCU → BOM → BLR,09:25,18:30,9h 5m,1 stop,No info,8366
Jet Airways,9/05/2019,Banglore,Delhi,BLR → DEL,18:55,22:00,3h 5m,non-stop,In-flight meal not included,3702
Multiple carriers,3/03/2019,Delhi,Cochin,DEL → BOM → COK,10:20,01:35 04 Mar,15h 15m,1 stop,No info,15147
Jet Airways,21/05/2019,Delhi,Cochin,DEL → BOM → COK,20:55,19:00 22 May,22h 5m,1 stop,No info,16079
Jet Airways,9/03/2019,Delhi,Cochin,DEL → BOM → COK,20:50,18:50 10 Mar,22h,1 stop,In-flight meal not included,14053
IndiGo,6/04/2019,Kolkata,Banglore,CCU → BLR,04:40,07:15,2h 35m,non-stop,No info,4174
Jet Airways,18/05/2019,Delhi,Cochin,DEL → BOM → COK,17:30,04:25 19 May,10h 55m,1 stop,In-flight meal not included,12373
IndiGo,12/06/2019,Delhi,Cochin,DEL → BOM → COK,16:00,01:30 13 Jun,9h 30m,1 stop,No info,6316
Air India,21/05/2019,Kolkata,Banglore,CCU → DEL → BLR,10:00,20:25,10h 25m,1 stop,No info,11096
Jet Airways,21/05/2019,Kolkata,Banglore,CCU → BOM → BLR,20:00,08:15 22 May,12h 15m,1 stop,No info,14781
IndiGo,18/04/2019,Delhi,Cochin,DEL → COK,05:35,08:50,3h 15m,non-stop,No info,6015
Jet Airways,24/03/2019,Kolkata,Banglore,CCU → BOM → BLR,13:55,09:15 25 Mar,19h 20m,1 stop,In-flight meal not included,11134
IndiGo,15/06/2019,Mumbai,Hyderabad,BOM → HYD,09:10,10:40,1h 30m,non-stop,No info,4049
Jet Airways,1/06/2019,Delhi,Cochin,DEL → BOM → COK,17:30,19:00 02 Jun,25h 30m,1 stop,In-flight meal not included,10262
Multiple carriers,9/05/2019,Delhi,Cochin,DEL → BOM → COK,04:55,19:00,14h 5m,1 stop,No info,9103
Jet Airways,18/05/2019,Banglore,Delhi,BLR → DEL,15:15,18:10,2h 55m,non-stop,No info,7229
SpiceJet,1/05/2019,Kolkata,Banglore,CCU → IXB → BLR,15:55,21:25,5h 30m,1 stop,No info,8844
Multiple carriers,1/06/2019,Delhi,Cochin,DEL → BOM → COK,14:00,01:30 02 Jun,11h 30m,1 stop,No info,13377
GoAir,6/04/2019,Banglore,Delhi,BLR → DEL,20:55,23:40,2h 45m,non-stop,No info,3419
Jet Airways,21/05/2019,Delhi,Cochin,DEL → JAI → BOM → COK,09:40,12:35 22 May,26h 55m,2 stops,In-flight meal not included,13029
Multiple carriers,9/04/2019,Delhi,Cochin,DEL → BOM → COK,13:00,21:00,8h,1 stop,No info,12537
IndiGo,1/04/2019,Banglore,Delhi,BLR → DEL,06:05,08:50,2h 45m,non-stop,No info,3943
IndiGo,21/06/2019,Banglore,Delhi,BLR → DEL,00:25,03:15,2h 50m,non-stop,No info,3419
SpiceJet,21/05/2019,Banglore,Delhi,BLR → DEL,21:10,00:05 22 May,2h 55m,non-stop,No info,3625
Air India,6/03/2019,Delhi,Cochin,DEL → BLR → COK,06:10,08:15 07 Mar,26h 5m,1 stop,No info,11038
Jet Airways,12/06/2019,Delhi,Cochin,DEL → JAI → BOM → COK,05:30,04:25 13 Jun,22h 55m,2 stops,No info,13014
SpiceJet,21/04/2019,Kolkata,Banglore,CCU → BLR,06:55,09:30,2h 35m,non-stop,No info,4174
Vistara,6/06/2019,Kolkata,Banglore,CCU → DEL → BLR,17:00,20:20 07 Jun,27h 20m,1 stop,No info,8820
IndiGo,27/05/2019,Chennai,Kolkata,MAA → CCU,14:45,17:05,2h 20m,non-stop,No info,3597
SpiceJet,15/06/2019,Mumbai,Hyderabad,BOM → HYD,22:45,00:15 16 Jun,1h 30m,non-stop,No info,2017
Jet Airways,12/06/2019,Kolkata,Banglore,CCU → DEL → BLR,09:35,21:05,11h 30m,1 stop,No info,12692
Jet Airways,9/03/2019,Delhi,Cochin,DEL → BOM → COK,19:45,18:50 10 Mar,23h 5m,1 stop,In-flight meal not included,14053
Air India,12/04/2019,Banglore,Delhi,BLR → DEL,13:20,16:10,2h 50m,non-stop,No info,5911
Air India,21/05/2019,Mumbai,Hyderabad,BOM → HYD,19:30,20:45,1h 15m,non-stop,No info,3100
Air India,24/06/2019,Delhi,Cochin,DEL → HYD → MAA → COK,13:15,09:25 25 Jun,20h 10m,2 stops,No info,8839
Vistara,09/03/2019,Banglore,New Delhi,BLR → DEL,16:00,18:35,2h 35m,non-stop,No info,7923
Air India,6/03/2019,Mumbai,Hyderabad,BOM → COK → MAA → HYD,05:30,22:00,16h 30m,2 stops,No info,9678
Jet Airways,1/05/2019,Kolkata,Banglore,CCU → BOM → BLR,21:10,04:40 02 May,7h 30m,1 stop,In-flight meal not included,10844
Jet Airways,3/05/2019,Banglore,Delhi,BLR → DEL,11:10,14:05,2h 55m,non-stop,No info,7229
Air India,9/03/2019,Delhi,Cochin,DEL → GOI → BOM → COK,22:00,19:15 10 Mar,21h 15m,2 stops,No info,16373
Air Asia,15/05/2019,Delhi,Cochin,DEL → BLR → COK,16:45,07:10 16 May,14h 25m,1 stop,No info,6752
Air India,9/06/2019,Kolkata,Banglore,CCU → DEL → AMD → BLR,10:00,05:25 10 Jun,19h 25m,2 stops,No info,12744
Air India,21/05/2019,Delhi,Cochin,DEL → AMD → BOM → COK,19:45,19:15 22 May,23h 30m,2 stops,No info,9443
SpiceJet,24/03/2019,Banglore,New Delhi,BLR → DEL,20:30,23:20,2h 50m,non-stop,No info,5575
Multiple carriers,12/06/2019,Delhi,Cochin,DEL → IDR → BOM → COK,15:05,01:30 13 Jun,10h 25m,2 stops,No info,15965
Jet Airways,15/03/2019,Banglore,New Delhi,BLR → MAA → DEL,09:45,14:25,4h 40m,1 stop,In-flight meal not included,6136
IndiGo,15/05/2019,Delhi,Cochin,DEL → HYD → COK,06:50,22:30,15h 40m,1 stop,No info,6442
IndiGo,24/06/2019,Banglore,Delhi,BLR → DEL,10:10,13:00,2h 50m,non-stop,No info,3943
IndiGo,24/06/2019,Banglore,Delhi,BLR → DEL,08:30,11:20,2h 50m,non-stop,No info,4823
IndiGo,24/03/2019,Kolkata,Banglore,CCU → HYD → BLR,15:10,20:15,5h 5m,1 stop,No info,6762
Jet Airways,24/05/2019,Kolkata,Banglore,CCU → DEL → BLR,20:25,10:55 25 May,14h 30m,1 stop,No info,13067
SpiceJet,12/04/2019,Kolkata,Banglore,CCU → BLR,09:00,11:25,2h 25m,non-stop,No info,3873
IndiGo,1/05/2019,Chennai,Kolkata,MAA → CCU,14:45,17:05,2h 20m,non-stop,No info,3597
Vistara,9/05/2019,Kolkata,Banglore,CCU → DEL → BLR,07:10,22:40,15h 30m,1 stop,No info,7927
Jet Airways,6/05/2019,Kolkata,Banglore,CCU → BOM → BLR,18:55,16:20 07 May,21h 25m,1 stop,No info,13584
IndiGo,1/06/2019,Delhi,Cochin,DEL → BOM → COK,08:30,21:00,12h 30m,1 stop,No info,6416
SpiceJet,27/05/2019,Kolkata,Banglore,CCU → BLR,06:55,09:30,2h 35m,non-stop,No info,3873
Air India,01/03/2019,Banglore,New Delhi,BLR → BOM → BHO → DEL,08:50,09:25 02 Mar,24h 35m,2 stops,No info,25430
Multiple carriers,21/03/2019,Delhi,Cochin,DEL → BOM → COK,08:00,21:00,13h,1 stop,No info,6883
Multiple carriers,21/03/2019,Delhi,Cochin,DEL → BOM → COK,09:00,21:00,12h,1 stop,No info,6883
Jet Airways,21/05/2019,Delhi,Cochin,DEL → AMD → BOM → COK,23:05,19:00 22 May,19h 55m,2 stops,No info,15129
SpiceJet,18/06/2019,Kolkata,Banglore,CCU → BLR,09:00,11:25,2h 25m,non-stop,No info,3873
Jet Airways,06/03/2019,Banglore,New Delhi,BLR → BOM → DEL,07:00,19:10,12h 10m,1 stop,No info,16736
Jet Airways,6/05/2019,Kolkata,Banglore,CCU → DEL → BLR,09:35,09:45 07 May,24h 10m,1 stop,No info,10953
Air India,12/06/2019,Kolkata,Banglore,CCU → DEL → BLR,20:30,20:25 13 Jun,23h 55m,1 stop,No info,10203
SpiceJet,24/04/2019,Banglore,Delhi,BLR → DEL,21:10,00:05 25 Apr,2h 55m,non-stop,No check-in baggage included,3573
Jet Airways,12/06/2019,Delhi,Cochin,DEL → BOM → COK,19:15,12:35 13 Jun,17h 20m,1 stop,In-flight meal not included,10262
Air India,03/03/2019,Banglore,New Delhi,BLR → AMD → DEL,00:30,08:45,8h 15m,1 stop,No info,11392
IndiGo,27/06/2019,Chennai,Kolkata,MAA → CCU,22:05,00:25 28 Jun,2h 20m,non-stop,No info,5277
Multiple carriers,15/06/2019,Delhi,Cochin,DEL → BOM → COK,10:00,19:00,9h,1 stop,No info,13504
IndiGo,27/05/2019,Kolkata,Banglore,CCU → BLR,11:30,14:05,2h 35m,non-stop,No info,5224
Jet Airways,12/06/2019,Kolkata,Banglore,CCU → DEL → BLR,09:35,18:00,8h 25m,1 stop,No info,12692
Jet Airways,12/06/2019,Kolkata,Banglore,CCU → BOM → BLR,06:30,16:20,9h 50m,1 stop,No info,13626
IndiGo,27/03/2019,Delhi,Cochin,DEL → BOM → COK,06:40,15:30,8h 50m,1 stop,No info,8574
Air India,6/06/2019,Delhi,Cochin,DEL → BLR → COK,13:30,23:00,9h 30m,1 stop,No info,8907
Jet Airways,24/03/2019,Kolkata,Banglore,CCU → BOM → BLR,19:45,09:15 25 Mar,13h 30m,1 stop,In-flight meal not included,11134
Jet Airways,12/06/2019,Kolkata,Banglore,CCU → BOM → BLR,16:30,04:40 13 Jun,12h 10m,1 stop,In-flight meal not included,6224
IndiGo,6/05/2019,Mumbai,Hyderabad,BOM → HYD,02:35,04:05,1h 30m,non-stop,No info,3342
Jet Airways,6/03/2019,Delhi,Cochin,DEL → IDR → BOM → COK,05:25,04:25 07 Mar,23h,2 stops,No info,16914
Jet Airways,9/04/2019,Delhi,Cochin,DEL → JAI → BOM → COK,05:30,04:25 10 Apr,22h 55m,2 stops,No info,10909
IndiGo,12/06/2019,Delhi,Cochin,DEL → BOM → COK,16:00,21:00,5h,1 stop,No info,6069
Multiple carriers,6/05/2019,Delhi,Cochin,DEL → BOM → COK,09:00,19:00,10h,1 stop,No info,10407
Jet Airways,27/05/2019,Delhi,Cochin,DEL → JAI → BOM → COK,19:30,04:25 28 May,8h 55m,2 stops,In-flight meal not included,13029
IndiGo,15/04/2019,Kolkata,Banglore,CCU → BLR,20:20,22:55,2h 35m,non-stop,No info,4174
SpiceJet,6/06/2019,Banglore,Delhi,BLR → DEL,05:55,08:35,2h 40m,non-stop,No check-in baggage included,3573
SpiceJet,15/06/2019,Kolkata,Banglore,CCU → BLR,09:00,11:25,2h 25m,non-stop,No info,3873
Jet Airways,6/05/2019,Kolkata,Banglore,CCU → DEL → BLR,09:35,19:10,9h 35m,1 stop,No info,13067
Jet Airways,18/03/2019,Banglore,New Delhi,BLR → BOM → DEL,22:50,20:20 16 Mar,21h 30m,1 stop,In-flight meal not included,11087
Air India,15/06/2019,Delhi,Cochin,DEL → AMD → BOM → COK,19:45,19:15 16 Jun,23h 30m,2 stops,No info,9653
Jet Airways,24/05/2019,Kolkata,Banglore,CCU → BOM → BLR,20:00,12:00 25 May,16h,1 stop,No info,14571
Vistara,1/04/2019,Delhi,Cochin,DEL → COK,14:40,17:50,3h 10m,non-stop,No info,4851
Air India,21/05/2019,Delhi,Cochin,DEL → BHO → BOM → COK,20:00,19:15 22 May,23h 15m,2 stops,No info,10861
SpiceJet,12/04/2019,Banglore,Delhi,BLR → DEL,05:55,08:35,2h 40m,non-stop,No check-in baggage included,4319
IndiGo,3/04/2019,Banglore,Delhi,BLR → DEL,06:05,08:50,2h 45m,non-stop,No info,4077
Air India,03/03/2019,Banglore,New Delhi,BLR → DEL,17:00,19:45,2h 45m,non-stop,No info,19508
Vistara,24/03/2019,Banglore,New Delhi,BLR → DEL,11:30,14:10,2h 40m,non-stop,No info,5403
Jet Airways,3/03/2019,Delhi,Cochin,DEL → BOM → COK,19:15,04:25 04 Mar,9h 10m,1 stop,No info,17234
IndiGo,6/05/2019,Kolkata,Banglore,CCU → NAG → BLR,18:05,23:30,5h 25m,1 stop,No info,6218
SpiceJet,1/04/2019,Banglore,Delhi,BLR → DEL,21:10,00:05 02 Apr,2h 55m,non-stop,No info,3625
Jet Airways,18/05/2019,Delhi,Cochin,DEL → BOM → COK,07:05,19:00,11h 55m,1 stop,In-flight meal not included,12373
Multiple carriers,3/06/2019,Delhi,Cochin,DEL → HYD → COK,09:45,22:30,12h 45m,1 stop,No info,9646
IndiGo,9/04/2019,Delhi,Cochin,DEL → BOM → COK,09:15,01:30 10 Apr,16h 15m,1 stop,No info,6573
Jet Airways,24/05/2019,Kolkata,Banglore,CCU → DEL → BLR,09:35,21:05,11h 30m,1 stop,No info,14151
IndiGo,18/04/2019,Delhi,Cochin,DEL → COK,14:20,17:35,3h 15m,non-stop,No info,6015
Air Asia,9/03/2019,Kolkata,Banglore,CCU → BLR,22:50,01:20 10 Mar,2h 30m,non-stop,No info,4384
IndiGo,21/03/2019,Delhi,Cochin,DEL → HYD → COK,07:35,16:10,8h 35m,1 stop,No info,6558
IndiGo,27/05/2019,Delhi,Cochin,DEL → HYD → COK,08:35,16:10,7h 35m,1 stop,No info,6442
Jet Airways,06/03/2019,Banglore,New Delhi,BLR → BOM → DEL,05:45,18:25,12h 40m,1 stop,No info,16736
Jet Airways,18/05/2019,Delhi,Cochin,DEL → JAI → BOM → COK,05:30,19:00,13h 30m,2 stops,In-flight meal not included,13029
Jet Airways,6/04/2019,Banglore,Delhi,BLR → DEL,15:15,18:10,2h 55m,non-stop,In-flight meal not included,5198
Jet Airways,24/03/2019,Kolkata,Banglore,CCU → BOM → BLR,16:55,18:10 25 Mar,25h 15m,1 stop,No info,14231
Jet Airways,12/06/2019,Kolkata,Banglore,CCU → BOM → BLR,20:00,16:20 13 Jun,20h 20m,1 stop,In-flight meal not included,8529
Air India,24/06/2019,Delhi,Cochin,DEL → GOI → BOM → COK,10:55,19:15,8h 20m,2 stops,No info,11753
Jet Airways,27/06/2019,Delhi,Cochin,DEL → BOM → COK,20:55,12:35 28 Jun,15h 40m,1 stop,In-flight meal not included,10262
Jet Airways,06/03/2019,Banglore,New Delhi,BLR → BOM → DEL,11:40,10:25 07 Mar,22h 45m,1 stop,No info,17261
Multiple carriers,6/03/2019,Delhi,Cochin,DEL → BOM → COK,11:30,19:15,7h 45m,1 stop,In-flight meal not included,15342
Jet Airways,15/05/2019,Kolkata,Banglore,CCU → BOM → BLR,08:25,23:35,15h 10m,1 stop,No info,13941
Vistara,24/03/2019,Banglore,New Delhi,BLR → DEL,21:10,00:05 28 Mar,2h 55m,non-stop,No info,4353
Air India,1/06/2019,Delhi,Cochin,DEL → BOM → COK,09:00,19:15,10h 15m,1 stop,No info,10454
Air India,6/06/2019,Mumbai,Hyderabad,BOM → HYD,06:20,07:40,1h 20m,non-stop,No info,3100
Multiple carriers,24/06/2019,Delhi,Cochin,DEL → BOM → COK,03:50,19:00,15h 10m,1 stop,No info,12192
Multiple carriers,27/06/2019,Delhi,Cochin,DEL → BOM → COK,10:35,19:15,8h 40m,1 stop,No info,7155
Jet Airways,6/06/2019,Kolkata,Banglore,CCU → BOM → BLR,08:25,19:50,11h 25m,1 stop,No info,14571
Multiple carriers,27/03/2019,Delhi,Cochin,DEL → BOM → COK,13:00,01:35 28 Mar,12h 35m,1 stop,No info,6673
Jet Airways,9/03/2019,Mumbai,Hyderabad,BOM → HYD,06:30,08:00,1h 30m,non-stop,In-flight meal not included,4995
IndiGo,3/03/2019,Delhi,Cochin,DEL → BOM → COK,10:45,01:35 04 Mar,14h 50m,1 stop,No info,14871
Vistara,03/03/2019,Banglore,New Delhi,BLR → DEL,19:40,22:20,2h 40m,non-stop,No info,11913
IndiGo,21/05/2019,Delhi,Cochin,DEL → BOM → COK,18:35,01:30 22 May,6h 55m,1 stop,No info,7006
Multiple carriers,15/06/2019,Delhi,Cochin,DEL → BOM → COK,14:00,21:00,7h,1 stop,No info,13587
Jet Airways,24/03/2019,Kolkata,Banglore,CCU → BOM → BLR,19:45,20:40 25 Mar,24h 55m,1 stop,In-flight meal not included,10031
Jet Airways,6/06/2019,Delhi,Cochin,DEL → BOM → COK,10:00,19:00,9h,1 stop,In-flight meal not included,10262
IndiGo,3/06/2019,Delhi,Cochin,DEL → HYD → COK,08:35,22:30,13h 55m,1 stop,No info,6442
Jet Airways,15/05/2019,Kolkata,Banglore,CCU → BOM → BLR,18:55,09:20 16 May,14h 25m,1 stop,In-flight meal not included,9663
IndiGo,27/04/2019,Banglore,Delhi,BLR → DEL,20:00,22:50,2h 50m,non-stop,No info,4823
Jet Airways,24/03/2019,Kolkata,Banglore,CCU → BOM → BLR,16:55,16:20 25 Mar,23h 25m,1 stop,No info,14231
Multiple carriers,9/06/2019,Delhi,Cochin,DEL → BOM → COK,13:00,21:00,8h,1 stop,No info,13587
Multiple carriers,6/06/2019,Delhi,Cochin,DEL → BOM → COK,11:40,21:00,9h 20m,1 stop,No info,7005
Vistara,12/04/2019,Banglore,Delhi,BLR → DEL,09:45,12:35,2h 50m,non-stop,No info,5403
Air Asia,18/04/2019,Kolkata,Banglore,CCU → BLR,10:20,12:55,2h 35m,non-stop,No info,4409
Jet Airways,06/03/2019,Banglore,New Delhi,BLR → BOM → DEL,21:25,21:20 07 Mar,23h 55m,1 stop,No info,17471
SpiceJet,21/06/2019,Mumbai,Hyderabad,BOM → HYD,05:45,07:15,1h 30m,non-stop,No check-in baggage included,2647
IndiGo,21/03/2019,Kolkata,Banglore,CCU → BLR,14:20,16:55,2h 35m,non-stop,No info,5198
Jet Airways,3/03/2019,Mumbai,Hyderabad,BOM → HYD,07:10,08:35,1h 25m,non-stop,No info,5678
GoAir,09/03/2019,Banglore,New Delhi,BLR → DEL,20:55,23:50,2h 55m,non-stop,No info,5706
IndiGo,1/06/2019,Banglore,Delhi,BLR → DEL,16:55,19:45,2h 50m,non-stop,No info,4823
SpiceJet,3/06/2019,Kolkata,Banglore,CCU → BLR,17:10,19:40,2h 30m,non-stop,No info,3873
Air India,6/06/2019,Kolkata,Banglore,CCU → DEL → BLR,10:00,20:25,10h 25m,1 stop,No info,10203
SpiceJet,27/06/2019,Chennai,Kolkata,MAA → CCU,08:20,10:35,2h 15m,non-stop,No info,3597
Jet Airways,9/05/2019,Delhi,Cochin,DEL → COK,11:00,14:15,3h 15m,non-stop,No info,9564
Jet Airways,18/05/2019,Kolkata,Banglore,CCU → DEL → BLR,09:35,19:10,9h 35m,1 stop,In-flight meal not included,12384
Multiple carriers,21/05/2019,Delhi,Cochin,DEL → BOM → COK,04:55,19:15,14h 20m,1 stop,No info,7575
IndiGo,15/05/2019,Mumbai,Hyderabad,BOM → HYD,20:05,21:40,1h 35m,non-stop,No info,2227
IndiGo,6/03/2019,Kolkata,Banglore,CCU → BLR,15:20,17:55,2h 35m,non-stop,No info,5618
Jet Airways,18/05/2019,Delhi,Cochin,DEL → JAI → BOM → COK,09:40,12:35 19 May,26h 55m,2 stops,No info,15129
Jet Airways,12/06/2019,Kolkata,Banglore,CCU → BOM → BLR,18:55,08:15 13 Jun,13h 20m,1 stop,No info,13044
Jet Airways,27/05/2019,Delhi,Cochin,DEL → BOM → COK,21:50,19:00 28 May,21h 10m,1 stop,No info,16079
Air India,18/05/2019,Kolkata,Banglore,CCU → JAI → DEL → BLR,08:20,20:25,12h 5m,2 stops,No info,12534
GoAir,27/05/2019,Banglore,Delhi,BLR → DEL,11:40,14:30,2h 50m,non-stop,No info,3398
Air India,9/05/2019,Kolkata,Banglore,CCU → MAA → BLR,14:35,14:35 10 May,24h,1 stop,No info,6528
Jet Airways,9/05/2019,Delhi,Cochin,DEL → BOM → COK,15:00,12:35 10 May,21h 35m,1 stop,In-flight meal not included,12373
Air Asia,1/05/2019,Kolkata,Banglore,CCU → DEL → BLR,07:35,23:30,15h 55m,1 stop,No info,5192
Air India,18/05/2019,Delhi,Cochin,DEL → BOM → COK,08:00,19:15,11h 15m,1 stop,No info,8879
Jet Airways,21/05/2019,Kolkata,Banglore,CCU → DEL → BLR,20:25,22:05 22 May,25h 40m,1 stop,No info,13067
Air India,9/03/2019,Delhi,Cochin,DEL → RPR → NAG → BOM → COK,05:15,19:15 10 Mar,38h,3 stops,No info,15586
Air India,1/06/2019,Delhi,Cochin,DEL → BOM → COK,10:00,19:15,9h 15m,1 stop,No info,9929
SpiceJet,12/06/2019,Banglore,Delhi,BLR → DEL,09:30,12:20,2h 50m,non-stop,No check-in baggage included,4319
Jet Airways,21/03/2019,Delhi,Cochin,DEL → AMD → BOM → COK,19:10,18:50 22 Mar,23h 40m,2 stops,No info,10929
Jet Airways,24/05/2019,Kolkata,Banglore,CCU → BOM → BLR,18:55,04:40 25 May,9h 45m,1 stop,In-flight meal not included,8586
Jet Airways,9/06/2019,Kolkata,Banglore,CCU → DEL → BLR,09:35,22:05,12h 30m,1 stop,No info,14676
Jet Airways,27/03/2019,Delhi,Cochin,DEL → BOM → COK,02:15,04:25 28 Mar,26h 10m,1 stop,In-flight meal not included,6017
Air India,01/03/2019,Banglore,New Delhi,BLR → COK → DEL,22:00,23:20 02 Mar,25h 20m,1 stop,Change airports,14305
Air India,24/05/2019,Kolkata,Banglore,CCU → BOM → COK → BLR,09:25,13:45 25 May,28h 20m,2 stops,No info,12592
Air India,9/03/2019,Delhi,Cochin,DEL → BOM → COK,08:40,19:15,10h 35m,1 stop,No info,18959
Air India,12/04/2019,Banglore,Delhi,BLR → DEL,06:10,08:55,2h 45m,non-stop,No info,5911
Vistara,24/03/2019,Banglore,New Delhi,BLR → DEL,21:10,00:05 25 Mar,2h 55m,non-stop,No info,6558
Jet Airways,9/05/2019,Kolkata,Banglore,CCU → GAU → BLR,10:20,17:35,7h 15m,1 stop,In-flight meal not included,5608
GoAir,6/05/2019,Banglore,Delhi,BLR → DEL,20:55,23:40,2h 45m,non-stop,No info,3419
IndiGo,21/03/2019,Delhi,Cochin,DEL → BOM → COK,10:45,15:30,4h 45m,1 stop,No info,6218
Jet Airways,21/03/2019,Mumbai,Hyderabad,BOM → HYD,03:05,04:25,1h 20m,non-stop,No info,5678
SpiceJet,6/06/2019,Banglore,Delhi,BLR → DEL,21:10,00:05 07 Jun,2h 55m,non-stop,No info,3311
Air India,21/05/2019,Delhi,Cochin,DEL → BOM → COK,13:00,19:15,6h 15m,1 stop,No info,8372
Multiple carriers,6/06/2019,Delhi,Cochin,DEL → BOM → COK,11:30,21:00,9h 30m,1 stop,No info,13587
Jet Airways,27/05/2019,Delhi,Cochin,DEL → BOM → COK,15:00,04:25 28 May,13h 25m,1 stop,In-flight meal not included,12898
Jet Airways,24/03/2019,Mumbai,Hyderabad,BOM → HYD,19:35,21:05,1h 30m,non-stop,In-flight meal not included,2470
GoAir,24/06/2019,Delhi,Cochin,DEL → BOM → COK,07:00,12:55,5h 55m,1 stop,No info,5281
Vistara,1/05/2019,Kolkata,Banglore,CCU → DEL → BLR,20:20,09:05 02 May,12h 45m,1 stop,No info,8452
IndiGo,24/06/2019,Delhi,Cochin,DEL → HYD → COK,07:35,16:10,8h 35m,1 stop,No info,6442
Air India,03/03/2019,Banglore,New Delhi,BLR → BOM → IDR → DEL,06:45,11:10 07 Mar,28h 25m,2 stops,No info,12599
Jet Airways,9/06/2019,Kolkata,Banglore,CCU → BOM → BLR,18:55,12:00 10 Jun,17h 5m,1 stop,In-flight meal not included,10844
Multiple carriers,21/03/2019,Delhi,Cochin,DEL → BOM → COK,10:00,19:15,9h 15m,1 stop,In-flight meal not included,8401
Air Asia,1/06/2019,Delhi,Cochin,DEL → BLR → COK,16:45,07:10 02 Jun,14h 25m,1 stop,No info,11410
Jet Airways,1/06/2019,Delhi,Cochin,DEL → BOM → COK,20:55,12:35 02 Jun,15h 40m,1 stop,In-flight meal not included,10262
IndiGo,15/06/2019,Kolkata,Banglore,CCU → BLR,17:15,19:50,2h 35m,non-stop,No info,4804
SpiceJet,21/06/2019,Kolkata,Banglore,CCU → BLR,22:20,00:40 22 Jun,2h 20m,non-stop,No info,3873
Jet Airways,24/06/2019,Delhi,Cochin,DEL → BOM → COK,20:55,19:00 25 Jun,22h 5m,1 stop,In-flight meal not included,10262
Air India,21/06/2019,Banglore,Delhi,BLR → DEL,17:00,19:45,2h 45m,non-stop,No info,7171
Multiple carriers,9/05/2019,Delhi,Cochin,DEL → BOM → COK,18:15,01:30 10 May,7h 15m,1 stop,No info,15078
Jet Airways,18/03/2019,Banglore,New Delhi,BLR → BOM → DEL,14:05,20:20,6h 15m,1 stop,No info,13555
Jet Airways,1/05/2019,Kolkata,Banglore,CCU → DEL → BLR,20:25,10:55 02 May,14h 30m,1 stop,No info,12121
Vistara,24/03/2019,Banglore,New Delhi,BLR → DEL,12:00,14:40,2h 40m,non-stop,No info,7608
Jet Airways,12/05/2019,Kolkata,Banglore,CCU → BOM → BLR,20:00,16:20 13 May,20h 20m,1 stop,In-flight meal not included,10844
Jet Airways,12/05/2019,Kolkata,Banglore,CCU → DEL → BLR,17:00,09:45 13 May,16h 45m,1 stop,No info,14151
IndiGo,18/05/2019,Chennai,Kolkata,MAA → CCU,11:35,14:00,2h 25m,non-stop,No info,4332
Jet Airways,12/03/2019,Banglore,New Delhi,BLR → BOM → DEL,08:55,23:00,14h 5m,1 stop,No info,13817
Jet Airways,15/06/2019,Delhi,Cochin,DEL → IDR → BOM → COK,21:25,19:00 16 Jun,21h 35m,2 stops,In-flight meal not included,10588
Multiple carriers,15/05/2019,Delhi,Cochin,DEL → GWL → IDR → BOM → COK,11:35,01:30 16 May,13h 55m,3 stops,No info,16294
Air India,18/06/2019,Mumbai,Hyderabad,BOM → HYD,13:55,15:25,1h 30m,non-stop,No info,3100
IndiGo,6/06/2019,Kolkata,Banglore,CCU → BLR,17:15,19:50,2h 35m,non-stop,No info,4804
Multiple carriers,21/03/2019,Delhi,Cochin,DEL → BOM → COK,02:15,13:20,11h 5m,1 stop,No info,13961
IndiGo,9/04/2019,Banglore,Delhi,BLR → DEL,23:30,02:20 10 Apr,2h 50m,non-stop,No info,4591
Air Asia,27/06/2019,Kolkata,Banglore,CCU → BLR,19:55,22:25,2h 30m,non-stop,No info,3807
IndiGo,3/04/2019,Banglore,Delhi,BLR → DEL,08:30,11:20,2h 50m,non-stop,No info,4823
Air India,3/06/2019,Delhi,Cochin,DEL → BOM → COK,21:00,07:40 04 Jun,10h 40m,1 stop,No info,8372
Vistara,6/03/2019,Mumbai,Hyderabad,BOM → DEL → HYD,11:55,09:25 07 Mar,21h 30m,1 stop,No info,12395
Multiple carriers,27/05/2019,Delhi,Cochin,DEL → BOM → COK,11:30,21:00,9h 30m,1 stop,No info,13587
SpiceJet,15/06/2019,Banglore,Delhi,BLR → DEL,21:10,00:05 16 Jun,2h 55m,non-stop,No check-in baggage included,3919
IndiGo,15/05/2019,Banglore,Delhi,BLR → DEL,18:55,21:50,2h 55m,non-stop,No info,4823
Multiple carriers,21/03/2019,Delhi,Cochin,DEL → BOM → COK,10:20,18:50,8h 30m,1 stop,No info,11999
Jet Airways,6/06/2019,Kolkata,Banglore,CCU → DEL → BLR,20:25,18:00 07 Jun,21h 35m,1 stop,In-flight meal not included,10539
Jet Airways,24/05/2019,Banglore,Delhi,BLR → DEL,06:00,08:45,2h 45m,non-stop,No info,7229
IndiGo,12/05/2019,Banglore,Delhi,BLR → DEL,01:30,04:15,2h 45m,non-stop,No info,3943
Jet Airways,6/06/2019,Delhi,Cochin,DEL → ATQ → BOM → COK,20:00,04:25 07 Jun,8h 25m,2 stops,In-flight meal not included,15318
IndiGo,9/06/2019,Kolkata,Banglore,CCU → PAT → BLR,09:20,14:15,4h 55m,1 stop,No info,11465
Multiple carriers,12/06/2019,Delhi,Cochin,DEL → BOM → COK,10:00,19:00,9h,1 stop,No info,12192
Multiple carriers,15/06/2019,Delhi,Cochin,DEL → BOM → COK,07:30,19:15,11h 45m,1 stop,No info,8614
Air India,24/06/2019,Banglore,Delhi,BLR → DEL,13:20,16:10,2h 50m,non-stop,No info,6961
IndiGo,9/03/2019,Chennai,Kolkata,MAA → CCU,17:05,19:40,2h 35m,non-stop,No info,6297
Jet Airways,15/04/2019,Delhi,Cochin,DEL → BOM → COK,11:30,19:00,7h 30m,1 stop,In-flight meal not included,6542
SpiceJet,24/05/2019,Chennai,Kolkata,MAA → CCU,08:20,10:35,2h 15m,non-stop,No info,3597
SpiceJet,03/03/2019,Banglore,New Delhi,BLR → HYD → DEL,15:35,23:40,8h 5m,1 stop,No info,6315
Air India,12/03/2019,Banglore,New Delhi,BLR → MAA → DEL,11:50,08:55 13 Mar,21h 5m,1 stop,No info,11707
IndiGo,15/05/2019,Kolkata,Banglore,CCU → BLR,20:20,22:55,2h 35m,non-stop,No info,4804
IndiGo,18/05/2019,Mumbai,Hyderabad,BOM → HYD,06:25,07:55,1h 30m,non-stop,No info,4392
Air India,6/06/2019,Delhi,Cochin,DEL → AMD → BOM → COK,05:00,19:15 07 Jun,38h 15m,2 stops,No info,9653
Air India,15/06/2019,Delhi,Cochin,DEL → UDR → BOM → COK,13:20,07:40 16 Jun,18h 20m,2 stops,No info,12121
Jet Airways,6/03/2019,Delhi,Cochin,DEL → BOM → COK,09:00,04:25 07 Mar,19h 25m,1 stop,In-flight meal not included,13843
SpiceJet,15/03/2019,Kolkata,Banglore,CCU → BLR,22:20,00:40 16 Mar,2h 20m,non-stop,No check-in baggage included,3815
Vistara,21/06/2019,Delhi,Cochin,DEL → COK,14:40,17:50,3h 10m,non-stop,No info,6216
Multiple carriers,27/05/2019,Delhi,Cochin,DEL → BOM → COK,07:30,19:00,11h 30m,1 stop,No info,11264
Jet Airways,3/03/2019,Delhi,Cochin,DEL → BOM → COK,11:30,04:25 04 Mar,16h 55m,1 stop,No info,19828
Jet Airways,12/06/2019,Kolkata,Banglore,CCU → BOM → BLR,18:55,12:00 13 Jun,17h 5m,1 stop,In-flight meal not included,8529
Vistara,24/03/2019,Banglore,New Delhi,BLR → DEL,09:50,12:35,2h 45m,non-stop,No info,6138
Jet Airways,6/05/2019,Kolkata,Banglore,CCU → BOM → BLR,21:10,16:20 07 May,19h 10m,1 stop,No info,13584
Jet Airways,27/06/2019,Delhi,Cochin,DEL → AMD → BOM → COK,23:05,04:25 29 Jun,29h 20m,2 stops,No info,15339
Jet Airways,12/06/2019,Delhi,Cochin,DEL → JAI → BOM → COK,09:40,12:35 13 Jun,26h 55m,2 stops,In-flight meal not included,10368
Jet Airways,1/05/2019,Banglore,Delhi,BLR → DEL,08:20,11:20,3h,non-stop,No info,7229
Jet Airways,18/06/2019,Banglore,Delhi,BLR → DEL,11:10,14:05,2h 55m,non-stop,No info,8016
SpiceJet,27/06/2019,Mumbai,Hyderabad,BOM → HYD,05:45,07:15,1h 30m,non-stop,No info,2017
IndiGo,27/04/2019,Banglore,Delhi,BLR → DEL,21:15,00:15 28 Apr,3h,non-stop,No info,3943
IndiGo,21/03/2019,Kolkata,Banglore,CCU → BLR,21:25,00:05 22 Mar,2h 40m,non-stop,No info,4148
GoAir,12/06/2019,Delhi,Cochin,DEL → BOM → COK,07:00,12:55,5h 55m,1 stop,No info,5281
Air Asia,24/06/2019,Kolkata,Banglore,CCU → BLR,19:55,22:25,2h 30m,non-stop,No info,3807
Multiple carriers,27/05/2019,Delhi,Cochin,DEL → BOM → COK,14:00,01:30 28 May,11h 30m,1 stop,No info,13377
IndiGo,27/03/2019,Delhi,Cochin,DEL → BOM → COK,06:40,21:00,14h 20m,1 stop,No info,8784
Jet Airways,9/06/2019,Delhi,Cochin,DEL → BOM → COK,09:00,19:00,10h,1 stop,In-flight meal not included,10262
Air India,9/03/2019,Delhi,Cochin,DEL → HYD → MAA → COK,13:15,09:25 10 Mar,20h 10m,2 stops,No info,11622
Vistara,24/03/2019,Kolkata,Banglore,CCU → DEL → BLR,17:00,22:10 25 Mar,29h 10m,1 stop,No info,12102
SpiceJet,1/05/2019,Kolkata,Banglore,CCU → BLR,22:20,00:40 02 May,2h 20m,non-stop,No info,3873
IndiGo,24/04/2019,Kolkata,Banglore,CCU → BBI → BLR,19:35,23:15,3h 40m,1 stop,No info,4226
Jet Airways,24/03/2019,Kolkata,Banglore,CCU → BOM → BLR,21:10,23:25 25 Mar,26h 15m,1 stop,No info,13759
IndiGo,9/06/2019,Delhi,Cochin,DEL → COK,05:35,08:50,3h 15m,non-stop,No info,5601
IndiGo,6/04/2019,Kolkata,Banglore,CCU → MAA → BLR,06:15,10:30,4h 15m,1 stop,No info,4226
Air India,12/06/2019,Delhi,Cochin,DEL → JDH → BOM → COK,12:55,19:15 13 Jun,30h 20m,2 stops,No info,12436
Multiple carriers,15/05/2019,Delhi,Cochin,DEL → HYD → COK,07:05,16:10,9h 5m,1 stop,No info,9646
Jet Airways,9/06/2019,Delhi,Cochin,DEL → BOM → COK,21:50,19:00 10 Jun,21h 10m,1 stop,No info,14714
Jet Airways,15/06/2019,Delhi,Cochin,DEL → NAG → BOM → COK,06:45,04:25 16 Jun,21h 40m,2 stops,In-flight meal not included,10919
IndiGo,15/06/2019,Kolkata,Banglore,CCU → BLR,14:25,16:55,2h 30m,non-stop,No info,4804
Jet Airways,21/03/2019,Delhi,Cochin,DEL → BOM → COK,20:50,04:25 22 Mar,7h 35m,1 stop,In-flight meal not included,9212
Multiple carriers,15/05/2019,Delhi,Cochin,DEL → BOM → COK,15:00,01:30 16 May,10h 30m,1 stop,No info,13727
Jet Airways,18/05/2019,Delhi,Cochin,DEL → BOM → COK,22:50,12:35 19 May,13h 45m,1 stop,In-flight meal not included,12373
IndiGo,3/05/2019,Banglore,Delhi,BLR → DEL,18:25,21:20,2h 55m,non-stop,No info,4823
Jet Airways,24/05/2019,Delhi,Cochin,DEL → JDH → BOM → COK,11:40,19:00,7h 20m,2 stops,No info,21219
IndiGo,9/06/2019,Delhi,Cochin,DEL → HYD → COK,07:35,12:10,4h 35m,1 stop,No info,5054
Jet Airways,3/06/2019,Banglore,Delhi,BLR → DEL,17:45,20:45,3h,non-stop,No info,8016
Jet Airways,15/05/2019,Kolkata,Banglore,CCU → BOM → BLR,20:00,08:15 16 May,12h 15m,1 stop,In-flight meal not included,8586
Multiple carriers,1/06/2019,Delhi,Cochin,DEL → BOM → COK,16:00,01:30 02 Jun,9h 30m,1 stop,No info,13377
Jet Airways,1/06/2019,Delhi,Cochin,DEL → BOM → COK,18:15,12:35 02 Jun,18h 20m,1 stop,In-flight meal not included,10262
IndiGo,3/04/2019,Banglore,Delhi,BLR → DEL,13:00,15:50,2h 50m,non-stop,No info,4077
SpiceJet,9/03/2019,Chennai,Kolkata,MAA → CCU,09:30,12:05,2h 35m,non-stop,No info,6300
Air India,12/03/2019,Banglore,New Delhi,BLR → TRV → COK → DEL,07:30,11:05 13 Mar,27h 35m,2 stops,No info,11602
Vistara,6/05/2019,Kolkata,Banglore,CCU → DEL → BLR,20:20,20:20 07 May,24h,1 stop,No info,8610
Multiple carriers,27/03/2019,Delhi,Cochin,DEL → BOM → COK,08:00,18:50,10h 50m,1 stop,No info,11667
Jet Airways,1/05/2019,Kolkata,Banglore,CCU → BOM → BLR,14:05,04:40 02 May,14h 35m,1 stop,In-flight meal not included,8586
SpiceJet,9/05/2019,Delhi,Cochin,DEL → PNQ → COK,08:45,13:15,4h 30m,1 stop,No check-in baggage included,4760
Jet Airways,27/06/2019,Delhi,Cochin,DEL → BOM → COK,19:15,12:35 28 Jun,17h 20m,1 stop,In-flight meal not included,10262
Jet Airways,9/06/2019,Delhi,Cochin,DEL → JAI → BOM → COK,09:40,12:35 10 Jun,26h 55m,2 stops,In-flight meal not included,10368
SpiceJet,9/05/2019,Chennai,Kolkata,MAA → CCU,08:20,10:35,2h 15m,non-stop,No check-in baggage included,3859
Jet Airways,18/05/2019,Delhi,Cochin,DEL → BOM → COK,19:15,19:00 19 May,23h 45m,1 stop,In-flight meal not included,12373
Multiple carriers,27/05/2019,Delhi,Cochin,DEL → BOM → COK,11:40,19:15,7h 35m,1 stop,No info,9316
IndiGo,9/03/2019,Chennai,Kolkata,MAA → CCU,07:55,10:15,2h 20m,non-stop,No info,6297
Air Asia,15/03/2019,Kolkata,Banglore,CCU → BLR,10:20,12:55,2h 35m,non-stop,No info,4384
Multiple carriers,27/05/2019,Delhi,Cochin,DEL → BOM → COK,06:40,19:15,12h 35m,1 stop,No info,8837
Jet Airways,1/05/2019,Kolkata,Banglore,CCU → GAU → BLR,10:20,17:35,7h 15m,1 stop,No info,8355
Jet Airways,9/05/2019,Delhi,Cochin,DEL → BOM → COK,19:45,19:00 10 May,23h 15m,1 stop,No info,15554
IndiGo,18/05/2019,Kolkata,Banglore,CCU → BLR,14:25,16:55,2h 30m,non-stop,No info,5224
Jet Airways,12/05/2019,Banglore,Delhi,BLR → DEL,18:55,22:00,3h 5m,non-stop,No info,7229
Jet Airways,9/06/2019,Delhi,Cochin,DEL → BOM → COK,13:00,04:25 10 Jun,15h 25m,1 stop,In-flight meal not included,10262
Air India,27/05/2019,Delhi,Cochin,DEL → LKO → BOM → COK,18:30,19:15 28 May,24h 45m,2 stops,No info,12488
Jet Airways,12/06/2019,Kolkata,Banglore,CCU → BOM → BLR,14:05,19:50,5h 45m,1 stop,In-flight meal not included,9899
Air India,27/06/2019,Delhi,Cochin,DEL → COK,14:10,17:10,3h,non-stop,No info,5201
IndiGo,27/06/2019,Mumbai,Hyderabad,BOM → HYD,21:20,22:50,1h 30m,non-stop,No info,2227
Jet Airways,9/05/2019,Kolkata,Banglore,CCU → BOM → BLR,21:10,04:40 10 May,7h 30m,1 stop,No info,14388
Vistara,21/04/2019,Banglore,Delhi,BLR → DEL,11:30,14:20,2h 50m,non-stop,No info,5403
IndiGo,3/05/2019,Kolkata,Banglore,CCU → BLR,15:30,18:05,2h 35m,non-stop,No info,4804
Jet Airways,27/05/2019,Delhi,Cochin,DEL → AMD → BOM → COK,19:10,19:00 28 May,23h 50m,2 stops,No info,15129
Air Asia,9/04/2019,Delhi,Cochin,DEL → BLR → COK,20:45,07:10 10 Apr,10h 25m,1 stop,No info,6451
Multiple carriers,27/05/2019,Delhi,Cochin,DEL → BOM → COK,10:00,01:30 28 May,15h 30m,1 stop,In-flight meal not included,8925
Multiple carriers,27/03/2019,Delhi,Cochin,DEL → BOM → COK,02:15,15:30,13h 15m,1 stop,No info,12327
Jet Airways,24/06/2019,Mumbai,Hyderabad,BOM → HYD,19:35,21:05,1h 30m,non-stop,No info,5678
SpiceJet,9/03/2019,Kolkata,Banglore,CCU → BLR,09:00,11:30,2h 30m,non-stop,No info,5515
SpiceJet,24/03/2019,Mumbai,Hyderabad,BOM → HYD,22:45,00:10 25 Mar,1h 25m,non-stop,No info,2227
Jet Airways,21/04/2019,Banglore,Delhi,BLR → DEL,19:50,22:50,3h,non-stop,In-flight meal not included,4544
Jet Airways,24/05/2019,Kolkata,Banglore,CCU → BOM → BLR,06:30,04:40 25 May,22h 10m,1 stop,In-flight meal not included,8586
Jet Airways,12/05/2019,Kolkata,Banglore,CCU → DEL → BLR,17:00,23:35,6h 35m,1 stop,No info,14151
Jet Airways,18/06/2019,Banglore,Delhi,BLR → DEL,06:00,08:45,2h 45m,non-stop,No info,8016
SpiceJet,24/06/2019,Chennai,Kolkata,MAA → CCU,17:45,20:05,2h 20m,non-stop,No info,3597
Air India,1/06/2019,Delhi,Cochin,DEL → CCU → BOM → COK,14:25,19:15 02 Jun,28h 50m,2 stops,No info,13591
Jet Airways,6/05/2019,Kolkata,Banglore,CCU → BOM → BLR,06:30,16:20,9h 50m,1 stop,No info,14781
Air India,03/03/2019,Banglore,New Delhi,BLR → VGA → HYD → DEL,10:30,21:25,10h 55m,2 stops,No info,11003
Jet Airways,3/06/2019,Delhi,Cochin,DEL → BOM → COK,19:15,04:25 04 Jun,9h 10m,1 stop,In-flight meal not included,10262
GoAir,21/04/2019,Banglore,Delhi,BLR → DEL,07:45,10:40,2h 55m,non-stop,No info,4632
Air India,27/06/2019,Delhi,Cochin,DEL → MAA → COK,17:20,09:25 28 Jun,16h 5m,1 stop,No info,7480
Air Asia,21/05/2019,Kolkata,Banglore,CCU → BBI → BLR,19:55,23:30,3h 35m,1 stop,No info,5162
IndiGo,21/04/2019,Kolkata,Banglore,CCU → BLR,15:30,18:05,2h 35m,non-stop,No info,4804
Jet Airways,1/05/2019,Kolkata,Banglore,CCU → BOM → BLR,14:05,08:15 02 May,18h 10m,1 stop,In-flight meal not included,8586
Air Asia,21/05/2019,Kolkata,Banglore,CCU → DEL → BLR,22:40,10:40 22 May,12h,1 stop,No info,9719
IndiGo,27/05/2019,Kolkata,Banglore,CCU → BLR,15:15,17:45,2h 30m,non-stop,No info,4804
IndiGo,27/06/2019,Delhi,Cochin,DEL → HYD → COK,06:50,22:30,15h 40m,1 stop,No info,6442
Jet Airways,27/06/2019,Banglore,Delhi,BLR → DEL,07:10,10:10,3h,non-stop,In-flight meal not included,6478
Air India,01/03/2019,Banglore,New Delhi,BLR → BOM → IDR → DEL,08:50,11:10 02 Mar,26h 20m,2 stops,No info,19372
Jet Airways,12/05/2019,Kolkata,Banglore,CCU → BOM → BLR,08:25,19:50,11h 25m,1 stop,No info,13941
Jet Airways,27/06/2019,Delhi,Cochin,DEL → COK,11:00,14:15,3h 15m,non-stop,In-flight meal not included,7202
Jet Airways,27/06/2019,Delhi,Cochin,DEL → BOM → COK,07:05,12:35,5h 30m,1 stop,In-flight meal not included,10262
Air India,15/06/2019,Delhi,Cochin,DEL → BLR → COK,09:45,23:00,13h 15m,1 stop,No info,8907
Multiple carriers,3/06/2019,Delhi,Cochin,DEL → BOM → COK,04:55,12:35,7h 40m,1 stop,No info,11622
Vistara,27/04/2019,Delhi,Cochin,DEL → COK,06:00,09:10,3h 10m,non-stop,No info,6216
SpiceJet,09/03/2019,Banglore,New Delhi,BLR → PNQ → DEL,10:20,18:15,7h 55m,1 stop,No info,7294
SpiceJet,6/04/2019,Kolkata,Banglore,CCU → BLR,09:00,11:25,2h 25m,non-stop,No info,3873
Jet Airways,21/06/2019,Banglore,Delhi,BLR → DEL,18:55,22:00,3h 5m,non-stop,No info,8541
Jet Airways,24/03/2019,Kolkata,Banglore,CCU → BOM → BLR,13:55,10:05 25 Mar,20h 10m,1 stop,In-flight meal not included,11134
IndiGo,24/06/2019,Mumbai,Hyderabad,BOM → HYD,09:10,10:40,1h 30m,non-stop,No info,4049
Jet Airways,01/03/2019,Banglore,New Delhi,BLR → BOM → DEL,22:50,09:30 02 Mar,10h 40m,1 stop,1 Long layover,31825
IndiGo,18/06/2019,Chennai,Kolkata,MAA → CCU,14:45,17:05,2h 20m,non-stop,No info,3597
SpiceJet,3/06/2019,Kolkata,Banglore,CCU → BLR,06:55,09:30,2h 35m,non-stop,No info,3873
Air India,21/03/2019,Delhi,Cochin,DEL → RPR → NAG → BOM → COK,05:15,19:15 22 Mar,38h,3 stops,No info,9128
IndiGo,12/06/2019,Delhi,Cochin,DEL → LKO → COK,21:50,03:35 13 Jun,5h 45m,1 stop,No info,5775
Jet Airways,18/03/2019,Banglore,New Delhi,BLR → BOM → DEL,22:50,09:00 16 Mar,10h 10m,1 stop,No info,13555
Jet Airways,9/03/2019,Delhi,Cochin,DEL → ATQ → BOM → COK,20:10,04:25 10 Mar,8h 15m,2 stops,No info,20904
IndiGo,12/05/2019,Mumbai,Hyderabad,BOM → HYD,16:55,18:25,1h 30m,non-stop,No info,3603
IndiGo,1/03/2019,Mumbai,Hyderabad,BOM → HYD,16:55,18:25,1h 30m,non-stop,No info,8853
GoAir,18/03/2019,Banglore,New Delhi,BLR → DEL,11:40,14:35,2h 55m,non-stop,No info,4340
Multiple carriers,1/05/2019,Delhi,Cochin,DEL → BOM → COK,07:30,19:00,11h 30m,1 stop,No info,9794
Multiple carriers,9/05/2019,Delhi,Cochin,DEL → BOM → COK,11:40,01:30 10 May,13h 50m,1 stop,No info,9021
Multiple carriers,3/03/2019,Delhi,Cochin,DEL → BOM → COK,18:00,01:35 04 Mar,7h 35m,1 stop,No info,17703
IndiGo,6/03/2019,Delhi,Cochin,DEL → BBI → COK,02:35,08:30,5h 55m,1 stop,No info,13790
Air India,27/05/2019,Delhi,Cochin,DEL → BOM → COK,03:50,19:15,15h 25m,1 stop,No info,9719
SpiceJet,15/04/2019,Kolkata,Banglore,CCU → BLR,22:20,00:40 16 Apr,2h 20m,non-stop,No info,3873
Jet Airways,27/05/2019,Banglore,Delhi,BLR → DEL,15:15,18:10,2h 55m,non-stop,In-flight meal not included,3502
SpiceJet,12/05/2019,Mumbai,Hyderabad,BOM → HYD,22:45,00:15 13 May,1h 30m,non-stop,No info,2017
Jet Airways,18/05/2019,Delhi,Cochin,DEL → BHO → BOM → COK,05:30,12:35,7h 5m,2 stops,No info,16274
Air Asia,3/05/2019,Banglore,Delhi,BLR → DEL,23:55,02:45 04 May,2h 50m,non-stop,No info,4483
Air India,18/03/2019,Delhi,Cochin,DEL → COK,14:10,17:10,3h,non-stop,No info,5674
IndiGo,18/04/2019,Banglore,Delhi,BLR → DEL,08:30,11:20,2h 50m,non-stop,No info,5740
Multiple carriers,15/06/2019,Delhi,Cochin,DEL → BOM → COK,11:25,19:15,7h 50m,1 stop,No info,8614
Air India,15/05/2019,Delhi,Cochin,DEL → GOI → BOM → COK,22:00,19:15 16 May,21h 15m,2 stops,No info,11281
SpiceJet,21/06/2019,Kolkata,Banglore,CCU → BLR,09:00,11:25,2h 25m,non-stop,No info,3873
Jet Airways,6/06/2019,Delhi,Cochin,DEL → BOM → COK,14:00,04:25 07 Jun,14h 25m,1 stop,In-flight meal not included,10262
Jet Airways,9/03/2019,Delhi,Cochin,DEL → IXC → BOM → COK,13:45,04:25 10 Mar,14h 40m,2 stops,No info,17019
Air Asia,6/06/2019,Delhi,Cochin,DEL → BLR → COK,07:55,22:25,14h 30m,1 stop,No info,8759
Jet Airways,9/03/2019,Delhi,Cochin,DEL → BOM → COK,08:00,19:45,11h 45m,1 stop,No info,17549
Jet Airways,1/06/2019,Delhi,Cochin,DEL → JAI → BOM → COK,19:30,04:25 02 Jun,8h 55m,2 stops,In-flight meal not included,10368
Vistara,6/06/2019,Kolkata,Banglore,CCU → DEL → BLR,20:20,18:50 07 Jun,22h 30m,1 stop,No info,8820
IndiGo,9/03/2019,Chennai,Kolkata,MAA → CCU,05:15,07:35,2h 20m,non-stop,No info,6482
Air India,9/03/2019,Delhi,Cochin,DEL → AMD → BOM → COK,19:45,19:15 10 Mar,23h 30m,2 stops,No info,11701
Multiple carriers,9/04/2019,Delhi,Cochin,DEL → BOM → COK,10:35,19:15,8h 40m,1 stop,No info,6106
IndiGo,18/03/2019,Chennai,Kolkata,MAA → CCU,11:35,14:00,2h 25m,non-stop,No info,3858
Air India,27/03/2019,Delhi,Cochin,DEL → BLR → COK,17:40,08:15 28 Mar,14h 35m,1 stop,No info,5998
Jet Airways,12/06/2019,Kolkata,Banglore,CCU → BOM → BLR,18:55,16:20 13 Jun,21h 25m,1 stop,No info,13044
Jet Airways,12/03/2019,Banglore,New Delhi,BLR → BOM → DEL,18:55,13:15 13 Mar,18h 20m,1 stop,No info,13817
Vistara,6/06/2019,Kolkata,Banglore,CCU → DEL → BLR,07:10,20:20,13h 10m,1 stop,No info,8610
IndiGo,6/06/2019,Banglore,Delhi,BLR → DEL,18:25,21:20,2h 55m,non-stop,No info,4823
Air India,6/03/2019,Delhi,Cochin,DEL → COK,05:10,08:00,2h 50m,non-stop,No info,6881
Jet Airways,18/05/2019,Delhi,Cochin,DEL → JAI → BOM → COK,05:30,04:25 19 May,22h 55m,2 stops,In-flight meal not included,13029
IndiGo,21/05/2019,Mumbai,Hyderabad,BOM → HYD,06:25,07:55,1h 30m,non-stop,No info,4049
Jet Airways,12/06/2019,Delhi,Cochin,DEL → ATQ → BOM → COK,18:20,12:35 13 Jun,18h 15m,2 stops,No info,14300
Multiple carriers,15/05/2019,Delhi,Cochin,DEL → BOM → COK,18:15,01:30 16 May,7h 15m,1 stop,No info,13727
Air India,6/06/2019,Kolkata,Banglore,CCU → BOM → AMD → BLR,09:25,05:25 07 Jun,20h,2 stops,No info,13217
Air India,21/03/2019,Banglore,New Delhi,BLR → CCU → BBI → DEL,05:50,16:20,10h 30m,2 stops,No info,7664
Multiple carriers,6/03/2019,Delhi,Cochin,DEL → BOM → COK,04:45,18:50,14h 5m,1 stop,No info,13875
Jet Airways,1/06/2019,Banglore,Delhi,BLR → DEL,18:55,22:00,3h 5m,non-stop,No info,8016
Air India,9/03/2019,Delhi,Cochin,DEL → COK,05:10,08:00,2h 50m,non-stop,No info,5831
Multiple carriers,6/03/2019,Delhi,Cochin,DEL → BOM → COK,13:55,01:35 07 Mar,11h 40m,1 stop,In-flight meal not included,15136
IndiGo,15/05/2019,Mumbai,Hyderabad,BOM → HYD,09:10,10:40,1h 30m,non-stop,No info,4575
Jet Airways,9/03/2019,Mumbai,Hyderabad,BOM → HYD,19:40,21:10,1h 30m,non-stop,In-flight meal not included,4050
Multiple carriers,9/03/2019,Delhi,Cochin,DEL → BOM → COK,17:25,01:35 10 Mar,8h 10m,1 stop,In-flight meal not included,12616
Jet Airways,9/05/2019,Delhi,Cochin,DEL → BOM → COK,17:30,04:25 10 May,10h 55m,1 stop,In-flight meal not included,12373
IndiGo,12/06/2019,Mumbai,Hyderabad,BOM → HYD,19:05,20:35,1h 30m,non-stop,No info,2754
Air India,6/03/2019,Mumbai,Hyderabad,BOM → CCU → HYD,06:10,21:15,15h 5m,1 stop,No info,16666
Multiple carriers,1/06/2019,Delhi,Cochin,DEL → BOM → COK,04:55,12:35,7h 40m,1 stop,No info,11098
IndiGo,15/06/2019,Delhi,Cochin,DEL → BOM → COK,17:30,01:30 16 Jun,8h,1 stop,No info,5883
Vistara,21/05/2019,Kolkata,Banglore,CCU → DEL → BLR,20:20,09:05 22 May,12h 45m,1 stop,No info,8452
Vistara,24/05/2019,Kolkata,Banglore,CCU → DEL → BLR,17:00,18:50 25 May,25h 50m,1 stop,No info,9870
IndiGo,12/06/2019,Banglore,Delhi,BLR → DEL,20:00,22:50,2h 50m,non-stop,No info,4823
IndiGo,15/05/2019,Kolkata,Banglore,CCU → PNQ → BLR,21:00,02:15 16 May,5h 15m,1 stop,No info,7228
Jet Airways,21/05/2019,Kolkata,Banglore,CCU → BOM → BLR,20:00,04:40 22 May,8h 40m,1 stop,No info,14781
Vistara,6/06/2019,Kolkata,Banglore,CCU → DEL → BLR,17:00,23:25,6h 25m,1 stop,No info,8610
Air Asia,24/03/2019,Kolkata,Banglore,CCU → BLR,22:50,01:20 25 Mar,2h 30m,non-stop,No info,5620
IndiGo,24/03/2019,Kolkata,Banglore,CCU → BLR,15:10,17:45,2h 35m,non-stop,No info,7615
Air India,15/06/2019,Kolkata,Banglore,CCU → BLR,14:15,16:45,2h 30m,non-stop,No info,5510
Air India,21/05/2019,Kolkata,Banglore,CCU → JAI → DEL → BLR,08:20,20:25,12h 5m,2 stops,No info,12324
Jet Airways,18/05/2019,Kolkata,Banglore,CCU → BOM → BLR,18:55,20:45 19 May,25h 50m,1 stop,In-flight meal not included,10844
Vistara,18/05/2019,Delhi,Cochin,DEL → COK,14:40,17:50,3h 10m,non-stop,No info,6741
Air India,27/06/2019,Delhi,Cochin,DEL → GOI → BOM → COK,10:55,19:15,8h 20m,2 stops,No info,11753
IndiGo,18/06/2019,Mumbai,Hyderabad,BOM → HYD,02:35,04:05,1h 30m,non-stop,No info,2754
SpiceJet,3/05/2019,Kolkata,Banglore,CCU → BLR,09:00,11:25,2h 25m,non-stop,No check-in baggage included,3841
Air Asia,24/06/2019,Kolkata,Banglore,CCU → BLR,22:50,01:20 25 Jun,2h 30m,non-stop,No info,3807
Multiple carriers,27/05/2019,Delhi,Cochin,DEL → BOM → COK,10:00,19:00,9h,1 stop,No info,12507
Multiple carriers,12/06/2019,Delhi,Cochin,DEL → BOM → COK,03:50,12:35,8h 45m,1 stop,No info,12192
GoAir,12/06/2019,Banglore,Delhi,BLR → DEL,20:55,23:40,2h 45m,non-stop,No info,3419
Jet Airways,27/06/2019,Delhi,Cochin,DEL → BOM → COK,19:45,19:00 28 Jun,23h 15m,1 stop,In-flight meal not included,10262
Jet Airways,1/06/2019,Delhi,Cochin,DEL → BOM → COK,19:45,12:35 02 Jun,16h 50m,1 stop,In-flight meal not included,10262
Air India,9/04/2019,Kolkata,Banglore,CCU → MAA → BLR,14:35,14:35 10 Apr,24h,1 stop,No info,5006
Air India,1/06/2019,Delhi,Cochin,DEL → MAA → COK,12:30,09:25 02 Jun,20h 55m,1 stop,No info,7480
Jet Airways,1/04/2019,Kolkata,Banglore,CCU → BOM → BLR,20:00,08:15 02 Apr,12h 15m,1 stop,In-flight meal not included,7064
Air India,9/06/2019,Delhi,Cochin,DEL → GOI → BOM → COK,22:00,19:15 10 Jun,21h 15m,2 stops,No info,10441
Air Asia,12/06/2019,Kolkata,Banglore,CCU → BLR,19:55,22:25,2h 30m,non-stop,No info,3807
SpiceJet,1/03/2019,Kolkata,Banglore,CCU → BLR,17:15,19:45,2h 30m,non-stop,No info,5515
Jet Airways,1/06/2019,Delhi,Cochin,DEL → JAI → BOM → COK,05:30,19:00,13h 30m,2 stops,No info,13014
IndiGo,27/04/2019,Banglore,Delhi,BLR → DEL,00:30,03:25,2h 55m,non-stop,No info,4591
Air India,27/05/2019,Mumbai,Hyderabad,BOM → HYD,13:55,15:25,1h 30m,non-stop,No info,3625
Jet Airways,9/05/2019,Delhi,Cochin,DEL → BOM → COK,02:15,19:00,16h 45m,1 stop,No info,15554
Jet Airways,21/05/2019,Delhi,Cochin,DEL → AMD → BOM → COK,23:05,19:00 22 May,19h 55m,2 stops,No info,15129
Jet Airways,27/06/2019,Delhi,Cochin,DEL → BOM → COK,22:50,04:25 28 Jun,5h 35m,1 stop,No info,16079
SpiceJet,18/05/2019,Banglore,Delhi,BLR → DEL,05:55,08:35,2h 40m,non-stop,No check-in baggage included,3573
Multiple carriers,21/03/2019,Delhi,Cochin,DEL → BOM → COK,10:20,21:00,10h 40m,1 stop,No info,7215
Jet Airways,24/05/2019,Kolkata,Banglore,CCU → BOM → BLR,14:05,16:20 25 May,26h 15m,1 stop,In-flight meal not included,10844
Multiple carriers,9/03/2019,Delhi,Cochin,DEL → BOM → COK,15:05,01:35 10 Mar,10h 30m,1 stop,In-flight meal not included,14086
IndiGo,27/05/2019,Banglore,Delhi,BLR → DEL,20:00,22:50,2h 50m,non-stop,No info,4823
Jet Airways,3/04/2019,Mumbai,Hyderabad,BOM → HYD,10:20,11:50,1h 30m,non-stop,No info,8040
Vistara,1/04/2019,Kolkata,Banglore,CCU → DEL → BLR,07:10,18:50,11h 40m,1 stop,No info,7927
IndiGo,24/05/2019,Kolkata,Banglore,CCU → MAA → BLR,08:10,13:00,4h 50m,1 stop,No info,5069
Air India,6/06/2019,Delhi,Cochin,DEL → MAA → COK,20:40,09:25 07 Jun,12h 45m,1 stop,No info,7952
IndiGo,24/06/2019,Mumbai,Hyderabad,BOM → HYD,06:25,07:55,1h 30m,non-stop,No info,4049
Air India,6/03/2019,Mumbai,Hyderabad,BOM → DEL → HYD,16:00,23:45,7h 45m,1 stop,No info,11678
Jet Airways,24/05/2019,Kolkata,Banglore,CCU → BOM → BLR,16:30,04:40 25 May,12h 10m,1 stop,No info,14571
IndiGo,1/06/2019,Delhi,Cochin,DEL → MAA → COK,07:15,12:30,5h 15m,1 stop,No info,6582
Jet Airways,6/06/2019,Kolkata,Banglore,CCU → BOM → BLR,20:00,16:20 07 Jun,20h 20m,1 stop,No info,14571
IndiGo,1/06/2019,Chennai,Kolkata,MAA → CCU,22:05,00:25 02 Jun,2h 20m,non-stop,No info,5277
Jet Airways,15/05/2019,Kolkata,Banglore,CCU → DEL → BLR,20:25,10:55 16 May,14h 30m,1 stop,No info,14151
Jet Airways,1/04/2019,Kolkata,Banglore,CCU → BOM → BLR,14:05,22:35,8h 30m,1 stop,No info,13364
Jet Airways,6/06/2019,Delhi,Cochin,DEL → BOM → COK,22:50,19:00 07 Jun,20h 10m,1 stop,In-flight meal not included,10262
Air Asia,27/05/2019,Delhi,Cochin,DEL → BLR → COK,16:45,22:25,5h 40m,1 stop,No info,6752
IndiGo,21/03/2019,Banglore,New Delhi,BLR → HYD → DEL,07:30,12:20,4h 50m,1 stop,No info,5694
Air India,15/05/2019,Kolkata,Banglore,CCU → DEL → COK → BLR,20:30,13:45 16 May,17h 15m,2 stops,No info,16057
IndiGo,6/06/2019,Delhi,Cochin,DEL → BOM → COK,08:30,21:00,12h 30m,1 stop,No info,6416
Jet Airways,24/03/2019,Kolkata,Banglore,CCU → BOM → BLR,13:55,12:00 25 Mar,22h 5m,1 stop,No info,14231
Multiple carriers,3/03/2019,Delhi,Cochin,DEL → BOM → COK,04:00,11:30,7h 30m,1 stop,No info,14973
Jet Airways,1/06/2019,Delhi,Cochin,DEL → BHO → BOM → COK,05:30,12:35,7h 5m,2 stops,In-flight meal not included,13344
Jet Airways,12/06/2019,Delhi,Cochin,DEL → ATQ → BOM → COK,18:20,19:00 13 Jun,24h 40m,2 stops,No info,14300
Jet Airways,12/05/2019,Kolkata,Banglore,CCU → BOM → BLR,18:55,08:15 13 May,13h 20m,1 stop,No info,14388
Jet Airways,18/05/2019,Delhi,Cochin,DEL → BOM → COK,02:15,19:00,16h 45m,1 stop,In-flight meal not included,12373
Jet Airways,1/04/2019,Kolkata,Banglore,CCU → BOM → BLR,08:25,16:20,7h 55m,1 stop,In-flight meal not included,7851
IndiGo,21/03/2019,Delhi,Cochin,DEL → TRV → COK,21:05,01:45 22 Mar,4h 40m,1 stop,No info,5947
Jet Airways,27/05/2019,Banglore,Delhi,BLR → DEL,19:50,22:50,3h,non-stop,No info,7229
Air India,21/05/2019,Kolkata,Banglore,CCU → BBI → BOM → BLR,12:00,18:30 22 May,30h 30m,2 stops,No info,10151
IndiGo,1/03/2019,Delhi,Cochin,DEL → HYD → MAA → COK,04:55,21:20,16h 25m,2 stops,No info,10278
Jet Airways,1/05/2019,Kolkata,Banglore,CCU → DEL → BLR,20:25,09:45 02 May,13h 20m,1 stop,No info,11467
GoAir,03/03/2019,Banglore,New Delhi,BLR → DEL,11:40,14:35,2h 55m,non-stop,No info,7646
IndiGo,9/03/2019,Chennai,Kolkata,MAA → CCU,11:35,14:00,2h 25m,non-stop,No info,6297
SpiceJet,21/03/2019,Kolkata,Banglore,CCU → BLR,17:15,19:45,2h 30m,non-stop,No check-in baggage included,3815
Air India,27/06/2019,Mumbai,Hyderabad,BOM → HYD,21:05,22:25,1h 20m,non-stop,No info,3100
Air India,27/06/2019,Delhi,Cochin,DEL → AMD → BOM → COK,19:45,19:15 28 Jun,23h 30m,2 stops,No info,9653
Air India,6/03/2019,Delhi,Cochin,DEL → BOM → COK,23:00,07:40 07 Mar,8h 40m,1 stop,No info,14777
SpiceJet,3/04/2019,Banglore,Delhi,BLR → DEL,21:10,00:05 04 Apr,2h 55m,non-stop,No info,3971
Jet Airways,3/06/2019,Delhi,Cochin,DEL → BOM → COK,13:00,12:35 04 Jun,23h 35m,1 stop,In-flight meal not included,10262
Air India,15/05/2019,Kolkata,Banglore,CCU → BOM → COK → BLR,16:50,13:45 16 May,20h 55m,2 stops,No info,15532
Vistara,18/05/2019,Kolkata,Banglore,CCU → DEL → BLR,20:20,10:45 19 May,14h 25m,1 stop,No info,9187
IndiGo,15/04/2019,Banglore,Delhi,BLR → DEL,00:30,03:25,2h 55m,non-stop,No info,4284
Jet Airways,1/04/2019,Kolkata,Banglore,CCU → BOM → BLR,20:00,22:35 02 Apr,26h 35m,1 stop,No info,12681
IndiGo,1/03/2019,Mumbai,Hyderabad,BOM → HYD,06:20,07:45,1h 25m,non-stop,No info,17501
Multiple carriers,3/03/2019,Delhi,Cochin,DEL → BOM → COK,10:00,01:35 04 Mar,15h 35m,1 stop,No info,16863
Jet Airways,12/03/2019,Banglore,New Delhi,BLR → BDQ → DEL,05:50,12:20,6h 30m,1 stop,No info,11297
IndiGo,3/05/2019,Kolkata,Banglore,CCU → BLR,11:30,14:05,2h 35m,non-stop,No info,5224
IndiGo,3/04/2019,Banglore,Delhi,BLR → DEL,23:30,02:20 04 Apr,2h 50m,non-stop,No info,4591
IndiGo,15/03/2019,Delhi,Cochin,DEL → COK,14:30,17:35,3h 5m,non-stop,No info,5895
Jet Airways,12/05/2019,Kolkata,Banglore,CCU → BOM → BLR,18:55,19:50 13 May,24h 55m,1 stop,In-flight meal not included,10844
IndiGo,3/05/2019,Kolkata,Banglore,CCU → BLR,21:25,00:05 04 May,2h 40m,non-stop,No info,4804
IndiGo,1/04/2019,Mumbai,Hyderabad,BOM → HYD,16:55,18:25,1h 30m,non-stop,No info,3175
IndiGo,15/05/2019,Banglore,Delhi,BLR → DEL,13:00,15:50,2h 50m,non-stop,No info,3943
Vistara,6/05/2019,Chennai,Kolkata,MAA → CCU,17:45,20:05,2h 20m,non-stop,No info,11982
IndiGo,15/05/2019,Kolkata,Banglore,CCU → BLR,21:25,00:05 16 May,2h 40m,non-stop,No info,4804
Multiple carriers,27/05/2019,Delhi,Cochin,DEL → BOM → COK,06:00,19:00,13h,1 stop,No info,11264
IndiGo,15/03/2019,Banglore,New Delhi,BLR → IDR → DEL,13:40,18:35,4h 55m,1 stop,No info,7166
IndiGo,6/05/2019,Kolkata,Banglore,CCU → BLR,04:40,07:15,2h 35m,non-stop,No info,4804
GoAir,21/05/2019,Banglore,Delhi,BLR → DEL,07:45,10:40,2h 55m,non-stop,No info,5048
Air India,1/06/2019,Delhi,Cochin,DEL → HYD → BOM → COK,17:15,19:15 02 Jun,26h,2 stops,No info,12970
Jet Airways,1/04/2019,Delhi,Cochin,DEL → BOM → COK,09:00,12:35 02 Apr,27h 35m,1 stop,In-flight meal not included,5406
Jet Airways,18/03/2019,Banglore,New Delhi,BLR → BOM → DEL,11:40,05:05 16 Mar,17h 25m,1 stop,No info,13555
Jet Airways,12/05/2019,Kolkata,Banglore,CCU → BOM → BLR,20:00,10:05 13 May,14h 5m,1 stop,No info,13941
Air India,24/06/2019,Mumbai,Hyderabad,BOM → HYD,06:20,07:40,1h 20m,non-stop,No info,3100
Jet Airways,21/05/2019,Delhi,Cochin,DEL → JAI → BOM → COK,05:30,04:25 22 May,22h 55m,2 stops,No info,15129
IndiGo,6/05/2019,Banglore,Delhi,BLR → DEL,21:15,00:15 07 May,3h,non-stop,No info,3943
IndiGo,15/04/2019,Delhi,Cochin,DEL → HYD → COK,06:50,16:10,9h 20m,1 stop,No info,6442
Air India,6/06/2019,Kolkata,Banglore,CCU → GAU → DEL → BLR,16:45,08:55 07 Jun,16h 10m,2 stops,No info,14960
Jet Airways,06/03/2019,Banglore,New Delhi,BLR → BOM → DEL,05:45,16:10,10h 25m,1 stop,No info,16736
GoAir,18/05/2019,Banglore,Delhi,BLR → DEL,11:40,14:30,2h 50m,non-stop,No info,4340
Jet Airways,27/05/2019,Delhi,Cochin,DEL → BOM → COK,07:05,04:25 28 May,21h 20m,1 stop,In-flight meal not included,12898
IndiGo,15/03/2019,Banglore,New Delhi,BLR → HYD → DEL,07:30,12:20,4h 50m,1 stop,No info,6114
Jet Airways,12/06/2019,Banglore,Delhi,BLR → DEL,07:10,10:10,3h,non-stop,No info,8016
Jet Airways,15/03/2019,Mumbai,Hyderabad,BOM → HYD,10:20,11:50,1h 30m,non-stop,No info,8040
Jet Airways,6/06/2019,Kolkata,Banglore,CCU → BOM → BLR,20:00,19:50 07 Jun,23h 50m,1 stop,In-flight meal not included,10844
Air India,15/06/2019,Banglore,Delhi,BLR → DEL,21:05,23:55,2h 50m,non-stop,No info,5228
Air India,15/05/2019,Kolkata,Banglore,CCU → IXR → DEL → BLR,05:50,12:30 16 May,30h 40m,2 stops,No info,12723
Jet Airways,6/06/2019,Delhi,Cochin,DEL → BOM → COK,22:50,19:00 07 Jun,20h 10m,1 stop,No info,14714
Jet Airways,6/03/2019,Mumbai,Hyderabad,BOM → HYD,07:10,08:35,1h 25m,non-stop,No info,9536
IndiGo,15/06/2019,Banglore,Delhi,BLR → DEL,01:30,04:15,2h 45m,non-stop,No info,3419
Jet Airways,9/04/2019,Banglore,Delhi,BLR → DEL,07:10,10:10,3h,non-stop,In-flight meal not included,4544
Multiple carriers,3/06/2019,Delhi,Cochin,DEL → BOM → COK,08:00,19:00,11h,1 stop,No info,12402
Jet Airways,12/06/2019,Kolkata,Banglore,CCU → BOM → BLR,14:05,09:20 13 Jun,19h 15m,1 stop,In-flight meal not included,8529
Multiple carriers,18/05/2019,Delhi,Cochin,DEL → BOM → COK,08:30,19:15,10h 45m,1 stop,No info,7887
Jet Airways,9/05/2019,Delhi,Cochin,DEL → BOM → COK,10:00,19:00,9h,1 stop,In-flight meal not included,12373
Jet Airways,6/05/2019,Kolkata,Banglore,CCU → DEL → BLR,17:00,23:35,6h 35m,1 stop,In-flight meal not included,10703
Vistara,21/03/2019,Banglore,New Delhi,BLR → DEL,09:50,12:35,2h 45m,non-stop,No info,4878
Jet Airways,27/05/2019,Delhi,Cochin,DEL → BOM → COK,11:30,19:00,7h 30m,1 stop,In-flight meal not included,9732
Jet Airways,3/05/2019,Banglore,Delhi,BLR → DEL,07:10,10:10,3h,non-stop,No info,7229
Multiple carriers,15/05/2019,Delhi,Cochin,DEL → BOM → COK,11:40,19:15,7h 35m,1 stop,No info,9001
Air India,24/06/2019,Delhi,Cochin,DEL → BOM → COK,09:00,19:15,10h 15m,1 stop,No info,9404
Jet Airways,1/06/2019,Delhi,Cochin,DEL → BOM → COK,22:50,12:35 02 Jun,13h 45m,1 stop,In-flight meal not included,10262
Jet Airways,6/06/2019,Delhi,Cochin,DEL → BOM → COK,18:15,19:00 07 Jun,24h 45m,1 stop,In-flight meal not included,10262
Jet Airways,21/05/2019,Kolkata,Banglore,CCU → BOM → BLR,06:30,18:15,11h 45m,1 stop,In-flight meal not included,10844
Multiple carriers,3/03/2019,Delhi,Cochin,DEL → BOM → COK,19:00,01:35 04 Mar,6h 35m,1 stop,No info,15288
IndiGo,27/05/2019,Delhi,Cochin,DEL → COK,21:05,00:20 28 May,3h 15m,non-stop,No info,5601
IndiGo,3/05/2019,Kolkata,Banglore,CCU → BLR,14:25,16:55,2h 30m,non-stop,No info,5224
Jet Airways,21/03/2019,Delhi,Cochin,DEL → BOM → COK,17:30,18:50 22 Mar,25h 20m,1 stop,In-flight meal not included,5963
IndiGo,6/03/2019,Chennai,Kolkata,MAA → CCU,14:40,17:05,2h 25m,non-stop,No info,7295
Air India,03/03/2019,Banglore,New Delhi,BLR → COK → DEL,06:55,13:20,6h 25m,1 stop,No info,10924
IndiGo,3/03/2019,Delhi,Cochin,DEL → BOM → COK,10:45,15:30,4h 45m,1 stop,No info,7725
Multiple carriers,1/06/2019,Delhi,Cochin,DEL → BOM → COK,08:45,21:00,12h 15m,1 stop,No info,7740
SpiceJet,18/04/2019,Kolkata,Banglore,CCU → BLR,22:20,00:40 19 Apr,2h 20m,non-stop,No check-in baggage included,3841
Jet Airways,1/05/2019,Kolkata,Banglore,CCU → BOM → BLR,14:05,23:35,9h 30m,1 stop,No info,14781
Jet Airways,6/03/2019,Mumbai,Hyderabad,BOM → DEL → HYD,17:00,16:50 07 Mar,23h 50m,1 stop,No info,19595
SpiceJet,24/04/2019,Kolkata,Banglore,CCU → BLR,22:20,00:40 25 Apr,2h 20m,non-stop,No info,3873
Jet Airways,27/06/2019,Delhi,Cochin,DEL → AMD → BOM → COK,23:05,19:00 28 Jun,19h 55m,2 stops,In-flight meal not included,11150
SpiceJet,3/05/2019,Mumbai,Hyderabad,BOM → HYD,05:45,07:15,1h 30m,non-stop,No check-in baggage included,1965
Jet Airways,6/06/2019,Delhi,Cochin,DEL → BOM → COK,14:00,19:00,5h,1 stop,In-flight meal not included,10262
Air India,6/06/2019,Delhi,Cochin,DEL → COK,14:10,17:10,3h,non-stop,No info,6094
Air Asia,21/06/2019,Banglore,Delhi,BLR → DEL,11:10,13:55,2h 45m,non-stop,No info,3383
Jet Airways,21/03/2019,Delhi,Cochin,DEL → BDQ → BOM → COK,10:45,18:50,8h 5m,2 stops,In-flight meal not included,8367
Air India,18/03/2019,Banglore,New Delhi,BLR → BOM → UDR → DEL,06:45,16:30 16 Mar,33h 45m,2 stops,No info,10835
Multiple carriers,27/05/2019,Delhi,Cochin,DEL → BOM → COK,13:00,21:00,8h,1 stop,No info,13587
Air India,9/06/2019,Kolkata,Banglore,CCU → BOM → COK → BLR,09:25,01:20 10 Jun,15h 55m,2 stops,No info,11668
Jet Airways,27/06/2019,Delhi,Cochin,DEL → ATQ → BOM → COK,20:00,04:25 28 Jun,8h 25m,2 stops,No info,16263
Jet Airways,21/03/2019,Banglore,New Delhi,BLR → BOM → DEL,05:45,13:15,7h 30m,1 stop,In-flight meal not included,7832
SpiceJet,3/06/2019,Mumbai,Hyderabad,BOM → HYD,22:45,00:15 04 Jun,1h 30m,non-stop,No info,2017
Air India,21/03/2019,Delhi,Cochin,DEL → BOM → COK,21:00,19:15 22 Mar,22h 15m,1 stop,No info,6587
Jet Airways,18/05/2019,Kolkata,Banglore,CCU → BOM → BLR,18:55,16:20 19 May,21h 25m,1 stop,In-flight meal not included,10844
IndiGo,12/06/2019,Chennai,Kolkata,MAA → CCU,05:15,07:40,2h 25m,non-stop,No info,3540
Jet Airways,18/05/2019,Kolkata,Banglore,CCU → BOM → BLR,20:00,19:50 19 May,23h 50m,1 stop,In-flight meal not included,10844
Jet Airways,06/03/2019,Banglore,New Delhi,BLR → BOM → DEL,22:50,20:20 07 Mar,21h 30m,1 stop,No info,17471
Air Asia,18/06/2019,Kolkata,Banglore,CCU → BLR,19:55,22:25,2h 30m,non-stop,No info,3807
Vistara,6/05/2019,Kolkata,Banglore,CCU → DEL → BLR,07:10,20:20,13h 10m,1 stop,No info,8610
Multiple carriers,27/03/2019,Delhi,Cochin,DEL → HYD → MAA → COK,07:05,21:20,14h 15m,2 stops,No info,6128
Jet Airways,12/06/2019,Kolkata,Banglore,CCU → BOM → BLR,14:05,12:00 13 Jun,21h 55m,1 stop,In-flight meal not included,8529
Multiple carriers,3/03/2019,Delhi,Cochin,DEL → BOM → COK,08:55,21:00,12h 5m,1 stop,No info,15147
Vistara,24/05/2019,Kolkata,Banglore,CCU → DEL → BLR,07:10,23:25,16h 15m,1 stop,No info,9345
Jet Airways,24/03/2019,Kolkata,Banglore,CCU → BOM → BLR,08:25,04:45 25 Mar,20h 20m,1 stop,No info,13759
Multiple carriers,15/05/2019,Delhi,Cochin,DEL → BOM → COK,10:00,19:00,9h,1 stop,No info,10197
Multiple carriers,24/04/2019,Delhi,Cochin,DEL → HYD → COK,07:10,16:10,9h,1 stop,In-flight meal not included,6093
Jet Airways,12/05/2019,Kolkata,Banglore,CCU → BOM → BLR,18:55,12:00 13 May,17h 5m,1 stop,In-flight meal not included,9663
Jet Airways,27/06/2019,Delhi,Cochin,DEL → BOM → COK,17:30,19:00 28 Jun,25h 30m,1 stop,In-flight meal not included,10262
Multiple carriers,15/06/2019,Delhi,Cochin,DEL → BOM → COK,06:40,19:15,12h 35m,1 stop,No info,8614
Jet Airways,18/03/2019,Banglore,New Delhi,BLR → BOM → DEL,07:00,12:25,5h 25m,1 stop,No info,12284
Air India,12/05/2019,Kolkata,Banglore,CCU → GAU → BLR,09:50,21:05,11h 15m,1 stop,No info,8450
Jet Airways,24/03/2019,Mumbai,Hyderabad,BOM → HYD,10:20,11:50,1h 30m,non-stop,No info,5678
IndiGo,21/05/2019,Chennai,Kolkata,MAA → CCU,22:05,00:25 22 May,2h 20m,non-stop,No info,5277
Air India,1/06/2019,Delhi,Cochin,DEL → RPR → NAG → BOM → COK,05:15,19:15 02 Jun,38h,3 stops,No info,10703
Vistara,24/03/2019,Chennai,Kolkata,MAA → CCU,07:05,09:20,2h 15m,non-stop,No info,4842
Jet Airways,3/06/2019,Delhi,Cochin,DEL → BOM → COK,16:00,04:25 04 Jun,12h 25m,1 stop,No info,14714
Multiple carriers,1/06/2019,Delhi,Cochin,DEL → IDR → BOM → COK,15:05,01:30 02 Jun,10h 25m,2 stops,No info,18275
IndiGo,1/06/2019,Chennai,Kolkata,MAA → CCU,05:15,07:40,2h 25m,non-stop,No info,3540
Jet Airways,12/06/2019,Delhi,Cochin,DEL → BOM → COK,11:30,12:35 13 Jun,25h 5m,1 stop,In-flight meal not included,10262
Air India,6/06/2019,Delhi,Cochin,DEL → BOM → COK,09:00,19:15,10h 15m,1 stop,No info,8372
Jet Airways,12/06/2019,Delhi,Cochin,DEL → JDH → BOM → COK,11:40,19:00,7h 20m,2 stops,In-flight meal not included,15812
Multiple carriers,21/05/2019,Delhi,Cochin,DEL → BOM → COK,06:00,19:15,13h 15m,1 stop,No info,8266
GoAir,18/04/2019,Banglore,Delhi,BLR → DEL,20:55,23:40,2h 45m,non-stop,No info,5048
Air Asia,6/06/2019,Kolkata,Banglore,CCU → DEL → BLR,07:35,23:30,15h 55m,1 stop,No info,6810
IndiGo,15/06/2019,Delhi,Cochin,DEL → BLR → COK,15:10,20:00,4h 50m,1 stop,No info,6147
Air India,6/03/2019,Delhi,Cochin,DEL → JAI → BOM → COK,12:00,19:15,7h 15m,2 stops,No info,11858
Jet Airways,27/05/2019,Delhi,Cochin,DEL → JAI → BOM → COK,09:40,04:25 28 May,18h 45m,2 stops,In-flight meal not included,13029
IndiGo,15/05/2019,Chennai,Kolkata,MAA → CCU,19:35,21:55,2h 20m,non-stop,No info,3597
Jet Airways,9/05/2019,Kolkata,Banglore,CCU → DEL → BLR,09:35,14:25 10 May,28h 50m,1 stop,In-flight meal not included,9314
Air India,15/05/2019,Delhi,Cochin,DEL → CCU → BOM → COK,06:50,07:40 16 May,24h 50m,2 stops,No info,14431
Jet Airways,9/06/2019,Kolkata,Banglore,CCU → BOM → BLR,08:25,19:50,11h 25m,1 stop,No info,14571
SpiceJet,9/04/2019,Kolkata,Banglore,CCU → BLR,06:55,09:30,2h 35m,non-stop,No info,3873
Jet Airways,12/05/2019,Mumbai,Hyderabad,BOM → HYD,02:55,04:20,1h 25m,non-stop,No info,5678
Jet Airways,24/03/2019,Kolkata,Banglore,CCU → BOM → BLR,19:45,12:00 25 Mar,16h 15m,1 stop,In-flight meal not included,11134
Jet Airways,6/06/2019,Delhi,Cochin,DEL → BOM → COK,10:00,04:25 07 Jun,18h 25m,1 stop,No info,14714
IndiGo,27/03/2019,Delhi,Cochin,DEL → BLR → COK,02:00,07:45,5h 45m,1 stop,No info,5733
Air India,24/03/2019,Kolkata,Banglore,CCU → BOM → BLR,09:25,18:30,9h 5m,1 stop,No info,10493
Air India,1/04/2019,Kolkata,Banglore,CCU → GAU → DEL → BLR,09:50,23:15,13h 25m,2 stops,No info,12125
Jet Airways,24/06/2019,Delhi,Cochin,DEL → BOM → COK,21:50,19:00 25 Jun,21h 10m,1 stop,In-flight meal not included,10262
Jet Airways,9/06/2019,Kolkata,Banglore,CCU → BOM → BLR,16:30,22:35,6h 5m,1 stop,No info,14571
IndiGo,21/06/2019,Kolkata,Banglore,CCU → BLR,11:30,14:05,2h 35m,non-stop,No info,4804
Jet Airways,9/05/2019,Delhi,Cochin,DEL → BOM → COK,11:30,19:00,7h 30m,1 stop,No info,15554
Air India,18/05/2019,Delhi,Cochin,DEL → JAI → BOM → COK,18:45,19:15 19 May,24h 30m,2 stops,No info,12940
Multiple carriers,9/05/2019,Delhi,Cochin,DEL → BOM → COK,15:00,01:30 10 May,10h 30m,1 stop,No info,15078
IndiGo,24/03/2019,Kolkata,Banglore,CCU → BLR,22:10,00:55 25 Mar,2h 45m,non-stop,No info,6985
IndiGo,24/03/2019,Banglore,New Delhi,BLR → DEL,07:10,10:05,2h 55m,non-stop,No info,6860
Air India,6/05/2019,Banglore,Delhi,BLR → DEL,17:00,19:45,2h 45m,non-stop,No info,5228
Jet Airways,9/06/2019,Kolkata,Banglore,CCU → BOM → BLR,06:30,04:40 10 Jun,22h 10m,1 stop,No info,14178
SpiceJet,24/06/2019,Delhi,Cochin,DEL → PNQ → COK,08:45,13:15,4h 30m,1 stop,No check-in baggage included,4760
Multiple carriers,24/06/2019,Delhi,Cochin,DEL → BOM → COK,11:40,19:15,7h 35m,1 stop,In-flight meal not included,7268
Jet Airways,21/03/2019,Delhi,Cochin,DEL → BOM → COK,08:00,18:50,10h 50m,1 stop,In-flight meal not included,6540
SpiceJet,18/05/2019,Kolkata,Banglore,CCU → BLR,22:20,00:40 19 May,2h 20m,non-stop,No info,3873
Vistara,24/04/2019,Banglore,Delhi,BLR → DEL,11:30,14:20,2h 50m,non-stop,No info,5403
Air India,27/04/2019,Delhi,Cochin,DEL → COK,18:05,21:10,3h 5m,non-stop,No info,5411
Jet Airways,9/06/2019,Kolkata,Banglore,CCU → DEL → BLR,20:25,22:05 10 Jun,25h 40m,1 stop,In-flight meal not included,10539
Air India,18/05/2019,Delhi,Cochin,DEL → BOM → COK,10:00,07:40 19 May,21h 40m,1 stop,No info,8372
Jet Airways,18/05/2019,Delhi,Cochin,DEL → BOM → COK,20:55,04:25 19 May,7h 30m,1 stop,No info,15554
Jet Airways,1/06/2019,Mumbai,Hyderabad,BOM → HYD,02:55,04:20,1h 25m,non-stop,No info,5678
SpiceJet,09/03/2019,Banglore,New Delhi,BLR → DEL,05:45,08:35,2h 50m,non-stop,No info,7110
Air India,27/04/2019,Delhi,Cochin,DEL → TRV → COK,05:15,06:50 28 Apr,25h 35m,1 stop,No info,6587
Multiple carriers,9/05/2019,Delhi,Cochin,DEL → BOM → COK,09:00,19:00,10h,1 stop,No info,10197
Jet Airways,18/03/2019,Banglore,New Delhi,BLR → BOM → DEL,18:40,07:40 16 Mar,13h,1 stop,No info,12284
Jet Airways,6/05/2019,Kolkata,Banglore,CCU → BOM → BLR,14:05,23:35,9h 30m,1 stop,In-flight meal not included,11841
Air India,15/06/2019,Delhi,Cochin,DEL → BOM → COK,03:50,19:15,15h 25m,1 stop,No info,9929
Multiple carriers,18/05/2019,Delhi,Cochin,DEL → BOM → COK,04:55,12:35,7h 40m,1 stop,No info,8882
IndiGo,1/06/2019,Delhi,Cochin,DEL → BOM → COK,17:10,01:30 02 Jun,8h 20m,1 stop,No info,6628
IndiGo,12/04/2019,Banglore,Delhi,BLR → DEL,08:30,11:20,2h 50m,non-stop,No info,4823
Multiple carriers,1/06/2019,Delhi,Cochin,DEL → BOM → COK,09:00,19:00,10h,1 stop,No info,12717
Jet Airways,24/03/2019,Kolkata,Banglore,CCU → BOM → BLR,06:30,12:00,5h 30m,1 stop,In-flight meal not included,7826
Multiple carriers,21/05/2019,Delhi,Cochin,DEL → HYD → COK,09:45,00:55 22 May,15h 10m,1 stop,No info,9486
IndiGo,1/06/2019,Delhi,Cochin,DEL → BOM → COK,17:30,01:30 02 Jun,8h,1 stop,No info,6628
Jet Airways,21/03/2019,Delhi,Cochin,DEL → AMD → BOM → COK,19:10,04:25 23 Mar,33h 15m,2 stops,In-flight meal not included,8834
Vistara,09/03/2019,Banglore,New Delhi,BLR → DEL,21:10,00:05 13 Mar,2h 55m,non-stop,No info,7240
Jet Airways,24/06/2019,Banglore,Delhi,BLR → DEL,15:15,18:10,2h 55m,non-stop,No info,8016
Jet Airways,15/05/2019,Kolkata,Banglore,CCU → BOM → BLR,20:00,04:40 16 May,8h 40m,1 stop,No info,13941
IndiGo,21/03/2019,Delhi,Cochin,DEL → HYD → COK,08:35,22:20,13h 45m,1 stop,No info,6790
Air India,3/03/2019,Mumbai,Hyderabad,BOM → HYD,21:05,22:25,1h 20m,non-stop,No info,4937
Jet Airways,18/05/2019,Delhi,Cochin,DEL → AMD → BOM → COK,13:25,04:25 19 May,15h,2 stops,No info,16704
Multiple carriers,27/05/2019,Delhi,Cochin,DEL → BOM → COK,13:00,01:30 28 May,12h 30m,1 stop,No info,7198
Air India,18/05/2019,Delhi,Cochin,DEL → GOI → BOM → COK,10:55,07:40 19 May,20h 45m,2 stops,No info,13486
Jet Airways,3/06/2019,Delhi,Cochin,DEL → BHO → BOM → COK,05:30,12:35,7h 5m,2 stops,In-flight meal not included,13344
Jet Airways,18/03/2019,Banglore,New Delhi,BLR → BOM → DEL,22:50,09:30 16 Mar,10h 40m,1 stop,In-flight meal not included,11087
GoAir,9/06/2019,Kolkata,Banglore,CCU → BOM → BLR,23:30,07:45 10 Jun,8h 15m,1 stop,No info,6354
Air India,1/06/2019,Mumbai,Hyderabad,BOM → HYD,19:30,20:45,1h 15m,non-stop,No info,3100
Jet Airways,27/05/2019,Delhi,Cochin,DEL → BOM → COK,11:30,12:35 28 May,25h 5m,1 stop,In-flight meal not included,12898
IndiGo,15/04/2019,Delhi,Cochin,DEL → HYD → COK,08:35,16:10,7h 35m,1 stop,No info,6442
Jet Airways,12/05/2019,Kolkata,Banglore,CCU → DEL → BLR,20:25,09:45 13 May,13h 20m,1 stop,No info,14151
Jet Airways,12/06/2019,Kolkata,Banglore,CCU → DEL → BLR,09:35,14:25 13 Jun,28h 50m,1 stop,No info,12692
IndiGo,3/03/2019,Kolkata,Banglore,CCU → BLR,09:35,12:20,2h 45m,non-stop,No info,6565
SpiceJet,6/06/2019,Chennai,Kolkata,MAA → CCU,08:20,10:35,2h 15m,non-stop,No check-in baggage included,3543
Jet Airways,21/03/2019,Delhi,Cochin,DEL → AMD → BOM → COK,19:10,18:50 22 Mar,23h 40m,2 stops,In-flight meal not included,8834
Jet Airways,1/05/2019,Kolkata,Banglore,CCU → BOM → BLR,08:25,09:20 02 May,24h 55m,1 stop,In-flight meal not included,9663
Jet Airways,21/05/2019,Banglore,Delhi,BLR → DEL,06:00,08:45,2h 45m,non-stop,In-flight meal not included,4030
Multiple carriers,15/05/2019,Delhi,Cochin,DEL → BOM → COK,10:00,01:30 16 May,15h 30m,1 stop,No info,8073
Multiple carriers,21/05/2019,Delhi,Cochin,DEL → BOM → COK,09:00,21:00,12h,1 stop,No info,7888
Air India,3/04/2019,Delhi,Cochin,DEL → MAA → COK,17:20,09:25 04 Apr,16h 5m,1 stop,No info,5117
GoAir,1/05/2019,Banglore,Delhi,BLR → DEL,07:45,10:40,2h 55m,non-stop,No info,3898
Vistara,3/05/2019,Banglore,Delhi,BLR → DEL,17:00,19:35,2h 35m,non-stop,No info,5613
Jet Airways,24/03/2019,Kolkata,Banglore,CCU → BOM → BLR,06:30,18:10,11h 40m,1 stop,No info,13759
Jet Airways,18/03/2019,Banglore,New Delhi,BLR → BOM → DEL,07:00,13:15,6h 15m,1 stop,No info,12284
Multiple carriers,6/03/2019,Delhi,Cochin,DEL → BOM → COK,12:50,01:35 07 Mar,12h 45m,1 stop,No info,15147
Air Asia,18/03/2019,Kolkata,Banglore,CCU → BLR,22:50,01:20 19 Mar,2h 30m,non-stop,No info,4082
Jet Airways,6/06/2019,Kolkata,Banglore,CCU → BOM → BLR,20:00,16:20 07 Jun,20h 20m,1 stop,In-flight meal not included,10844
Jet Airways,18/05/2019,Delhi,Cochin,DEL → BOM → COK,19:15,19:00 19 May,23h 45m,1 stop,No info,15554
Air India,15/04/2019,Banglore,Delhi,BLR → DEL,06:10,08:55,2h 45m,non-stop,No info,5228
Vistara,18/04/2019,Delhi,Cochin,DEL → COK,06:00,09:10,3h 10m,non-stop,No info,6741
Air India,18/03/2019,Mumbai,Hyderabad,BOM → HYD,21:05,22:25,1h 20m,non-stop,No info,2050
SpiceJet,12/06/2019,Kolkata,Banglore,CCU → BLR,17:10,19:40,2h 30m,non-stop,No info,4174
SpiceJet,15/05/2019,Delhi,Cochin,DEL → MAA → COK,15:45,22:05,6h 20m,1 stop,No info,7947
Jet Airways,24/05/2019,Kolkata,Banglore,CCU → BOM → BLR,21:10,09:20 25 May,12h 10m,1 stop,In-flight meal not included,9663
Air India,27/05/2019,Delhi,Cochin,DEL → COK,14:10,17:10,3h,non-stop,No info,6934
Jet Airways,24/03/2019,Kolkata,Banglore,CCU → BOM → BLR,21:10,08:10 25 Mar,11h,1 stop,No info,14231
Multiple carriers,27/03/2019,Delhi,Cochin,DEL → BOM → COK,09:00,21:00,12h,1 stop,No info,12537
Air India,15/06/2019,Delhi,Cochin,DEL → CCU → BOM → COK,06:50,07:40 16 Jun,24h 50m,2 stops,No info,13591
Vistara,6/06/2019,Banglore,Delhi,BLR → DEL,17:00,19:35,2h 35m,non-stop,No info,4878
Jet Airways,9/06/2019,Kolkata,Banglore,CCU → BOM → BLR,14:05,22:35,8h 30m,1 stop,In-flight meal not included,10844
SpiceJet,3/05/2019,Kolkata,Banglore,CCU → BLR,06:55,09:30,2h 35m,non-stop,No info,3873
IndiGo,01/03/2019,Banglore,New Delhi,BLR → DEL,07:10,10:05,2h 55m,non-stop,No info,11934
IndiGo,9/05/2019,Delhi,Cochin,DEL → COK,05:35,08:50,3h 15m,non-stop,No info,5000
IndiGo,27/03/2019,Delhi,Cochin,DEL → BOM → COK,04:45,13:20,8h 35m,1 stop,No info,7048
IndiGo,1/06/2019,Mumbai,Hyderabad,BOM → HYD,09:15,10:45,1h 30m,non-stop,No info,4049
Jet Airways,27/03/2019,Delhi,Cochin,DEL → BOM → COK,08:00,18:50,10h 50m,1 stop,No info,12242
SpiceJet,24/05/2019,Kolkata,Banglore,CCU → BLR,17:10,19:40,2h 30m,non-stop,No info,4174
Jet Airways,27/06/2019,Delhi,Cochin,DEL → ATQ → BOM → COK,08:10,12:35 28 Jun,28h 25m,2 stops,No info,14300
IndiGo,09/03/2019,Banglore,New Delhi,BLR → DEL,08:30,11:30,3h,non-stop,No info,7648
Jet Airways,24/05/2019,Kolkata,Banglore,CCU → DEL → BLR,09:35,09:45 25 May,24h 10m,1 stop,No info,13067
SpiceJet,3/04/2019,Mumbai,Hyderabad,BOM → HYD,22:45,00:15 02 Apr,1h 30m,non-stop,No info,1759
Jet Airways,6/06/2019,Banglore,Delhi,BLR → DEL,18:55,22:00,3h 5m,non-stop,In-flight meal not included,7229
IndiGo,1/05/2019,Kolkata,Banglore,CCU → HYD → BLR,15:15,20:05,4h 50m,1 stop,No info,4775
SpiceJet,21/03/2019,Chennai,Kolkata,MAA → CCU,17:45,20:05,2h 20m,non-stop,No info,3384
Air Asia,21/06/2019,Kolkata,Banglore,CCU → BLR,10:20,12:55,2h 35m,non-stop,No info,3807
Multiple carriers,27/05/2019,Delhi,Cochin,DEL → BOM → COK,08:00,21:00,13h,1 stop,No info,7618
Jet Airways,18/03/2019,Banglore,New Delhi,BLR → BOM → JDH → DEL,08:55,15:55,7h,2 stops,No info,16338
IndiGo,24/03/2019,Kolkata,Banglore,CCU → BLR,17:15,20:00,2h 45m,non-stop,No info,6565
Jet Airways,27/03/2019,Delhi,Cochin,DEL → BOM → COK,08:00,04:25 28 Mar,20h 25m,1 stop,No info,12452
IndiGo,9/05/2019,Kolkata,Banglore,CCU → BLR,20:20,22:55,2h 35m,non-stop,No info,4804
Vistara,1/04/2019,Kolkata,Banglore,CCU → DEL → BLR,07:10,09:05 02 Apr,25h 55m,1 stop,No info,7980
Vistara,27/05/2019,Delhi,Cochin,DEL → COK,14:40,17:50,3h 10m,non-stop,No info,6216
SpiceJet,18/03/2019,Chennai,Kolkata,MAA → CCU,08:20,10:35,2h 15m,non-stop,No info,3859
Air Asia,21/05/2019,Kolkata,Banglore,CCU → IXR → DEL → BLR,15:10,23:30,8h 20m,2 stops,No info,5192
Multiple carriers,15/06/2019,Delhi,Cochin,DEL → BOM → COK,04:55,19:00,14h 5m,1 stop,No info,10678
Multiple carriers,21/03/2019,Delhi,Cochin,DEL → BOM → COK,10:45,18:50,8h 5m,1 stop,No info,11622
Jet Airways,24/05/2019,Banglore,Delhi,BLR → DEL,07:10,10:10,3h,non-stop,No info,7229
Air India,21/05/2019,Kolkata,Banglore,CCU → VNS → DEL → BLR,14:30,23:15,8h 45m,2 stops,No info,15107
IndiGo,12/06/2019,Delhi,Cochin,DEL → HYD → COK,08:35,22:30,13h 55m,1 stop,No info,6442
Jet Airways,01/03/2019,Banglore,New Delhi,BLR → BOM → DEL,08:00,15:15,7h 15m,1 stop,No info,22270
Jet Airways,1/04/2019,Kolkata,Banglore,CCU → BOM → BLR,18:55,16:20 02 Apr,21h 25m,1 stop,In-flight meal not included,7064
Jet Airways,6/05/2019,Kolkata,Banglore,CCU → BOM → BLR,14:05,23:35,9h 30m,1 stop,No info,15149
Jet Airways,12/06/2019,Delhi,Cochin,DEL → BHO → BOM → COK,05:30,12:35,7h 5m,2 stops,In-flight meal not included,13344
Vistara,6/03/2019,Mumbai,Hyderabad,BOM → DEL → HYD,21:55,22:55 07 Mar,25h,1 stop,No info,12395
Air India,09/03/2019,Banglore,New Delhi,BLR → VGA → HYD → DEL,10:30,21:25,10h 55m,2 stops,No info,9586
Jet Airways,6/05/2019,Delhi,Cochin,DEL → BOM → COK,22:50,12:35 07 May,13h 45m,1 stop,No info,15554
IndiGo,3/04/2019,Mumbai,Hyderabad,BOM → HYD,12:00,13:30,1h 30m,non-stop,No info,2754
Air India,21/04/2019,Kolkata,Banglore,CCU → BLR,14:15,16:45,2h 30m,non-stop,No info,6245
Jet Airways,6/05/2019,Kolkata,Banglore,CCU → DEL → BLR,17:00,21:05 07 May,28h 5m,1 stop,No info,13067
IndiGo,3/04/2019,Delhi,Cochin,DEL → BOM → COK,10:35,15:35,5h,1 stop,No info,5073
Air India,21/03/2019,Banglore,New Delhi,BLR → COK → DEL,22:00,23:20 19 Mar,25h 20m,1 stop,No info,6010
SpiceJet,15/03/2019,Banglore,New Delhi,BLR → DEL,09:35,12:30,2h 55m,non-stop,No info,6309
Jet Airways,21/03/2019,Delhi,Cochin,DEL → BOM → COK,07:05,12:35,5h 30m,1 stop,In-flight meal not included,14053
Jet Airways,9/03/2019,Delhi,Cochin,DEL → BOM → COK,06:50,19:45,12h 55m,1 stop,No info,16289
Jet Airways,12/06/2019,Delhi,Cochin,DEL → JAI → BOM → COK,05:30,19:00,13h 30m,2 stops,No info,13014
Air India,15/03/2019,Banglore,New Delhi,BLR → DEL,21:10,23:55,2h 45m,non-stop,No info,8851
Air India,6/06/2019,Kolkata,Banglore,CCU → DEL → AMD → BLR,10:00,05:25 07 Jun,19h 25m,2 stops,No info,13007
Multiple carriers,3/03/2019,Delhi,Cochin,DEL → HYD → MAA → COK,07:10,21:20,14h 10m,2 stops,In-flight meal not included,8938
IndiGo,21/03/2019,Delhi,Cochin,DEL → BOM → COK,07:30,15:30,8h,1 stop,No info,10208
Air Asia,24/05/2019,Kolkata,Banglore,CCU → BLR,22:50,01:20 25 May,2h 30m,non-stop,No info,4107
Multiple carriers,27/03/2019,Delhi,Cochin,DEL → BOM → COK,04:00,13:20,9h 20m,1 stop,No info,6305
Air Asia,03/03/2019,Banglore,New Delhi,BLR → DEL,23:25,02:10 04 Mar,2h 45m,non-stop,No info,6135
Jet Airways,12/06/2019,Delhi,Cochin,DEL → NAG → BOM → COK,14:35,12:35 13 Jun,22h,2 stops,In-flight meal not included,10919
Jet Airways,3/06/2019,Delhi,Cochin,DEL → BOM → COK,17:30,19:00 04 Jun,25h 30m,1 stop,No info,14714
Jet Airways,12/06/2019,Delhi,Cochin,DEL → JAI → BOM → COK,19:30,12:35 13 Jun,17h 5m,2 stops,In-flight meal not included,10368
IndiGo,15/04/2019,Banglore,Delhi,BLR → DEL,22:10,01:00 16 Apr,2h 50m,non-stop,No info,3943
Multiple carriers,21/03/2019,Delhi,Cochin,DEL → HYD → COK,07:05,22:20,15h 15m,1 stop,No info,6717
Jet Airways,6/05/2019,Banglore,Delhi,BLR → DEL,06:00,08:45,2h 45m,non-stop,No info,7229
Jet Airways,1/04/2019,Mumbai,Hyderabad,BOM → HYD,07:05,08:30,1h 25m,non-stop,No info,8040
Jet Airways,9/06/2019,Kolkata,Banglore,CCU → BOM → BLR,06:30,12:00,5h 30m,1 stop,No info,14571
IndiGo,9/04/2019,Delhi,Cochin,DEL → BOM → COK,18:35,01:30 10 Apr,6h 55m,1 stop,No info,6573
Air India,9/04/2019,Delhi,Cochin,DEL → COK,05:10,08:00,2h 50m,non-stop,No info,4729
Multiple carriers,6/06/2019,Delhi,Cochin,DEL → BOM → COK,13:00,01:30 07 Jun,12h 30m,1 stop,No info,7198
Jet Airways,9/03/2019,Delhi,Cochin,DEL → BOM → COK,19:15,18:50 10 Mar,23h 35m,1 stop,No info,16289
Jet Airways,1/05/2019,Kolkata,Banglore,CCU → DEL → BLR,09:35,09:45 02 May,24h 10m,1 stop,In-flight meal not included,9314
Multiple carriers,24/06/2019,Delhi,Cochin,DEL → BOM → COK,10:00,21:00,11h,1 stop,No info,13587
Jet Airways,21/05/2019,Kolkata,Banglore,CCU → BOM → BLR,21:10,19:50 22 May,22h 40m,1 stop,In-flight meal not included,10844
Air India,24/04/2019,Delhi,Cochin,DEL → COK,18:05,21:10,3h 5m,non-stop,No info,5201
Air India,6/06/2019,Delhi,Cochin,DEL → CCU → BOM → COK,20:15,19:15 07 Jun,23h,2 stops,No info,13591
Multiple carriers,15/06/2019,Delhi,Cochin,DEL → BOM → COK,09:00,21:00,12h,1 stop,No info,7933
IndiGo,12/04/2019,Banglore,Delhi,BLR → DEL,20:00,22:50,2h 50m,non-stop,No info,4990
Jet Airways,21/05/2019,Kolkata,Banglore,CCU → DEL → BLR,17:00,14:25 22 May,21h 25m,1 stop,No info,11467
IndiGo,15/06/2019,Delhi,Cochin,DEL → BLR → COK,05:10,10:05,4h 55m,1 stop,No info,7010
IndiGo,9/06/2019,Kolkata,Banglore,CCU → PNQ → BLR,21:00,02:15 10 Jun,5h 15m,1 stop,No info,6911
Jet Airways,06/03/2019,Banglore,New Delhi,BLR → BOM → DEL,20:35,09:30 07 Mar,12h 55m,1 stop,No info,17261
SpiceJet,18/04/2019,Kolkata,Banglore,CCU → BLR,17:10,19:40,2h 30m,non-stop,No info,4174
Jet Airways,24/06/2019,Mumbai,Hyderabad,BOM → HYD,02:55,04:20,1h 25m,non-stop,In-flight meal not included,4050
IndiGo,03/03/2019,Banglore,New Delhi,BLR → DEL,01:30,04:15,2h 45m,non-stop,No info,6860
SpiceJet,27/05/2019,Delhi,Cochin,DEL → MAA → COK,06:05,11:20,5h 15m,1 stop,No info,6749
Jet Airways,15/06/2019,Delhi,Cochin,DEL → JAI → BOM → COK,09:40,04:25 16 Jun,18h 45m,2 stops,In-flight meal not included,10368
SpiceJet,27/05/2019,Mumbai,Hyderabad,BOM → HYD,13:15,14:45,1h 30m,non-stop,No check-in baggage included,2385
Vistara,27/05/2019,Chennai,Kolkata,MAA → CCU,17:45,20:05,2h 20m,non-stop,No info,11982
Air India,21/03/2019,Delhi,Cochin,DEL → JAI → BOM → COK,12:00,07:40 22 Mar,19h 40m,2 stops,No info,9706
SpiceJet,6/05/2019,Mumbai,Hyderabad,BOM → HYD,13:15,14:45,1h 30m,non-stop,No info,2017
Jet Airways,9/06/2019,Delhi,Cochin,DEL → BOM → COK,16:00,19:00 10 Jun,27h,1 stop,In-flight meal not included,10577
SpiceJet,27/04/2019,Banglore,Delhi,BLR → DEL,21:10,00:05 28 Apr,2h 55m,non-stop,No info,3971
Air India,1/06/2019,Mumbai,Hyderabad,BOM → HYD,06:20,07:40,1h 20m,non-stop,No info,3100
Jet Airways,9/05/2019,Delhi,Cochin,DEL → BOM → COK,19:15,12:35 10 May,17h 20m,1 stop,In-flight meal not included,12373
Jet Airways,12/05/2019,Kolkata,Banglore,CCU → BOM → BLR,06:30,18:15,11h 45m,1 stop,In-flight meal not included,10844
SpiceJet,18/06/2019,Mumbai,Hyderabad,BOM → HYD,05:45,07:15,1h 30m,non-stop,No info,2753
Multiple carriers,18/05/2019,Delhi,Cochin,DEL → HYD → COK,07:05,16:10,9h 5m,1 stop,No info,9646
Multiple carriers,9/05/2019,Delhi,Cochin,DEL → BOM → COK,19:00,01:30 10 May,6h 30m,1 stop,No info,9424
IndiGo,6/05/2019,Banglore,Delhi,BLR → DEL,08:30,11:20,2h 50m,non-stop,No info,4823
Jet Airways,06/03/2019,Banglore,New Delhi,BLR → BOM → DEL,07:00,21:20,14h 20m,1 stop,No info,16736
Jet Airways,12/05/2019,Kolkata,Banglore,CCU → BOM → BLR,14:05,19:50,5h 45m,1 stop,In-flight meal not included,10844
Jet Airways,9/05/2019,Kolkata,Banglore,CCU → BOM → BLR,20:00,12:00 10 May,16h,1 stop,In-flight meal not included,9663
Jet Airways,21/03/2019,Banglore,New Delhi,BLR → BOM → DEL,14:05,11:25 19 Mar,21h 20m,1 stop,In-flight meal not included,7832
IndiGo,27/06/2019,Mumbai,Hyderabad,BOM → HYD,12:00,13:30,1h 30m,non-stop,No info,2754
IndiGo,18/03/2019,Mumbai,Hyderabad,BOM → HYD,21:20,22:45,1h 25m,non-stop,No info,2227
Multiple carriers,21/05/2019,Delhi,Cochin,DEL → BOM → COK,08:00,19:15,11h 15m,1 stop,No info,15058
Multiple carriers,6/06/2019,Delhi,Cochin,DEL → BOM → COK,10:00,19:00,9h,1 stop,No info,12717
Jet Airways,27/05/2019,Delhi,Cochin,DEL → BOM → COK,09:00,04:25 28 May,19h 25m,1 stop,In-flight meal not included,12898
Air India,6/03/2019,Mumbai,Hyderabad,BOM → GOI → PNQ → HYD,21:10,16:55,4h 15m,2 stops,No info,17327
Vistara,1/05/2019,Chennai,Kolkata,MAA → CCU,17:45,20:05,2h 20m,non-stop,No info,11982
Jet Airways,6/05/2019,Mumbai,Hyderabad,BOM → HYD,19:35,21:05,1h 30m,non-stop,In-flight meal not included,2228
Jet Airways,21/05/2019,Delhi,Cochin,DEL → AMD → BOM → COK,23:05,12:35 22 May,13h 30m,2 stops,No info,15129
Jet Airways,3/03/2019,Mumbai,Hyderabad,BOM → HYD,19:35,21:05,1h 30m,non-stop,No info,5678
Jet Airways,27/05/2019,Delhi,Cochin,DEL → BOM → COK,13:00,12:35 28 May,23h 35m,1 stop,In-flight meal not included,12898
IndiGo,3/04/2019,Kolkata,Banglore,CCU → BLR,11:30,14:05,2h 35m,non-stop,No info,4174
Air India,6/05/2019,Delhi,Cochin,DEL → GOI → BOM → COK,22:00,19:15 07 May,21h 15m,2 stops,No info,11701
Jet Airways,1/06/2019,Delhi,Cochin,DEL → BOM → COK,02:15,12:35,10h 20m,1 stop,No info,14714
IndiGo,15/05/2019,Delhi,Cochin,DEL → BOM → COK,09:15,01:30 16 May,16h 15m,1 stop,No info,7503
Jet Airways,24/03/2019,Kolkata,Banglore,CCU → BOM → BLR,08:25,12:00 25 Mar,27h 35m,1 stop,No info,13759
Multiple carriers,27/05/2019,Delhi,Cochin,DEL → BOM → COK,06:00,19:15,13h 15m,1 stop,No info,10786
Vistara,1/04/2019,Banglore,Delhi,BLR → DEL,11:30,14:20,2h 50m,non-stop,No info,5403
Multiple carriers,21/05/2019,Delhi,Cochin,DEL → BOM → COK,09:00,21:00,12h,1 stop,No info,14067
Air India,6/06/2019,Delhi,Cochin,DEL → AMD → BOM → COK,16:40,19:15 07 Jun,26h 35m,2 stops,No info,9653
IndiGo,18/03/2019,Mumbai,Hyderabad,BOM → HYD,06:20,07:45,1h 25m,non-stop,No info,3342
IndiGo,18/06/2019,Chennai,Kolkata,MAA → CCU,22:05,00:25 19 Jun,2h 20m,non-stop,No info,5277
Jet Airways,21/05/2019,Kolkata,Banglore,CCU → BOM → BLR,21:10,09:20 22 May,12h 10m,1 stop,In-flight meal not included,10844
IndiGo,12/06/2019,Kolkata,Banglore,CCU → BLR,09:35,12:20,2h 45m,non-stop,No info,4804
SpiceJet,15/03/2019,Banglore,New Delhi,BLR → PNQ → DEL,10:20,18:15,7h 55m,1 stop,No info,10341
SpiceJet,03/03/2019,Banglore,New Delhi,BLR → DEL,05:45,08:35,2h 50m,non-stop,No info,6860
Air India,21/04/2019,Banglore,Delhi,BLR → DEL,17:00,19:45,2h 45m,non-stop,No info,5438
IndiGo,9/06/2019,Delhi,Cochin,DEL → BLR → COK,02:00,07:45,5h 45m,1 stop,No info,6386
Multiple carriers,27/03/2019,Delhi,Cochin,DEL → BOM → COK,11:40,21:00,9h 20m,1 stop,No info,6637
SpiceJet,27/05/2019,Kolkata,Banglore,CCU → BLR,06:55,09:30,2h 35m,non-stop,No check-in baggage included,3841
Jet Airways,6/06/2019,Kolkata,Banglore,CCU → BOM → BLR,08:25,20:45,12h 20m,1 stop,No info,14571
Jet Airways,18/03/2019,Banglore,New Delhi,BLR → BOM → DEL,16:55,07:40 16 Mar,14h 45m,1 stop,No info,13555
Air India,12/05/2019,Kolkata,Banglore,CCU → DEL → COK → BLR,07:00,01:20 13 May,18h 20m,2 stops,No info,13243
IndiGo,27/03/2019,Chennai,Kolkata,MAA → CCU,07:55,10:15,2h 20m,non-stop,No info,3384
Jet Airways,1/04/2019,Kolkata,Banglore,CCU → DEL → BLR,20:25,09:45 02 Apr,13h 20m,1 stop,No info,14151
IndiGo,9/05/2019,Kolkata,Banglore,CCU → BLR,11:30,14:05,2h 35m,non-stop,No info,5224
IndiGo,1/06/2019,Delhi,Cochin,DEL → BOM → COK,20:25,01:30 02 Jun,5h 5m,1 stop,No info,6593
Multiple carriers,27/03/2019,Delhi,Cochin,DEL → BOM → COK,11:30,18:50,7h 20m,1 stop,No info,11200
Air India,15/06/2019,Delhi,Cochin,DEL → HYD → BOM → COK,13:15,19:15 16 Jun,30h,2 stops,No info,12182
Jet Airways,27/03/2019,Delhi,Cochin,DEL → IDR → BOM → COK,05:25,18:50,13h 25m,2 stops,In-flight meal not included,9254
Multiple carriers,24/06/2019,Delhi,Cochin,DEL → BOM → COK,13:00,21:00,8h,1 stop,No info,7408
Jet Airways,6/06/2019,Kolkata,Banglore,CCU → DEL → BLR,09:35,19:10,9h 35m,1 stop,In-flight meal not included,13469
SpiceJet,15/03/2019,Mumbai,Hyderabad,BOM → HYD,05:45,07:05,1h 20m,non-stop,No check-in baggage included,2385
SpiceJet,12/05/2019,Banglore,Delhi,BLR → DEL,21:10,00:05 13 May,2h 55m,non-stop,No info,4423
Vistara,6/05/2019,Chennai,Kolkata,MAA → CCU,07:05,09:20,2h 15m,non-stop,No info,3687
Vistara,27/06/2019,Banglore,Delhi,BLR → DEL,09:45,12:35,2h 50m,non-stop,No info,4668
Air India,9/06/2019,Kolkata,Banglore,CCU → DEL → COK → BLR,07:00,01:20 10 Jun,18h 20m,2 stops,No info,13033
Multiple carriers,1/06/2019,Delhi,Cochin,DEL → BOM → COK,11:30,19:15,7h 45m,1 stop,No info,16108
Jet Airways,1/06/2019,Delhi,Cochin,DEL → BOM → COK,20:55,04:25 02 Jun,7h 30m,1 stop,In-flight meal not included,10262
Multiple carriers,18/05/2019,Delhi,Cochin,DEL → BOM → COK,07:05,19:15,12h 10m,1 stop,No info,14533
Multiple carriers,15/05/2019,Delhi,Cochin,DEL → BOM → COK,08:45,19:00,10h 15m,1 stop,No info,9794
Jet Airways,12/05/2019,Banglore,Delhi,BLR → DEL,11:10,14:05,2h 55m,non-stop,No info,7229
IndiGo,27/03/2019,Delhi,Cochin,DEL → BOM → COK,11:30,21:00,9h 30m,1 stop,No info,6416
Jet Airways,9/06/2019,Delhi,Cochin,DEL → BOM → COK,11:30,19:00,7h 30m,1 stop,In-flight meal not included,10262
Multiple carriers,18/05/2019,Delhi,Cochin,DEL → BOM → COK,10:35,19:15,8h 40m,1 stop,No info,8309
Jet Airways,9/05/2019,Kolkata,Banglore,CCU → DEL → BLR,20:25,18:00 10 May,21h 35m,1 stop,In-flight meal not included,9314
Jet Airways,1/04/2019,Kolkata,Banglore,CCU → BOM → BLR,18:55,18:15 02 Apr,23h 20m,1 stop,In-flight meal not included,7064
SpiceJet,9/06/2019,Kolkata,Banglore,CCU → BLR,09:00,11:25,2h 25m,non-stop,No info,4174
Jet Airways,12/06/2019,Kolkata,Banglore,CCU → BOM → BLR,16:30,20:45 13 Jun,28h 15m,1 stop,In-flight meal not included,8529
Jet Airways,06/03/2019,Banglore,New Delhi,BLR → DEL,19:55,22:35,2h 40m,non-stop,No info,18308
IndiGo,24/03/2019,Kolkata,Banglore,CCU → BLR,14:20,16:55,2h 35m,non-stop,No info,5618
Vistara,18/06/2019,Banglore,Delhi,BLR → DEL,11:30,14:20,2h 50m,non-stop,No info,4668
Jet Airways,24/06/2019,Delhi,Cochin,DEL → BOM → COK,09:00,19:00,10h,1 stop,No info,18371
IndiGo,9/05/2019,Delhi,Cochin,DEL → BOM → COK,10:35,01:30 10 May,14h 55m,1 stop,No info,8330
SpiceJet,9/04/2019,Kolkata,Banglore,CCU → BLR,17:10,19:40,2h 30m,non-stop,No info,3873
Jet Airways,27/05/2019,Delhi,Cochin,DEL → BOM → COK,21:50,19:00 28 May,21h 10m,1 stop,In-flight meal not included,12898
IndiGo,15/05/2019,Delhi,Cochin,DEL → BOM → COK,17:10,01:30 16 May,8h 20m,1 stop,No info,6979
IndiGo,1/06/2019,Kolkata,Banglore,CCU → BLR,20:20,22:55,2h 35m,non-stop,No info,4804
Jet Airways,27/05/2019,Delhi,Cochin,DEL → AMD → BOM → COK,13:25,19:00 28 May,29h 35m,2 stops,No info,15129
Multiple carriers,1/06/2019,Delhi,Cochin,DEL → BOM → COK,10:00,19:15,9h 15m,1 stop,No info,16108
Air India,12/04/2019,Banglore,Delhi,BLR → DEL,21:05,23:55,2h 50m,non-stop,No info,5911
Jet Airways,15/03/2019,Mumbai,Hyderabad,BOM → HYD,19:35,21:05,1h 30m,non-stop,No info,5678
Jet Airways,01/03/2019,Banglore,New Delhi,BLR → BOM → DEL,14:05,21:20,7h 15m,1 stop,No info,36235
SpiceJet,27/05/2019,Banglore,Delhi,BLR → DEL,05:55,08:35,2h 40m,non-stop,No check-in baggage included,3257
Jet Airways,15/06/2019,Delhi,Cochin,DEL → COK,11:00,14:15,3h 15m,non-stop,No info,9564
Multiple carriers,27/05/2019,Delhi,Cochin,DEL → BOM → COK,08:45,19:15,10h 30m,1 stop,No info,10051
Air India,24/05/2019,Mumbai,Hyderabad,BOM → HYD,13:55,15:25,1h 30m,non-stop,No info,3100
SpiceJet,18/05/2019,Chennai,Kolkata,MAA → CCU,08:20,10:35,2h 15m,non-stop,No check-in baggage included,3543
Jet Airways,24/03/2019,Kolkata,Banglore,CCU → BOM → BLR,21:10,04:45 25 Mar,7h 35m,1 stop,No info,13759
Multiple carriers,24/06/2019,Delhi,Cochin,DEL → BOM → COK,07:00,21:00,14h,1 stop,No info,7618
Multiple carriers,21/03/2019,Delhi,Cochin,DEL → BOM → COK,15:15,01:35 22 Mar,10h 20m,1 stop,No info,7695
Jet Airways,21/05/2019,Kolkata,Banglore,CCU → BOM → BLR,14:05,22:35,8h 30m,1 stop,In-flight meal not included,10844
Air Asia,21/06/2019,Banglore,Delhi,BLR → DEL,23:55,02:45 22 Jun,2h 50m,non-stop,No info,3383
Jet Airways,6/05/2019,Kolkata,Banglore,CCU → DEL → BLR,20:25,19:10 07 May,22h 45m,1 stop,No info,13067
IndiGo,24/04/2019,Kolkata,Banglore,CCU → HYD → BLR,15:15,20:05,4h 50m,1 stop,No info,4565
Jet Airways,6/03/2019,Delhi,Cochin,DEL → AMD → BOM → COK,19:10,19:45 07 Mar,24h 35m,2 stops,No info,19329
Air India,3/03/2019,Delhi,Cochin,DEL → JDH → BOM → COK,12:55,19:15 04 Mar,30h 20m,2 stops,No info,21571
IndiGo,12/06/2019,Kolkata,Banglore,CCU → MAA → BLR,08:10,13:00,4h 50m,1 stop,No info,5069
SpiceJet,6/03/2019,Kolkata,Banglore,CCU → BLR,06:55,09:35,2h 40m,non-stop,No info,3850
Air India,01/03/2019,Banglore,New Delhi,BLR → MAA → DEL,11:50,08:55 02 Mar,21h 5m,1 stop,1 Long layover,14594
Jet Airways,3/05/2019,Banglore,Delhi,BLR → DEL,19:50,22:50,3h,non-stop,No info,7229
IndiGo,24/03/2019,Banglore,New Delhi,BLR → DEL,07:10,10:05,2h 55m,non-stop,No info,6144
Jet Airways,12/06/2019,Kolkata,Banglore,CCU → BOM → BLR,18:55,23:35 13 Jun,28h 40m,1 stop,In-flight meal not included,8529
Jet Airways,9/03/2019,Delhi,Cochin,DEL → DED → BOM → COK,15:55,04:25 10 Mar,12h 30m,2 stops,No info,19172
Jet Airways,24/06/2019,Delhi,Cochin,DEL → BOM → COK,15:00,12:35 25 Jun,21h 35m,1 stop,In-flight meal not included,10262
Air India,12/05/2019,Kolkata,Banglore,CCU → BBI → BLR,12:00,13:15 13 May,25h 15m,1 stop,No info,6612
Multiple carriers,9/05/2019,Delhi,Cochin,DEL → BOM → COK,07:05,19:15,12h 10m,1 stop,In-flight meal not included,11142
IndiGo,21/03/2019,Chennai,Kolkata,MAA → CCU,19:35,21:55,2h 20m,non-stop,No info,3384
Multiple carriers,3/03/2019,Delhi,Cochin,DEL → BOM → COK,13:00,01:35 04 Mar,12h 35m,1 stop,No info,18286
Air India,9/06/2019,Banglore,Delhi,BLR → DEL,17:00,19:45,2h 45m,non-stop,No info,7171
IndiGo,27/05/2019,Delhi,Cochin,DEL → BOM → COK,08:30,21:00,12h 30m,1 stop,No info,6838
Multiple carriers,9/06/2019,Delhi,Cochin,DEL → BOM → COK,10:20,21:00,10h 40m,1 stop,No info,7005
IndiGo,1/05/2019,Mumbai,Hyderabad,BOM → HYD,16:55,18:25,1h 30m,non-stop,No info,3175
SpiceJet,3/05/2019,Banglore,Delhi,BLR → DEL,21:10,00:05 04 May,2h 55m,non-stop,No info,4991
Multiple carriers,6/03/2019,Delhi,Cochin,DEL → HYD → COK,09:45,16:10,6h 25m,1 stop,No info,10276
IndiGo,6/06/2019,Kolkata,Banglore,CCU → BBI → BLR,19:35,23:15,3h 40m,1 stop,No info,6116
Vistara,24/04/2019,Delhi,Cochin,DEL → COK,06:00,09:10,3h 10m,non-stop,No info,6216
IndiGo,3/04/2019,Banglore,Delhi,BLR → DEL,07:10,10:05,2h 55m,non-stop,No info,4823
Multiple carriers,9/06/2019,Delhi,Cochin,DEL → BOM → COK,11:40,21:00,9h 20m,1 stop,No info,7005
IndiGo,21/05/2019,Kolkata,Banglore,CCU → MAA → BLR,06:20,10:20,4h,1 stop,No info,4226
IndiGo,15/04/2019,Kolkata,Banglore,CCU → BLR,17:15,19:50,2h 35m,non-stop,No info,4174
Jet Airways,18/05/2019,Delhi,Cochin,DEL → BOM → COK,09:00,19:00,10h,1 stop,No info,15554
Air India,9/05/2019,Delhi,Cochin,DEL → HYD → MAA → COK,13:15,09:25 10 May,20h 10m,2 stops,No info,9417
SpiceJet,1/05/2019,Chennai,Kolkata,MAA → CCU,08:20,10:35,2h 15m,non-stop,No info,3597
Jet Airways,21/03/2019,Banglore,New Delhi,BLR → BOM → DEL,11:40,11:25 19 Mar,23h 45m,1 stop,In-flight meal not included,7832
Air India,15/03/2019,Banglore,New Delhi,BLR → MAA → DEL,11:50,08:55 16 Mar,21h 5m,1 stop,No info,5932
IndiGo,1/05/2019,Banglore,Delhi,BLR → DEL,07:10,10:05,2h 55m,non-stop,No info,4823
Multiple carriers,21/05/2019,Delhi,Cochin,DEL → BOM → COK,06:00,21:00,15h,1 stop,No info,7485
Jet Airways,18/05/2019,Kolkata,Banglore,CCU → BOM → BLR,05:45,12:00,6h 15m,1 stop,In-flight meal not included,8586
Jet Airways,1/06/2019,Delhi,Cochin,DEL → BOM → COK,17:30,19:00 02 Jun,25h 30m,1 stop,No info,14714
IndiGo,9/04/2019,Banglore,Delhi,BLR → DEL,18:25,21:20,2h 55m,non-stop,No info,4823
Jet Airways,12/06/2019,Kolkata,Banglore,CCU → BOM → BLR,20:00,09:20 13 Jun,13h 20m,1 stop,No info,13044
Multiple carriers,9/06/2019,Delhi,Cochin,DEL → BOM → COK,09:00,21:00,12h,1 stop,No info,7408
SpiceJet,15/06/2019,Chennai,Kolkata,MAA → CCU,08:20,10:35,2h 15m,non-stop,No info,3597
Jet Airways,27/03/2019,Delhi,Cochin,DEL → BOM → COK,09:00,04:25 28 Mar,19h 25m,1 stop,No info,12242
Air India,1/06/2019,Banglore,Delhi,BLR → DEL,10:00,12:45,2h 45m,non-stop,No info,6961
Multiple carriers,27/06/2019,Delhi,Cochin,DEL → BOM → COK,13:00,21:00,8h,1 stop,No info,7408
Multiple carriers,27/03/2019,Delhi,Cochin,DEL → BOM → COK,06:40,19:15,12h 35m,1 stop,No info,9100
IndiGo,27/05/2019,Delhi,Cochin,DEL → BOM → COK,04:55,21:00,16h 5m,1 stop,No info,8784
Jet Airways,21/05/2019,Delhi,Cochin,DEL → JAI → BOM → COK,05:30,19:00,13h 30m,2 stops,In-flight meal not included,13029
Jet Airways,6/06/2019,Kolkata,Banglore,CCU → BOM → BLR,20:00,04:40 07 Jun,8h 40m,1 stop,In-flight meal not included,8586
IndiGo,27/05/2019,Banglore,Delhi,BLR → DEL,10:10,13:00,2h 50m,non-stop,No info,3943
Air India,18/05/2019,Delhi,Cochin,DEL → BOM → COK,21:00,07:40 19 May,10h 40m,1 stop,No info,8372
Air India,9/03/2019,Delhi,Cochin,DEL → BOM → COK,08:00,19:15,11h 15m,1 stop,No info,16754
IndiGo,15/03/2019,Banglore,New Delhi,BLR → DEL,01:30,04:15,2h 45m,non-stop,No info,5694
Jet Airways,15/06/2019,Delhi,Cochin,DEL → BDQ → BOM → COK,18:25,04:25 16 Jun,10h,2 stops,No info,14237
Air India,21/05/2019,Kolkata,Banglore,CCU → BOM → GOI → BLR,16:50,05:35 22 May,12h 45m,2 stops,No info,12324
SpiceJet,9/05/2019,Banglore,Delhi,BLR → DEL,05:55,08:35,2h 40m,non-stop,No check-in baggage included,3573
Multiple carriers,24/06/2019,Delhi,Cochin,DEL → BOM → COK,12:50,19:15,6h 25m,1 stop,In-flight meal not included,7268
IndiGo,18/03/2019,Delhi,Cochin,DEL → COK,21:05,00:20 19 Mar,3h 15m,non-stop,No info,5021
Jet Airways,3/05/2019,Banglore,Delhi,BLR → DEL,18:55,22:00,3h 5m,non-stop,In-flight meal not included,6144
Jet Airways,12/05/2019,Kolkata,Banglore,CCU → BOM → BLR,06:30,19:50,13h 20m,1 stop,No info,13941
Multiple carriers,15/05/2019,Delhi,Cochin,DEL → BOM → COK,11:25,19:15,7h 50m,1 stop,No info,7575
Multiple carriers,15/06/2019,Delhi,Cochin,DEL → BOM → COK,11:40,19:15,7h 35m,1 stop,No info,9526
IndiGo,18/05/2019,Delhi,Cochin,DEL → HYD → COK,05:05,16:10,11h 5m,1 stop,No info,6818
Air India,03/03/2019,Banglore,New Delhi,BLR → HYD → DEL,08:15,21:25,13h 10m,1 stop,No info,6781
Air India,03/03/2019,Banglore,New Delhi,BLR → VGA → DEL,10:30,11:20 07 Mar,24h 50m,1 stop,No info,11003
IndiGo,12/04/2019,Kolkata,Banglore,CCU → BLR,15:15,17:45,2h 30m,non-stop,No info,4174
Jet Airways,9/06/2019,Kolkata,Banglore,CCU → DEL → BLR,20:25,09:45 10 Jun,13h 20m,1 stop,In-flight meal not included,13469
SpiceJet,1/04/2019,Kolkata,Banglore,CCU → BLR,09:00,11:25,2h 25m,non-stop,No check-in baggage included,3841
Jet Airways,1/04/2019,Delhi,Cochin,DEL → BOM → COK,18:15,19:00 02 Apr,24h 45m,1 stop,In-flight meal not included,5406
IndiGo,12/06/2019,Banglore,Delhi,BLR → DEL,08:30,11:20,2h 50m,non-stop,No info,4823
Air India,18/06/2019,Banglore,Delhi,BLR → DEL,17:00,19:50,2h 50m,non-stop,No info,6961
Air India,6/04/2019,Delhi,Cochin,DEL → COK,05:10,08:00,2h 50m,non-stop,No info,4729
Jet Airways,24/05/2019,Delhi,Cochin,DEL → JAI → BOM → COK,05:30,04:25 25 May,22h 55m,2 stops,No info,15129
Air Asia,3/06/2019,Banglore,Delhi,BLR → DEL,04:55,07:45,2h 50m,non-stop,No info,4282
Air India,12/06/2019,Delhi,Cochin,DEL → BOM → COK,07:00,19:15,12h 15m,1 stop,No info,8669
Air India,01/03/2019,Banglore,New Delhi,BLR → BOM → AMD → DEL,08:50,23:55 02 Mar,39h 5m,2 stops,No info,17135
Jet Airways,18/05/2019,Kolkata,Banglore,CCU → BOM → BLR,18:55,22:35 19 May,27h 40m,1 stop,In-flight meal not included,10844
Multiple carriers,27/06/2019,Delhi,Cochin,DEL → HYD → COK,09:45,22:30,12h 45m,1 stop,No info,9646
Air India,21/05/2019,Delhi,Cochin,DEL → COK,14:05,17:55,3h 50m,non-stop,No info,6094
Vistara,21/05/2019,Kolkata,Banglore,CCU → DEL → BLR,20:20,10:45 22 May,14h 25m,1 stop,No info,9187
Air India,21/03/2019,Mumbai,Hyderabad,BOM → HYD,21:05,22:25,1h 20m,non-stop,No info,2050
GoAir,6/05/2019,Delhi,Cochin,DEL → AMD → COK,07:25,13:35,6h 10m,1 stop,No info,6296
Jet Airways,21/05/2019,Kolkata,Banglore,CCU → BOM → BLR,20:00,12:00 22 May,16h,1 stop,In-flight meal not included,10844
Jet Airways,27/03/2019,Delhi,Cochin,DEL → MAA → BOM → COK,05:10,19:45 28 Mar,38h 35m,2 stops,In-flight meal not included,8938
Jet Airways,9/05/2019,Kolkata,Banglore,CCU → BOM → BLR,06:30,12:00,5h 30m,1 stop,No info,14388
Jet Airways,3/06/2019,Delhi,Cochin,DEL → IDR → BOM → COK,21:25,19:00 04 Jun,21h 35m,2 stops,In-flight meal not included,11507
Multiple carriers,27/05/2019,Delhi,Cochin,DEL → BOM → COK,18:00,01:30 28 May,7h 30m,1 stop,No info,7198
Jet Airways,18/05/2019,Delhi,Cochin,DEL → JAI → BOM → COK,09:40,04:25 19 May,18h 45m,2 stops,In-flight meal not included,13029
Multiple carriers,12/06/2019,Delhi,Cochin,DEL → BOM → COK,08:45,19:00,10h 15m,1 stop,No info,11789
IndiGo,3/06/2019,Kolkata,Banglore,CCU → BLR,15:15,17:45,2h 30m,non-stop,No info,4804
Jet Airways,27/06/2019,Delhi,Cochin,DEL → JAI → BOM → COK,09:40,19:00,9h 20m,2 stops,In-flight meal not included,10368
Multiple carriers,21/03/2019,Delhi,Cochin,DEL → HYD → MAA → COK,07:05,21:20,14h 15m,2 stops,No info,6653
Air Asia,27/03/2019,Delhi,Cochin,DEL → BLR → COK,16:45,22:15,5h 30m,1 stop,No info,6151
Multiple carriers,21/03/2019,Delhi,Cochin,DEL → HYD → COK,07:10,16:10,9h,1 stop,In-flight meal not included,5999
Air India,3/06/2019,Delhi,Cochin,DEL → AMD → BOM → COK,19:45,19:15 04 Jun,23h 30m,2 stops,No info,10441
Air India,6/03/2019,Mumbai,Hyderabad,BOM → BHO → DEL → HYD,06:00,19:25 07 Mar,37h 25m,2 stops,No info,13904
Jet Airways,9/06/2019,Delhi,Cochin,DEL → JAI → BOM → COK,09:40,19:00,9h 20m,2 stops,In-flight meal not included,10368
Multiple carriers,24/06/2019,Delhi,Cochin,DEL → BOM → COK,17:30,01:30 25 Jun,8h,1 stop,No info,13377
Jet Airways,24/06/2019,Delhi,Cochin,DEL → IDR → BOM → COK,09:35,04:25 25 Jun,18h 50m,2 stops,No info,13292
IndiGo,01/03/2019,Banglore,New Delhi,BLR → BOM → DEL,19:35,00:35 02 Mar,5h,1 stop,No info,22153
Jet Airways,15/06/2019,Delhi,Cochin,DEL → BOM → COK,09:00,19:00,10h,1 stop,In-flight meal not included,10262
Jet Airways,06/03/2019,Banglore,New Delhi,BLR → BOM → DEL,14:05,21:20,7h 15m,1 stop,No info,19225
Air India,27/06/2019,Delhi,Cochin,DEL → BLR → COK,17:40,23:00,5h 20m,1 stop,No info,7174
Air India,18/03/2019,Kolkata,Banglore,CCU → BLR,20:45,23:20,2h 35m,non-stop,No info,4435
Air India,21/05/2019,Delhi,Cochin,DEL → HYD → MAA → COK,13:05,09:25 22 May,20h 20m,2 stops,No info,10467
Air India,9/05/2019,Delhi,Cochin,DEL → CCU → BOM → COK,16:55,19:15 10 May,26h 20m,2 stops,No info,13591
Air India,1/03/2019,Delhi,Cochin,DEL → BOM → COK,04:00,07:40 02 Mar,27h 40m,1 stop,No info,28322
Jet Airways,24/06/2019,Mumbai,Hyderabad,BOM → HYD,02:55,04:20,1h 25m,non-stop,No info,5678
Multiple carriers,1/06/2019,Delhi,Cochin,DEL → IXU → BOM → COK,17:50,01:30 02 Jun,7h 40m,2 stops,No info,18485
Air Asia,9/06/2019,Banglore,Delhi,BLR → DEL,04:55,07:45,2h 50m,non-stop,No info,8420
Vistara,12/06/2019,Banglore,Delhi,BLR → DEL,21:00,23:50,2h 50m,non-stop,No info,4668
Jet Airways,12/05/2019,Kolkata,Banglore,CCU → DEL → BLR,09:35,10:55 13 May,25h 20m,1 stop,No info,14151
Multiple carriers,27/06/2019,Delhi,Cochin,DEL → BOM → COK,07:05,21:00,13h 55m,1 stop,No info,13587
Multiple carriers,9/05/2019,Delhi,Cochin,DEL → BOM → COK,13:00,21:00,8h,1 stop,No info,13727
Multiple carriers,27/03/2019,Delhi,Cochin,DEL → HYD → MAA → COK,09:45,21:20,11h 35m,2 stops,No info,6653
Vistara,27/04/2019,Banglore,Delhi,BLR → DEL,19:30,22:15,2h 45m,non-stop,No info,5613
Jet Airways,9/06/2019,Delhi,Cochin,DEL → BOM → COK,11:30,04:25 10 Jun,16h 55m,1 stop,In-flight meal not included,10262
Air India,3/03/2019,Delhi,Cochin,DEL → BHO → BOM → COK,05:55,07:40 04 Mar,25h 45m,2 stops,No info,15113
Jet Airways,12/06/2019,Kolkata,Banglore,CCU → BOM → BLR,06:30,18:15,11h 45m,1 stop,No info,13626
Air India,6/06/2019,Delhi,Cochin,DEL → BOM → COK,07:00,19:15,12h 15m,1 stop,No info,8669
IndiGo,3/04/2019,Delhi,Cochin,DEL → COK,14:20,17:35,3h 15m,non-stop,No info,4729
IndiGo,21/03/2019,Chennai,Kolkata,MAA → CCU,13:20,15:35,2h 15m,non-stop,No info,3384
Air India,24/05/2019,Kolkata,Banglore,CCU → DEL → AMD → BLR,10:00,05:25 25 May,19h 25m,2 stops,No info,15107
Jet Airways,9/05/2019,Delhi,Cochin,DEL → BOM → COK,10:00,19:00,9h,1 stop,No info,15554
Air Asia,24/06/2019,Delhi,Cochin,DEL → BLR → COK,16:45,22:25,5h 40m,1 stop,No info,6752
Air India,1/04/2019,Kolkata,Banglore,CCU → BLR,20:45,23:20,2h 35m,non-stop,No info,4460
Multiple carriers,18/05/2019,Delhi,Cochin,DEL → BOM → COK,08:00,21:00,13h,1 stop,No info,13727
Jet Airways,9/03/2019,Delhi,Cochin,DEL → BOM → COK,00:20,04:25 10 Mar,28h 5m,1 stop,In-flight meal not included,11848
Air India,6/03/2019,Mumbai,Hyderabad,BOM → DEL → HYD,10:00,23:45,13h 45m,1 stop,No info,11678
Air India,1/06/2019,Delhi,Cochin,DEL → BOM → COK,08:00,19:15,11h 15m,1 stop,No info,9929
Multiple carriers,15/06/2019,Delhi,Cochin,DEL → BOM → COK,08:45,19:15,10h 30m,1 stop,No info,9526
Air India,24/06/2019,Delhi,Cochin,DEL → RPR → NAG → BOM → COK,05:15,07:40 25 Jun,26h 25m,3 stops,No info,10493
Air Asia,9/04/2019,Banglore,Delhi,BLR → DEL,04:55,07:45,2h 50m,non-stop,No info,4282
Multiple carriers,27/06/2019,Delhi,Cochin,DEL → BOM → COK,08:00,21:00,13h,1 stop,No info,13587
Jet Airways,6/03/2019,Delhi,Cochin,DEL → BOM → COK,19:45,19:45 07 Mar,24h,1 stop,No info,17024
IndiGo,3/06/2019,Delhi,Cochin,DEL → HYD → COK,11:55,22:30,10h 35m,1 stop,No info,6442
Multiple carriers,27/06/2019,Delhi,Cochin,DEL → BOM → COK,10:20,19:15,8h 55m,1 stop,No info,7741
Jet Airways,27/05/2019,Delhi,Cochin,DEL → BOM → COK,10:00,12:35 28 May,26h 35m,1 stop,In-flight meal not included,12898
Vistara,24/03/2019,Kolkata,Banglore,CCU → DEL → BLR,17:00,22:55,5h 55m,1 stop,No info,14360
Multiple carriers,27/03/2019,Delhi,Cochin,DEL → HYD → COK,13:05,22:20,9h 15m,1 stop,No info,6076
Jet Airways,12/05/2019,Banglore,Delhi,BLR → DEL,17:45,20:45,3h,non-stop,No info,7229
SpiceJet,9/05/2019,Kolkata,Banglore,CCU → BLR,09:00,11:25,2h 25m,non-stop,No info,3873
Air Asia,09/03/2019,Banglore,New Delhi,BLR → DEL,23:25,02:10 13 Mar,2h 45m,non-stop,No info,4482
IndiGo,15/05/2019,Delhi,Cochin,DEL → MAA → COK,07:15,12:30,5h 15m,1 stop,No info,5636
Jet Airways,27/03/2019,Delhi,Cochin,DEL → IXC → BOM → COK,06:20,04:25 28 Mar,22h 5m,2 stops,No info,12273
Jet Airways,15/04/2019,Banglore,Delhi,BLR → DEL,07:10,10:10,3h,non-stop,No info,7229
Air India,21/03/2019,Delhi,Cochin,DEL → CCU → BOM → COK,06:50,07:40 22 Mar,24h 50m,2 stops,No info,11071
IndiGo,15/05/2019,Delhi,Cochin,DEL → BOM → COK,04:55,21:00,16h 5m,1 stop,No info,6979
IndiGo,1/06/2019,Banglore,Delhi,BLR → DEL,08:30,11:20,2h 50m,non-stop,No info,4823
Multiple carriers,1/06/2019,Delhi,Cochin,DEL → BOM → COK,11:30,21:00,9h 30m,1 stop,No info,13587
Jet Airways,18/05/2019,Kolkata,Banglore,CCU → DEL → BLR,09:35,18:00,8h 25m,1 stop,No info,14151
SpiceJet,3/06/2019,Kolkata,Banglore,CCU → BLR,17:10,19:40,2h 30m,non-stop,No check-in baggage included,3841
Vistara,24/03/2019,Kolkata,Banglore,CCU → DEL → BLR,09:55,20:25,10h 30m,1 stop,No info,12312
Jet Airways,3/06/2019,Delhi,Cochin,DEL → BOM → COK,18:15,19:00 04 Jun,24h 45m,1 stop,In-flight meal not included,10262
Vistara,6/05/2019,Kolkata,Banglore,CCU → DEL → BLR,17:00,20:20 07 May,27h 20m,1 stop,No info,8610
SpiceJet,1/06/2019,Banglore,Delhi,BLR → DEL,05:55,08:35,2h 40m,non-stop,No info,3625
Multiple carriers,15/05/2019,Delhi,Cochin,DEL → BOM → COK,10:20,19:00,8h 40m,1 stop,No info,9794
SpiceJet,24/03/2019,Kolkata,Banglore,CCU → BLR,09:00,11:30,2h 30m,non-stop,No check-in baggage included,5201
Jet Airways,15/05/2019,Banglore,Delhi,BLR → DEL,17:45,20:45,3h,non-stop,In-flight meal not included,4030
Jet Airways,24/06/2019,Delhi,Cochin,DEL → JAI → BOM → COK,05:30,04:25 25 Jun,22h 55m,2 stops,No info,13014
Air India,18/04/2019,Delhi,Cochin,DEL → COK,05:10,08:00,2h 50m,non-stop,No info,6094
Vistara,03/03/2019,Banglore,New Delhi,BLR → DEL,07:00,09:40,2h 40m,non-stop,No info,8028
Air India,12/03/2019,Banglore,New Delhi,BLR → CCU → GAU → DEL,11:05,22:10,11h 5m,2 stops,No info,11948
Air India,12/05/2019,Kolkata,Banglore,CCU → IXR → DEL → BLR,05:50,08:55 13 May,27h 5m,2 stops,No info,11411
Vistara,01/03/2019,Banglore,New Delhi,BLR → AMD → DEL,06:40,21:55,15h 15m,1 stop,No info,18387
Air Asia,15/04/2019,Kolkata,Banglore,CCU → BLR,19:55,22:25,2h 30m,non-stop,No info,4409
Jet Airways,18/05/2019,Kolkata,Banglore,CCU → BOM → BLR,14:05,10:05 19 May,20h,1 stop,In-flight meal not included,9663
Air India,21/05/2019,Kolkata,Banglore,CCU → BOM → GOI → BLR,09:25,05:35 22 May,20h 10m,2 stops,No info,11432
Multiple carriers,21/03/2019,Delhi,Cochin,DEL → BOM → COK,10:20,01:35 22 Mar,15h 15m,1 stop,No info,7695
IndiGo,15/04/2019,Kolkata,Banglore,CCU → HYD → BLR,19:20,23:45,4h 25m,1 stop,No info,3809
Air India,3/06/2019,Delhi,Cochin,DEL → MAA → COK,17:20,09:25 04 Jun,16h 5m,1 stop,No info,7480
Jet Airways,27/06/2019,Delhi,Cochin,DEL → ATQ → BOM → COK,12:15,19:00 28 Jun,30h 45m,2 stops,No info,14300
SpiceJet,12/04/2019,Banglore,Delhi,BLR → DEL,05:55,08:35,2h 40m,non-stop,No info,4423
Jet Airways,18/05/2019,Delhi,Cochin,DEL → BOM → COK,10:00,19:00,9h,1 stop,In-flight meal not included,11399
Jet Airways,6/06/2019,Delhi,Cochin,DEL → BOM → COK,17:30,19:00 07 Jun,25h 30m,1 stop,No info,14714
Jet Airways,9/05/2019,Kolkata,Banglore,CCU → DEL → BLR,17:00,10:55 10 May,17h 55m,1 stop,In-flight meal not included,8066
Multiple carriers,27/03/2019,Delhi,Cochin,DEL → BOM → COK,10:20,18:50,8h 30m,1 stop,No info,11421
SpiceJet,21/03/2019,Kolkata,Banglore,CCU → BLR,09:00,11:30,2h 30m,non-stop,No check-in baggage included,3815
Vistara,18/06/2019,Banglore,Delhi,BLR → DEL,07:00,09:40,2h 40m,non-stop,No info,4668
Multiple carriers,9/06/2019,Delhi,Cochin,DEL → BOM → COK,07:00,19:00,12h,1 stop,No info,12192
GoAir,9/05/2019,Delhi,Cochin,DEL → BOM → COK,10:35,19:35,9h,1 stop,No info,6591
Jet Airways,27/06/2019,Delhi,Cochin,DEL → AMD → BOM → COK,19:10,12:35 28 Jun,17h 25m,2 stops,No info,12819
IndiGo,9/06/2019,Banglore,Delhi,BLR → DEL,23:30,02:20 10 Jun,2h 50m,non-stop,No info,4591
IndiGo,9/06/2019,Delhi,Cochin,DEL → BOM → COK,17:10,01:30 10 Jun,8h 20m,1 stop,No info,6206
Jet Airways,15/06/2019,Delhi,Cochin,DEL → BOM → COK,09:00,04:25 16 Jun,19h 25m,1 stop,In-flight meal not included,10262
Multiple carriers,18/05/2019,Delhi,Cochin,DEL → BOM → COK,07:30,19:15,11h 45m,1 stop,No info,7564
GoAir,12/04/2019,Banglore,Delhi,BLR → DEL,20:55,23:40,2h 45m,non-stop,No info,6722
Jet Airways,12/05/2019,Banglore,Delhi,BLR → DEL,18:55,22:00,3h 5m,non-stop,In-flight meal not included,4030
Air India,27/03/2019,Delhi,Cochin,DEL → BOM → COK,07:00,19:15,12h 15m,1 stop,No info,6377
Multiple carriers,21/05/2019,Delhi,Cochin,DEL → BOM → COK,08:45,19:15,10h 30m,1 stop,No info,8266
Multiple carriers,27/05/2019,Delhi,Cochin,DEL → BOM → COK,11:30,19:15,7h 45m,1 stop,No info,15898
IndiGo,9/05/2019,Delhi,Cochin,DEL → LKO → COK,21:50,03:35 10 May,5h 45m,1 stop,No info,6058
Jet Airways,15/06/2019,Delhi,Cochin,DEL → IDR → BOM → COK,05:30,04:25 16 Jun,22h 55m,2 stops,No info,13292
Air Asia,9/06/2019,Delhi,Cochin,DEL → BLR → COK,07:55,15:45,7h 50m,1 stop,No info,8759
Air India,21/03/2019,Mumbai,Hyderabad,BOM → HYD,13:55,15:25,1h 30m,non-stop,No info,3100
Multiple carriers,21/05/2019,Delhi,Cochin,DEL → BOM → COK,07:30,19:00,11h 30m,1 stop,No info,9315
SpiceJet,15/03/2019,Mumbai,Hyderabad,BOM → HYD,22:45,00:10 16 Mar,1h 25m,non-stop,No check-in baggage included,2647
Air India,18/03/2019,Banglore,New Delhi,BLR → BOM → BHO → DEL,17:25,23:25 16 Mar,30h,2 stops,No info,11518
SpiceJet,18/06/2019,Banglore,Delhi,BLR → DEL,05:55,08:35,2h 40m,non-stop,No info,3625
Jet Airways,1/04/2019,Banglore,Delhi,BLR → DEL,11:10,14:05,2h 55m,non-stop,No info,7229
IndiGo,24/03/2019,Kolkata,Banglore,CCU → IXA → BLR,14:30,20:10,5h 40m,1 stop,No info,9413
IndiGo,24/06/2019,Delhi,Cochin,DEL → HYD → COK,06:50,16:10,9h 20m,1 stop,No info,6442
Jet Airways,1/05/2019,Kolkata,Banglore,CCU → DEL → BLR,17:00,10:55 02 May,17h 55m,1 stop,No info,12121
IndiGo,9/06/2019,Kolkata,Banglore,CCU → BLR,22:15,00:50 10 Jun,2h 35m,non-stop,No info,5224
IndiGo,21/06/2019,Mumbai,Hyderabad,BOM → HYD,02:35,04:05,1h 30m,non-stop,No info,2754
Vistara,12/05/2019,Kolkata,Banglore,CCU → DEL → BLR,07:10,09:05 13 May,25h 55m,1 stop,No info,9397
Air India,27/03/2019,Delhi,Cochin,DEL → AMD → BOM → COK,16:40,19:15 28 Mar,26h 35m,2 stops,No info,8656
GoAir,27/03/2019,Delhi,Cochin,DEL → AMD → COK,06:00,13:20,7h 20m,1 stop,No info,4563
IndiGo,1/06/2019,Banglore,Delhi,BLR → DEL,20:00,22:50,2h 50m,non-stop,No info,4823
Jet Airways,21/05/2019,Kolkata,Banglore,CCU → BOM → BLR,06:30,10:05 22 May,27h 35m,1 stop,In-flight meal not included,8586
Air India,1/05/2019,Kolkata,Banglore,CCU → DEL → BLR,10:00,20:25,10h 25m,1 stop,No info,10203
Multiple carriers,12/06/2019,Delhi,Cochin,DEL → BOM → COK,10:20,19:15,8h 55m,1 stop,No info,8266
IndiGo,1/03/2019,Chennai,Kolkata,MAA → CCU,14:40,17:05,2h 25m,non-stop,No info,7295
Jet Airways,12/03/2019,Mumbai,Hyderabad,BOM → JDH → DEL → HYD,08:15,16:35,8h 20m,2 stops,No info,23843
Air India,18/06/2019,Mumbai,Hyderabad,BOM → HYD,19:30,20:45,1h 15m,non-stop,No info,3100
Jet Airways,1/05/2019,Kolkata,Banglore,CCU → DEL → BLR,20:25,19:10 02 May,22h 45m,1 stop,In-flight meal not included,9314
Jet Airways,12/06/2019,Kolkata,Banglore,CCU → BOM → BLR,21:10,04:40 13 Jun,7h 30m,1 stop,No info,12739
IndiGo,9/05/2019,Delhi,Cochin,DEL → BOM → COK,06:40,21:00,14h 20m,1 stop,No info,7191
Jet Airways,15/06/2019,Delhi,Cochin,DEL → BOM → COK,10:00,19:00,9h,1 stop,No info,14714
Multiple carriers,12/06/2019,Delhi,Cochin,DEL → GWL → IDR → BOM → COK,11:35,01:30 13 Jun,13h 55m,3 stops,No info,15419
Air India,3/06/2019,Delhi,Cochin,DEL → BOM → COK,19:00,07:40 04 Jun,12h 40m,1 stop,No info,8372
Jet Airways,12/04/2019,Banglore,Delhi,BLR → DEL,15:15,18:10,2h 55m,non-stop,No info,7229
Jet Airways,21/05/2019,Delhi,Cochin,DEL → BOM → COK,10:00,19:00,9h,1 stop,No info,16079
IndiGo,3/06/2019,Banglore,Delhi,BLR → DEL,18:55,21:50,2h 55m,non-stop,No info,4823
Air India,6/04/2019,Kolkata,Banglore,CCU → HYD → BLR,19:00,11:05 07 Apr,16h 5m,1 stop,No info,4437
Jet Airways,21/05/2019,Kolkata,Banglore,CCU → DEL → BLR,09:35,19:10,9h 35m,1 stop,No info,13067
Air India,12/03/2019,Mumbai,Hyderabad,BOM → GOI → PNQ → HYD,05:05,16:55,11h 50m,2 stops,No info,16172
Jet Airways,21/03/2019,Delhi,Cochin,DEL → IDR → BOM → COK,10:20,04:25 23 Mar,42h 5m,2 stops,No info,11664
SpiceJet,3/06/2019,Kolkata,Banglore,CCU → BLR,06:55,09:30,2h 35m,non-stop,No check-in baggage included,3841
Multiple carriers,6/03/2019,Delhi,Cochin,DEL → BOM → COK,07:00,18:50,11h 50m,1 stop,No info,15867
Jet Airways,3/06/2019,Delhi,Cochin,DEL → BOM → COK,15:00,19:00 04 Jun,28h,1 stop,No info,14714
SpiceJet,1/05/2019,Mumbai,Hyderabad,BOM → HYD,05:45,07:15,1h 30m,non-stop,No info,2017
Air India,24/03/2019,Kolkata,Banglore,CCU → GAU → IMF → DEL → BLR,05:55,23:15,17h 20m,3 stops,No info,15145
Jet Airways,15/06/2019,Delhi,Cochin,DEL → NAG → BOM → COK,14:35,04:25 16 Jun,13h 50m,2 stops,No info,13376
Air India,24/05/2019,Kolkata,Banglore,CCU → BBI → BLR,09:10,13:15,4h 5m,1 stop,No info,8996
Jet Airways,21/03/2019,Delhi,Cochin,DEL → BOM → COK,02:15,18:50,16h 35m,1 stop,In-flight meal not included,7438
Jet Airways,6/05/2019,Banglore,Delhi,BLR → DEL,11:10,14:05,2h 55m,non-stop,In-flight meal not included,4030
IndiGo,9/06/2019,Kolkata,Banglore,CCU → BLR,15:15,17:45,2h 30m,non-stop,No info,5224
Jet Airways,15/05/2019,Kolkata,Banglore,CCU → BOM → BLR,16:30,12:00 16 May,19h 30m,1 stop,In-flight meal not included,10844
Jet Airways,12/06/2019,Kolkata,Banglore,CCU → BOM → BLR,21:10,09:20 13 Jun,12h 10m,1 stop,In-flight meal not included,8529
Multiple carriers,27/03/2019,Delhi,Cochin,DEL → BOM → COK,10:45,18:50,8h 5m,1 stop,No info,11622
SpiceJet,21/05/2019,Kolkata,Banglore,CCU → BLR,17:10,19:40,2h 30m,non-stop,No check-in baggage included,3841
Jet Airways,1/05/2019,Kolkata,Banglore,CCU → DEL → BLR,20:25,19:10 02 May,22h 45m,1 stop,No info,11467
Multiple carriers,21/05/2019,Delhi,Cochin,DEL → HYD → COK,17:15,00:55 22 May,7h 40m,1 stop,No info,7858
SpiceJet,15/06/2019,Mumbai,Hyderabad,BOM → HYD,13:15,14:45,1h 30m,non-stop,No check-in baggage included,1965
Multiple carriers,21/03/2019,Delhi,Cochin,DEL → HYD → MAA → COK,07:10,21:20,14h 10m,2 stops,In-flight meal not included,5935
SpiceJet,18/05/2019,Kolkata,Banglore,CCU → BLR,09:00,11:25,2h 25m,non-stop,No info,4491
SpiceJet,12/06/2019,Kolkata,Banglore,CCU → BLR,09:00,11:25,2h 25m,non-stop,No info,3873
Jet Airways,9/03/2019,Delhi,Cochin,DEL → BDQ → BOM → COK,10:45,04:25 10 Mar,17h 40m,2 stops,No info,17282
Jet Airways,3/04/2019,Delhi,Cochin,DEL → BOM → COK,02:15,19:00,16h 45m,1 stop,In-flight meal not included,4757
Air Asia,24/06/2019,Banglore,Delhi,BLR → DEL,04:55,07:45,2h 50m,non-stop,No info,4282
Multiple carriers,6/03/2019,Delhi,Cochin,DEL → BOM → COK,18:00,01:35 07 Mar,7h 35m,1 stop,No info,16863
IndiGo,12/06/2019,Chennai,Kolkata,MAA → CCU,22:05,00:25 13 Jun,2h 20m,non-stop,No info,5277
Jet Airways,1/06/2019,Delhi,Cochin,DEL → BOM → COK,11:30,19:00,7h 30m,1 stop,No info,14714
Jet Airways,15/06/2019,Delhi,Cochin,DEL → BOM → COK,21:50,12:35 16 Jun,14h 45m,1 stop,In-flight meal not included,10262
IndiGo,3/03/2019,Delhi,Cochin,DEL → BOM → COK,06:40,15:30,8h 50m,1 stop,No info,14871
Jet Airways,12/06/2019,Delhi,Cochin,DEL → LKO → BOM → COK,09:25,04:25 13 Jun,19h,2 stops,No info,13882
Vistara,15/03/2019,Chennai,Kolkata,MAA → CCU,07:05,09:20,2h 15m,non-stop,No info,6627
Jet Airways,15/05/2019,Kolkata,Banglore,CCU → BOM → BLR,16:30,04:40 16 May,12h 10m,1 stop,No info,14781
SpiceJet,9/03/2019,Mumbai,Hyderabad,BOM → HYD,22:45,00:10 10 Mar,1h 25m,non-stop,No info,3603
Air Asia,24/03/2019,Kolkata,Banglore,CCU → BBI → BLR,19:55,23:30,3h 35m,1 stop,No info,5554
IndiGo,21/03/2019,Delhi,Cochin,DEL → BOM → COK,20:30,01:35 22 Mar,5h 5m,1 stop,No info,6232
IndiGo,9/05/2019,Delhi,Cochin,DEL → BLR → COK,05:10,10:05,4h 55m,1 stop,No info,6496
Jet Airways,15/05/2019,Kolkata,Banglore,CCU → BOM → BLR,21:10,10:05 16 May,12h 55m,1 stop,In-flight meal not included,11841
IndiGo,24/05/2019,Kolkata,Banglore,CCU → BLR,15:30,18:05,2h 35m,non-stop,No info,4804
Jet Airways,6/06/2019,Delhi,Cochin,DEL → BOM → COK,18:15,19:00 07 Jun,24h 45m,1 stop,No info,14714
IndiGo,24/06/2019,Mumbai,Hyderabad,BOM → HYD,12:00,13:30,1h 30m,non-stop,No info,2754
Jet Airways,24/06/2019,Delhi,Cochin,DEL → BOM → COK,10:00,04:25 25 Jun,18h 25m,1 stop,In-flight meal not included,10262
Jet Airways,18/05/2019,Kolkata,Banglore,CCU → BOM → BLR,18:55,23:35 19 May,28h 40m,1 stop,In-flight meal not included,10844
Air India,1/04/2019,Kolkata,Banglore,CCU → MAA → BLR,14:35,15:20 02 Apr,24h 45m,1 stop,No info,5006
Multiple carriers,6/06/2019,Delhi,Cochin,DEL → BOM → COK,14:00,01:30 07 Jun,11h 30m,1 stop,No info,13377
Multiple carriers,3/06/2019,Delhi,Cochin,DEL → BOM → COK,08:45,21:00,12h 15m,1 stop,No info,7740
Jet Airways,21/03/2019,Delhi,Cochin,DEL → BOM → COK,19:45,18:50 22 Mar,23h 5m,1 stop,No info,12347
Air India,27/03/2019,Chennai,Kolkata,MAA → CCU,11:40,13:55,2h 15m,non-stop,No info,3145
Jet Airways,9/05/2019,Kolkata,Banglore,CCU → BOM → BLR,21:10,04:40 10 May,7h 30m,1 stop,In-flight meal not included,9663
Jet Airways,24/05/2019,Kolkata,Banglore,CCU → BOM → BLR,18:55,19:50 25 May,24h 55m,1 stop,In-flight meal not included,10844
Jet Airways,6/06/2019,Kolkata,Banglore,CCU → BOM → BLR,21:10,09:20 07 Jun,12h 10m,1 stop,No info,14571
Jet Airways,9/05/2019,Kolkata,Banglore,CCU → DEL → BLR,17:00,10:55 10 May,17h 55m,1 stop,No info,10953
Jet Airways,24/06/2019,Delhi,Cochin,DEL → BOM → COK,17:30,19:00 25 Jun,25h 30m,1 stop,In-flight meal not included,10262
Jet Airways,9/04/2019,Delhi,Cochin,DEL → IDR → BOM → COK,05:30,19:00,13h 30m,2 stops,No info,11664
Jet Airways,12/06/2019,Banglore,Delhi,BLR → DEL,19:50,22:50,3h,non-stop,In-flight meal not included,5769
Multiple carriers,27/03/2019,Delhi,Cochin,DEL → BOM → COK,07:30,19:15,11h 45m,1 stop,No info,8371
Vistara,3/05/2019,Chennai,Kolkata,MAA → CCU,07:05,09:20,2h 15m,non-stop,No info,3687
Air India,9/06/2019,Delhi,Cochin,DEL → TRV → COK,05:15,06:50 10 Jun,25h 35m,1 stop,No info,6587
Air India,9/06/2019,Kolkata,Banglore,CCU → GAU → BLR,09:50,21:05,11h 15m,1 stop,No info,7662
Jet Airways,01/03/2019,Banglore,New Delhi,BLR → BOM → DEL,08:55,00:45 02 Mar,15h 50m,1 stop,No info,26890
Jet Airways,18/05/2019,Delhi,Cochin,DEL → BOM → COK,21:50,12:35 19 May,14h 45m,1 stop,In-flight meal not included,12373
Multiple carriers,18/05/2019,Delhi,Cochin,DEL → HYD → COK,14:55,22:30,7h 35m,1 stop,No info,7740
Multiple carriers,3/03/2019,Delhi,Cochin,DEL → BOM → COK,18:15,01:35 04 Mar,7h 20m,1 stop,No info,18916
Jet Airways,18/05/2019,Delhi,Cochin,DEL → BOM → COK,02:15,04:25 19 May,26h 10m,1 stop,In-flight meal not included,12373
SpiceJet,24/05/2019,Chennai,Kolkata,MAA → CCU,09:45,12:00,2h 15m,non-stop,No info,3597
Jet Airways,18/03/2019,Mumbai,Hyderabad,BOM → HYD,15:50,17:20,1h 30m,non-stop,In-flight meal not included,2228
Air India,3/06/2019,Delhi,Cochin,DEL → BOM → COK,13:00,19:15,6h 15m,1 stop,No info,8372
Jet Airways,9/06/2019,Delhi,Cochin,DEL → BOM → COK,21:50,04:25 10 Jun,6h 35m,1 stop,No info,14714
Jet Airways,12/05/2019,Kolkata,Banglore,CCU → BOM → BLR,21:10,12:00 13 May,14h 50m,1 stop,No info,14388
Jet Airways,21/06/2019,Mumbai,Hyderabad,BOM → HYD,07:05,08:30,1h 25m,non-stop,In-flight meal not included,4995
Air Asia,6/06/2019,Kolkata,Banglore,CCU → DEL → BLR,07:35,19:25,11h 50m,1 stop,No info,6810
Air India,15/03/2019,Banglore,New Delhi,BLR → HYD → VGA → DEL,08:15,11:20 16 Mar,27h 5m,2 stops,No info,8534
Air India,24/05/2019,Kolkata,Banglore,CCU → DEL → BLR,20:30,20:25 25 May,23h 55m,1 stop,No info,10413
IndiGo,12/03/2019,Chennai,Kolkata,MAA → CCU,22:05,00:30 13 Mar,2h 25m,non-stop,No info,6297
Multiple carriers,6/06/2019,Delhi,Cochin,DEL → BOM → COK,07:00,21:00,14h,1 stop,No info,7408
Air India,27/05/2019,Delhi,Cochin,DEL → BOM → COK,10:00,19:15,9h 15m,1 stop,No info,12029
IndiGo,21/04/2019,Kolkata,Banglore,CCU → BLR,04:40,07:15,2h 35m,non-stop,No info,4804
IndiGo,24/05/2019,Kolkata,Banglore,CCU → GAU → BLR,15:10,20:30,5h 20m,1 stop,No info,6991
Air India,24/05/2019,Delhi,Cochin,DEL → MAA → COK,20:40,09:25 25 May,12h 45m,1 stop,No info,7480
Jet Airways,12/03/2019,Banglore,New Delhi,BLR → BOM → DEL,22:55,11:25 13 Mar,12h 30m,1 stop,No info,13817
Air India,21/03/2019,Delhi,Cochin,DEL → HYD → MAA → COK,07:05,09:25 22 Mar,26h 20m,2 stops,No info,7615
Jet Airways,12/03/2019,Banglore,New Delhi,BLR → BOM → DEL,18:55,16:10 13 Mar,21h 15m,1 stop,In-flight meal not included,11087
IndiGo,24/04/2019,Kolkata,Banglore,CCU → MAA → BLR,19:35,00:10 25 Apr,4h 35m,1 stop,No info,4860
Jet Airways,9/05/2019,Delhi,Cochin,DEL → BOM → COK,13:00,12:35 10 May,23h 35m,1 stop,In-flight meal not included,12373
Multiple carriers,12/06/2019,Delhi,Cochin,DEL → BOM → COK,19:00,01:30 13 Jun,6h 30m,1 stop,No info,6795
IndiGo,9/05/2019,Chennai,Kolkata,MAA → CCU,11:35,14:00,2h 25m,non-stop,No info,4332
Multiple carriers,21/03/2019,Delhi,Cochin,DEL → BOM → COK,07:00,13:20,6h 20m,1 stop,No info,9042
Multiple carriers,27/06/2019,Delhi,Cochin,DEL → BOM → COK,10:20,21:00,10h 40m,1 stop,No info,6480
SpiceJet,12/06/2019,Kolkata,Banglore,CCU → BLR,06:55,09:30,2h 35m,non-stop,No info,3873
Air India,15/03/2019,Banglore,New Delhi,BLR → VGA → DEL,10:30,22:55,12h 25m,1 stop,No info,6383
IndiGo,1/05/2019,Kolkata,Banglore,CCU → BBI → BLR,07:10,12:40,5h 30m,1 stop,No info,6111
Jet Airways,6/06/2019,Kolkata,Banglore,CCU → DEL → BLR,09:35,21:05,11h 30m,1 stop,No info,14151
GoAir,24/06/2019,Delhi,Cochin,DEL → BOM → COK,10:35,19:35,9h,1 stop,No info,3876
Jet Airways,21/05/2019,Kolkata,Banglore,CCU → BOM → BLR,20:00,09:20 22 May,13h 20m,1 stop,No info,14781
Jet Airways,21/03/2019,Delhi,Cochin,DEL → BOM → COK,02:15,04:25 22 Mar,26h 10m,1 stop,No info,12719
Jet Airways,15/05/2019,Kolkata,Banglore,CCU → BOM → BLR,21:10,16:20 16 May,19h 10m,1 stop,In-flight meal not included,10844
Jet Airways,9/05/2019,Delhi,Cochin,DEL → BOM → COK,10:00,12:35 10 May,26h 35m,1 stop,In-flight meal not included,12373
Jet Airways,15/05/2019,Kolkata,Banglore,CCU → BOM → BLR,21:10,08:15 16 May,11h 5m,1 stop,No info,14388
Jet Airways,01/03/2019,Banglore,New Delhi,BLR → BOM → DEL,11:40,11:25 02 Mar,23h 45m,1 stop,No info,25735
IndiGo,21/03/2019,Delhi,Cochin,DEL → BOM → COK,07:30,13:20,5h 50m,1 stop,No info,9861
IndiGo,9/05/2019,Kolkata,Banglore,CCU → PAT → BLR,09:20,14:15,4h 55m,1 stop,No info,11465
Air India,1/05/2019,Kolkata,Banglore,CCU → DEL → COK → BLR,10:00,13:45 02 May,27h 45m,2 stops,No info,15164
Multiple carriers,12/06/2019,Delhi,Cochin,DEL → BOM → COK,18:15,01:30 13 Jun,7h 15m,1 stop,No info,13377
Jet Airways,9/06/2019,Delhi,Cochin,DEL → LKO → BOM → COK,14:05,12:35 10 Jun,22h 30m,2 stops,No info,13882
Jet Airways,15/05/2019,Kolkata,Banglore,CCU → BOM → BLR,18:55,19:50 16 May,24h 55m,1 stop,In-flight meal not included,10844
Jet Airways,6/06/2019,Kolkata,Banglore,CCU → BOM → BLR,20:00,09:20 07 Jun,13h 20m,1 stop,No info,14571
Vistara,18/05/2019,Banglore,Delhi,BLR → DEL,19:30,22:15,2h 45m,non-stop,No info,4878
Air India,6/05/2019,Kolkata,Banglore,CCU → DEL → VGA → BLR,10:00,10:00 07 May,24h,2 stops,No info,14298
SpiceJet,3/04/2019,Kolkata,Banglore,CCU → BLR,06:55,09:30,2h 35m,non-stop,No check-in baggage included,3841
IndiGo,15/03/2019,Banglore,New Delhi,BLR → DEL,22:20,01:10 16 Mar,2h 50m,non-stop,No info,8855
IndiGo,24/06/2019,Banglore,Delhi,BLR → DEL,07:10,10:05,2h 55m,non-stop,No info,4823
Jet Airways,9/06/2019,Banglore,Delhi,BLR → DEL,06:00,08:45,2h 45m,non-stop,In-flight meal not included,7229
IndiGo,24/06/2019,Delhi,Cochin,DEL → HYD → COK,05:05,16:10,11h 5m,1 stop,No info,6442
IndiGo,12/05/2019,Kolkata,Banglore,CCU → BLR,21:25,00:05 13 May,2h 40m,non-stop,No info,4804
Jet Airways,6/03/2019,Delhi,Cochin,DEL → BOM → COK,09:00,18:50,9h 50m,1 stop,In-flight meal not included,15400
Air Asia,27/04/2019,Banglore,Delhi,BLR → DEL,04:55,07:45,2h 50m,non-stop,No info,4282
IndiGo,24/05/2019,Kolkata,Banglore,CCU → BBI → BLR,19:35,23:15,3h 40m,1 stop,No info,4226
IndiGo,9/03/2019,Delhi,Cochin,DEL → HYD → COK,06:40,16:10,9h 30m,1 stop,No info,6442
Air India,21/04/2019,Banglore,Delhi,BLR → DEL,06:10,08:55,2h 45m,non-stop,No info,6121
IndiGo,9/04/2019,Delhi,Cochin,DEL → BOM → COK,10:35,01:30 10 Apr,14h 55m,1 stop,No info,6270
Air India,9/03/2019,Kolkata,Banglore,CCU → BLR,14:15,16:45,2h 30m,non-stop,No info,4960
IndiGo,6/03/2019,Mumbai,Hyderabad,BOM → HYD,21:20,22:45,1h 25m,non-stop,No info,4784
Multiple carriers,21/05/2019,Delhi,Cochin,DEL → BOM → COK,12:50,19:15,6h 25m,1 stop,No info,8266
IndiGo,9/05/2019,Delhi,Cochin,DEL → HYD → COK,06:50,12:10,5h 20m,1 stop,No info,5298
Multiple carriers,27/06/2019,Delhi,Cochin,DEL → BOM → COK,13:00,01:30 28 Jun,12h 30m,1 stop,No info,13377
IndiGo,3/03/2019,Kolkata,Banglore,CCU → BLR,17:15,20:00,2h 45m,non-stop,No info,6985
Air India,24/06/2019,Delhi,Cochin,DEL → CCU → BOM → COK,20:15,19:15 25 Jun,23h,2 stops,No info,13381
Air India,27/06/2019,Delhi,Cochin,DEL → MAA → COK,12:30,09:25 28 Jun,20h 55m,1 stop,No info,7480
Jet Airways,06/03/2019,Banglore,New Delhi,BLR → BOM → DEL,08:55,15:15,6h 20m,1 stop,No info,19225
Jet Airways,18/03/2019,Banglore,New Delhi,BLR → BOM → DEL,21:25,09:00 16 Mar,11h 35m,1 stop,No info,13555
Air India,6/03/2019,Delhi,Cochin,DEL → BLR → COK,20:30,23:00 07 Mar,26h 30m,1 stop,No info,8854
Air India,1/05/2019,Kolkata,Banglore,CCU → DEL → COK → BLR,17:30,13:45 02 May,20h 15m,2 stops,No info,15164
IndiGo,9/04/2019,Delhi,Cochin,DEL → BOM → COK,07:30,21:00,13h 30m,1 stop,No info,6093
Jet Airways,9/04/2019,Delhi,Cochin,DEL → LKO → BOM → COK,09:25,04:25 10 Apr,19h,2 stops,No info,11546
SpiceJet,3/04/2019,Banglore,Delhi,BLR → DEL,05:55,08:35,2h 40m,non-stop,No info,3971
IndiGo,27/06/2019,Banglore,Delhi,BLR → DEL,01:30,04:15,2h 45m,non-stop,No info,3419
IndiGo,9/03/2019,Mumbai,Hyderabad,BOM → HYD,09:10,10:35,1h 25m,non-stop,No info,7417
IndiGo,24/03/2019,Banglore,New Delhi,BLR → DEL,00:40,03:25,2h 45m,non-stop,No info,4238
Multiple carriers,21/05/2019,Delhi,Cochin,DEL → BOM → COK,07:30,19:00,11h 30m,1 stop,No info,9794
Air India,24/05/2019,Kolkata,Banglore,CCU → BLR,14:15,16:45,2h 30m,non-stop,No info,5510
Air India,27/05/2019,Delhi,Cochin,DEL → AMD → BOM → COK,16:40,19:15 28 May,26h 35m,2 stops,No info,9968
Vistara,9/06/2019,Kolkata,Banglore,CCU → DEL → BLR,07:10,10:45 10 Jun,27h 35m,1 stop,No info,9397
Jet Airways,27/05/2019,Delhi,Cochin,DEL → JDH → BOM → COK,11:40,19:00,7h 20m,2 stops,In-flight meal not included,19644
IndiGo,27/03/2019,Delhi,Cochin,DEL → HYD → COK,06:40,16:10,9h 30m,1 stop,No info,6442
Jet Airways,6/06/2019,Kolkata,Banglore,CCU → DEL → BLR,09:35,14:25 07 Jun,28h 50m,1 stop,In-flight meal not included,10539
SpiceJet,18/05/2019,Kolkata,Banglore,CCU → KNU → BLR,11:35,18:50,7h 15m,1 stop,No info,8479
IndiGo,1/06/2019,Banglore,Delhi,BLR → DEL,13:00,15:50,2h 50m,non-stop,No info,3943
IndiGo,24/03/2019,Banglore,New Delhi,BLR → DEL,18:25,21:20,2h 55m,non-stop,No info,8033
Jet Airways,3/06/2019,Delhi,Cochin,DEL → IDR → BOM → COK,21:25,12:35 04 Jun,15h 10m,2 stops,No info,13292
Air India,24/03/2019,Kolkata,Banglore,CCU → BOM → COK → BLR,09:25,01:20 25 Mar,15h 55m,2 stops,No info,11853
IndiGo,27/05/2019,Banglore,Delhi,BLR → DEL,07:10,10:05,2h 55m,non-stop,No info,4823
IndiGo,21/05/2019,Kolkata,Banglore,CCU → MAA → BLR,17:35,22:15,4h 40m,1 stop,No info,5386
Multiple carriers,9/05/2019,Delhi,Cochin,DEL → HYD → COK,07:10,16:10,9h,1 stop,No info,6513
Jet Airways,24/06/2019,Delhi,Cochin,DEL → JAI → BOM → COK,09:40,12:35 25 Jun,26h 55m,2 stops,No info,13014
Multiple carriers,27/06/2019,Delhi,Cochin,DEL → BOM → COK,06:00,21:00,15h,1 stop,In-flight meal not included,6007
Air India,24/05/2019,Delhi,Cochin,DEL → GOI → BOM → COK,22:00,19:15 25 May,21h 15m,2 stops,No info,10441
Jet Airways,24/04/2019,Banglore,Delhi,BLR → DEL,19:50,22:50,3h,non-stop,No info,7229
Jet Airways,18/06/2019,Mumbai,Hyderabad,BOM → HYD,02:55,04:20,1h 25m,non-stop,No info,5678
Jet Airways,06/03/2019,Banglore,New Delhi,BLR → BOM → DEL,11:40,00:45 07 Mar,13h 5m,1 stop,No info,14815
IndiGo,15/04/2019,Banglore,Delhi,BLR → DEL,07:10,10:05,2h 55m,non-stop,No info,4823
Air India,27/03/2019,Delhi,Cochin,DEL → NAG → BOM → COK,05:55,07:40 28 Mar,25h 45m,2 stops,No info,8971
SpiceJet,21/06/2019,Kolkata,Banglore,CCU → BLR,09:00,11:25,2h 25m,non-stop,No check-in baggage included,3841
IndiGo,27/06/2019,Mumbai,Hyderabad,BOM → HYD,02:35,04:05,1h 30m,non-stop,No info,2754
Air India,03/03/2019,Banglore,New Delhi,BLR → BOM → NAG → DEL,08:50,10:35 07 Mar,25h 45m,2 stops,No info,12358
Air India,24/06/2019,Delhi,Cochin,DEL → MAA → COK,12:30,09:25 25 Jun,20h 55m,1 stop,No info,7480
IndiGo,21/05/2019,Kolkata,Banglore,CCU → BBI → BLR,19:55,23:50,3h 55m,1 stop,No info,4226
Vistara,15/04/2019,Banglore,Delhi,BLR → DEL,21:00,23:50,2h 50m,non-stop,No info,5403
Multiple carriers,15/06/2019,Delhi,Cochin,DEL → BOM → COK,09:00,21:00,12h,1 stop,No info,13587
SpiceJet,24/06/2019,Kolkata,Banglore,CCU → BLR,06:55,09:30,2h 35m,non-stop,No info,3873
Vistara,15/05/2019,Kolkata,Banglore,CCU → DEL → BLR,07:10,10:45 16 May,27h 35m,1 stop,No info,8452
Vistara,6/06/2019,Kolkata,Banglore,CCU → DEL → BLR,07:10,10:45 07 Jun,27h 35m,1 stop,No info,9187
IndiGo,21/03/2019,Delhi,Cochin,DEL → HYD → MAA → COK,07:35,21:20,13h 45m,2 stops,No info,6494
Multiple carriers,6/06/2019,Delhi,Cochin,DEL → BOM → COK,13:00,21:00,8h,1 stop,No info,13587
Air India,6/03/2019,Mumbai,Hyderabad,BOM → GOI → PNQ → HYD,16:50,16:55,5m,2 stops,No info,17327
Air India,09/03/2019,Banglore,New Delhi,BLR → DEL,17:00,19:50,2h 50m,non-stop,No info,9481
IndiGo,9/03/2019,Delhi,Cochin,DEL → HYD → COK,07:35,12:00,4h 25m,1 stop,No info,6937
Jet Airways,27/03/2019,Delhi,Cochin,DEL → BOM → COK,08:00,04:25 28 Mar,20h 25m,1 stop,In-flight meal not included,6645
Jet Airways,24/03/2019,Kolkata,Banglore,CCU → BOM → BLR,13:55,04:45 25 Mar,14h 50m,1 stop,No info,13759
Air India,21/03/2019,Delhi,Cochin,DEL → MAA → COK,12:30,09:25 22 Mar,20h 55m,1 stop,No info,6482
Air Asia,15/05/2019,Kolkata,Banglore,CCU → DEL → BLR,07:35,23:30,15h 55m,1 stop,No info,5192
Jet Airways,12/06/2019,Delhi,Cochin,DEL → LKO → BOM → COK,11:45,12:35 13 Jun,24h 50m,2 stops,No info,13882
Jet Airways,3/06/2019,Delhi,Cochin,DEL → BOM → COK,13:00,19:00,6h,1 stop,No info,14714
Jet Airways,12/03/2019,Banglore,New Delhi,BLR → BDQ → DEL,05:50,15:00,9h 10m,1 stop,No info,11297
Jet Airways,3/06/2019,Delhi,Cochin,DEL → BOM → COK,08:00,19:00,11h,1 stop,No info,14924
Air India,9/06/2019,Banglore,Delhi,BLR → DEL,10:00,12:45,2h 45m,non-stop,No info,6961
Jet Airways,21/03/2019,Delhi,Cochin,DEL → BOM → COK,17:30,18:50 22 Mar,25h 20m,1 stop,No info,12557
Jet Airways,21/03/2019,Delhi,Cochin,DEL → IXC → BOM → COK,06:20,04:25 22 Mar,22h 5m,2 stops,In-flight meal not included,8273
Air India,12/03/2019,Mumbai,Hyderabad,BOM → RPR → VTZ → HYD,10:05,19:10,9h 5m,2 stops,No info,9736
Jet Airways,18/03/2019,Banglore,New Delhi,BLR → BOM → DEL,14:05,19:10,5h 5m,1 stop,In-flight meal not included,13502
Vistara,21/03/2019,Banglore,New Delhi,BLR → DEL,16:00,18:35,2h 35m,non-stop,No info,5613
Jet Airways,9/03/2019,Delhi,Cochin,DEL → BOM → COK,02:15,19:45,17h 30m,1 stop,No info,15764
Jet Airways,3/06/2019,Delhi,Cochin,DEL → BOM → COK,09:00,12:35 04 Jun,27h 35m,1 stop,In-flight meal not included,10262
Jet Airways,21/05/2019,Banglore,Delhi,BLR → DEL,18:55,22:00,3h 5m,non-stop,In-flight meal not included,4030
Air India,18/05/2019,Delhi,Cochin,DEL → UDR → BOM → COK,13:20,07:40 19 May,18h 20m,2 stops,No info,13801
Jet Airways,9/06/2019,Mumbai,Hyderabad,BOM → HYD,19:35,21:05,1h 30m,non-stop,No info,5678
IndiGo,03/03/2019,Banglore,New Delhi,BLR → DEL,20:00,22:55,2h 55m,non-stop,No info,7303
GoAir,1/05/2019,Delhi,Cochin,DEL → AMD → COK,07:25,13:35,6h 10m,1 stop,No info,5842
Jet Airways,9/03/2019,Delhi,Cochin,DEL → COK,11:00,14:15,3h 15m,non-stop,No info,9564
Multiple carriers,27/06/2019,Delhi,Cochin,DEL → BOM → COK,10:00,21:00,11h,1 stop,No info,7408
IndiGo,3/06/2019,Banglore,Delhi,BLR → DEL,08:30,11:20,2h 50m,non-stop,No info,4823
Jet Airways,1/06/2019,Delhi,Cochin,DEL → COK,11:00,14:15,3h 15m,non-stop,In-flight meal not included,7202
IndiGo,21/06/2019,Banglore,Delhi,BLR → DEL,18:15,21:20,3h 5m,non-stop,No info,4990
Jet Airways,9/05/2019,Delhi,Cochin,DEL → IDR → BOM → COK,21:25,12:35 10 May,15h 10m,2 stops,In-flight meal not included,11507
Jet Airways,9/06/2019,Kolkata,Banglore,CCU → BOM → BLR,16:30,23:35,7h 5m,1 stop,In-flight meal not included,10844
Air India,18/05/2019,Kolkata,Banglore,CCU → IXR → DEL → BLR,05:50,08:55 19 May,27h 5m,2 stops,No info,12723
SpiceJet,15/05/2019,Mumbai,Hyderabad,BOM → HYD,13:15,14:45,1h 30m,non-stop,No check-in baggage included,2175
Jet Airways,24/06/2019,Banglore,Delhi,BLR → DEL,18:55,22:00,3h 5m,non-stop,No info,8016
Jet Airways,15/05/2019,Kolkata,Banglore,CCU → DEL → BLR,17:00,10:55 16 May,17h 55m,1 stop,No info,14151
IndiGo,1/04/2019,Banglore,Delhi,BLR → DEL,10:10,13:00,2h 50m,non-stop,No info,3943
IndiGo,6/06/2019,Mumbai,Hyderabad,BOM → HYD,19:05,20:35,1h 30m,non-stop,No info,2754
Jet Airways,1/04/2019,Kolkata,Banglore,CCU → BOM → BLR,06:30,19:50,13h 20m,1 stop,In-flight meal not included,7064
Air India,6/03/2019,Mumbai,Hyderabad,BOM → IDR → DEL → HYD,12:45,19:25 07 Mar,30h 40m,2 stops,No info,13253
IndiGo,6/05/2019,Kolkata,Banglore,CCU → BBI → BLR,07:10,12:40,5h 30m,1 stop,No info,4864
Jet Airways,21/05/2019,Kolkata,Banglore,CCU → BOM → BLR,20:00,09:20 22 May,13h 20m,1 stop,In-flight meal not included,10844
Vistara,6/06/2019,Kolkata,Banglore,CCU → DEL → BLR,17:00,09:05 07 Jun,16h 5m,1 stop,No info,8452
Jet Airways,3/06/2019,Delhi,Cochin,DEL → IDR → BOM → COK,05:30,19:00,13h 30m,2 stops,In-flight meal not included,11507
SpiceJet,21/03/2019,Kolkata,Banglore,CCU → BLR,22:20,00:40 22 Mar,2h 20m,non-stop,No check-in baggage included,3815
Air India,18/06/2019,Delhi,Cochin,DEL → COK,18:05,21:10,3h 5m,non-stop,No info,5201
Jet Airways,9/05/2019,Delhi,Cochin,DEL → BOM → COK,14:00,04:25 10 May,14h 25m,1 stop,In-flight meal not included,12373
Air India,6/04/2019,Delhi,Cochin,DEL → MAA → COK,17:20,09:25 07 Apr,16h 5m,1 stop,No info,4697
Jet Airways,9/03/2019,Delhi,Cochin,DEL → BOM → COK,20:50,18:50 10 Mar,22h,1 stop,No info,16289
IndiGo,1/06/2019,Mumbai,Hyderabad,BOM → HYD,12:00,13:30,1h 30m,non-stop,No info,2754
IndiGo,15/05/2019,Delhi,Cochin,DEL → HYD → COK,08:35,16:10,7h 35m,1 stop,No info,6442
Vistara,12/05/2019,Kolkata,Banglore,CCU → DEL → BLR,07:10,18:50,11h 40m,1 stop,No info,8820
IndiGo,21/03/2019,Delhi,Cochin,DEL → BOM → COK,04:45,13:20,8h 35m,1 stop,No info,7738
Air India,1/04/2019,Kolkata,Banglore,CCU → BOM → BLR,16:50,18:30 02 Apr,25h 40m,1 stop,No info,7893
Jet Airways,21/03/2019,Banglore,New Delhi,BLR → BOM → DEL,20:35,07:40 19 Mar,11h 5m,1 stop,In-flight meal not included,7832
IndiGo,24/06/2019,Delhi,Cochin,DEL → HYD → COK,06:50,12:10,5h 20m,1 stop,No info,5298
Jet Airways,18/03/2019,Banglore,New Delhi,BLR → BOM → DEL,08:00,07:40 16 Mar,23h 40m,1 stop,No info,12284
Jet Airways,1/05/2019,Kolkata,Banglore,CCU → BOM → BLR,06:30,18:15,11h 45m,1 stop,In-flight meal not included,10844
IndiGo,6/03/2019,Kolkata,Banglore,CCU → BLR,22:10,00:55 07 Mar,2h 45m,non-stop,No info,4778
Vistara,6/03/2019,Mumbai,Hyderabad,BOM → DEL → HYD,08:45,19:55,11h 10m,1 stop,No info,12395
Multiple carriers,12/06/2019,Delhi,Cochin,DEL → HYD → COK,09:45,22:30,12h 45m,1 stop,No info,9646
Multiple carriers,21/03/2019,Delhi,Cochin,DEL → BOM → COK,08:00,18:50,10h 50m,1 stop,No info,11667
Air India,18/03/2019,Mumbai,Hyderabad,BOM → HYD,06:20,07:40,1h 20m,non-stop,No info,3100
Multiple carriers,9/05/2019,Delhi,Cochin,DEL → BOM → COK,13:00,01:30 10 May,12h 30m,1 stop,No info,9424
Air India,18/05/2019,Delhi,Cochin,DEL → HYD → BOM → COK,17:15,07:40 19 May,14h 25m,2 stops,No info,12199
Air India,15/05/2019,Kolkata,Banglore,CCU → BBI → HYD → BLR,09:10,04:40 16 May,19h 30m,2 stops,No info,6117
Jet Airways,27/03/2019,Delhi,Cochin,DEL → BOM → COK,07:05,04:25 28 Mar,21h 20m,1 stop,No info,12452
Multiple carriers,27/03/2019,Delhi,Cochin,DEL → BOM → COK,08:55,15:30,6h 35m,1 stop,No info,7845
IndiGo,27/04/2019,Kolkata,Banglore,CCU → BLR,20:20,22:55,2h 35m,non-stop,No info,4804
Jet Airways,12/05/2019,Kolkata,Banglore,CCU → BOM → BLR,06:30,12:00,5h 30m,1 stop,In-flight meal not included,8586
Multiple carriers,3/06/2019,Delhi,Cochin,DEL → BOM → COK,10:00,19:15,9h 15m,1 stop,No info,14848
SpiceJet,01/03/2019,Banglore,New Delhi,BLR → HYD → DEL,15:35,23:40,8h 5m,1 stop,1 Long layover,7744
Jet Airways,12/03/2019,Banglore,New Delhi,BLR → BOM → DEL,05:45,12:15,6h 30m,1 stop,No info,17524
Air Asia,18/04/2019,Banglore,Delhi,BLR → DEL,04:55,07:45,2h 50m,non-stop,No info,4282
Jet Airways,27/05/2019,Delhi,Cochin,DEL → AMD → BOM → COK,23:05,12:35 28 May,13h 30m,2 stops,No info,15129
SpiceJet,6/04/2019,Kolkata,Banglore,CCU → BLR,14:55,17:25,2h 30m,non-stop,No info,3873
Jet Airways,15/04/2019,Banglore,Delhi,BLR → DEL,19:50,22:50,3h,non-stop,No info,7229
Jet Airways,9/05/2019,Kolkata,Banglore,CCU → BOM → BLR,20:00,18:15 10 May,22h 15m,1 stop,In-flight meal not included,7757
IndiGo,3/05/2019,Banglore,Delhi,BLR → DEL,07:10,10:05,2h 55m,non-stop,No info,4823
Jet Airways,1/05/2019,Kolkata,Banglore,CCU → DEL → BLR,09:35,18:00,8h 25m,1 stop,In-flight meal not included,10703
SpiceJet,24/05/2019,Mumbai,Hyderabad,BOM → HYD,05:45,07:15,1h 30m,non-stop,No info,2017
IndiGo,18/05/2019,Mumbai,Hyderabad,BOM → HYD,16:55,18:25,1h 30m,non-stop,No info,3838
Air India,15/03/2019,Mumbai,Hyderabad,BOM → HYD,19:30,20:45,1h 15m,non-stop,No info,3100
SpiceJet,18/05/2019,Delhi,Cochin,DEL → BLR → COK,17:55,22:50,4h 55m,1 stop,No info,5975
IndiGo,1/05/2019,Banglore,Delhi,BLR → DEL,01:30,04:15,2h 45m,non-stop,No info,4077
Jet Airways,9/05/2019,Kolkata,Banglore,CCU → BOM → BLR,14:05,23:35,9h 30m,1 stop,No info,14781
GoAir,9/06/2019,Banglore,Delhi,BLR → DEL,07:45,10:40,2h 55m,non-stop,No info,3898
Multiple carriers,21/03/2019,Delhi,Cochin,DEL → BOM → COK,07:05,15:30,8h 25m,1 stop,No info,14486
Jet Airways,01/03/2019,Banglore,New Delhi,BLR → BOM → DEL,08:00,13:15,5h 15m,1 stop,No info,22270
Air India,9/06/2019,Kolkata,Banglore,CCU → GAU → DEL → BLR,09:50,12:30 10 Jun,26h 40m,2 stops,No info,14960
Air India,9/06/2019,Kolkata,Banglore,CCU → GAU → BLR,16:45,21:05 10 Jun,28h 20m,1 stop,No info,7662
Air India,12/05/2019,Kolkata,Banglore,CCU → GAU → DEL → BLR,16:45,12:30 13 May,19h 45m,2 stops,No info,14330
Air India,24/06/2019,Delhi,Cochin,DEL → MAA → COK,20:40,09:25 25 Jun,12h 45m,1 stop,No info,7480
Jet Airways,6/04/2019,Banglore,Delhi,BLR → DEL,08:20,11:20,3h,non-stop,No info,7229
Air India,24/05/2019,Kolkata,Banglore,CCU → DEL → COK → BLR,10:00,01:20 25 May,15h 20m,2 stops,No info,14083
Jet Airways,24/05/2019,Kolkata,Banglore,CCU → BOM → BLR,18:55,18:15 25 May,23h 20m,1 stop,In-flight meal not included,10844
Jet Airways,6/06/2019,Kolkata,Banglore,CCU → DEL → BLR,17:00,23:35,6h 35m,1 stop,In-flight meal not included,13469
IndiGo,15/06/2019,Mumbai,Hyderabad,BOM → HYD,21:20,22:50,1h 30m,non-stop,No info,2227
Air India,27/06/2019,Delhi,Cochin,DEL → BOM → COK,13:00,19:15,6h 15m,1 stop,No info,8372
Jet Airways,18/05/2019,Delhi,Cochin,DEL → BOM → COK,20:55,04:25 19 May,7h 30m,1 stop,In-flight meal not included,12373
IndiGo,3/06/2019,Mumbai,Hyderabad,BOM → HYD,20:05,21:40,1h 35m,non-stop,No info,2227
Jet Airways,9/06/2019,Kolkata,Banglore,CCU → DEL → BLR,17:00,14:25 10 Jun,21h 25m,1 stop,No info,14151
Air India,3/03/2019,Delhi,Cochin,DEL → BOM → COK,04:00,07:40 04 Mar,27h 40m,1 stop,No info,14462
Jet Airways,1/06/2019,Delhi,Cochin,DEL → ATQ → BOM → COK,20:00,04:25 02 Jun,8h 25m,2 stops,In-flight meal not included,15318
SpiceJet,6/05/2019,Chennai,Kolkata,MAA → CCU,17:45,20:05,2h 20m,non-stop,No check-in baggage included,3543
Air India,21/05/2019,Kolkata,Banglore,CCU → BOM → AMD → BLR,09:25,05:25 22 May,20h,2 stops,No info,14687
Jet Airways,18/03/2019,Banglore,New Delhi,BLR → BOM → DEL,08:00,13:15,5h 15m,1 stop,No info,12284
IndiGo,1/06/2019,Delhi,Cochin,DEL → HYD → COK,06:50,12:10,5h 20m,1 stop,No info,5298
SpiceJet,9/05/2019,Mumbai,Hyderabad,BOM → HYD,22:45,00:15 10 May,1h 30m,non-stop,No check-in baggage included,1965
Jet Airways,15/06/2019,Delhi,Cochin,DEL → BOM → COK,13:00,19:00,6h,1 stop,No info,14714
Jet Airways,21/05/2019,Delhi,Cochin,DEL → BOM → COK,14:00,19:00,5h,1 stop,No info,16079
Multiple carriers,15/06/2019,Delhi,Cochin,DEL → BOM → COK,10:00,01:30 16 Jun,15h 30m,1 stop,No info,13377
Jet Airways,9/05/2019,Kolkata,Banglore,CCU → BOM → BLR,18:55,08:15 10 May,13h 20m,1 stop,In-flight meal not included,8586
Air India,1/05/2019,Kolkata,Banglore,CCU → DEL → AMD → BLR,07:00,05:25 02 May,22h 25m,2 stops,No info,14424
Jet Airways,9/06/2019,Delhi,Cochin,DEL → NAG → BOM → COK,06:45,04:25 10 Jun,21h 40m,2 stops,No info,13376
Jet Airways,06/03/2019,Banglore,New Delhi,BLR → BOM → DEL,22:50,23:00 07 Mar,24h 10m,1 stop,No info,17471
Jet Airways,9/06/2019,Banglore,Delhi,BLR → DEL,11:10,14:05,2h 55m,non-stop,In-flight meal not included,7229
GoAir,9/05/2019,Kolkata,Banglore,CCU → BOM → BLR,23:30,07:45 10 May,8h 15m,1 stop,No info,6095
Multiple carriers,9/06/2019,Delhi,Cochin,DEL → BOM → COK,11:40,19:00,7h 20m,1 stop,No info,11789
Multiple carriers,18/05/2019,Delhi,Cochin,DEL → BOM → COK,09:00,21:00,12h,1 stop,No info,8073
Jet Airways,21/03/2019,Delhi,Cochin,DEL → JAI → BOM → COK,05:30,18:50 22 Mar,37h 20m,2 stops,In-flight meal not included,9328
Multiple carriers,9/06/2019,Delhi,Cochin,DEL → BOM → COK,04:55,19:00,14h 5m,1 stop,No info,10877
Jet Airways,6/06/2019,Kolkata,Banglore,CCU → BOM → BLR,06:30,04:40 07 Jun,22h 10m,1 stop,No info,13731
Jet Airways,9/06/2019,Kolkata,Banglore,CCU → DEL → BLR,17:00,18:00 10 Jun,25h,1 stop,No info,14151
Jet Airways,9/05/2019,Delhi,Cochin,DEL → BOM → COK,13:00,19:00,6h,1 stop,In-flight meal not included,12373
Air India,15/03/2019,Mumbai,Hyderabad,BOM → HYD,21:05,22:25,1h 20m,non-stop,No info,3100
IndiGo,27/03/2019,Delhi,Cochin,DEL → BOM → COK,04:45,21:00,16h 15m,1 stop,No info,7258
Jet Airways,6/05/2019,Kolkata,Banglore,CCU → BOM → BLR,14:05,12:00 07 May,21h 55m,1 stop,In-flight meal not included,9663
Multiple carriers,21/03/2019,Delhi,Cochin,DEL → HYD → COK,07:05,16:10,9h 5m,1 stop,No info,6717
Multiple carriers,21/05/2019,Delhi,Cochin,DEL → BOM → COK,08:30,19:00,10h 30m,1 stop,No info,9627
Air India,09/03/2019,Banglore,New Delhi,BLR → DEL,13:20,16:10,2h 50m,non-stop,No info,8851
Air India,6/03/2019,Delhi,Cochin,DEL → COK,18:05,21:10,3h 5m,non-stop,No info,7931
SpiceJet,9/06/2019,Kolkata,Banglore,CCU → BLR,17:10,19:40,2h 30m,non-stop,No check-in baggage included,3841
IndiGo,6/05/2019,Banglore,Delhi,BLR → DEL,18:55,21:50,2h 55m,non-stop,No info,4823
Jet Airways,27/06/2019,Delhi,Cochin,DEL → LKO → BOM → COK,11:45,12:35 28 Jun,24h 50m,2 stops,No info,13882
Jet Airways,27/03/2019,Delhi,Cochin,DEL → BOM → COK,23:05,04:25 28 Mar,5h 20m,1 stop,In-flight meal not included,7438
Vistara,18/05/2019,Kolkata,Banglore,CCU → DEL → BLR,20:20,18:50 19 May,22h 30m,1 stop,No info,9555
Jet Airways,9/06/2019,Banglore,Delhi,BLR → DEL,15:15,18:10,2h 55m,non-stop,In-flight meal not included,7229
IndiGo,6/03/2019,Delhi,Cochin,DEL → BLR → COK,02:00,07:45,5h 45m,1 stop,No info,8025
Air Asia,12/06/2019,Delhi,Cochin,DEL → BLR → COK,07:55,15:45,7h 50m,1 stop,No info,6152
IndiGo,1/06/2019,Banglore,Delhi,BLR → DEL,10:10,13:00,2h 50m,non-stop,No info,3943
Jet Airways,6/06/2019,Delhi,Cochin,DEL → IDR → BOM → COK,21:25,19:00 07 Jun,21h 35m,2 stops,In-flight meal not included,10588
Air India,6/03/2019,Delhi,Cochin,DEL → MAA → COK,20:40,09:25 07 Mar,12h 45m,1 stop,No info,12677
IndiGo,18/05/2019,Banglore,Delhi,BLR → DEL,18:25,21:20,2h 55m,non-stop,No info,4823
SpiceJet,15/04/2019,Banglore,Delhi,BLR → DEL,21:10,00:05 16 Apr,2h 55m,non-stop,No check-in baggage included,3919
IndiGo,27/06/2019,Mumbai,Hyderabad,BOM → HYD,16:55,18:25,1h 30m,non-stop,No info,3175
Jet Airways,21/03/2019,Banglore,New Delhi,BLR → BOM → DEL,11:40,12:15 19 Mar,24h 35m,1 stop,In-flight meal not included,7832
Jet Airways,9/05/2019,Kolkata,Banglore,CCU → BOM → BLR,08:25,18:15,9h 50m,1 stop,No info,14781
Jet Airways,18/05/2019,Delhi,Cochin,DEL → BOM → COK,08:00,04:25 19 May,20h 25m,1 stop,In-flight meal not included,12373
IndiGo,21/03/2019,Mumbai,Hyderabad,BOM → HYD,19:05,20:30,1h 25m,non-stop,No info,2754
SpiceJet,24/04/2019,Kolkata,Banglore,CCU → BLR,09:00,11:25,2h 25m,non-stop,No info,4174
IndiGo,21/06/2019,Kolkata,Banglore,CCU → BLR,15:15,17:45,2h 30m,non-stop,No info,4804
IndiGo,9/03/2019,Delhi,Cochin,DEL → MAA → COK,02:05,07:10,5h 5m,1 stop,No info,10482
Air India,3/04/2019,Banglore,Delhi,BLR → DEL,13:20,16:10,2h 50m,non-stop,No info,5176
IndiGo,21/03/2019,Delhi,Cochin,DEL → BOM → COK,16:00,01:35 22 Mar,9h 35m,1 stop,No info,9264
Jet Airways,6/05/2019,Kolkata,Banglore,CCU → BOM → BLR,06:30,16:20,9h 50m,1 stop,In-flight meal not included,10844
Multiple carriers,21/03/2019,Delhi,Cochin,DEL → BOM → COK,09:00,18:50,9h 50m,1 stop,No info,11667
IndiGo,9/05/2019,Delhi,Cochin,DEL → BOM → COK,17:10,01:30 10 May,8h 20m,1 stop,No info,8330
Jet Airways,12/03/2019,Banglore,New Delhi,BLR → BOM → DEL,22:55,12:25 13 Mar,13h 30m,1 stop,In-flight meal not included,11087
Multiple carriers,27/06/2019,Delhi,Cochin,DEL → BOM → COK,10:00,19:00,9h,1 stop,No info,12192
Jet Airways,9/05/2019,Delhi,Cochin,DEL → AMD → BOM → COK,13:25,12:35 10 May,23h 10m,2 stops,No info,15129
Multiple carriers,21/05/2019,Delhi,Cochin,DEL → BOM → COK,09:00,19:15,10h 15m,1 stop,No info,14848
Vistara,15/05/2019,Kolkata,Banglore,CCU → DEL → BLR,20:20,22:40 16 May,26h 20m,1 stop,No info,8452
Multiple carriers,3/06/2019,Delhi,Cochin,DEL → IXU → BOM → COK,17:50,01:30 04 Jun,7h 40m,2 stops,No info,18275
Multiple carriers,9/05/2019,Delhi,Cochin,DEL → BOM → COK,08:45,19:00,10h 15m,1 stop,No info,9794
Air India,24/06/2019,Delhi,Cochin,DEL → AMD → BOM → COK,19:45,19:15 25 Jun,23h 30m,2 stops,No info,9443
IndiGo,12/03/2019,Kolkata,Banglore,CCU → BLR,14:20,16:55,2h 35m,non-stop,No info,4148
IndiGo,24/03/2019,Banglore,New Delhi,BLR → DEL,23:30,02:20 22 Mar,2h 50m,non-stop,No info,4944
Jet Airways,15/06/2019,Delhi,Cochin,DEL → JAI → BOM → COK,05:30,19:00,13h 30m,2 stops,In-flight meal not included,10368
IndiGo,1/03/2019,Kolkata,Banglore,CCU → BLR,17:15,19:55,2h 40m,non-stop,No info,6565
Jet Airways,27/05/2019,Delhi,Cochin,DEL → BOM → COK,22:50,19:00 28 May,20h 10m,1 stop,No info,16079
Vistara,24/03/2019,Banglore,New Delhi,BLR → DEL,07:00,09:40,2h 40m,non-stop,No info,4878
Air India,1/03/2019,Mumbai,Hyderabad,BOM → HYD,13:55,15:25,1h 30m,non-stop,No info,10082
Jet Airways,15/06/2019,Delhi,Cochin,DEL → NAG → BOM → COK,14:35,04:25 16 Jun,13h 50m,2 stops,In-flight meal not included,10919
Jet Airways,9/05/2019,Delhi,Cochin,DEL → AMD → BOM → COK,13:25,04:25 10 May,15h,2 stops,No info,16704
Air India,9/05/2019,Delhi,Cochin,DEL → AMD → BOM → COK,05:00,19:15 10 May,38h 15m,2 stops,No info,10441
SpiceJet,15/03/2019,Chennai,Kolkata,MAA → CCU,17:45,20:05,2h 20m,non-stop,No info,6300
Jet Airways,21/05/2019,Kolkata,Banglore,CCU → DEL → BLR,09:35,22:05,12h 30m,1 stop,No info,13067
Air India,9/05/2019,Kolkata,Banglore,CCU → BOM → BLR,16:50,07:55 10 May,15h 5m,1 stop,No info,8366
IndiGo,27/03/2019,Delhi,Cochin,DEL → COK,14:30,17:35,3h 5m,non-stop,No info,4729
Jet Airways,12/05/2019,Kolkata,Banglore,CCU → BOM → BLR,21:10,10:05 13 May,12h 55m,1 stop,In-flight meal not included,8586
SpiceJet,27/04/2019,Kolkata,Banglore,CCU → BLR,17:10,19:40,2h 30m,non-stop,No info,4174
Air India,6/05/2019,Kolkata,Banglore,CCU → GAU → DEL → BLR,09:50,08:55 07 May,23h 5m,2 stops,No info,13227
IndiGo,21/06/2019,Chennai,Kolkata,MAA → CCU,19:35,21:55,2h 20m,non-stop,No info,3597
IndiGo,9/06/2019,Delhi,Cochin,DEL → BOM → COK,15:00,01:30 10 Jun,10h 30m,1 stop,No info,6316
SpiceJet,1/05/2019,Chennai,Kolkata,MAA → CCU,08:20,10:35,2h 15m,non-stop,No check-in baggage included,3543
Air India,18/03/2019,Delhi,Cochin,DEL → COK,05:10,08:00,2h 50m,non-stop,No info,5674
Multiple carriers,27/05/2019,Delhi,Cochin,DEL → BOM → COK,03:50,19:00,15h 10m,1 stop,No info,10197
Jet Airways,24/04/2019,Banglore,Delhi,BLR → DEL,11:10,14:05,2h 55m,non-stop,In-flight meal not included,4544
Air India,27/03/2019,Delhi,Cochin,DEL → COK,05:10,08:00,2h 50m,non-stop,No info,4729
Jet Airways,18/05/2019,Delhi,Cochin,DEL → BOM → COK,09:00,04:25 19 May,19h 25m,1 stop,In-flight meal not included,12373
IndiGo,27/05/2019,Delhi,Cochin,DEL → BOM → COK,15:00,01:30 28 May,10h 30m,1 stop,No info,6628
SpiceJet,24/05/2019,Kolkata,Banglore,CCU → IXB → BLR,15:55,21:25,5h 30m,1 stop,No info,7804
Air India,15/03/2019,Banglore,New Delhi,BLR → HYD → VGA → DEL,08:15,22:55,14h 40m,2 stops,No info,7904
Jet Airways,12/06/2019,Kolkata,Banglore,CCU → BOM → BLR,16:30,12:00 13 Jun,19h 30m,1 stop,In-flight meal not included,8529
Jet Airways,6/06/2019,Kolkata,Banglore,CCU → BOM → BLR,20:00,12:00 07 Jun,16h,1 stop,In-flight meal not included,10844
IndiGo,3/03/2019,Delhi,Cochin,DEL → BOM → COK,09:10,01:35 04 Mar,16h 25m,1 stop,No info,14871
IndiGo,21/04/2019,Banglore,Delhi,BLR → DEL,23:30,02:20 22 Apr,2h 50m,non-stop,No info,4591
SpiceJet,21/05/2019,Kolkata,Banglore,CCU → BLR,06:55,09:30,2h 35m,non-stop,No info,3873
Jet Airways,15/05/2019,Kolkata,Banglore,CCU → DEL → BLR,17:00,21:05 16 May,28h 5m,1 stop,No info,14151
Jet Airways,12/03/2019,Banglore,New Delhi,BLR → BOM → DEL,16:55,07:40 13 Mar,14h 45m,1 stop,No info,13817
SpiceJet,24/05/2019,Banglore,Delhi,BLR → DEL,21:10,00:05 25 May,2h 55m,non-stop,No check-in baggage included,3919
Jet Airways,15/06/2019,Delhi,Cochin,DEL → BOM → COK,19:15,12:35 16 Jun,17h 20m,1 stop,In-flight meal not included,10262
Air India,21/03/2019,Delhi,Cochin,DEL → BLR → COK,20:30,23:00 22 Mar,26h 30m,1 stop,No info,5704
Multiple carriers,15/06/2019,Delhi,Cochin,DEL → BOM → COK,08:00,19:00,11h,1 stop,No info,12192
Jet Airways,21/03/2019,Delhi,Cochin,DEL → BOM → COK,13:00,18:50,5h 50m,1 stop,No info,12347
Multiple carriers,3/03/2019,Delhi,Cochin,DEL → BOM → COK,07:00,15:30,8h 30m,1 stop,No info,15603
Jet Airways,9/06/2019,Delhi,Cochin,DEL → BOM → COK,19:45,12:35 10 Jun,16h 50m,1 stop,In-flight meal not included,10577
Jet Airways,1/04/2019,Kolkata,Banglore,CCU → DEL → BLR,20:25,18:00 02 Apr,21h 35m,1 stop,No info,11467
Vistara,12/03/2019,Mumbai,Hyderabad,BOM → DEL → HYD,08:45,22:55,14h 10m,1 stop,No info,12080
IndiGo,24/06/2019,Delhi,Cochin,DEL → BOM → COK,20:25,01:30 25 Jun,5h 5m,1 stop,No info,5054
Jet Airways,24/06/2019,Delhi,Cochin,DEL → BOM → COK,08:00,19:00,11h,1 stop,1 Long layover,18581
IndiGo,6/04/2019,Delhi,Cochin,DEL → HYD → COK,06:50,12:10,5h 20m,1 stop,No info,5298
IndiGo,3/06/2019,Delhi,Cochin,DEL → BLR → COK,02:00,07:45,5h 45m,1 stop,No info,6386
Jet Airways,27/04/2019,Banglore,Delhi,BLR → DEL,15:15,18:10,2h 55m,non-stop,No info,7229
Jet Airways,3/05/2019,Mumbai,Hyderabad,BOM → HYD,07:05,08:30,1h 25m,non-stop,In-flight meal not included,4995
IndiGo,18/05/2019,Kolkata,Banglore,CCU → BLR,11:30,14:05,2h 35m,non-stop,No info,4804
Jet Airways,18/05/2019,Banglore,Delhi,BLR → DEL,07:10,10:10,3h,non-stop,In-flight meal not included,5198
Jet Airways,9/05/2019,Kolkata,Banglore,CCU → BOM → BLR,14:05,12:00 10 May,21h 55m,1 stop,In-flight meal not included,9663
Jet Airways,18/03/2019,Banglore,New Delhi,BLR → BOM → DEL,07:00,15:15,8h 15m,1 stop,No info,12284
Jet Airways,27/06/2019,Delhi,Cochin,DEL → NAG → BOM → COK,06:45,12:35 28 Jun,29h 50m,2 stops,In-flight meal not included,10919
Jet Airways,15/06/2019,Banglore,Delhi,BLR → DEL,19:50,22:50,3h,non-stop,No info,8016
IndiGo,18/05/2019,Banglore,Delhi,BLR → DEL,13:00,15:50,2h 50m,non-stop,No info,4423
Jet Airways,3/06/2019,Delhi,Cochin,DEL → BOM → COK,16:00,04:25 04 Jun,12h 25m,1 stop,In-flight meal not included,10262
IndiGo,6/06/2019,Delhi,Cochin,DEL → HYD → COK,06:50,16:10,9h 20m,1 stop,No info,6674
Air India,15/04/2019,Banglore,Delhi,BLR → DEL,17:00,19:45,2h 45m,non-stop,No info,6121
SpiceJet,09/03/2019,Banglore,New Delhi,BLR → DEL,20:30,23:20,2h 50m,non-stop,No info,5126
Jet Airways,6/06/2019,Kolkata,Banglore,CCU → BOM → BLR,16:30,23:35,7h 5m,1 stop,No info,14571
Multiple carriers,15/06/2019,Delhi,Cochin,DEL → HYD → COK,07:10,22:30,15h 20m,1 stop,In-flight meal not included,6093
SpiceJet,6/05/2019,Chennai,Kolkata,MAA → CCU,09:45,12:00,2h 15m,non-stop,No check-in baggage included,3543
Jet Airways,6/06/2019,Delhi,Cochin,DEL → NAG → BOM → COK,06:45,04:25 07 Jun,21h 40m,2 stops,No info,13376
Jet Airways,21/06/2019,Banglore,Delhi,BLR → DEL,08:20,11:20,3h,non-stop,In-flight meal not included,5769
Jet Airways,3/06/2019,Delhi,Cochin,DEL → BHO → BOM → COK,05:30,12:35,7h 5m,2 stops,No info,14441
Air India,9/03/2019,Delhi,Cochin,DEL → BLR → COK,17:45,23:00,5h 15m,1 stop,No info,9064
Jet Airways,6/06/2019,Kolkata,Banglore,CCU → BOM → BLR,08:25,19:50,11h 25m,1 stop,In-flight meal not included,10844
Jet Airways,18/05/2019,Delhi,Cochin,DEL → JAI → BOM → COK,05:30,19:00,13h 30m,2 stops,No info,15129
IndiGo,18/05/2019,Banglore,Delhi,BLR → DEL,07:10,10:05,2h 55m,non-stop,No info,4823
IndiGo,3/06/2019,Delhi,Cochin,DEL → LKO → COK,21:50,03:35 04 Jun,5h 45m,1 stop,No info,7189
Jet Airways,21/03/2019,Delhi,Cochin,DEL → AMD → BOM → COK,19:10,04:25 23 Mar,33h 15m,2 stops,In-flight meal not included,8834
IndiGo,24/05/2019,Kolkata,Banglore,CCU → BLR,20:20,22:55,2h 35m,non-stop,No info,4804
SpiceJet,6/05/2019,Banglore,Delhi,BLR → DEL,09:30,12:20,2h 50m,non-stop,No info,3971
IndiGo,12/05/2019,Banglore,Delhi,BLR → DEL,08:30,11:20,2h 50m,non-stop,No info,5740
Air India,9/06/2019,Delhi,Cochin,DEL → COK,14:10,17:10,3h,non-stop,No info,6094
Jet Airways,12/05/2019,Banglore,Delhi,BLR → DEL,06:00,08:45,2h 45m,non-stop,No info,7229
Jet Airways,27/06/2019,Delhi,Cochin,DEL → BOM → COK,20:55,04:25 28 Jun,7h 30m,1 stop,In-flight meal not included,12898
Multiple carriers,21/03/2019,Delhi,Cochin,DEL → HYD → COK,07:10,22:20,15h 10m,1 stop,In-flight meal not included,5999
IndiGo,03/03/2019,Banglore,New Delhi,BLR → DEL,08:30,11:30,3h,non-stop,No info,6860
IndiGo,6/05/2019,Delhi,Cochin,DEL → BOM → COK,10:35,01:30 07 May,14h 55m,1 stop,No info,6979
IndiGo,21/03/2019,Delhi,Cochin,DEL → BOM → COK,10:45,21:00,10h 15m,1 stop,No info,6838
IndiGo,27/06/2019,Mumbai,Hyderabad,BOM → HYD,20:05,21:40,1h 35m,non-stop,No info,2227
Jet Airways,24/03/2019,Kolkata,Banglore,CCU → BOM → BLR,06:30,18:10,11h 40m,1 stop,In-flight meal not included,10031
Air India,21/05/2019,Kolkata,Banglore,CCU → BLR,14:15,16:45,2h 30m,non-stop,No info,5510
Jet Airways,12/06/2019,Delhi,Cochin,DEL → BOM → COK,11:30,04:25 13 Jun,16h 55m,1 stop,In-flight meal not included,10262
Multiple carriers,6/06/2019,Delhi,Cochin,DEL → BOM → COK,07:00,19:00,12h,1 stop,No info,12192
SpiceJet,24/04/2019,Banglore,Delhi,BLR → DEL,09:30,12:20,2h 50m,non-stop,No check-in baggage included,3919
IndiGo,3/03/2019,Delhi,Cochin,DEL → BLR → COK,02:00,07:45,5h 45m,1 stop,No info,9257
Jet Airways,6/04/2019,Banglore,Delhi,BLR → DEL,11:10,14:05,2h 55m,non-stop,No info,7229
IndiGo,9/06/2019,Delhi,Cochin,DEL → BOM → COK,09:15,01:30 10 Jun,16h 15m,1 stop,No info,6628
Jet Airways,06/03/2019,Banglore,New Delhi,BLR → BOM → DEL,14:05,19:10,5h 5m,1 stop,No info,19225
Vistara,24/04/2019,Banglore,Delhi,BLR → DEL,17:00,19:35,2h 35m,non-stop,No info,5613
Jet Airways,21/05/2019,Kolkata,Banglore,CCU → BOM → BLR,06:30,08:15 22 May,25h 45m,1 stop,No info,13941
Jet Airways,21/03/2019,Banglore,New Delhi,BLR → BOM → DEL,11:40,20:20,8h 40m,1 stop,In-flight meal not included,7832
Jet Airways,18/05/2019,Delhi,Cochin,DEL → BOM → COK,11:30,04:25 19 May,16h 55m,1 stop,In-flight meal not included,12373
Air India,18/03/2019,Banglore,New Delhi,BLR → BOM → NAG → DEL,08:50,10:35 16 Mar,25h 45m,2 stops,No info,11885
IndiGo,3/03/2019,Kolkata,Banglore,CCU → BLR,14:20,16:55,2h 35m,non-stop,No info,6565
Jet Airways,27/03/2019,Mumbai,Hyderabad,BOM → HYD,10:20,11:50,1h 30m,non-stop,No info,8040
Multiple carriers,6/06/2019,Delhi,Cochin,DEL → BOM → COK,09:00,21:00,12h,1 stop,No info,13587
Jet Airways,18/05/2019,Delhi,Cochin,DEL → BOM → COK,19:45,04:25 19 May,8h 40m,1 stop,In-flight meal not included,12373
Multiple carriers,6/03/2019,Delhi,Cochin,DEL → BOM → COK,09:10,19:15,10h 5m,1 stop,No info,15077
IndiGo,3/06/2019,Kolkata,Banglore,CCU → BLR,20:25,23:10,2h 45m,non-stop,No info,4804
IndiGo,18/05/2019,Delhi,Cochin,DEL → BOM → COK,06:40,21:00,14h 20m,1 stop,No info,6758
IndiGo,6/03/2019,Delhi,Cochin,DEL → BOM → COK,09:10,21:00,11h 50m,1 stop,No info,14871
IndiGo,1/05/2019,Banglore,Delhi,BLR → DEL,22:10,01:00 02 May,2h 50m,non-stop,No info,3943
SpiceJet,6/05/2019,Mumbai,Hyderabad,BOM → HYD,05:45,07:15,1h 30m,non-stop,No check-in baggage included,1965
IndiGo,15/04/2019,Delhi,Cochin,DEL → HYD → COK,05:05,12:10,7h 5m,1 stop,No info,6287
Jet Airways,1/04/2019,Kolkata,Banglore,CCU → BOM → BLR,06:30,22:35,16h 5m,1 stop,In-flight meal not included,7064
Air Asia,27/05/2019,Delhi,Cochin,DEL → BLR → COK,07:55,15:45,7h 50m,1 stop,No info,6451
Multiple carriers,27/05/2019,Delhi,Cochin,DEL → HYD → COK,07:10,16:10,9h,1 stop,No info,7878
Air India,21/05/2019,Kolkata,Banglore,CCU → BOM → COK → BLR,09:25,13:45 22 May,28h 20m,2 stops,No info,11542
IndiGo,15/06/2019,Chennai,Kolkata,MAA → CCU,11:35,14:00,2h 25m,non-stop,No info,3858
Jet Airways,3/03/2019,Delhi,Cochin,DEL → BOM → COK,18:15,18:50 04 Mar,24h 35m,1 stop,No info,17234
IndiGo,27/06/2019,Delhi,Cochin,DEL → BLR → COK,15:10,20:00,4h 50m,1 stop,No info,6147
Air Asia,27/06/2019,Kolkata,Banglore,CCU → BLR,22:50,01:20 28 Jun,2h 30m,non-stop,No info,3807
Air Asia,27/05/2019,Banglore,Delhi,BLR → DEL,04:55,07:45,2h 50m,non-stop,No info,3383
IndiGo,21/03/2019,Delhi,Cochin,DEL → HYD → COK,07:35,12:00,4h 25m,1 stop,No info,5073
Jet Airways,9/06/2019,Delhi,Cochin,DEL → BOM → COK,11:30,12:35 10 Jun,25h 5m,1 stop,In-flight meal not included,10262
Jet Airways,1/05/2019,Kolkata,Banglore,CCU → DEL → BLR,17:00,19:10 02 May,26h 10m,1 stop,In-flight meal not included,9314
Air India,06/03/2019,Banglore,New Delhi,BLR → MAA → DEL,11:50,19:50,8h,1 stop,No info,14594
IndiGo,27/06/2019,Banglore,Delhi,BLR → DEL,16:55,19:55,3h,non-stop,No info,4823
Air India,9/06/2019,Kolkata,Banglore,CCU → DEL → AMD → BLR,07:00,05:25 10 Jun,22h 25m,2 stops,No info,12744
IndiGo,15/06/2019,Banglore,Delhi,BLR → DEL,06:05,08:50,2h 45m,non-stop,No info,4423
Jet Airways,9/06/2019,Delhi,Cochin,DEL → BOM → COK,15:00,12:35 10 Jun,21h 35m,1 stop,In-flight meal not included,10262
SpiceJet,9/03/2019,Delhi,Cochin,DEL → BLR → COK,16:35,22:50,6h 15m,1 stop,No info,7084
Jet Airways,24/03/2019,Kolkata,Banglore,CCU → BOM → BLR,06:30,16:20,9h 50m,1 stop,No info,13339
Jet Airways,12/04/2019,Banglore,Delhi,BLR → DEL,08:20,11:20,3h,non-stop,No info,7229
Multiple carriers,6/03/2019,Delhi,Cochin,DEL → HYD → COK,07:10,16:10,9h,1 stop,In-flight meal not included,7563
Multiple carriers,21/05/2019,Delhi,Cochin,DEL → IDR → BOM → COK,15:05,01:30 22 May,10h 25m,2 stops,No info,16655
IndiGo,3/03/2019,Delhi,Cochin,DEL → BOM → COK,11:30,21:00,9h 30m,1 stop,No info,14871
Multiple carriers,6/06/2019,Delhi,Cochin,DEL → BOM → COK,10:20,19:15,8h 55m,1 stop,No info,8266
Jet Airways,6/05/2019,Kolkata,Banglore,CCU → DEL → BLR,17:00,23:35,6h 35m,1 stop,No info,12121
IndiGo,9/06/2019,Banglore,Delhi,BLR → DEL,10:10,13:00,2h 50m,non-stop,No info,4423
Jet Airways,21/03/2019,Delhi,Cochin,DEL → BDQ → BOM → COK,10:45,04:25 22 Mar,17h 40m,2 stops,No info,11093
Multiple carriers,6/03/2019,Delhi,Cochin,DEL → BOM → COK,09:10,18:50,9h 40m,1 stop,No info,15135
Air India,24/05/2019,Kolkata,Banglore,CCU → BOM → COK → BLR,09:25,01:20 25 May,15h 55m,2 stops,No info,12718
Jet Airways,18/05/2019,Kolkata,Banglore,CCU → DEL → BLR,09:35,21:05,11h 30m,1 stop,No info,14151
Jet Airways,27/06/2019,Delhi,Cochin,DEL → BOM → COK,18:15,12:35 28 Jun,18h 20m,1 stop,In-flight meal not included,10262
Air India,1/05/2019,Mumbai,Hyderabad,BOM → HYD,13:55,15:25,1h 30m,non-stop,No info,3625
IndiGo,15/04/2019,Kolkata,Banglore,CCU → MAA → BLR,06:20,10:30,4h 10m,1 stop,No info,4226
Jet Airways,3/06/2019,Delhi,Cochin,DEL → BOM → COK,19:45,19:00 04 Jun,23h 15m,1 stop,In-flight meal not included,10262
Jet Airways,18/03/2019,Banglore,New Delhi,BLR → BOM → DEL,22:50,09:00 16 Mar,10h 10m,1 stop,In-flight meal not included,11087
Jet Airways,18/05/2019,Delhi,Cochin,DEL → BOM → COK,18:15,04:25 19 May,10h 10m,1 stop,In-flight meal not included,12373
Jet Airways,12/05/2019,Kolkata,Banglore,CCU → BOM → BLR,16:30,20:45 13 May,28h 15m,1 stop,In-flight meal not included,10844
Multiple carriers,27/06/2019,Delhi,Cochin,DEL → BOM → COK,06:00,12:35,6h 35m,1 stop,In-flight meal not included,10791
Multiple carriers,1/06/2019,Delhi,Cochin,DEL → HYD → COK,09:45,22:30,12h 45m,1 stop,No info,9646
IndiGo,3/03/2019,Delhi,Cochin,DEL → HYD → COK,07:35,12:00,4h 25m,1 stop,No info,8258
GoAir,6/03/2019,Delhi,Cochin,DEL → BOM → COK,10:25,19:20,8h 55m,1 stop,No info,8213
Multiple carriers,27/06/2019,Delhi,Cochin,DEL → BOM → COK,08:45,19:15,10h 30m,1 stop,No info,8266
IndiGo,3/04/2019,Banglore,Delhi,BLR → DEL,10:10,13:00,2h 50m,non-stop,No info,3943
IndiGo,24/06/2019,Banglore,Delhi,BLR → DEL,18:15,21:20,3h 5m,non-stop,No info,4823
Jet Airways,3/06/2019,Delhi,Cochin,DEL → BOM → COK,16:00,12:35 04 Jun,20h 35m,1 stop,No info,14714
Air India,9/06/2019,Delhi,Cochin,DEL → COK,18:05,21:10,3h 5m,non-stop,No info,8456
Air India,21/03/2019,Kolkata,Banglore,CCU → BLR,14:15,16:45,2h 30m,non-stop,No info,5170
Jet Airways,9/06/2019,Kolkata,Banglore,CCU → BOM → BLR,16:30,22:35,6h 5m,1 stop,In-flight meal not included,10844
Vistara,18/05/2019,Delhi,Cochin,DEL → COK,06:00,09:10,3h 10m,non-stop,No info,6741
Air India,18/06/2019,Delhi,Cochin,DEL → COK,14:05,17:55,3h 50m,non-stop,No info,5201
Jet Airways,27/05/2019,Delhi,Cochin,DEL → BOM → COK,20:55,04:25 28 May,7h 30m,1 stop,No info,16079
SpiceJet,27/05/2019,Chennai,Kolkata,MAA → CCU,08:20,10:35,2h 15m,non-stop,No check-in baggage included,3543
SpiceJet,3/05/2019,Kolkata,Banglore,CCU → BLR,17:10,19:40,2h 30m,non-stop,No check-in baggage included,3841
Jet Airways,9/05/2019,Delhi,Cochin,DEL → AMD → BOM → COK,19:10,19:00 10 May,23h 50m,2 stops,No info,15129
GoAir,18/05/2019,Banglore,Delhi,BLR → DEL,07:45,10:40,2h 55m,non-stop,No info,4239
Jet Airways,9/05/2019,Delhi,Cochin,DEL → JAI → BOM → COK,05:30,04:25 10 May,22h 55m,2 stops,In-flight meal not included,13029
Jet Airways,27/03/2019,Delhi,Cochin,DEL → BOM → COK,09:55,18:50,8h 55m,1 stop,No info,12032
Air India,6/03/2019,Mumbai,Hyderabad,BOM → HYD,21:05,22:25,1h 20m,non-stop,No info,5462
Multiple carriers,3/03/2019,Delhi,Cochin,DEL → HYD → COK,07:05,22:20,15h 15m,1 stop,No info,10478
Multiple carriers,21/05/2019,Delhi,Cochin,DEL → BOM → COK,19:00,01:30 22 May,6h 30m,1 stop,No info,7888
Multiple carriers,21/05/2019,Delhi,Cochin,DEL → BOM → COK,08:45,19:00,10h 15m,1 stop,No info,9794
IndiGo,27/04/2019,Banglore,Delhi,BLR → DEL,22:10,01:00 28 Apr,2h 50m,non-stop,No info,3943
IndiGo,6/05/2019,Delhi,Cochin,DEL → BOM → COK,11:25,01:30 07 May,14h 5m,1 stop,No info,6979
IndiGo,1/04/2019,Kolkata,Banglore,CCU → NAG → BLR,18:05,23:30,5h 25m,1 stop,No info,6284
Multiple carriers,6/06/2019,Delhi,Cochin,DEL → IDR → BOM → COK,15:05,01:30 07 Jun,10h 25m,2 stops,No info,15965
Jet Airways,6/06/2019,Banglore,Delhi,BLR → DEL,08:20,11:20,3h,non-stop,In-flight meal not included,6478
IndiGo,3/04/2019,Delhi,Cochin,DEL → COK,05:35,08:50,3h 15m,non-stop,No info,4729
IndiGo,15/05/2019,Kolkata,Banglore,CCU → BLR,17:15,19:50,2h 35m,non-stop,No info,4804
IndiGo,24/04/2019,Kolkata,Banglore,CCU → BLR,22:15,00:50 25 Apr,2h 35m,non-stop,No info,4804
Jet Airways,6/04/2019,Banglore,Delhi,BLR → DEL,07:10,10:10,3h,non-stop,No info,7229
Jet Airways,01/03/2019,Banglore,New Delhi,BLR → BOM → DEL,08:00,18:25,10h 25m,1 stop,No info,26890
Air India,24/03/2019,Kolkata,Banglore,CCU → DEL → BLR,20:30,20:25 25 Mar,23h 55m,1 stop,No info,12173
Jet Airways,09/03/2019,Banglore,New Delhi,BLR → BOM → DEL,08:55,09:30 13 Mar,24h 35m,1 stop,In-flight meal not included,11087
Air India,1/06/2019,Delhi,Cochin,DEL → COK,05:10,08:00,2h 50m,non-stop,No info,6094
Jet Airways,12/06/2019,Delhi,Cochin,DEL → COK,11:00,14:15,3h 15m,non-stop,No info,9564
Jet Airways,24/03/2019,Kolkata,Banglore,CCU → BOM → BLR,06:30,04:45 25 Mar,22h 15m,1 stop,No info,13759
IndiGo,15/04/2019,Delhi,Cochin,DEL → BLR → COK,17:05,22:15,5h 10m,1 stop,No info,5912
IndiGo,21/03/2019,Delhi,Cochin,DEL → AMD → COK,07:45,13:40,5h 55m,1 stop,No info,6101
IndiGo,27/04/2019,Banglore,Delhi,BLR → DEL,06:05,08:50,2h 45m,non-stop,No info,4423
Jet Airways,21/03/2019,Delhi,Cochin,DEL → BOM → COK,08:00,04:25 22 Mar,20h 25m,1 stop,In-flight meal not included,6540
Multiple carriers,1/06/2019,Delhi,Cochin,DEL → BOM → COK,18:15,01:30 02 Jun,7h 15m,1 stop,No info,13377
Air India,03/03/2019,Banglore,New Delhi,BLR → HBX → BOM → AMD → DEL,12:00,23:55,11h 55m,3 stops,No info,10573
SpiceJet,18/06/2019,Kolkata,Banglore,CCU → BLR,17:10,19:40,2h 30m,non-stop,No check-in baggage included,3841
Air Asia,01/03/2019,Banglore,New Delhi,BLR → DEL,05:50,08:40,2h 50m,non-stop,No info,10715
IndiGo,1/04/2019,Kolkata,Banglore,CCU → BLR,20:20,22:55,2h 35m,non-stop,No info,4488
Air Asia,12/05/2019,Banglore,Delhi,BLR → DEL,04:55,07:45,2h 50m,non-stop,No info,4282
Vistara,1/04/2019,Kolkata,Banglore,CCU → DEL → BLR,20:20,23:25 02 Apr,27h 5m,1 stop,No info,7927
IndiGo,1/03/2019,Chennai,Kolkata,MAA → CCU,11:35,14:00,2h 25m,non-stop,No info,7900
IndiGo,12/05/2019,Kolkata,Banglore,CCU → BLR,15:15,17:45,2h 30m,non-stop,No info,4804
Jet Airways,27/03/2019,Delhi,Cochin,DEL → MAA → BOM → COK,05:10,19:45 28 Mar,38h 35m,2 stops,In-flight meal not included,8098
Air India,15/05/2019,Delhi,Cochin,DEL → MAA → COK,20:40,09:25 16 May,12h 45m,1 stop,No info,7480
SpiceJet,21/06/2019,Kolkata,Banglore,CCU → BLR,17:10,19:40,2h 30m,non-stop,No info,3873
IndiGo,6/04/2019,Kolkata,Banglore,CCU → BLR,09:35,12:20,2h 45m,non-stop,No info,4174
Vistara,9/06/2019,Kolkata,Banglore,CCU → DEL → BLR,17:00,18:50 10 Jun,25h 50m,1 stop,No info,9135
Jet Airways,24/06/2019,Delhi,Cochin,DEL → JAI → BOM → COK,05:30,04:25 25 Jun,22h 55m,2 stops,No info,13014
Air India,18/05/2019,Kolkata,Banglore,CCU → JAI → BOM → BLR,08:20,18:30,10h 10m,2 stops,No info,10907
Multiple carriers,15/06/2019,Delhi,Cochin,DEL → BOM → COK,06:00,21:00,15h,1 stop,No info,7005
Jet Airways,24/05/2019,Kolkata,Banglore,CCU → BOM → BLR,14:05,22:35,8h 30m,1 stop,No info,14571
Jet Airways,21/05/2019,Delhi,Cochin,DEL → BOM → COK,21:50,12:35 22 May,14h 45m,1 stop,In-flight meal not included,12898
Jet Airways,18/05/2019,Kolkata,Banglore,CCU → BOM → BLR,18:55,09:20 19 May,14h 25m,1 stop,No info,14388
Jet Airways,21/05/2019,Kolkata,Banglore,CCU → BOM → BLR,06:30,08:15 22 May,25h 45m,1 stop,In-flight meal not included,8586
IndiGo,27/06/2019,Delhi,Cochin,DEL → MAA → COK,07:15,12:30,5h 15m,1 stop,No info,6582
IndiGo,15/03/2019,Banglore,New Delhi,BLR → NAG → DEL,16:50,21:35,4h 45m,1 stop,No info,10406
SpiceJet,9/06/2019,Kolkata,Banglore,CCU → PNQ → BLR,08:35,17:15,8h 40m,1 stop,No info,6853
Air India,12/03/2019,Banglore,New Delhi,BLR → BOM → DEL,08:50,23:15,14h 25m,1 stop,No info,12127
Jet Airways,6/05/2019,Banglore,Delhi,BLR → DEL,19:50,22:50,3h,non-stop,No info,7229
Jet Airways,1/05/2019,Kolkata,Banglore,CCU → BOM → BLR,06:30,09:20 02 May,26h 50m,1 stop,In-flight meal not included,9663
GoAir,24/04/2019,Delhi,Cochin,DEL → BOM → COK,07:00,12:55,5h 55m,1 stop,No info,6195
IndiGo,15/03/2019,Kolkata,Banglore,CCU → BLR,05:30,08:20,2h 50m,non-stop,No info,4148
IndiGo,24/05/2019,Banglore,Delhi,BLR → DEL,21:15,00:15 25 May,3h,non-stop,No info,3943
Jet Airways,9/05/2019,Kolkata,Banglore,CCU → BOM → BLR,21:10,08:15 10 May,11h 5m,1 stop,No info,14388
SpiceJet,15/04/2019,Delhi,Cochin,DEL → BLR → COK,17:55,22:50,4h 55m,1 stop,No info,5221
Jet Airways,27/06/2019,Mumbai,Hyderabad,BOM → HYD,07:05,08:30,1h 25m,non-stop,In-flight meal not included,4995
Jet Airways,9/05/2019,Kolkata,Banglore,CCU → BOM → BLR,20:00,10:05 10 May,14h 5m,1 stop,No info,13584
SpiceJet,12/06/2019,Kolkata,Banglore,CCU → KNU → BLR,11:35,18:50,7h 15m,1 stop,No info,8479
Vistara,15/05/2019,Kolkata,Banglore,CCU → DEL → BLR,07:10,22:40,15h 30m,1 stop,No info,8452
Jet Airways,9/06/2019,Delhi,Cochin,DEL → BOM → COK,08:00,19:00,11h,1 stop,In-flight meal not included,10262
Vistara,18/04/2019,Delhi,Cochin,DEL → COK,14:40,17:50,3h 10m,non-stop,No info,6216
SpiceJet,24/05/2019,Kolkata,Banglore,CCU → BLR,22:20,00:40 25 May,2h 20m,non-stop,No info,3873
Jet Airways,01/03/2019,Banglore,New Delhi,BLR → BOM → DEL,20:35,11:25 02 Mar,14h 50m,1 stop,No info,31825
SpiceJet,6/05/2019,Kolkata,Banglore,CCU → KNU → BLR,11:35,18:50,7h 15m,1 stop,No info,8479
Air India,1/04/2019,Mumbai,Hyderabad,BOM → HYD,21:05,22:25,1h 20m,non-stop,No info,2050
Air India,03/03/2019,Banglore,New Delhi,BLR → BOM → NAG → DEL,06:45,10:35 07 Mar,27h 50m,2 stops,No info,12358
Air India,21/04/2019,Delhi,Cochin,DEL → BLR → COK,06:10,23:00,16h 50m,1 stop,No info,7174
Air India,01/03/2019,Banglore,New Delhi,BLR → BOM → BHO → DEL,08:50,23:25 02 Mar,38h 35m,2 stops,No info,25430
SpiceJet,27/06/2019,Banglore,Delhi,BLR → DEL,21:10,00:05 28 Jun,2h 55m,non-stop,No check-in baggage included,4319
IndiGo,3/03/2019,Delhi,Cochin,DEL → BOM → COK,08:25,21:00,12h 35m,1 stop,No info,14871
Multiple carriers,18/05/2019,Delhi,Cochin,DEL → HYD → COK,13:15,22:30,9h 15m,1 stop,No info,11188
Vistara,12/03/2019,Mumbai,Hyderabad,BOM → DEL → HYD,08:45,16:45,8h,1 stop,No info,12080
IndiGo,6/06/2019,Delhi,Cochin,DEL → BOM → COK,07:30,21:00,13h 30m,1 stop,No info,6093
Jet Airways,9/03/2019,Delhi,Cochin,DEL → BHO → BOM → COK,05:40,04:25 10 Mar,22h 45m,2 stops,No info,14861
Air India,3/03/2019,Delhi,Cochin,DEL → HYD → BOM → COK,07:05,19:15 04 Mar,36h 10m,2 stops,No info,11762
IndiGo,15/03/2019,Delhi,Cochin,DEL → COK,05:35,08:50,3h 15m,non-stop,No info,5406
IndiGo,9/05/2019,Delhi,Cochin,DEL → MAA → COK,07:15,12:30,5h 15m,1 stop,No info,5636
SpiceJet,1/05/2019,Mumbai,Hyderabad,BOM → HYD,13:15,14:45,1h 30m,non-stop,No info,2437
Jet Airways,1/05/2019,Kolkata,Banglore,CCU → DEL → BLR,09:35,22:05,12h 30m,1 stop,No info,12121
Jet Airways,6/06/2019,Kolkata,Banglore,CCU → BOM → BLR,06:30,23:35,17h 5m,1 stop,No info,14571
Air India,21/05/2019,Kolkata,Banglore,CCU → BOM → COK → BLR,16:50,13:45 22 May,20h 55m,2 stops,No info,13484
Jet Airways,21/04/2019,Banglore,Delhi,BLR → DEL,07:10,10:10,3h,non-stop,No info,7229
IndiGo,27/05/2019,Delhi,Cochin,DEL → BOM → COK,09:15,01:30 28 May,16h 15m,1 stop,No info,6628
IndiGo,27/03/2019,Kolkata,Banglore,CCU → BLR,15:10,17:45,2h 35m,non-stop,No info,4148
Jet Airways,1/05/2019,Banglore,Delhi,BLR → DEL,17:45,20:45,3h,non-stop,In-flight meal not included,4030
Jet Airways,12/05/2019,Banglore,Delhi,BLR → DEL,17:45,20:45,3h,non-stop,In-flight meal not included,5198
Multiple carriers,6/03/2019,Delhi,Cochin,DEL → BOM → COK,08:00,15:30,7h 30m,1 stop,No info,15078
Jet Airways,1/05/2019,Banglore,Delhi,BLR → DEL,15:15,18:10,2h 55m,non-stop,In-flight meal not included,4544
Multiple carriers,21/03/2019,Delhi,Cochin,DEL → BOM → COK,14:00,01:35 22 Mar,11h 35m,1 stop,No info,13542
Multiple carriers,21/05/2019,Delhi,Cochin,DEL → BOM → COK,18:00,01:30 22 May,7h 30m,1 stop,No info,7888
Multiple carriers,27/05/2019,Delhi,Cochin,DEL → BOM → COK,11:40,01:30 28 May,13h 50m,1 stop,No info,6795
IndiGo,9/03/2019,Delhi,Cochin,DEL → BOM → COK,18:35,01:35 10 Mar,7h,1 stop,No info,12351
IndiGo,9/06/2019,Delhi,Cochin,DEL → BLR → COK,15:10,20:00,4h 50m,1 stop,No info,7060
IndiGo,6/04/2019,Delhi,Cochin,DEL → BOM → COK,10:35,15:35,5h,1 stop,No info,5073
Air India,27/03/2019,Delhi,Cochin,DEL → AMD → BOM → COK,19:45,19:15 28 Mar,23h 30m,2 stops,No info,8656
SpiceJet,15/03/2019,Banglore,New Delhi,BLR → DEL,09:35,12:30,2h 55m,non-stop,No check-in baggage included,6205
IndiGo,6/05/2019,Banglore,Delhi,BLR → DEL,00:30,03:25,2h 55m,non-stop,No info,4284
IndiGo,27/06/2019,Chennai,Kolkata,MAA → CCU,13:15,15:35,2h 20m,non-stop,No info,3597
SpiceJet,9/05/2019,Mumbai,Hyderabad,BOM → HYD,05:45,07:15,1h 30m,non-stop,No info,2017
IndiGo,12/04/2019,Kolkata,Banglore,CCU → BLR,21:25,00:05 13 Apr,2h 40m,non-stop,No info,4174
Jet Airways,9/05/2019,Kolkata,Banglore,CCU → BOM → BLR,14:05,19:50,5h 45m,1 stop,In-flight meal not included,10844
Multiple carriers,12/06/2019,Delhi,Cochin,DEL → HYD → COK,07:10,22:30,15h 20m,1 stop,No info,6513
IndiGo,3/03/2019,Kolkata,Banglore,CCU → BLR,05:30,08:20,2h 50m,non-stop,No info,4778
Air India,09/03/2019,Banglore,New Delhi,BLR → COK → DEL,22:00,11:05 13 Mar,13h 5m,1 stop,No info,8425
Jet Airways,18/05/2019,Kolkata,Banglore,CCU → DEL → BLR,20:25,14:25 19 May,18h,1 stop,No info,13067
Jet Airways,9/05/2019,Kolkata,Banglore,CCU → BOM → BLR,06:30,04:40 10 May,22h 10m,1 stop,No info,13941
Vistara,6/03/2019,Mumbai,Hyderabad,BOM → DEL → HYD,08:45,16:45,8h,1 stop,No info,12395
Vistara,9/05/2019,Chennai,Kolkata,MAA → CCU,07:05,09:20,2h 15m,non-stop,No info,3687
Air India,15/03/2019,Banglore,New Delhi,BLR → MAA → DEL,11:50,19:50,8h,1 stop,No info,7192
Jet Airways,06/03/2019,Banglore,New Delhi,BLR → BOM → DEL,21:25,07:40 07 Mar,10h 15m,1 stop,No info,16736
IndiGo,18/04/2019,Kolkata,Banglore,CCU → BLR,04:40,07:15,2h 35m,non-stop,No info,4174
Jet Airways,27/06/2019,Delhi,Cochin,DEL → BOM → COK,18:15,19:00 28 Jun,24h 45m,1 stop,In-flight meal not included,10262
Air Asia,3/03/2019,Delhi,Cochin,DEL → BLR → COK,16:45,07:10 04 Mar,14h 25m,1 stop,No info,13474
Jet Airways,9/06/2019,Kolkata,Banglore,CCU → DEL → BLR,09:35,14:25 10 Jun,28h 50m,1 stop,No info,14151
Jet Airways,9/06/2019,Kolkata,Banglore,CCU → BOM → BLR,18:55,08:15 10 Jun,13h 20m,1 stop,No info,14939
IndiGo,21/03/2019,Kolkata,Banglore,CCU → BLR,15:10,17:45,2h 35m,non-stop,No info,4148
Multiple carriers,15/05/2019,Delhi,Cochin,DEL → BOM → COK,08:45,21:00,12h 15m,1 stop,No info,7670
Jet Airways,24/06/2019,Delhi,Cochin,DEL → ATQ → BOM → COK,20:00,04:25 25 Jun,8h 25m,2 stops,No info,14300
Jet Airways,6/04/2019,Delhi,Cochin,DEL → BOM → COK,11:30,12:35 07 Apr,25h 5m,1 stop,In-flight meal not included,5177
Jet Airways,21/03/2019,Delhi,Cochin,DEL → BOM → COK,09:00,18:50,9h 50m,1 stop,In-flight meal not included,7438
Jet Airways,18/05/2019,Delhi,Cochin,DEL → AMD → BOM → COK,19:10,12:35 19 May,17h 25m,2 stops,No info,15129
Vistara,12/06/2019,Chennai,Kolkata,MAA → CCU,17:45,20:05,2h 20m,non-stop,No info,11982
IndiGo,12/05/2019,Mumbai,Hyderabad,BOM → HYD,02:35,04:05,1h 30m,non-stop,No info,3175
Jet Airways,1/04/2019,Kolkata,Banglore,CCU → DEL → BLR,09:35,21:05,11h 30m,1 stop,No info,10953
Jet Airways,12/06/2019,Kolkata,Banglore,CCU → DEL → BLR,09:35,23:35,14h,1 stop,No info,12692
Jet Airways,01/03/2019,Banglore,New Delhi,BLR → DEL,19:55,22:35,2h 40m,non-stop,No info,18308
Multiple carriers,3/06/2019,Delhi,Cochin,DEL → BOM → COK,11:30,21:00,9h 30m,1 stop,No info,13587
Jet Airways,6/05/2019,Mumbai,Hyderabad,BOM → HYD,07:05,08:30,1h 25m,non-stop,In-flight meal not included,4995
Vistara,15/06/2019,Chennai,Kolkata,MAA → CCU,17:45,20:05,2h 20m,non-stop,No info,11982
Air India,9/03/2019,Delhi,Cochin,DEL → HYD → BOM → COK,07:05,19:15 10 Mar,36h 10m,2 stops,No info,11762
IndiGo,18/06/2019,Kolkata,Banglore,CCU → BLR,04:40,07:15,2h 35m,non-stop,No info,4804
GoAir,9/05/2019,Delhi,Cochin,DEL → AMD → COK,07:25,13:35,6h 10m,1 stop,No info,5842
IndiGo,3/03/2019,Kolkata,Banglore,CCU → BLR,22:10,00:55 04 Mar,2h 45m,non-stop,No info,5618
SpiceJet,21/05/2019,Kolkata,Banglore,CCU → BLR,17:10,19:40,2h 30m,non-stop,No info,3873
IndiGo,27/04/2019,Banglore,Delhi,BLR → DEL,10:10,13:00,2h 50m,non-stop,No info,4423
IndiGo,15/06/2019,Delhi,Cochin,DEL → BOM → COK,08:30,21:00,12h 30m,1 stop,No info,6416
Jet Airways,1/06/2019,Delhi,Cochin,DEL → BOM → COK,21:50,12:35 02 Jun,14h 45m,1 stop,No info,14714
Multiple carriers,24/06/2019,Delhi,Cochin,DEL → BOM → COK,08:45,19:15,10h 30m,1 stop,No info,9001
IndiGo,1/05/2019,Kolkata,Banglore,CCU → HYD → BLR,19:20,23:45,4h 25m,1 stop,No info,3809
Multiple carriers,18/05/2019,Delhi,Cochin,DEL → BOM → COK,15:00,01:30 19 May,10h 30m,1 stop,No info,13727
GoAir,27/04/2019,Banglore,Delhi,BLR → DEL,20:55,23:40,2h 45m,non-stop,No info,3898
IndiGo,15/05/2019,Mumbai,Hyderabad,BOM → HYD,21:20,22:50,1h 30m,non-stop,No info,2227
IndiGo,9/06/2019,Delhi,Cochin,DEL → BOM → COK,10:35,21:00,10h 25m,1 stop,No info,6314
SpiceJet,9/06/2019,Delhi,Cochin,DEL → BLR → COK,17:55,22:50,4h 55m,1 stop,No info,5409
IndiGo,21/05/2019,Kolkata,Banglore,CCU → PNQ → BLR,21:00,02:15 22 May,5h 15m,1 stop,No info,7228
Jet Airways,15/05/2019,Kolkata,Banglore,CCU → BOM → BLR,06:30,16:20,9h 50m,1 stop,No info,14781
Jet Airways,21/05/2019,Kolkata,Banglore,CCU → BOM → BLR,14:05,10:05 22 May,20h,1 stop,In-flight meal not included,9663
IndiGo,6/06/2019,Delhi,Cochin,DEL → BLR → COK,17:05,22:25,5h 20m,1 stop,No info,6493
Multiple carriers Premium economy,21/03/2019,Delhi,Cochin,DEL → BOM → COK,07:30,18:50,11h 20m,1 stop,No info,14629
Jet Airways,01/03/2019,Banglore,New Delhi,BLR → BOM → DEL,11:40,10:25 02 Mar,22h 45m,1 stop,No info,25735
Jet Airways,27/03/2019,Delhi,Cochin,DEL → IDR → BOM → COK,05:25,04:25 28 Mar,23h,2 stops,In-flight meal not included,9254
IndiGo,15/03/2019,Chennai,Kolkata,MAA → CCU,07:55,10:15,2h 20m,non-stop,No info,6297
Jet Airways,15/03/2019,Banglore,New Delhi,BLR → BOM → DEL,07:00,12:15,5h 15m,1 stop,No info,17524
IndiGo,21/05/2019,Kolkata,Banglore,CCU → BLR,22:15,00:50 22 May,2h 35m,non-stop,No info,4804
Air Asia,6/04/2019,Kolkata,Banglore,CCU → BLR,19:55,22:25,2h 30m,non-stop,No info,3807
SpiceJet,24/03/2019,Chennai,Kolkata,MAA → CCU,09:30,12:05,2h 35m,non-stop,No info,3859
Multiple carriers,24/05/2019,Delhi,Cochin,DEL → BOM → COK,07:30,19:00,11h 30m,1 stop,No info,10529
Multiple carriers,3/03/2019,Delhi,Cochin,DEL → BOM → COK,02:15,15:30,13h 15m,1 stop,No info,17057
Air Asia,21/05/2019,Delhi,Cochin,DEL → BLR → COK,16:45,22:30,5h 45m,1 stop,No info,8028
IndiGo,6/03/2019,Delhi,Cochin,DEL → COK,14:30,17:35,3h 5m,non-stop,No info,7673
IndiGo,27/05/2019,Banglore,Delhi,BLR → DEL,16:55,19:55,3h,non-stop,No info,4823
Jet Airways,1/05/2019,Kolkata,Banglore,CCU → DEL → BLR,09:35,19:10,9h 35m,1 stop,No info,11467
Air India,21/06/2019,Kolkata,Banglore,CCU → BLR,14:15,16:45,2h 30m,non-stop,No info,5510
IndiGo,3/03/2019,Delhi,Cochin,DEL → MAA → COK,09:55,15:10,5h 15m,1 stop,No info,12214
Jet Airways,21/05/2019,Banglore,Delhi,BLR → DEL,19:50,22:50,3h,non-stop,In-flight meal not included,4030
IndiGo,27/03/2019,Delhi,Cochin,DEL → BOM → COK,15:00,01:35 28 Mar,10h 35m,1 stop,No info,8075
Jet Airways,18/05/2019,Kolkata,Banglore,CCU → BOM → BLR,16:30,16:20 19 May,23h 50m,1 stop,In-flight meal not included,10844
Jet Airways,24/05/2019,Kolkata,Banglore,CCU → BOM → BLR,14:05,20:45,6h 40m,1 stop,In-flight meal not included,10844
SpiceJet,27/05/2019,Mumbai,Hyderabad,BOM → HYD,22:45,00:15 28 May,1h 30m,non-stop,No info,2017
Air Asia,27/03/2019,Delhi,Cochin,DEL → BLR → COK,07:55,15:45,7h 50m,1 stop,No info,6151
Multiple carriers,18/05/2019,Delhi,Cochin,DEL → HYD → COK,09:45,22:30,12h 45m,1 stop,No info,10348
IndiGo,27/05/2019,Delhi,Cochin,DEL → BOM → COK,17:30,01:30 28 May,8h,1 stop,No info,6206
Jet Airways,24/06/2019,Delhi,Cochin,DEL → JAI → BOM → COK,09:40,12:35 25 Jun,26h 55m,2 stops,In-flight meal not included,10368
Air Asia,15/05/2019,Kolkata,Banglore,CCU → DEL → BLR,07:35,19:25,11h 50m,1 stop,No info,5192
Jet Airways,27/06/2019,Delhi,Cochin,DEL → JAI → BOM → COK,09:40,12:35 28 Jun,26h 55m,2 stops,In-flight meal not included,11118
GoAir,1/04/2019,Kolkata,Banglore,CCU → AMD → BLR,16:40,00:15 02 Apr,7h 35m,1 stop,No info,5171
IndiGo,9/05/2019,Kolkata,Banglore,CCU → BLR,22:15,00:50 10 May,2h 35m,non-stop,No info,4804
Jet Airways,6/06/2019,Delhi,Cochin,DEL → JAI → BOM → COK,09:40,12:35 07 Jun,26h 55m,2 stops,In-flight meal not included,11733
Jet Airways,01/03/2019,Banglore,New Delhi,BLR → BOM → DEL,22:50,21:20 02 Mar,22h 30m,1 stop,No info,25735
Jet Airways,6/06/2019,Delhi,Cochin,DEL → IDR → BOM → COK,05:30,19:00,13h 30m,2 stops,No info,13292
IndiGo,1/06/2019,Chennai,Kolkata,MAA → CCU,07:55,10:15,2h 20m,non-stop,No info,3850
Jet Airways,27/03/2019,Mumbai,Hyderabad,BOM → HYD,02:55,04:25,1h 30m,non-stop,No info,5678
IndiGo,27/06/2019,Delhi,Cochin,DEL → PNQ → COK,23:30,04:35 28 Jun,5h 5m,1 stop,No info,9165
IndiGo,21/06/2019,Delhi,Cochin,DEL → COK,14:25,17:40,3h 15m,non-stop,No info,5000
Jet Airways,06/03/2019,Banglore,New Delhi,BLR → BOM → DEL,20:35,08:15 07 Mar,11h 40m,1 stop,No info,16736
SpiceJet,27/06/2019,Kolkata,Banglore,CCU → BLR,09:00,11:25,2h 25m,non-stop,No check-in baggage included,3841
Multiple carriers,24/06/2019,Delhi,Cochin,DEL → BOM → COK,10:20,21:00,10h 40m,1 stop,In-flight meal not included,6007
SpiceJet,1/03/2019,Kolkata,Banglore,CCU → BLR,06:55,09:35,2h 40m,non-stop,No info,4622
Air India,24/06/2019,Kolkata,Banglore,CCU → BLR,14:15,16:45,2h 30m,non-stop,No info,5510
IndiGo,9/03/2019,Kolkata,Banglore,CCU → BLR,20:25,23:05,2h 40m,non-stop,No info,4148
Jet Airways,3/06/2019,Delhi,Cochin,DEL → COK,11:00,14:15,3h 15m,non-stop,In-flight meal not included,7202
Air Asia,6/04/2019,Banglore,Delhi,BLR → DEL,23:55,02:45 07 Apr,2h 50m,non-stop,No info,3383
IndiGo,1/05/2019,Banglore,Delhi,BLR → DEL,23:30,02:20 02 May,2h 50m,non-stop,No info,4591
Air Asia,15/06/2019,Delhi,Cochin,DEL → BLR → COK,07:55,22:25,14h 30m,1 stop,No info,6253
Multiple carriers Premium economy,21/03/2019,Delhi,Cochin,DEL → BOM → COK,06:00,18:50,12h 50m,1 stop,No info,14629
Multiple carriers,9/05/2019,Delhi,Cochin,DEL → BOM → COK,13:00,19:15,6h 15m,1 stop,No info,14323
IndiGo,15/05/2019,Chennai,Kolkata,MAA → CCU,07:55,10:15,2h 20m,non-stop,No info,3850
Jet Airways,12/04/2019,Banglore,Delhi,BLR → DEL,17:45,20:45,3h,non-stop,No info,7229
Jet Airways,1/06/2019,Delhi,Cochin,DEL → BOM → COK,08:00,19:00,11h,1 stop,No info,14714
Jet Airways,15/03/2019,Banglore,New Delhi,BLR → BOM → DEL,07:00,12:25,5h 25m,1 stop,In-flight meal not included,9134
Jet Airways,24/06/2019,Banglore,Delhi,BLR → DEL,17:45,20:45,3h,non-stop,No info,8016
Jet Airways,6/06/2019,Delhi,Cochin,DEL → BOM → COK,07:05,04:25 07 Jun,21h 20m,1 stop,In-flight meal not included,10262
Jet Airways,18/05/2019,Delhi,Cochin,DEL → BOM → COK,22:50,04:25 19 May,5h 35m,1 stop,No info,15554
Vistara,03/03/2019,Banglore,New Delhi,BLR → DEL,09:50,12:35,2h 45m,non-stop,No info,8028
Jet Airways,3/06/2019,Delhi,Cochin,DEL → BOM → COK,15:00,04:25 04 Jun,13h 25m,1 stop,No info,14714
Vistara,6/03/2019,Mumbai,Hyderabad,BOM → DEL → HYD,07:30,09:25 07 Mar,25h 55m,1 stop,No info,12395
Jet Airways,1/04/2019,Mumbai,Hyderabad,BOM → HYD,10:20,11:50,1h 30m,non-stop,In-flight meal not included,3205
Jet Airways,12/06/2019,Delhi,Cochin,DEL → NAG → BOM → COK,14:35,04:25 13 Jun,13h 50m,2 stops,No info,13376
SpiceJet,6/03/2019,Kolkata,Banglore,CCU → BLR,22:20,00:40 07 Mar,2h 20m,non-stop,No info,3849
IndiGo,12/05/2019,Kolkata,Banglore,CCU → HYD → BLR,19:20,23:45,4h 25m,1 stop,No info,4205
Air India,27/05/2019,Banglore,Delhi,BLR → DEL,13:20,16:10,2h 50m,non-stop,No info,5228
Jet Airways,21/03/2019,Delhi,Cochin,DEL → AMD → BOM → COK,19:10,18:50 22 Mar,23h 40m,2 stops,No info,9483
SpiceJet,6/06/2019,Mumbai,Hyderabad,BOM → HYD,13:15,14:45,1h 30m,non-stop,No check-in baggage included,1965
Jet Airways,9/05/2019,Delhi,Cochin,DEL → AMD → BOM → COK,13:25,19:00 10 May,29h 35m,2 stops,No info,15129
Multiple carriers,24/06/2019,Delhi,Cochin,DEL → BOM → COK,09:15,19:15,10h,1 stop,No info,8099
Jet Airways,9/06/2019,Delhi,Cochin,DEL → JAI → BOM → COK,09:40,12:35 10 Jun,26h 55m,2 stops,No info,13014
IndiGo,18/05/2019,Delhi,Cochin,DEL → HYD → COK,08:35,22:30,13h 55m,1 stop,No info,7144
SpiceJet,18/05/2019,Kolkata,Banglore,CCU → BLR,09:00,11:25,2h 25m,non-stop,No check-in baggage included,4439
Jet Airways,12/06/2019,Delhi,Cochin,DEL → BOM → COK,13:00,19:00,6h,1 stop,In-flight meal not included,10262
Air India,15/05/2019,Kolkata,Banglore,CCU → GAU → DEL → BLR,09:50,08:55 16 May,23h 5m,2 stops,No info,14960
IndiGo,18/05/2019,Delhi,Cochin,DEL → PNQ → COK,23:30,04:35 19 May,5h 5m,1 stop,No info,10958
IndiGo,21/06/2019,Chennai,Kolkata,MAA → CCU,11:35,14:00,2h 25m,non-stop,No info,3858
Jet Airways,9/06/2019,Delhi,Cochin,DEL → BOM → COK,13:00,19:00,6h,1 stop,In-flight meal not included,10262
Jet Airways,9/06/2019,Kolkata,Banglore,CCU → GAU → BLR,10:20,17:35,7h 15m,1 stop,No info,8355
Jet Airways,18/05/2019,Kolkata,Banglore,CCU → BOM → BLR,05:45,18:15,12h 30m,1 stop,In-flight meal not included,10844
Air India,12/03/2019,Mumbai,Hyderabad,BOM → BHO → DEL → HYD,06:00,11:55 13 Mar,29h 55m,2 stops,No info,12854
Air India,12/06/2019,Mumbai,Hyderabad,BOM → HYD,21:05,22:25,1h 20m,non-stop,No info,3100
Jet Airways,9/06/2019,Kolkata,Banglore,CCU → DEL → BLR,17:00,23:35,6h 35m,1 stop,No info,14676
Air India,21/05/2019,Chennai,Kolkata,MAA → CCU,11:40,13:55,2h 15m,non-stop,No info,4667
Vistara,3/04/2019,Banglore,Delhi,BLR → DEL,11:30,14:20,2h 50m,non-stop,No info,5403
IndiGo,12/05/2019,Banglore,Delhi,BLR → DEL,23:30,02:20 13 May,2h 50m,non-stop,No info,4591
Jet Airways,06/03/2019,Banglore,New Delhi,BLR → BOM → DEL,14:05,20:20,6h 15m,1 stop,No info,19225
Jet Airways,24/06/2019,Delhi,Cochin,DEL → JAI → BOM → COK,19:30,04:25 25 Jun,8h 55m,2 stops,No info,13014
Jet Airways,06/03/2019,Banglore,New Delhi,BLR → BOM → DEL,08:55,23:00,14h 5m,1 stop,No info,16736
Air Asia,1/04/2019,Kolkata,Banglore,CCU → BBI → BLR,06:50,10:30,3h 40m,1 stop,No info,5162
Jet Airways,06/03/2019,Banglore,New Delhi,BLR → BOM → DEL,11:40,09:30 07 Mar,21h 50m,1 stop,No info,17261
Jet Airways,24/03/2019,Banglore,New Delhi,BLR → DEL,19:55,22:35,2h 40m,non-stop,No info,8016
Jet Airways,15/06/2019,Delhi,Cochin,DEL → BOM → COK,10:00,19:00,9h,1 stop,In-flight meal not included,10262
IndiGo,21/04/2019,Banglore,Delhi,BLR → DEL,01:30,04:15,2h 45m,non-stop,No info,4591
Multiple carriers,6/03/2019,Delhi,Cochin,DEL → BOM → COK,09:00,15:30,6h 30m,1 stop,In-flight meal not included,15136
IndiGo,15/06/2019,Chennai,Kolkata,MAA → CCU,19:35,21:55,2h 20m,non-stop,No info,3597
Jet Airways,27/05/2019,Delhi,Cochin,DEL → JAI → BOM → COK,05:30,19:00,13h 30m,2 stops,No info,15129
Multiple carriers,24/06/2019,Delhi,Cochin,DEL → BOM → COK,19:00,01:30 25 Jun,6h 30m,1 stop,No info,6795
Air India,3/04/2019,Mumbai,Hyderabad,BOM → HYD,13:55,15:25,1h 30m,non-stop,No info,2575
Multiple carriers,21/05/2019,Delhi,Cochin,DEL → BOM → COK,06:40,19:15,12h 35m,1 stop,No info,7787
Jet Airways,3/06/2019,Delhi,Cochin,DEL → BOM → COK,19:15,12:35 04 Jun,17h 20m,1 stop,No info,14714
IndiGo,12/06/2019,Kolkata,Banglore,CCU → BLR,17:15,19:50,2h 35m,non-stop,No info,4804
Multiple carriers,1/06/2019,Delhi,Cochin,DEL → BOM → COK,03:50,19:00,15h 10m,1 stop,No info,12192
Jet Airways,9/06/2019,Delhi,Cochin,DEL → BOM → COK,16:00,04:25 10 Jun,12h 25m,1 stop,In-flight meal not included,10577
Air India,3/04/2019,Banglore,Delhi,BLR → DEL,06:10,08:55,2h 45m,non-stop,No info,4441
IndiGo,15/03/2019,Banglore,New Delhi,BLR → HYD → DEL,16:15,20:35,4h 20m,1 stop,No info,5607
Jet Airways,6/06/2019,Kolkata,Banglore,CCU → DEL → BLR,20:25,09:45 07 Jun,13h 20m,1 stop,In-flight meal not included,10539
Jet Airways,9/06/2019,Kolkata,Banglore,CCU → BOM → BLR,14:05,23:35,9h 30m,1 stop,In-flight meal not included,10844
Multiple carriers Premium economy,21/03/2019,Delhi,Cochin,DEL → BOM → COK,08:55,21:00,12h 5m,1 stop,No info,9845
SpiceJet,15/04/2019,Banglore,Delhi,BLR → DEL,05:55,08:35,2h 40m,non-stop,No info,4423
SpiceJet,21/06/2019,Banglore,Delhi,BLR → DEL,05:55,08:35,2h 40m,non-stop,No info,3971
Jet Airways,27/05/2019,Delhi,Cochin,DEL → JAI → BOM → COK,19:30,12:35 28 May,17h 5m,2 stops,No info,15129
IndiGo,18/05/2019,Kolkata,Banglore,CCU → BLR,15:30,18:05,2h 35m,non-stop,No info,4804
IndiGo,9/06/2019,Mumbai,Hyderabad,BOM → HYD,06:25,07:55,1h 30m,non-stop,No info,4049
Jet Airways,3/06/2019,Delhi,Cochin,DEL → BOM → COK,21:50,04:25 04 Jun,6h 35m,1 stop,No info,16079
Air India,12/03/2019,Kolkata,Banglore,CCU → BLR,14:15,16:45,2h 30m,non-stop,No info,5747
Jet Airways,21/03/2019,Banglore,New Delhi,BLR → BOM → DEL,14:05,19:10,5h 5m,1 stop,In-flight meal not included,7832
Jet Airways,12/06/2019,Kolkata,Banglore,CCU → BOM → BLR,08:25,16:20,7h 55m,1 stop,In-flight meal not included,9899
Vistara,1/06/2019,Banglore,Delhi,BLR → DEL,21:00,23:50,2h 50m,non-stop,No info,4668
IndiGo,27/05/2019,Banglore,Delhi,BLR → DEL,00:30,03:25,2h 55m,non-stop,No info,3419
Jet Airways,18/05/2019,Delhi,Cochin,DEL → AMD → BOM → COK,13:25,12:35 19 May,23h 10m,2 stops,No info,16704
Jet Airways,6/06/2019,Delhi,Cochin,DEL → NAG → BOM → COK,14:35,04:25 07 Jun,13h 50m,2 stops,In-flight meal not included,10919
Jet Airways,27/05/2019,Delhi,Cochin,DEL → BOM → COK,21:50,12:35 28 May,14h 45m,1 stop,In-flight meal not included,12898
IndiGo,9/04/2019,Kolkata,Banglore,CCU → BLR,20:20,22:55,2h 35m,non-stop,No info,4488
Air India,15/03/2019,Banglore,New Delhi,BLR → GAU → DEL,13:50,22:10,8h 20m,1 stop,No info,9166
Jet Airways,6/05/2019,Kolkata,Banglore,CCU → DEL → BLR,09:35,23:35,14h,1 stop,No info,12121
Multiple carriers,27/03/2019,Delhi,Cochin,DEL → BOM → COK,18:15,01:35 28 Mar,7h 20m,1 stop,No info,12327
IndiGo,12/06/2019,Mumbai,Hyderabad,BOM → HYD,06:25,07:55,1h 30m,non-stop,No info,4049
Multiple carriers,9/03/2019,Delhi,Cochin,DEL → HYD → MAA → COK,09:45,21:20,11h 35m,2 stops,No info,10090
Jet Airways,21/03/2019,Delhi,Cochin,DEL → IDR → BOM → COK,10:20,18:50 22 Mar,32h 30m,2 stops,No info,11664
SpiceJet,6/03/2019,Chennai,Kolkata,MAA → CCU,09:30,12:05,2h 35m,non-stop,No info,7298
Multiple carriers,6/06/2019,Delhi,Cochin,DEL → BOM → COK,12:50,19:15,6h 25m,1 stop,No info,8266
Jet Airways,06/03/2019,Banglore,New Delhi,BLR → BOM → DEL,08:55,05:05 07 Mar,20h 10m,1 stop,No info,16736
Air Asia,18/06/2019,Banglore,Delhi,BLR → DEL,11:10,13:55,2h 45m,non-stop,No info,3383
Air India,15/03/2019,Kolkata,Banglore,CCU → BLR,14:15,16:45,2h 30m,non-stop,No info,5170
IndiGo,03/03/2019,Banglore,New Delhi,BLR → DEL,22:20,01:10 07 Mar,2h 50m,non-stop,No info,7648
IndiGo,12/06/2019,Kolkata,Banglore,CCU → HYD → BLR,19:20,23:45,4h 25m,1 stop,No info,3574
Jet Airways,15/06/2019,Delhi,Cochin,DEL → BOM → COK,09:00,19:00,10h,1 stop,No info,14714
Jet Airways,6/03/2019,Delhi,Cochin,DEL → BOM → COK,16:00,04:25 07 Mar,12h 25m,1 stop,No info,15764
Jet Airways,21/05/2019,Kolkata,Banglore,CCU → DEL → BLR,09:35,14:25 22 May,28h 50m,1 stop,No info,11467
Multiple carriers,3/06/2019,Delhi,Cochin,DEL → BOM → COK,10:35,19:15,8h 40m,1 stop,No info,7354
Jet Airways,18/05/2019,Delhi,Cochin,DEL → AMD → BOM → COK,19:10,19:00 19 May,23h 50m,2 stops,No info,16704
Jet Airways,27/05/2019,Delhi,Cochin,DEL → JAI → BOM → COK,19:30,12:35 28 May,17h 5m,2 stops,In-flight meal not included,13029
IndiGo,15/05/2019,Delhi,Cochin,DEL → BOM → COK,09:15,21:00,11h 45m,1 stop,No info,7503
Jet Airways,18/05/2019,Kolkata,Banglore,CCU → BOM → BLR,14:05,23:35,9h 30m,1 stop,In-flight meal not included,10844
Jet Airways,12/06/2019,Delhi,Cochin,DEL → BOM → COK,11:30,19:00,7h 30m,1 stop,No info,14714
Multiple carriers,3/03/2019,Delhi,Cochin,DEL → BOM → COK,08:25,18:50,10h 25m,1 stop,No info,15135
Air India,9/05/2019,Kolkata,Banglore,CCU → DEL → BLR,20:30,08:55 10 May,12h 25m,1 stop,No info,10203
Air Asia,9/03/2019,Delhi,Cochin,DEL → BLR → COK,20:10,07:10 10 Mar,11h,1 stop,No info,8327
IndiGo,3/06/2019,Delhi,Cochin,DEL → BOM → COK,09:15,21:00,11h 45m,1 stop,No info,6838
Air Asia,12/05/2019,Banglore,Delhi,BLR → DEL,11:10,13:55,2h 45m,non-stop,No info,3383
Jet Airways,12/03/2019,Banglore,New Delhi,BLR → BOM → DEL,18:55,11:25 13 Mar,16h 30m,1 stop,In-flight meal not included,11087
Jet Airways,1/06/2019,Delhi,Cochin,DEL → BOM → COK,14:00,19:00,5h,1 stop,In-flight meal not included,10262
Jet Airways,15/05/2019,Mumbai,Hyderabad,BOM → HYD,02:55,04:20,1h 25m,non-stop,No info,5678
Air India,3/04/2019,Kolkata,Banglore,CCU → HYD → BLR,19:00,11:05 04 Apr,16h 5m,1 stop,No info,4227
Multiple carriers,18/05/2019,Delhi,Cochin,DEL → BOM → COK,10:20,21:00,10h 40m,1 stop,No info,7670
Air India,6/03/2019,Mumbai,Hyderabad,BOM → BLR → HYD,20:15,09:15 07 Mar,13h,1 stop,No info,9535
Jet Airways,15/05/2019,Banglore,Delhi,BLR → DEL,17:45,20:45,3h,non-stop,No info,7229
Jet Airways,12/06/2019,Banglore,Delhi,BLR → DEL,15:15,18:10,2h 55m,non-stop,In-flight meal not included,5769
IndiGo,1/05/2019,Kolkata,Banglore,CCU → BLR,11:30,14:05,2h 35m,non-stop,No info,5644
SpiceJet,24/06/2019,Kolkata,Banglore,CCU → BLR,17:10,19:40,2h 30m,non-stop,No info,3873
Air Asia,6/06/2019,Kolkata,Banglore,CCU → BLR,19:55,22:25,2h 30m,non-stop,No info,4508
Vistara,12/06/2019,Kolkata,Banglore,CCU → DEL → BLR,07:10,22:40,15h 30m,1 stop,No info,8452
Jet Airways,27/03/2019,Delhi,Cochin,DEL → AMD → BOM → COK,19:10,04:25 28 Mar,9h 15m,2 stops,No info,10976
Jet Airways,27/03/2019,Delhi,Cochin,DEL → BOM → COK,16:00,04:25 28 Mar,12h 25m,1 stop,In-flight meal not included,6540
Jet Airways,21/03/2019,Delhi,Cochin,DEL → BDQ → BOM → COK,10:45,18:50 22 Mar,32h 5m,2 stops,No info,11869
Multiple carriers,6/06/2019,Delhi,Cochin,DEL → BOM → COK,10:00,01:30 07 Jun,15h 30m,1 stop,No info,13377
IndiGo,18/05/2019,Delhi,Cochin,DEL → HYD → COK,06:50,22:30,15h 40m,1 stop,No info,7144
Air India,15/03/2019,Mumbai,Hyderabad,BOM → HYD,06:20,07:40,1h 20m,non-stop,No info,3100
IndiGo,3/03/2019,Mumbai,Hyderabad,BOM → HYD,20:05,21:35,1h 30m,non-stop,No info,5232
Jet Airways,24/05/2019,Kolkata,Banglore,CCU → BOM → BLR,16:30,23:35,7h 5m,1 stop,No info,14571
Vistara,3/03/2019,Chennai,Kolkata,MAA → CCU,07:05,09:20,2h 15m,non-stop,No info,5944
IndiGo,24/06/2019,Chennai,Kolkata,MAA → CCU,11:35,14:00,2h 25m,non-stop,No info,3858
Air India,21/03/2019,Delhi,Cochin,DEL → BOM → COK,21:00,07:40 22 Mar,10h 40m,1 stop,No info,6902
IndiGo,9/06/2019,Kolkata,Banglore,CCU → BLR,09:35,12:20,2h 45m,non-stop,No info,4804
Jet Airways,27/06/2019,Delhi,Cochin,DEL → AMD → BOM → COK,13:25,19:00 28 Jun,29h 35m,2 stops,No info,12819
Jet Airways,24/03/2019,Kolkata,Banglore,CCU → BOM → BLR,19:45,22:35 25 Mar,26h 50m,1 stop,In-flight meal not included,10031
SpiceJet,21/03/2019,Kolkata,Banglore,CCU → BLR,06:55,09:35,2h 40m,non-stop,No info,4148
Air Asia,1/04/2019,Banglore,Delhi,BLR → DEL,04:55,07:45,2h 50m,non-stop,No info,4282
SpiceJet,9/06/2019,Mumbai,Hyderabad,BOM → HYD,05:45,07:15,1h 30m,non-stop,No info,2753
Jet Airways,15/05/2019,Kolkata,Banglore,CCU → DEL → BLR,20:25,23:35 16 May,27h 10m,1 stop,No info,14151
SpiceJet,1/06/2019,Kolkata,Banglore,CCU → BLR,06:55,09:30,2h 35m,non-stop,No check-in baggage included,3841
Multiple carriers Premium economy,21/03/2019,Delhi,Cochin,DEL → BOM → COK,08:55,15:30,6h 35m,1 stop,No info,11269
Jet Airways,15/03/2019,Banglore,New Delhi,BLR → BOM → DEL,08:55,08:15 16 Mar,23h 20m,1 stop,In-flight meal not included,10405
Jet Airways,27/06/2019,Delhi,Cochin,DEL → JDH → BOM → COK,11:40,19:00,7h 20m,2 stops,No info,18804
Jet Airways,1/04/2019,Banglore,Delhi,BLR → DEL,06:00,08:45,2h 45m,non-stop,No info,7229
IndiGo,6/03/2019,Delhi,Cochin,DEL → HYD → COK,08:35,22:20,13h 45m,1 stop,No info,7514
Jet Airways,1/06/2019,Delhi,Cochin,DEL → BOM → COK,02:15,04:25 02 Jun,26h 10m,1 stop,In-flight meal not included,10262
IndiGo,15/05/2019,Delhi,Cochin,DEL → HYD → COK,07:35,22:30,14h 55m,1 stop,No info,6442
IndiGo,1/06/2019,Delhi,Cochin,DEL → BOM → COK,15:00,01:30 02 Jun,10h 30m,1 stop,No info,6628
Jet Airways,24/05/2019,Kolkata,Banglore,CCU → BOM → BLR,16:30,09:20 25 May,16h 50m,1 stop,No info,14178
Air India,1/05/2019,Kolkata,Banglore,CCU → DEL → BLR,07:00,16:15,9h 15m,1 stop,No info,10203
Jet Airways,18/05/2019,Kolkata,Banglore,CCU → BOM → BLR,05:45,16:20,10h 35m,1 stop,In-flight meal not included,10844
Jet Airways,9/06/2019,Delhi,Cochin,DEL → JAI → BOM → COK,19:30,04:25 10 Jun,8h 55m,2 stops,No info,13014
Air India,27/03/2019,Delhi,Cochin,DEL → BLR → COK,06:10,08:15 28 Mar,26h 5m,1 stop,No info,6681
SpiceJet,9/03/2019,Kolkata,Banglore,CCU → BLR,22:20,00:40 10 Mar,2h 20m,non-stop,No info,4622
IndiGo,27/05/2019,Banglore,Delhi,BLR → DEL,13:00,15:50,2h 50m,non-stop,No info,3943
Jet Airways,6/06/2019,Kolkata,Banglore,CCU → BOM → BLR,20:00,08:15 07 Jun,12h 15m,1 stop,No info,14571
IndiGo,24/03/2019,Banglore,New Delhi,BLR → DEL,06:00,08:45,2h 45m,non-stop,No info,4777
Air India,18/04/2019,Banglore,Delhi,BLR → DEL,21:05,23:55,2h 50m,non-stop,No info,5228
Jet Airways,06/03/2019,Banglore,New Delhi,BLR → BOM → DEL,08:00,23:00,15h,1 stop,No info,16736
Jet Airways,1/05/2019,Kolkata,Banglore,CCU → BOM → BLR,18:55,10:05 02 May,15h 10m,1 stop,No info,13941
Multiple carriers,21/05/2019,Delhi,Cochin,DEL → BOM → COK,11:40,19:15,7h 35m,1 stop,No info,8266
IndiGo,9/06/2019,Banglore,Delhi,BLR → DEL,00:25,03:15,2h 50m,non-stop,No info,3943
Air Asia,21/03/2019,Kolkata,Banglore,CCU → BLR,10:20,12:55,2h 35m,non-stop,No info,4082
Air India,24/05/2019,Kolkata,Banglore,CCU → BBI → HYD → BLR,09:10,11:05 25 May,25h 55m,2 stops,No info,6117
Jet Airways,12/05/2019,Kolkata,Banglore,CCU → DEL → BLR,17:00,22:05 13 May,29h 5m,1 stop,No info,13067
Jet Airways,9/06/2019,Kolkata,Banglore,CCU → BOM → BLR,21:10,04:40 10 Jun,7h 30m,1 stop,In-flight meal not included,8586
Multiple carriers,12/06/2019,Delhi,Cochin,DEL → BOM → COK,11:40,21:00,9h 20m,1 stop,No info,7005
Vistara,1/05/2019,Banglore,Delhi,BLR → DEL,07:00,09:40,2h 40m,non-stop,No info,4668
IndiGo,15/06/2019,Chennai,Kolkata,MAA → CCU,13:15,15:35,2h 20m,non-stop,No info,3597
Jet Airways,1/06/2019,Delhi,Cochin,DEL → BOM → COK,15:00,19:00 02 Jun,28h,1 stop,No info,14714
Jet Airways,21/03/2019,Delhi,Cochin,DEL → BDQ → BOM → COK,10:45,18:50 22 Mar,32h 5m,2 stops,In-flight meal not included,7791
SpiceJet,18/06/2019,Banglore,Delhi,BLR → DEL,09:30,12:20,2h 50m,non-stop,No check-in baggage included,3257
IndiGo,18/06/2019,Mumbai,Hyderabad,BOM → HYD,20:05,21:40,1h 35m,non-stop,No info,2227
IndiGo,3/03/2019,Delhi,Cochin,DEL → COK,05:35,08:50,3h 15m,non-stop,No info,7673
SpiceJet,12/05/2019,Chennai,Kolkata,MAA → CCU,17:45,20:05,2h 20m,non-stop,No info,3597
IndiGo,27/04/2019,Kolkata,Banglore,CCU → BLR,15:30,18:05,2h 35m,non-stop,No info,4804
Multiple carriers,9/05/2019,Delhi,Cochin,DEL → BOM → COK,06:00,21:00,15h,1 stop,No info,7670
Jet Airways,18/04/2019,Banglore,Delhi,BLR → DEL,07:10,10:10,3h,non-stop,No info,7229
IndiGo,09/03/2019,Banglore,New Delhi,BLR → HYD → DEL,12:05,17:05,5h,1 stop,No info,4588
Jet Airways,6/03/2019,Delhi,Cochin,DEL → BOM → COK,11:30,18:50,7h 20m,1 stop,No info,17024
IndiGo,15/05/2019,Delhi,Cochin,DEL → BLR → COK,15:10,20:00,4h 50m,1 stop,No info,6027
Vistara,6/04/2019,Banglore,Delhi,BLR → DEL,19:30,22:15,2h 45m,non-stop,No info,5613
Jet Airways,9/06/2019,Delhi,Cochin,DEL → JAI → BOM → COK,09:40,04:25 10 Jun,18h 45m,2 stops,In-flight meal not included,10368
Jet Airways,06/03/2019,Banglore,New Delhi,BLR → BOM → DEL,05:45,19:10,13h 25m,1 stop,No info,16736
IndiGo,21/04/2019,Kolkata,Banglore,CCU → BLR,14:25,16:55,2h 30m,non-stop,No info,5644
Jet Airways,6/03/2019,Mumbai,Hyderabad,BOM → IDR → DEL → HYD,17:50,16:50 07 Mar,23h,2 stops,No info,20845
IndiGo,18/05/2019,Delhi,Cochin,DEL → HYD → COK,07:35,16:10,8h 35m,1 stop,No info,6442
SpiceJet,27/05/2019,Banglore,Delhi,BLR → DEL,21:10,00:05 28 May,2h 55m,non-stop,No check-in baggage included,3257
Jet Airways,01/03/2019,Banglore,New Delhi,BLR → BOM → DEL,14:05,10:25 02 Mar,20h 20m,1 stop,No info,20800
SpiceJet,15/04/2019,Banglore,Delhi,BLR → DEL,09:30,12:20,2h 50m,non-stop,No info,4423
Air India,18/04/2019,Banglore,Delhi,BLR → DEL,17:00,19:45,2h 45m,non-stop,No info,6121
Air India,6/05/2019,Kolkata,Banglore,CCU → GAU → BLR,09:50,21:05,11h 15m,1 stop,No info,7452
Jet Airways,12/06/2019,Delhi,Cochin,DEL → BOM → COK,09:00,12:35 13 Jun,27h 35m,1 stop,In-flight meal not included,10262
Jet Airways,27/05/2019,Delhi,Cochin,DEL → BOM → COK,17:30,12:35 28 May,19h 5m,1 stop,In-flight meal not included,12898
Jet Airways,1/04/2019,Kolkata,Banglore,CCU → BOM → BLR,18:55,04:40 02 Apr,9h 45m,1 stop,In-flight meal not included,7064
Jet Airways,27/05/2019,Banglore,Delhi,BLR → DEL,07:10,10:10,3h,non-stop,No info,7229
Vistara,01/03/2019,Banglore,New Delhi,BLR → DEL,07:00,09:40,2h 40m,non-stop,No info,21520
Jet Airways,1/06/2019,Delhi,Cochin,DEL → BOM → COK,07:05,19:00,11h 55m,1 stop,In-flight meal not included,15190
Multiple carriers,3/06/2019,Delhi,Cochin,DEL → BOM → COK,09:00,21:00,12h,1 stop,No info,8930
IndiGo,21/06/2019,Banglore,Delhi,BLR → DEL,08:30,11:20,2h 50m,non-stop,No info,4823
Jet Airways,9/05/2019,Delhi,Cochin,DEL → BOM → COK,07:05,04:25 10 May,21h 20m,1 stop,In-flight meal not included,12373
Vistara,6/05/2019,Banglore,Delhi,BLR → DEL,21:00,23:50,2h 50m,non-stop,No info,4668
Multiple carriers,9/06/2019,Delhi,Cochin,DEL → GWL → IDR → BOM → COK,11:35,01:30 10 Jun,13h 55m,3 stops,No info,15419
Air India,12/06/2019,Delhi,Cochin,DEL → LKO → BOM → COK,07:10,19:15,12h 5m,2 stops,No info,12488
Air India,15/05/2019,Kolkata,Banglore,CCU → BOM → HBX → BLR,09:25,18:20,8h 55m,2 stops,No info,8366
Multiple carriers,24/06/2019,Delhi,Cochin,DEL → BOM → COK,04:55,19:00,14h 5m,1 stop,No info,10678
Air India,21/03/2019,Delhi,Cochin,DEL → HYD → BOM → COK,17:15,07:40 22 Mar,14h 25m,2 stops,No info,8052
Air Asia,12/06/2019,Kolkata,Banglore,CCU → BLR,10:20,12:55,2h 35m,non-stop,No info,3807
Jet Airways,09/03/2019,Banglore,New Delhi,BLR → DEL,19:55,22:35,2h 40m,non-stop,No info,7229
Multiple carriers,27/05/2019,Delhi,Cochin,DEL → BOM → COK,08:45,19:00,10h 15m,1 stop,No info,10529
Multiple carriers,9/03/2019,Delhi,Cochin,DEL → BOM → COK,04:45,19:15,14h 30m,1 stop,No info,11249
Jet Airways,24/03/2019,Kolkata,Banglore,CCU → BOM → BLR,08:25,22:35,14h 10m,1 stop,In-flight meal not included,10031
SpiceJet,21/04/2019,Kolkata,Banglore,CCU → BLR,09:00,11:25,2h 25m,non-stop,No info,4491
Jet Airways,1/05/2019,Mumbai,Hyderabad,BOM → HYD,10:20,11:50,1h 30m,non-stop,No info,8040
Air India,12/05/2019,Chennai,Kolkata,MAA → CCU,11:40,13:55,2h 15m,non-stop,No info,4667
Vistara,18/04/2019,Banglore,Delhi,BLR → DEL,09:45,12:35,2h 50m,non-stop,No info,5403
Multiple carriers,27/03/2019,Delhi,Cochin,DEL → BOM → COK,08:55,19:15,10h 20m,1 stop,No info,8371
Jet Airways,12/03/2019,Banglore,New Delhi,BLR → BOM → DEL,21:25,10:25 13 Mar,13h,1 stop,No info,13817
Jet Airways,24/05/2019,Banglore,Delhi,BLR → DEL,07:10,10:10,3h,non-stop,In-flight meal not included,4030
Multiple carriers,9/06/2019,Delhi,Cochin,DEL → BOM → COK,10:00,01:30 10 Jun,15h 30m,1 stop,No info,7198
Air India,24/03/2019,Kolkata,Banglore,CCU → IXR → BBI → BLR,05:50,13:40,7h 50m,2 stops,No info,8005
Jet Airways,12/06/2019,Delhi,Cochin,DEL → NAG → BOM → COK,06:45,04:25 13 Jun,21h 40m,2 stops,No info,13376
Multiple carriers,15/06/2019,Delhi,Cochin,DEL → BOM → COK,06:00,19:00,13h,1 stop,No info,11789
Air Asia,6/03/2019,Kolkata,Banglore,CCU → BLR,22:50,01:20 07 Mar,2h 30m,non-stop,No info,4384
Air India,15/03/2019,Delhi,Cochin,DEL → COK,14:10,17:10,3h,non-stop,No info,5674
Air India,18/05/2019,Delhi,Cochin,DEL → HYD → MAA → COK,13:15,09:25 19 May,20h 10m,2 stops,No info,11307
Air India,9/06/2019,Mumbai,Hyderabad,BOM → HYD,21:05,22:25,1h 20m,non-stop,No info,3100
Multiple carriers,3/03/2019,Delhi,Cochin,DEL → BOM → COK,09:10,18:50,9h 40m,1 stop,No info,15135
Jet Airways,6/06/2019,Kolkata,Banglore,CCU → DEL → BLR,09:35,10:55 07 Jun,25h 20m,1 stop,In-flight meal not included,10539
Multiple carriers,1/06/2019,Delhi,Cochin,DEL → HYD → COK,07:05,16:10,9h 5m,1 stop,No info,9646
Jet Airways,03/03/2019,Banglore,New Delhi,BLR → BOM → DEL,08:00,07:40 07 Mar,23h 40m,1 stop,In-flight meal not included,13502
Jet Airways,21/06/2019,Delhi,Cochin,DEL → COK,11:00,14:15,3h 15m,non-stop,No info,9564
Air India,12/03/2019,Mumbai,Hyderabad,BOM → BLR → HYD,09:15,09:15 13 Mar,24h,1 stop,No info,8065
Jet Airways,1/04/2019,Kolkata,Banglore,CCU → BOM → BLR,20:00,12:00 02 Apr,16h,1 stop,In-flight meal not included,7064
Jet Airways,15/05/2019,Banglore,Delhi,BLR → DEL,19:50,22:50,3h,non-stop,In-flight meal not included,4030
SpiceJet,21/05/2019,Kolkata,Banglore,CCU → BLR,22:20,00:40 22 May,2h 20m,non-stop,No check-in baggage included,3841
Multiple carriers,9/05/2019,Delhi,Cochin,DEL → BOM → COK,10:20,21:00,10h 40m,1 stop,No info,7670
IndiGo,6/03/2019,Delhi,Cochin,DEL → HYD → COK,07:35,22:20,14h 45m,1 stop,No info,7094
Multiple carriers,6/06/2019,Delhi,Cochin,DEL → BOM → COK,08:00,21:00,13h,1 stop,No info,13587
SpiceJet,24/06/2019,Chennai,Kolkata,MAA → CCU,08:20,10:35,2h 15m,non-stop,No check-in baggage included,3543
Jet Airways,06/03/2019,Banglore,New Delhi,BLR → BOM → DEL,07:00,23:00,16h,1 stop,No info,16736
Air India,3/04/2019,Mumbai,Hyderabad,BOM → HYD,21:05,22:25,1h 20m,non-stop,No info,2050
Jet Airways,18/05/2019,Kolkata,Banglore,CCU → BOM → BLR,08:25,16:20,7h 55m,1 stop,No info,14781
IndiGo,27/05/2019,Delhi,Cochin,DEL → BLR → COK,02:00,07:45,5h 45m,1 stop,No info,6147
Jet Airways,27/06/2019,Delhi,Cochin,DEL → BOM → COK,14:00,19:00,5h,1 stop,No info,14714
Air India,24/05/2019,Delhi,Cochin,DEL → BOM → COK,23:00,19:15 25 May,20h 15m,1 stop,No info,8582
IndiGo,24/03/2019,Banglore,New Delhi,BLR → DEL,10:10,13:00,2h 50m,non-stop,No info,10067
SpiceJet,18/05/2019,Mumbai,Hyderabad,BOM → HYD,13:15,14:45,1h 30m,non-stop,No info,2227
IndiGo,24/03/2019,Banglore,New Delhi,BLR → DEL,07:10,10:05,2h 55m,non-stop,No info,6144
Jet Airways,18/03/2019,Banglore,New Delhi,BLR → BOM → DEL,16:55,23:00,6h 5m,1 stop,In-flight meal not included,11087
Air India,1/04/2019,Kolkata,Banglore,CCU → DEL → BLR,20:30,23:15 02 Apr,26h 45m,1 stop,No info,7211
Vistara,9/04/2019,Banglore,Delhi,BLR → DEL,19:30,22:15,2h 45m,non-stop,No info,5613
Air India,21/05/2019,Delhi,Cochin,DEL → BLR → COK,09:30,23:00,13h 30m,1 stop,No info,8907
Multiple carriers,27/06/2019,Delhi,Cochin,DEL → BOM → COK,08:00,19:00,11h,1 stop,No info,12192
Jet Airways,9/06/2019,Delhi,Cochin,DEL → IDR → BOM → COK,09:35,04:25 10 Jun,18h 50m,2 stops,No info,13292
IndiGo,21/05/2019,Delhi,Cochin,DEL → HYD → COK,08:35,18:10,9h 35m,1 stop,No info,6442
Jet Airways,6/05/2019,Kolkata,Banglore,CCU → BOM → BLR,21:10,10:05 07 May,12h 55m,1 stop,No info,13584
Jet Airways,27/06/2019,Delhi,Cochin,DEL → BOM → COK,22:50,04:25 28 Jun,5h 35m,1 stop,In-flight meal not included,12898
Air Asia,24/03/2019,Kolkata,Banglore,CCU → IXR → DEL → BLR,15:25,22:55,7h 30m,2 stops,No info,11245
Jet Airways,15/05/2019,Kolkata,Banglore,CCU → BOM → BLR,16:30,10:05 16 May,17h 35m,1 stop,No info,14781
Air Asia,9/05/2019,Delhi,Cochin,DEL → BLR → COK,20:45,07:10 10 May,10h 25m,1 stop,No info,6751
Jet Airways,27/04/2019,Banglore,Delhi,BLR → DEL,17:45,20:45,3h,non-stop,No info,7229
Jet Airways,9/05/2019,Delhi,Cochin,DEL → BOM → COK,17:30,19:00 10 May,25h 30m,1 stop,No info,15554
Air India,15/05/2019,Delhi,Cochin,DEL → BOM → COK,10:00,19:15,9h 15m,1 stop,No info,8372
Jet Airways,6/05/2019,Kolkata,Banglore,CCU → DEL → BLR,20:25,18:00 07 May,21h 35m,1 stop,No info,11467
Jet Airways,21/05/2019,Mumbai,Hyderabad,BOM → HYD,10:20,11:50,1h 30m,non-stop,In-flight meal not included,4995
SpiceJet,6/03/2019,Chennai,Kolkata,MAA → CCU,17:45,20:05,2h 20m,non-stop,No info,7298
Jet Airways,24/05/2019,Kolkata,Banglore,CCU → BOM → BLR,18:55,12:00 25 May,17h 5m,1 stop,In-flight meal not included,10844
Jet Airways,9/05/2019,Delhi,Cochin,DEL → JAI → BOM → COK,09:40,04:25 10 May,18h 45m,2 stops,No info,15129
SpiceJet,12/05/2019,Kolkata,Banglore,CCU → MAA → BLR,15:05,20:20,5h 15m,1 stop,No info,4649
Jet Airways,15/05/2019,Kolkata,Banglore,CCU → BOM → BLR,16:30,23:35,7h 5m,1 stop,No info,13941
IndiGo,27/03/2019,Kolkata,Banglore,CCU → BLR,20:25,23:05,2h 40m,non-stop,No info,4462
Jet Airways,15/06/2019,Banglore,Delhi,BLR → DEL,06:00,08:45,2h 45m,non-stop,In-flight meal not included,7229
Air Asia,15/04/2019,Kolkata,Banglore,CCU → BLR,10:20,12:55,2h 35m,non-stop,No info,4409
IndiGo,6/03/2019,Delhi,Cochin,DEL → HYD → COK,07:35,12:00,4h 25m,1 stop,No info,7725
Air India,27/06/2019,Delhi,Cochin,DEL → RPR → NAG → BOM → COK,05:15,19:15 28 Jun,38h,3 stops,No info,10703
Multiple carriers,1/06/2019,Delhi,Cochin,DEL → BOM → COK,11:40,21:00,9h 20m,1 stop,No info,7740
Vistara,6/05/2019,Banglore,Delhi,BLR → DEL,09:45,12:35,2h 50m,non-stop,No info,4668
Jet Airways,12/03/2019,Banglore,New Delhi,BLR → BOM → DEL,05:45,23:00,17h 15m,1 stop,No info,13817
Air India,27/05/2019,Delhi,Cochin,DEL → GOI → BOM → COK,10:55,19:15,8h 20m,2 stops,No info,13223
SpiceJet,27/05/2019,Kolkata,Banglore,CCU → BLR,17:10,19:40,2h 30m,non-stop,No info,3873
Air India,9/05/2019,Kolkata,Banglore,CCU → JAI → DEL → BLR,08:20,23:15,14h 55m,2 stops,No info,11432
Air India,18/03/2019,Banglore,New Delhi,BLR → AMD → DEL,00:30,08:45,8h 15m,1 stop,No info,13859
IndiGo,27/06/2019,Delhi,Cochin,DEL → BOM → COK,09:15,01:30 28 Jun,16h 15m,1 stop,No info,6628
Air India,15/06/2019,Mumbai,Hyderabad,BOM → HYD,19:30,20:45,1h 15m,non-stop,No info,3100
Air India,6/05/2019,Kolkata,Banglore,CCU → BBI → BLR,09:10,13:15,4h 5m,1 stop,No info,8996
IndiGo,01/03/2019,Banglore,New Delhi,BLR → DEL,23:30,02:20 02 Mar,2h 50m,non-stop,No info,10067
IndiGo,6/05/2019,Kolkata,Banglore,CCU → MAA → BLR,06:20,10:20,4h,1 stop,No info,4226
Jet Airways,24/06/2019,Delhi,Cochin,DEL → JAI → BOM → COK,05:30,19:00,13h 30m,2 stops,No info,13014
IndiGo,18/04/2019,Banglore,Delhi,BLR → DEL,22:10,01:00 19 Apr,2h 50m,non-stop,No info,4591
Jet Airways,06/03/2019,Banglore,New Delhi,BLR → BOM → DEL,20:35,10:25 07 Mar,13h 50m,1 stop,No info,17261
Air India,24/03/2019,Kolkata,Banglore,CCU → DEL → BLR,07:00,08:55 25 Mar,25h 55m,1 stop,No info,12173
Jet Airways,9/05/2019,Kolkata,Banglore,CCU → BOM → BLR,16:30,04:40 10 May,12h 10m,1 stop,No info,14781
Air India,12/05/2019,Kolkata,Banglore,CCU → IXR → DEL → BLR,05:50,20:25,14h 35m,2 stops,No info,12513
SpiceJet,1/06/2019,Chennai,Kolkata,MAA → CCU,17:45,20:05,2h 20m,non-stop,No check-in baggage included,3543
IndiGo,6/04/2019,Delhi,Cochin,DEL → BOM → COK,04:55,13:20,8h 25m,1 stop,No info,5307
Jet Airways,24/06/2019,Delhi,Cochin,DEL → BOM → COK,19:45,12:35 25 Jun,16h 50m,1 stop,In-flight meal not included,10262
Vistara,6/05/2019,Kolkata,Banglore,CCU → DEL → BLR,17:00,10:45 07 May,17h 45m,1 stop,No info,8662
Jet Airways,12/03/2019,Banglore,New Delhi,BLR → BOM → DEL,22:55,15:15 13 Mar,16h 20m,1 stop,In-flight meal not included,11087
Air India,27/03/2019,Delhi,Cochin,DEL → HYD → MAA → COK,07:05,09:25 28 Mar,26h 20m,2 stops,No info,6565
Jet Airways,1/05/2019,Kolkata,Banglore,CCU → DEL → BLR,20:25,21:05 02 May,24h 40m,1 stop,No info,12121
Vistara,24/06/2019,Banglore,Delhi,BLR → DEL,17:00,19:35,2h 35m,non-stop,No info,4878
Air India,1/05/2019,Kolkata,Banglore,CCU → DEL → COK → BLR,20:30,13:45 02 May,17h 15m,2 stops,No info,15164
Jet Airways,12/06/2019,Kolkata,Banglore,CCU → DEL → BLR,09:35,19:10,9h 35m,1 stop,No info,12692
Jet Airways,18/04/2019,Banglore,Delhi,BLR → DEL,08:20,11:20,3h,non-stop,No info,7229
GoAir,27/03/2019,Delhi,Cochin,DEL → BOM → COK,10:25,19:20,8h 55m,1 stop,No info,5281
Multiple carriers,3/06/2019,Delhi,Cochin,DEL → BOM → COK,06:00,21:00,15h,1 stop,No info,8475
SpiceJet,9/04/2019,Kolkata,Banglore,CCU → MAA → BLR,15:05,20:20,5h 15m,1 stop,No info,4649
Air India,1/04/2019,Kolkata,Banglore,CCU → BOM → BLR,16:50,07:55 02 Apr,15h 5m,1 stop,No info,7893
IndiGo,1/05/2019,Kolkata,Banglore,CCU → BBI → BLR,19:35,23:15,3h 40m,1 stop,No info,4226
IndiGo,3/06/2019,Kolkata,Banglore,CCU → BLR,09:35,12:10,2h 35m,non-stop,No info,4804
Jet Airways,9/03/2019,Delhi,Cochin,DEL → BOM → COK,17:25,04:25 10 Mar,11h,1 stop,No info,15554
Jet Airways,6/06/2019,Delhi,Cochin,DEL → COK,11:00,14:15,3h 15m,non-stop,In-flight meal not included,7202
IndiGo,3/04/2019,Delhi,Cochin,DEL → COK,21:05,00:20 04 Apr,3h 15m,non-stop,No info,5021
IndiGo,18/06/2019,Banglore,Delhi,BLR → DEL,20:00,22:50,2h 50m,non-stop,No info,4823
Jet Airways,6/05/2019,Kolkata,Banglore,CCU → BOM → BLR,06:30,08:15 07 May,25h 45m,1 stop,In-flight meal not included,8586
Jet Airways,6/05/2019,Banglore,Delhi,BLR → DEL,18:55,22:00,3h 5m,non-stop,No info,7229
Jet Airways,18/05/2019,Banglore,Delhi,BLR → DEL,08:20,11:20,3h,non-stop,No info,7229
IndiGo,1/05/2019,Banglore,Delhi,BLR → DEL,00:30,03:25,2h 55m,non-stop,No info,4284
Jet Airways,21/05/2019,Delhi,Cochin,DEL → BOM → COK,20:55,12:35 22 May,15h 40m,1 stop,In-flight meal not included,12898
Jet Airways,9/04/2019,Delhi,Cochin,DEL → JDH → BOM → COK,11:40,19:00,7h 20m,2 stops,No info,15439
Multiple carriers,24/06/2019,Delhi,Cochin,DEL → BOM → COK,14:00,21:00,7h,1 stop,No info,13587
IndiGo,21/05/2019,Kolkata,Banglore,CCU → HYD → BLR,15:15,20:05,4h 50m,1 stop,No info,5170
IndiGo,09/03/2019,Banglore,New Delhi,BLR → DEL,07:10,10:05,2h 55m,non-stop,No info,7303
SpiceJet,3/04/2019,Mumbai,Hyderabad,BOM → HYD,13:15,14:45,1h 30m,non-stop,No check-in baggage included,1965
Vistara,12/06/2019,Kolkata,Banglore,CCU → DEL → BLR,17:00,09:05 13 Jun,16h 5m,1 stop,No info,7927
SpiceJet,1/05/2019,Kolkata,Banglore,CCU → BLR,09:00,11:25,2h 25m,non-stop,No info,4174
Vistara,9/05/2019,Kolkata,Banglore,CCU → DEL → BLR,07:10,20:20,13h 10m,1 stop,No info,8610
IndiGo,9/06/2019,Kolkata,Banglore,CCU → MAA → BLR,06:20,10:20,4h,1 stop,No info,4226
Air India,6/05/2019,Kolkata,Banglore,CCU → BBI → BOM → BLR,12:00,07:55 07 May,19h 55m,2 stops,No info,10151
Air India,3/06/2019,Delhi,Cochin,DEL → LKO → BOM → COK,07:10,07:40 04 Jun,24h 30m,2 stops,No info,12698
IndiGo,9/06/2019,Delhi,Cochin,DEL → BOM → COK,11:25,21:00,9h 35m,1 stop,No info,6416
Air India,3/03/2019,Delhi,Cochin,DEL → TRV → COK,05:15,06:50 04 Mar,25h 35m,1 stop,No info,12677
Air Asia,15/05/2019,Kolkata,Banglore,CCU → BLR,19:55,22:25,2h 30m,non-stop,No info,4409
Jet Airways,21/03/2019,Banglore,New Delhi,BLR → BDQ → DEL,05:50,12:20,6h 30m,1 stop,In-flight meal not included,6163
SpiceJet,27/06/2019,Chennai,Kolkata,MAA → CCU,08:20,10:35,2h 15m,non-stop,No check-in baggage included,3543
IndiGo,24/05/2019,Kolkata,Banglore,CCU → BLR,11:30,14:05,2h 35m,non-stop,No info,5224
IndiGo,1/06/2019,Mumbai,Hyderabad,BOM → HYD,21:20,22:50,1h 30m,non-stop,No info,2227
Jet Airways,18/05/2019,Mumbai,Hyderabad,BOM → HYD,10:20,11:50,1h 30m,non-stop,In-flight meal not included,4050
SpiceJet,24/06/2019,Chennai,Kolkata,MAA → CCU,09:45,12:00,2h 15m,non-stop,No check-in baggage included,3859
Multiple carriers,6/03/2019,Delhi,Cochin,DEL → HYD → MAA → COK,07:10,21:20,14h 10m,2 stops,In-flight meal not included,7731
IndiGo,9/03/2019,Delhi,Cochin,DEL → BOM → COK,04:45,12:55,8h 10m,1 stop,No info,16162
Multiple carriers,1/06/2019,Delhi,Cochin,DEL → BOM → COK,10:00,01:30 02 Jun,15h 30m,1 stop,No info,13377
Jet Airways,27/05/2019,Banglore,Delhi,BLR → DEL,18:55,22:00,3h 5m,non-stop,In-flight meal not included,3359
Jet Airways,12/06/2019,Kolkata,Banglore,CCU → BOM → BLR,21:10,10:05 13 Jun,12h 55m,1 stop,In-flight meal not included,8529
Jet Airways,1/05/2019,Kolkata,Banglore,CCU → BOM → BLR,20:00,10:05 02 May,14h 5m,1 stop,No info,13941
Jet Airways,27/05/2019,Delhi,Cochin,DEL → AMD → BOM → COK,23:05,19:00 28 May,19h 55m,2 stops,No info,15129
Jet Airways,9/05/2019,Delhi,Cochin,DEL → JAI → BOM → COK,05:30,19:00,13h 30m,2 stops,In-flight meal not included,13029
Multiple carriers,3/06/2019,Delhi,Cochin,DEL → BOM → COK,10:20,01:30 04 Jun,15h 10m,1 stop,No info,6795
Air Asia,9/03/2019,Delhi,Cochin,DEL → BLR → COK,16:45,22:15,5h 30m,1 stop,No info,8327
Jet Airways,24/03/2019,Kolkata,Banglore,CCU → BOM → BLR,19:45,20:40 25 Mar,24h 55m,1 stop,No info,13759
IndiGo,9/05/2019,Delhi,Cochin,DEL → BOM → COK,16:00,01:30 10 May,9h 30m,1 stop,No info,9274
Jet Airways,18/05/2019,Kolkata,Banglore,CCU → DEL → BLR,17:00,09:45 19 May,16h 45m,1 stop,No info,14151
Air India,9/05/2019,Delhi,Cochin,DEL → HYD → BOM → COK,07:05,07:40 10 May,24h 35m,2 stops,No info,13547
IndiGo,24/03/2019,Banglore,New Delhi,BLR → DEL,20:00,22:55,2h 55m,non-stop,No info,6144
Jet Airways,6/05/2019,Kolkata,Banglore,CCU → BOM → BLR,08:25,18:15,9h 50m,1 stop,No info,14781
Jet Airways,9/04/2019,Delhi,Cochin,DEL → JAI → BOM → COK,09:40,04:25 10 Apr,18h 45m,2 stops,No info,10909
Multiple carriers Premium economy,21/03/2019,Delhi,Cochin,DEL → BOM → COK,06:00,12:35,6h 35m,1 stop,No info,13369
Jet Airways,01/03/2019,Banglore,New Delhi,BLR → BOM → DEL,07:00,21:20,14h 20m,1 stop,No info,27992
Jet Airways,12/04/2019,Banglore,Delhi,BLR → DEL,07:10,10:10,3h,non-stop,In-flight meal not included,5198
Jet Airways,6/06/2019,Kolkata,Banglore,CCU → DEL → BLR,09:35,18:00,8h 25m,1 stop,No info,12692
Jet Airways,18/03/2019,Banglore,New Delhi,BLR → BOM → DEL,18:40,07:40 16 Mar,13h,1 stop,In-flight meal not included,10972
Jet Airways,9/06/2019,Delhi,Cochin,DEL → BOM → COK,13:00,12:35 10 Jun,23h 35m,1 stop,In-flight meal not included,10262
Jet Airways,18/05/2019,Kolkata,Banglore,CCU → DEL → BLR,17:00,23:35,6h 35m,1 stop,No info,14151
Multiple carriers,9/03/2019,Delhi,Cochin,DEL → BOM → COK,04:45,19:45,15h,1 stop,No info,10782
Jet Airways,6/06/2019,Delhi,Cochin,DEL → NAG → BOM → COK,14:35,04:25 07 Jun,13h 50m,2 stops,In-flight meal not included,10919
Air Asia,9/06/2019,Delhi,Cochin,DEL → BLR → COK,20:45,07:10 10 Jun,10h 25m,1 stop,No info,10794
GoAir,15/05/2019,Delhi,Cochin,DEL → BOM → COK,14:25,19:35,5h 10m,1 stop,No info,10188
Air India,24/03/2019,Chennai,Kolkata,MAA → CCU,11:40,13:55,2h 15m,non-stop,No info,4405
Multiple carriers,9/06/2019,Delhi,Cochin,DEL → HYD → COK,07:10,22:30,15h 20m,1 stop,No info,6513
Jet Airways,15/05/2019,Kolkata,Banglore,CCU → BOM → BLR,20:00,10:05 16 May,14h 5m,1 stop,In-flight meal not included,8586
Air India,24/03/2019,Banglore,New Delhi,BLR → DEL,17:00,19:45,2h 45m,non-stop,No info,7486
Jet Airways,15/04/2019,Delhi,Cochin,DEL → BOM → COK,14:00,19:00,5h,1 stop,In-flight meal not included,6542
Jet Airways,3/04/2019,Banglore,Delhi,BLR → DEL,08:20,11:20,3h,non-stop,In-flight meal not included,4544
Air India,6/03/2019,Kolkata,Banglore,CCU → BLR,14:15,16:45,2h 30m,non-stop,No info,4960
Multiple carriers,3/03/2019,Delhi,Cochin,DEL → BOM → COK,04:00,13:20,9h 20m,1 stop,No info,14973
SpiceJet,1/04/2019,Kolkata,Banglore,CCU → BLR,06:55,09:30,2h 35m,non-stop,No info,3873
Jet Airways,6/06/2019,Delhi,Cochin,DEL → BOM → COK,10:00,19:00,9h,1 stop,No info,14714
Air India,24/03/2019,Banglore,New Delhi,BLR → COK → DEL,06:55,13:20,6h 25m,1 stop,No info,7932
Air Asia,3/06/2019,Delhi,Cochin,DEL → BLR → COK,07:55,22:25,14h 30m,1 stop,No info,8759
Jet Airways,27/03/2019,Delhi,Cochin,DEL → BOM → COK,15:05,04:25 28 Mar,13h 20m,1 stop,In-flight meal not included,6017
Jet Airways,21/05/2019,Delhi,Cochin,DEL → BOM → COK,17:30,19:00 22 May,25h 30m,1 stop,In-flight meal not included,12898
Air India,9/05/2019,Delhi,Cochin,DEL → BOM → COK,10:00,19:15,9h 15m,1 stop,No info,8372
Air India,21/05/2019,Delhi,Cochin,DEL → COK,05:10,08:00,2h 50m,non-stop,No info,6094
IndiGo,15/05/2019,Kolkata,Banglore,CCU → MAA → BLR,08:10,13:00,4h 50m,1 stop,No info,5069
Air India,12/03/2019,Mumbai,Hyderabad,BOM → HYD,21:05,22:25,1h 20m,non-stop,No info,4307
SpiceJet,15/03/2019,Kolkata,Banglore,CCU → BLR,22:20,00:40 16 Mar,2h 20m,non-stop,No info,3847
Jet Airways,12/04/2019,Banglore,Delhi,BLR → DEL,06:00,08:45,2h 45m,non-stop,In-flight meal not included,5198
Jet Airways,1/06/2019,Delhi,Cochin,DEL → BOM → COK,13:00,12:35 02 Jun,23h 35m,1 stop,In-flight meal not included,10262
Jet Airways,1/04/2019,Kolkata,Banglore,CCU → BOM → BLR,16:30,18:15 02 Apr,25h 45m,1 stop,In-flight meal not included,7064
Air India,15/05/2019,Kolkata,Banglore,CCU → DEL → AMD → BLR,07:00,05:25 16 May,22h 25m,2 stops,No info,14424
Jet Airways,24/06/2019,Delhi,Cochin,DEL → BOM → COK,07:05,19:00,11h 55m,1 stop,No info,18581
SpiceJet,24/03/2019,Banglore,New Delhi,BLR → DEL,09:35,12:30,2h 55m,non-stop,No check-in baggage included,3873
Jet Airways,01/03/2019,Banglore,New Delhi,BLR → BOM → DEL,22:50,07:40 02 Mar,8h 50m,1 stop,No info,26890
GoAir,27/06/2019,Delhi,Cochin,DEL → BOM → COK,10:35,19:35,9h,1 stop,No info,3948
Air Asia,24/05/2019,Kolkata,Banglore,CCU → DEL → BLR,07:35,23:30,15h 55m,1 stop,No info,5192
Air India,12/05/2019,Kolkata,Banglore,CCU → BLR,20:45,23:20,2h 35m,non-stop,No info,4880
Air India,27/04/2019,Delhi,Cochin,DEL → COK,14:10,17:10,3h,non-stop,No info,6094
Jet Airways,15/03/2019,Banglore,New Delhi,BLR → BOM → DEL,11:40,08:15 16 Mar,20h 35m,1 stop,In-flight meal not included,9134
Air India,18/05/2019,Delhi,Cochin,DEL → MAA → COK,17:20,09:25 19 May,16h 5m,1 stop,No info,7690
Air India,9/03/2019,Delhi,Cochin,DEL → BOM → COK,04:00,07:40 10 Mar,27h 40m,1 stop,No info,10315
Jet Airways,3/04/2019,Mumbai,Hyderabad,BOM → HYD,19:35,21:05,1h 30m,non-stop,No info,5678
Jet Airways,27/06/2019,Banglore,Delhi,BLR → DEL,07:10,10:10,3h,non-stop,No info,8016
Air Asia,24/05/2019,Banglore,Delhi,BLR → DEL,04:55,07:45,2h 50m,non-stop,No info,3383
Jet Airways,3/04/2019,Banglore,Delhi,BLR → DEL,07:10,10:10,3h,non-stop,In-flight meal not included,4544
Vistara,18/05/2019,Chennai,Kolkata,MAA → CCU,17:45,20:05,2h 20m,non-stop,No info,11982
Air India,6/06/2019,Banglore,Delhi,BLR → DEL,21:05,23:55,2h 50m,non-stop,No info,6121
IndiGo,21/03/2019,Banglore,New Delhi,BLR → STV → DEL,11:20,15:25,4h 5m,1 stop,No info,5746
IndiGo,24/04/2019,Banglore,Delhi,BLR → DEL,00:30,03:25,2h 55m,non-stop,No info,3419
SpiceJet,3/06/2019,Banglore,Delhi,BLR → DEL,21:10,00:05 04 Jun,2h 55m,non-stop,No check-in baggage included,3257
Jet Airways,21/05/2019,Delhi,Cochin,DEL → JAI → BOM → COK,19:30,12:35 22 May,17h 5m,2 stops,In-flight meal not included,13029
Air India,15/06/2019,Delhi,Cochin,DEL → BOM → COK,10:00,19:15,9h 15m,1 stop,No info,11241
Air India,24/03/2019,Kolkata,Banglore,CCU → BBI → BOM → BLR,09:10,07:55 25 Mar,22h 45m,2 stops,No info,15187
GoAir,09/03/2019,Banglore,New Delhi,BLR → GOI → DEL,15:50,20:15,4h 25m,1 stop,No info,7657
Jet Airways,1/05/2019,Mumbai,Hyderabad,BOM → HYD,02:55,04:20,1h 25m,non-stop,No info,5678
IndiGo,12/06/2019,Delhi,Cochin,DEL → COK,05:35,08:50,3h 15m,non-stop,No info,5601
IndiGo,15/06/2019,Delhi,Cochin,DEL → LKO → COK,21:50,03:35 16 Jun,5h 45m,1 stop,No info,6195
Jet Airways,12/05/2019,Kolkata,Banglore,CCU → BOM → BLR,21:10,04:40 13 May,7h 30m,1 stop,No info,13941
SpiceJet,15/05/2019,Kolkata,Banglore,CCU → BLR,06:55,09:30,2h 35m,non-stop,No info,3873
Multiple carriers,24/06/2019,Delhi,Cochin,DEL → BOM → COK,19:00,01:30 25 Jun,6h 30m,1 stop,No info,7198
Jet Airways,01/03/2019,Banglore,New Delhi,BLR → BOM → DEL,18:40,09:30 02 Mar,14h 50m,1 stop,1 Long layover,31825
GoAir,15/04/2019,Delhi,Cochin,DEL → BOM → COK,07:00,12:55,5h 55m,1 stop,No info,6195
Air India,6/03/2019,Mumbai,Hyderabad,BOM → BHO → DEL → HYD,06:00,09:10 07 Mar,27h 10m,2 stops,No info,13169
Multiple carriers,6/06/2019,Delhi,Cochin,DEL → BOM → COK,13:00,01:30 07 Jun,12h 30m,1 stop,No info,13377
Jet Airways,12/06/2019,Delhi,Cochin,DEL → BOM → COK,20:55,12:35 13 Jun,15h 40m,1 stop,In-flight meal not included,10262
Jet Airways,27/03/2019,Delhi,Cochin,DEL → MAA → BOM → COK,05:10,18:50,13h 40m,2 stops,In-flight meal not included,8518
Vistara,12/06/2019,Kolkata,Banglore,CCU → DEL → BLR,17:00,10:45 13 Jun,17h 45m,1 stop,No info,8452
Jet Airways,1/06/2019,Delhi,Cochin,DEL → JAI → BOM → COK,19:30,12:35 02 Jun,17h 5m,2 stops,In-flight meal not included,10368
SpiceJet,03/03/2019,Banglore,New Delhi,BLR → PNQ → DEL,10:20,18:15,7h 55m,1 stop,No info,11401
Jet Airways,1/04/2019,Delhi,Cochin,DEL → BOM → COK,17:30,12:35 02 Apr,19h 5m,1 stop,In-flight meal not included,5406
Jet Airways,18/05/2019,Delhi,Cochin,DEL → BOM → COK,09:00,12:35 19 May,27h 35m,1 stop,In-flight meal not included,12373
Jet Airways,15/03/2019,Banglore,New Delhi,BLR → BOM → DEL,05:45,18:25,12h 40m,1 stop,In-flight meal not included,9134
IndiGo,15/06/2019,Delhi,Cochin,DEL → COK,05:35,08:50,3h 15m,non-stop,No info,5601
IndiGo,27/06/2019,Kolkata,Banglore,CCU → BLR,14:25,16:55,2h 30m,non-stop,No info,4804
IndiGo,24/06/2019,Banglore,Delhi,BLR → DEL,23:30,02:20 25 Jun,2h 50m,non-stop,No info,3943
Air India,3/04/2019,Delhi,Cochin,DEL → BLR → COK,20:30,23:00 04 Apr,26h 30m,1 stop,No info,5022
IndiGo,27/06/2019,Delhi,Cochin,DEL → BOM → COK,06:40,21:00,14h 20m,1 stop,No info,6093
IndiGo,24/03/2019,Banglore,New Delhi,BLR → DEL,08:30,11:30,3h,non-stop,No info,6144
Air India,9/05/2019,Delhi,Cochin,DEL → JAI → BOM → COK,12:00,19:15,7h 15m,2 stops,No info,8918
Air India,1/05/2019,Kolkata,Banglore,CCU → DEL → BLR,10:00,16:15,6h 15m,1 stop,No info,10203
Jet Airways,1/04/2019,Kolkata,Banglore,CCU → BOM → BLR,20:00,19:50 02 Apr,23h 50m,1 stop,In-flight meal not included,7064
Air India,9/03/2019,Delhi,Cochin,DEL → CCU → BOM → COK,20:15,19:15 10 Mar,23h,2 stops,No info,19681
Air India,27/05/2019,Delhi,Cochin,DEL → COK,05:10,08:00,2h 50m,non-stop,No info,6094
Air Asia,1/05/2019,Kolkata,Banglore,CCU → IXR → DEL → BLR,15:10,23:30,8h 20m,2 stops,No info,5192
Vistara,24/03/2019,Kolkata,Banglore,CCU → DEL → BLR,20:20,20:25 25 Mar,24h 5m,1 stop,No info,11105
Air India,6/06/2019,Delhi,Cochin,DEL → AMD → BOM → COK,16:40,19:15 07 Jun,26h 35m,2 stops,No info,9653
Jet Airways,15/05/2019,Kolkata,Banglore,CCU → DEL → BLR,09:35,22:05,12h 30m,1 stop,No info,12121
IndiGo,9/06/2019,Mumbai,Hyderabad,BOM → HYD,16:55,18:25,1h 30m,non-stop,No info,3175
IndiGo,1/06/2019,Kolkata,Banglore,CCU → BLR,17:15,19:50,2h 35m,non-stop,No info,5224
Jet Airways,21/03/2019,Banglore,New Delhi,BLR → BOM → DEL,08:00,21:20,13h 20m,1 stop,In-flight meal not included,7832
Jet Airways,9/06/2019,Kolkata,Banglore,CCU → BOM → BLR,06:30,18:15,11h 45m,1 stop,No info,14571
Jet Airways,18/05/2019,Kolkata,Banglore,CCU → BOM → BLR,08:25,22:35,14h 10m,1 stop,No info,14781
Vistara,9/06/2019,Kolkata,Banglore,CCU → DEL → BLR,17:00,23:25,6h 25m,1 stop,No info,9870
Vistara,24/03/2019,Banglore,New Delhi,BLR → DEL,16:00,18:35,2h 35m,non-stop,No info,5613
IndiGo,12/04/2019,Kolkata,Banglore,CCU → BLR,14:25,16:55,2h 30m,non-stop,No info,5224
GoAir,21/05/2019,Delhi,Cochin,DEL → BOM → COK,07:00,12:55,5h 55m,1 stop,No info,6633
IndiGo,6/05/2019,Banglore,Delhi,BLR → DEL,23:30,02:20 07 May,2h 50m,non-stop,No info,4077
GoAir,18/05/2019,Banglore,Delhi,BLR → DEL,20:55,23:40,2h 45m,non-stop,No info,4632
IndiGo,24/04/2019,Kolkata,Banglore,CCU → HYD → BLR,19:20,23:45,4h 25m,1 stop,No info,3480
Air India,24/06/2019,Delhi,Cochin,DEL → GOI → BOM → COK,22:00,19:15 25 Jun,21h 15m,2 stops,No info,9181
Jet Airways,1/06/2019,Banglore,Delhi,BLR → DEL,11:10,14:05,2h 55m,non-stop,In-flight meal not included,7229
IndiGo,27/06/2019,Chennai,Kolkata,MAA → CCU,14:45,17:05,2h 20m,non-stop,No info,3597
Air India,12/05/2019,Kolkata,Banglore,CCU → GAU → DEL → BLR,16:45,08:55 13 May,16h 10m,2 stops,No info,13437
IndiGo,15/04/2019,Kolkata,Banglore,CCU → BLR,21:25,00:05 16 Apr,2h 40m,non-stop,No info,4174
Jet Airways,9/06/2019,Delhi,Cochin,DEL → BOM → COK,21:50,19:00 10 Jun,21h 10m,1 stop,In-flight meal not included,10262
Multiple carriers,15/05/2019,Delhi,Cochin,DEL → BOM → COK,13:00,21:00,8h,1 stop,No info,8073
IndiGo,15/03/2019,Banglore,New Delhi,BLR → HYD → DEL,16:55,21:50,4h 55m,1 stop,No info,5397
Jet Airways,24/05/2019,Kolkata,Banglore,CCU → BOM → BLR,08:25,19:50,11h 25m,1 stop,No info,14571
Jet Airways,1/04/2019,Banglore,Delhi,BLR → DEL,18:55,22:00,3h 5m,non-stop,No info,7229
IndiGo,03/03/2019,Banglore,New Delhi,BLR → DEL,20:00,22:55,2h 55m,non-stop,No info,6860
Jet Airways,27/06/2019,Delhi,Cochin,DEL → BOM → COK,11:30,12:35 28 Jun,25h 5m,1 stop,In-flight meal not included,10262
Air India,12/06/2019,Delhi,Cochin,DEL → MAA → COK,12:30,09:25 13 Jun,20h 55m,1 stop,No info,7480
Air India,21/05/2019,Mumbai,Hyderabad,BOM → HYD,15:00,16:25,1h 25m,non-stop,No info,3100
Jet Airways,15/06/2019,Delhi,Cochin,DEL → NAG → BOM → COK,06:45,04:25 16 Jun,21h 40m,2 stops,No info,13376
GoAir,3/05/2019,Banglore,Delhi,BLR → DEL,20:55,23:40,2h 45m,non-stop,No info,4239
Jet Airways,15/06/2019,Banglore,Delhi,BLR → DEL,11:10,14:05,2h 55m,non-stop,No info,8016
Air India,03/03/2019,Banglore,New Delhi,BLR → CCU → DEL,05:50,12:55,7h 5m,1 stop,No info,12389
Multiple carriers,15/05/2019,Delhi,Cochin,DEL → BOM → COK,11:30,01:30 16 May,14h,1 stop,No info,13727
Jet Airways,09/03/2019,Banglore,New Delhi,BLR → BOM → DEL,07:00,20:20,13h 20m,1 stop,In-flight meal not included,11087
IndiGo,12/04/2019,Kolkata,Banglore,CCU → BLR,09:35,12:20,2h 45m,non-stop,No info,4174
IndiGo,27/05/2019,Delhi,Cochin,DEL → BOM → COK,11:25,01:30 28 May,14h 5m,1 stop,No info,6104
Jet Airways,24/03/2019,Kolkata,Banglore,CCU → BOM → BLR,06:30,04:45 25 Mar,22h 15m,1 stop,In-flight meal not included,10031
Jet Airways,9/05/2019,Kolkata,Banglore,CCU → BOM → BLR,14:05,19:50,5h 45m,1 stop,No info,14781
Air India,27/05/2019,Delhi,Cochin,DEL → BLR → COK,13:30,23:00,9h 30m,1 stop,No info,8907
Air India,3/03/2019,Delhi,Cochin,DEL → BOM → COK,08:00,19:15,11h 15m,1 stop,No info,15197
Jet Airways,1/05/2019,Banglore,Delhi,BLR → DEL,17:45,20:45,3h,non-stop,No info,7229
Jet Airways,9/06/2019,Banglore,Delhi,BLR → DEL,07:10,10:10,3h,non-stop,In-flight meal not included,7229
Jet Airways,27/05/2019,Delhi,Cochin,DEL → JAI → BOM → COK,09:40,12:35 28 May,26h 55m,2 stops,No info,15129
Vistara,15/05/2019,Kolkata,Banglore,CCU → DEL → BLR,07:10,20:20,13h 10m,1 stop,No info,8610
Jet Airways,24/06/2019,Delhi,Cochin,DEL → BOM → COK,02:15,12:35,10h 20m,1 stop,No info,18371
Jet Airways,12/06/2019,Delhi,Cochin,DEL → JAI → BOM → COK,19:30,04:25 13 Jun,8h 55m,2 stops,In-flight meal not included,10368
Jet Airways,3/06/2019,Banglore,Delhi,BLR → DEL,07:10,10:10,3h,non-stop,In-flight meal not included,5769
SpiceJet,9/06/2019,Delhi,Cochin,DEL → PNQ → COK,08:45,13:15,4h 30m,1 stop,No check-in baggage included,5158
Jet Airways,21/03/2019,Delhi,Cochin,DEL → BOM → COK,17:30,04:25 22 Mar,10h 55m,1 stop,In-flight meal not included,5963
IndiGo,6/06/2019,Delhi,Cochin,DEL → BOM → COK,18:35,01:30 07 Jun,6h 55m,1 stop,No info,6628
Jet Airways,24/05/2019,Kolkata,Banglore,CCU → BOM → BLR,06:30,16:20,9h 50m,1 stop,In-flight meal not included,10844
Jet Airways,27/03/2019,Mumbai,Hyderabad,BOM → HYD,15:50,17:20,1h 30m,non-stop,In-flight meal not included,2071
Jet Airways,18/05/2019,Kolkata,Banglore,CCU → BOM → BLR,08:25,09:20 19 May,24h 55m,1 stop,No info,14388
SpiceJet,1/06/2019,Banglore,Delhi,BLR → DEL,21:10,00:05 02 Jun,2h 55m,non-stop,No check-in baggage included,3573
Jet Airways,1/04/2019,Kolkata,Banglore,CCU → BOM → BLR,18:55,22:35 02 Apr,27h 40m,1 stop,In-flight meal not included,7064
IndiGo,3/03/2019,Delhi,Cochin,DEL → HYD → COK,16:10,22:20,6h 10m,1 stop,No info,11237
Air India,24/03/2019,Banglore,New Delhi,BLR → DEL,21:05,23:55,2h 50m,non-stop,No info,4441
Air India,3/06/2019,Delhi,Cochin,DEL → GOI → BOM → COK,10:55,07:40 04 Jun,20h 45m,2 stops,No info,11753
Jet Airways,27/06/2019,Mumbai,Hyderabad,BOM → HYD,08:45,10:15,1h 30m,non-stop,No info,8040
Air Asia,12/06/2019,Kolkata,Banglore,CCU → DEL → BLR,07:35,19:25,11h 50m,1 stop,No info,5192
IndiGo,1/06/2019,Kolkata,Banglore,CCU → BLR,04:40,07:15,2h 35m,non-stop,No info,4804
IndiGo,9/06/2019,Kolkata,Banglore,CCU → GAU → BLR,15:10,20:30,5h 20m,1 stop,No info,7095
Air Asia,6/03/2019,Kolkata,Banglore,CCU → BLR,19:35,22:05,2h 30m,non-stop,No info,4384
SpiceJet,9/03/2019,Chennai,Kolkata,MAA → CCU,17:45,20:05,2h 20m,non-stop,No info,6300
SpiceJet,6/06/2019,Kolkata,Banglore,CCU → BLR,06:55,09:30,2h 35m,non-stop,No check-in baggage included,3841
Jet Airways,18/05/2019,Kolkata,Banglore,CCU → BOM → BLR,05:45,12:00,6h 15m,1 stop,No info,13941
Air India,12/06/2019,Kolkata,Banglore,CCU → IXR → DEL → BLR,05:50,23:15,17h 25m,2 stops,No info,12723
Jet Airways,27/06/2019,Delhi,Cochin,DEL → BOM → COK,19:15,19:00 28 Jun,23h 45m,1 stop,In-flight meal not included,10262
GoAir,24/03/2019,Banglore,New Delhi,BLR → DEL,11:40,14:35,2h 55m,non-stop,No info,3898
Multiple carriers,18/05/2019,Delhi,Cochin,DEL → IXU → BOM → COK,17:50,01:30 19 May,7h 40m,2 stops,No info,19360
IndiGo,3/03/2019,Delhi,Cochin,DEL → BOM → COK,07:30,21:00,13h 30m,1 stop,No info,14871
IndiGo,12/06/2019,Delhi,Cochin,DEL → HYD → COK,07:35,22:30,14h 55m,1 stop,No info,6442
Jet Airways,24/06/2019,Delhi,Cochin,DEL → BOM → COK,17:30,04:25 25 Jun,10h 55m,1 stop,In-flight meal not included,10262
Multiple carriers,21/03/2019,Delhi,Cochin,DEL → BOM → COK,09:00,15:30,6h 30m,1 stop,No info,8307
Multiple carriers,6/03/2019,Delhi,Cochin,DEL → BOM → COK,08:55,15:30,6h 35m,1 stop,No info,15147
Jet Airways,24/03/2019,Kolkata,Banglore,CCU → BOM → BLR,19:45,23:25 25 Mar,27h 40m,1 stop,No info,13759
Vistara,03/03/2019,Banglore,New Delhi,BLR → DEL,21:10,00:05 07 Mar,2h 55m,non-stop,No info,7608
Air India,12/05/2019,Kolkata,Banglore,CCU → BOM → BLR,09:25,21:50,12h 25m,1 stop,No info,8891
Jet Airways,24/05/2019,Kolkata,Banglore,CCU → BOM → BLR,18:55,04:40 25 May,9h 45m,1 stop,No info,13731
IndiGo,15/05/2019,Delhi,Cochin,DEL → COK,21:05,00:20 16 May,3h 15m,non-stop,No info,6834
Jet Airways,12/05/2019,Kolkata,Banglore,CCU → BOM → BLR,18:55,08:15 13 May,13h 20m,1 stop,In-flight meal not included,9663
Air India,12/06/2019,Delhi,Cochin,DEL → MAA → COK,20:40,09:25 13 Jun,12h 45m,1 stop,No info,7480
SpiceJet,24/03/2019,Banglore,New Delhi,BLR → DEL,09:35,12:30,2h 55m,non-stop,No info,3925
Air India,27/06/2019,Delhi,Cochin,DEL → CCU → BOM → COK,16:55,19:15 28 Jun,26h 20m,2 stops,No info,13591
Air India,9/05/2019,Kolkata,Banglore,CCU → DEL → BLR,10:00,20:25,10h 25m,1 stop,No info,10203
IndiGo,24/03/2019,Banglore,New Delhi,BLR → DEL,04:00,06:50,2h 50m,non-stop,No info,5694
Air India,9/05/2019,Banglore,Delhi,BLR → DEL,13:20,16:10,2h 50m,non-stop,No info,6121
Air India,9/06/2019,Kolkata,Banglore,CCU → BOM → GOI → BLR,16:50,05:35 10 Jun,12h 45m,2 stops,No info,11642
Jet Airways,24/05/2019,Kolkata,Banglore,CCU → BOM → BLR,08:25,19:50,11h 25m,1 stop,In-flight meal not included,10844
Jet Airways,15/06/2019,Delhi,Cochin,DEL → BOM → COK,13:00,12:35 16 Jun,23h 35m,1 stop,In-flight meal not included,10262
Air India,3/04/2019,Banglore,Delhi,BLR → DEL,21:05,23:55,2h 50m,non-stop,No info,4441
Jet Airways,12/06/2019,Delhi,Cochin,DEL → NAG → BOM → COK,14:35,12:35 13 Jun,22h,2 stops,No info,13376
Jet Airways,1/04/2019,Mumbai,Hyderabad,BOM → HYD,02:55,04:20,1h 25m,non-stop,No info,5678
GoAir,24/06/2019,Banglore,Delhi,BLR → DEL,20:55,23:40,2h 45m,non-stop,No info,3419
Air Asia,24/04/2019,Banglore,Delhi,BLR → DEL,04:55,07:45,2h 50m,non-stop,No info,3383
Multiple carriers,6/03/2019,Delhi,Cochin,DEL → BOM → COK,13:00,21:00,8h,1 stop,No info,15603
IndiGo,01/03/2019,Banglore,New Delhi,BLR → DEL,22:20,01:10 02 Mar,2h 50m,non-stop,No info,11934
Multiple carriers,15/05/2019,Delhi,Cochin,DEL → BOM → COK,10:35,19:00,8h 25m,1 stop,No info,9103
Jet Airways,1/06/2019,Mumbai,Hyderabad,BOM → HYD,02:55,04:20,1h 25m,non-stop,In-flight meal not included,4050
Jet Airways,9/05/2019,Delhi,Cochin,DEL → BOM → COK,19:45,04:25 10 May,8h 40m,1 stop,In-flight meal not included,12373
IndiGo,12/06/2019,Banglore,Delhi,BLR → DEL,06:05,08:50,2h 45m,non-stop,No info,3943
Jet Airways,24/06/2019,Delhi,Cochin,DEL → NAG → BOM → COK,14:35,12:35 25 Jun,22h,2 stops,No info,13376
Jet Airways,15/05/2019,Banglore,Delhi,BLR → DEL,06:00,08:45,2h 45m,non-stop,No info,7229
Jet Airways,1/06/2019,Mumbai,Hyderabad,BOM → HYD,19:35,21:05,1h 30m,non-stop,In-flight meal not included,3210
IndiGo,1/05/2019,Mumbai,Hyderabad,BOM → HYD,09:10,10:40,1h 30m,non-stop,No info,4575
Jet Airways,1/04/2019,Kolkata,Banglore,CCU → BOM → BLR,06:30,16:20,9h 50m,1 stop,No info,12996
Jet Airways,1/04/2019,Kolkata,Banglore,CCU → DEL → BLR,20:25,10:55 02 Apr,14h 30m,1 stop,No info,11467
Air India,6/05/2019,Mumbai,Hyderabad,BOM → HYD,19:30,20:45,1h 15m,non-stop,No info,3100
IndiGo,15/06/2019,Delhi,Cochin,DEL → BOM → COK,16:00,01:30 16 Jun,9h 30m,1 stop,No info,6316
Multiple carriers,21/03/2019,Delhi,Cochin,DEL → BOM → COK,08:00,19:15,11h 15m,1 stop,No info,13378
IndiGo,12/05/2019,Kolkata,Banglore,CCU → BLR,17:15,19:50,2h 35m,non-stop,No info,4804
Jet Airways,12/06/2019,Delhi,Cochin,DEL → BOM → COK,14:00,19:00,5h,1 stop,In-flight meal not included,10262
SpiceJet,18/05/2019,Kolkata,Banglore,CCU → BLR,06:55,09:30,2h 35m,non-stop,No info,3873
Jet Airways,21/05/2019,Delhi,Cochin,DEL → BOM → COK,19:45,19:00 22 May,23h 15m,1 stop,No info,16079
Multiple carriers,6/03/2019,Delhi,Cochin,DEL → BOM → COK,04:00,18:50,14h 50m,1 stop,No info,13399
Jet Airways,01/03/2019,Banglore,New Delhi,BLR → BOM → DEL,14:05,08:15 02 Mar,18h 10m,1 stop,No info,22270
IndiGo,6/04/2019,Kolkata,Banglore,CCU → BLR,11:30,14:05,2h 35m,non-stop,No info,4174
Jet Airways,1/05/2019,Kolkata,Banglore,CCU → BOM → BLR,18:55,10:05 02 May,15h 10m,1 stop,In-flight meal not included,8586
Air India,18/05/2019,Kolkata,Banglore,CCU → MAA → BLR,14:35,14:35 19 May,24h,1 stop,No info,6528
IndiGo,12/05/2019,Chennai,Kolkata,MAA → CCU,19:35,21:55,2h 20m,non-stop,No info,3597
Air India,24/05/2019,Kolkata,Banglore,CCU → BOM → COK → BLR,09:25,13:45 25 May,28h 20m,2 stops,No info,12802
Air India,15/04/2019,Banglore,Delhi,BLR → DEL,21:05,23:55,2h 50m,non-stop,No info,5228
Multiple carriers,9/05/2019,Delhi,Cochin,DEL → BOM → COK,12:50,01:30 10 May,12h 40m,1 stop,No info,34273
IndiGo,24/03/2019,Banglore,New Delhi,BLR → DEL,13:00,15:50,2h 50m,non-stop,No info,8033
Air India,12/05/2019,Kolkata,Banglore,CCU → GAU → IMF → DEL → BLR,09:50,23:15,13h 25m,3 stops,No info,14015
Vistara,9/06/2019,Banglore,Delhi,BLR → DEL,09:45,12:35,2h 50m,non-stop,No info,4668
IndiGo,21/04/2019,Delhi,Cochin,DEL → BLR → COK,02:00,07:45,5h 45m,1 stop,No info,6258
SpiceJet,24/04/2019,Kolkata,Banglore,CCU → BLR,06:55,09:30,2h 35m,non-stop,No check-in baggage included,3841
SpiceJet,9/04/2019,Kolkata,Banglore,CCU → BLR,09:00,11:25,2h 25m,non-stop,No check-in baggage included,3841
Jet Airways,12/05/2019,Kolkata,Banglore,CCU → BOM → BLR,08:25,08:15 13 May,23h 50m,1 stop,In-flight meal not included,8586
IndiGo,01/03/2019,Banglore,New Delhi,BLR → DEL,21:20,00:15 02 Mar,2h 55m,non-stop,No info,12649
Multiple carriers,27/06/2019,Delhi,Cochin,DEL → HYD → COK,07:10,22:30,15h 20m,1 stop,In-flight meal not included,6093
Jet Airways,1/05/2019,Kolkata,Banglore,CCU → DEL → BLR,09:35,21:05,11h 30m,1 stop,In-flight meal not included,12384
Jet Airways,24/05/2019,Kolkata,Banglore,CCU → BOM → BLR,20:00,19:50 25 May,23h 50m,1 stop,In-flight meal not included,10844
Jet Airways,6/05/2019,Kolkata,Banglore,CCU → DEL → BLR,09:35,18:00,8h 25m,1 stop,No info,13067
Multiple carriers,27/03/2019,Delhi,Cochin,DEL → BOM → COK,06:00,21:00,15h,1 stop,No info,8055
Air India,21/03/2019,Mumbai,Hyderabad,BOM → HYD,06:20,07:40,1h 20m,non-stop,No info,3100
Multiple carriers,6/05/2019,Delhi,Cochin,DEL → BOM → COK,10:20,19:00,8h 40m,1 stop,No info,9794
Jet Airways,6/05/2019,Kolkata,Banglore,CCU → DEL → BLR,17:00,10:55 07 May,17h 55m,1 stop,No info,13067
IndiGo,15/06/2019,Kolkata,Banglore,CCU → BLR,15:15,17:45,2h 30m,non-stop,No info,4804
Jet Airways,27/03/2019,Delhi,Cochin,DEL → BOM → COK,19:15,04:25 28 Mar,9h 10m,1 stop,No info,12242
Jet Airways,18/05/2019,Kolkata,Banglore,CCU → BOM → BLR,16:30,08:15 19 May,15h 45m,1 stop,In-flight meal not included,8586
Jet Airways,12/06/2019,Kolkata,Banglore,CCU → BOM → BLR,08:25,10:05 13 Jun,25h 40m,1 stop,In-flight meal not included,8529
Air India,24/06/2019,Delhi,Cochin,DEL → MAA → COK,17:20,09:25 25 Jun,16h 5m,1 stop,No info,7480
Multiple carriers,27/06/2019,Delhi,Cochin,DEL → BOM → COK,10:00,01:30 28 Jun,15h 30m,1 stop,No info,7198
IndiGo,18/06/2019,Banglore,Delhi,BLR → DEL,18:55,21:50,2h 55m,non-stop,No info,4823
IndiGo,3/03/2019,Kolkata,Banglore,CCU → BLR,15:10,17:45,2h 35m,non-stop,No info,6985
Jet Airways,18/03/2019,Banglore,New Delhi,BLR → BOM → DEL,22:50,08:15 16 Mar,9h 25m,1 stop,In-flight meal not included,11087
Vistara,24/05/2019,Banglore,Delhi,BLR → DEL,07:00,09:40,2h 40m,non-stop,No info,4668
Jet Airways,21/05/2019,Delhi,Cochin,DEL → IDR → BOM → COK,09:35,12:35 22 May,27h,2 stops,No info,13559
Multiple carriers,9/06/2019,Delhi,Cochin,DEL → HYD → COK,09:45,22:30,12h 45m,1 stop,No info,9646
Air India,01/03/2019,Banglore,New Delhi,BLR → GAU → DEL,13:50,18:40 02 Mar,28h 50m,1 stop,No info,17198
SpiceJet,6/05/2019,Chennai,Kolkata,MAA → CCU,08:20,10:35,2h 15m,non-stop,No info,3911
Air India,9/06/2019,Kolkata,Banglore,CCU → BOM → COK → BLR,09:25,13:45 10 Jun,28h 20m,2 stops,No info,11752
Jet Airways,6/06/2019,Delhi,Cochin,DEL → BOM → COK,13:00,19:00,6h,1 stop,No info,14714
Jet Airways,27/06/2019,Delhi,Cochin,DEL → AMD → BOM → COK,23:05,19:00 28 Jun,19h 55m,2 stops,No info,12819
SpiceJet,27/06/2019,Mumbai,Hyderabad,BOM → HYD,22:45,00:15 28 Jun,1h 30m,non-stop,No check-in baggage included,1965
IndiGo,1/05/2019,Kolkata,Banglore,CCU → MAA → BLR,06:20,10:20,4h,1 stop,No info,4226
SpiceJet,24/06/2019,Kolkata,Banglore,CCU → BLR,22:20,00:40 25 Jun,2h 20m,non-stop,No check-in baggage included,3841
IndiGo,6/06/2019,Kolkata,Banglore,CCU → BLR,09:35,12:10,2h 35m,non-stop,No info,4804
Jet Airways,18/06/2019,Banglore,Delhi,BLR → DEL,17:45,20:45,3h,non-stop,No info,8016
IndiGo,18/05/2019,Kolkata,Banglore,CCU → BLR,15:15,17:45,2h 30m,non-stop,No info,4804
Air India,6/05/2019,Kolkata,Banglore,CCU → IXR → BBI → BLR,05:50,13:15,7h 25m,2 stops,No info,7662
Air India,21/03/2019,Delhi,Cochin,DEL → JDH → BOM → COK,12:55,19:15 22 Mar,30h 20m,2 stops,No info,11228
Multiple carriers,24/06/2019,Delhi,Cochin,DEL → BOM → COK,14:00,01:30 25 Jun,11h 30m,1 stop,No info,13377
Air India,6/05/2019,Kolkata,Banglore,CCU → GAU → DEL → BLR,09:50,23:15,13h 25m,2 stops,No info,14120
IndiGo,21/03/2019,Kolkata,Banglore,CCU → BLR,22:10,00:55 22 Mar,2h 45m,non-stop,No info,4148
GoAir,24/04/2019,Delhi,Cochin,DEL → BOM → COK,10:35,19:35,9h,1 stop,No info,5430
IndiGo,18/05/2019,Delhi,Cochin,DEL → HYD → COK,16:10,22:30,6h 20m,1 stop,No info,7640
Jet Airways,24/05/2019,Mumbai,Hyderabad,BOM → HYD,19:35,21:05,1h 30m,non-stop,No info,5678
Jet Airways,24/05/2019,Kolkata,Banglore,CCU → BOM → BLR,14:05,09:20 25 May,19h 15m,1 stop,In-flight meal not included,9663
Air India,3/05/2019,Mumbai,Hyderabad,BOM → HYD,21:05,22:25,1h 20m,non-stop,No info,3100
SpiceJet,24/03/2019,Kolkata,Banglore,CCU → IXB → BLR,11:15,18:15,7h,1 stop,No info,12287
Jet Airways,6/06/2019,Delhi,Cochin,DEL → IDR → BOM → COK,21:25,19:00 07 Jun,21h 35m,2 stops,No info,13292
SpiceJet,15/03/2019,Chennai,Kolkata,MAA → CCU,09:30,12:05,2h 35m,non-stop,No info,6300
Jet Airways,3/06/2019,Delhi,Cochin,DEL → BOM → COK,19:45,12:35 04 Jun,16h 50m,1 stop,In-flight meal not included,10262
Jet Airways,18/05/2019,Delhi,Cochin,DEL → BOM → COK,15:00,12:35 19 May,21h 35m,1 stop,In-flight meal not included,12373
IndiGo,24/03/2019,Banglore,New Delhi,BLR → DEL,01:30,04:15,2h 45m,non-stop,No info,4238
Air India,24/03/2019,Kolkata,Banglore,CCU → BBI → IXR → DEL → BLR,12:00,23:15 25 Mar,35h 15m,3 stops,No info,14221
Multiple carriers,21/05/2019,Delhi,Cochin,DEL → BOM → COK,08:45,21:00,12h 15m,1 stop,No info,7485
Air India,6/06/2019,Delhi,Cochin,DEL → GOI → BOM → COK,10:55,19:15,8h 20m,2 stops,No info,11753
IndiGo,27/04/2019,Banglore,Delhi,BLR → DEL,01:30,04:15,2h 45m,non-stop,No info,4591
IndiGo,18/04/2019,Banglore,Delhi,BLR → DEL,13:00,15:50,2h 50m,non-stop,No info,4990
Jet Airways,3/03/2019,Delhi,Cochin,DEL → BOM → COK,23:05,18:50 04 Mar,19h 45m,1 stop,No info,18253
Jet Airways,6/06/2019,Delhi,Cochin,DEL → BOM → COK,22:50,04:25 07 Jun,5h 35m,1 stop,No info,14714
Air India,21/06/2019,Banglore,Delhi,BLR → DEL,10:00,12:45,2h 45m,non-stop,No info,6961
Jet Airways,1/04/2019,Kolkata,Banglore,CCU → BOM → BLR,18:55,23:35 02 Apr,28h 40m,1 stop,In-flight meal not included,7064
GoAir,3/03/2019,Delhi,Cochin,DEL → BOM → COK,14:10,19:20,5h 10m,1 stop,No info,22794
SpiceJet,3/04/2019,Kolkata,Banglore,CCU → BLR,06:55,09:30,2h 35m,non-stop,No info,3873
Jet Airways,27/05/2019,Delhi,Cochin,DEL → AMD → BOM → COK,23:05,19:00 28 May,19h 55m,2 stops,No info,15129
Air Asia,15/06/2019,Kolkata,Banglore,CCU → BLR,22:50,01:20 16 Jun,2h 30m,non-stop,No info,3807
Air India,03/03/2019,Banglore,New Delhi,BLR → CCU → DEL,11:05,22:45,11h 40m,1 stop,No info,11444
Jet Airways,21/03/2019,Delhi,Cochin,DEL → BOM → COK,18:15,18:50 22 Mar,24h 35m,1 stop,No info,12557
Air Asia,1/04/2019,Kolkata,Banglore,CCU → BLR,22:50,01:20 02 Apr,2h 30m,non-stop,No info,4107
Air India,24/03/2019,Mumbai,Hyderabad,BOM → HYD,19:30,20:45,1h 15m,non-stop,No info,2575
SpiceJet,27/04/2019,Kolkata,Banglore,CCU → BLR,14:55,17:25,2h 30m,non-stop,No check-in baggage included,3841
SpiceJet,21/05/2019,Kolkata,Banglore,CCU → BLR,06:55,09:30,2h 35m,non-stop,No check-in baggage included,3841
IndiGo,21/03/2019,Banglore,New Delhi,BLR → DEL,13:00,15:50,2h 50m,non-stop,No info,5694
SpiceJet,27/03/2019,Kolkata,Banglore,CCU → BLR,09:00,11:30,2h 30m,non-stop,No info,3847
Jet Airways,1/04/2019,Banglore,Delhi,BLR → DEL,07:10,10:10,3h,non-stop,No info,7229
Vistara,21/06/2019,Banglore,Delhi,BLR → DEL,21:00,23:50,2h 50m,non-stop,No info,5613
Jet Airways,6/06/2019,Delhi,Cochin,DEL → BHO → BOM → COK,05:30,12:35,7h 5m,2 stops,In-flight meal not included,13344
Jet Airways,12/06/2019,Kolkata,Banglore,CCU → BOM → BLR,14:05,18:15 13 Jun,28h 10m,1 stop,In-flight meal not included,8529
Jet Airways,24/03/2019,Kolkata,Banglore,CCU → BOM → BLR,08:25,20:40,12h 15m,1 stop,In-flight meal not included,11134
IndiGo,1/04/2019,Mumbai,Hyderabad,BOM → HYD,20:05,21:40,1h 35m,non-stop,No info,2227
Air India,9/06/2019,Delhi,Cochin,DEL → JDH → BOM → COK,12:55,19:15 10 Jun,30h 20m,2 stops,No info,12436
Jet Airways,21/05/2019,Delhi,Cochin,DEL → BOM → COK,19:45,12:35 22 May,16h 50m,1 stop,In-flight meal not included,12898
IndiGo,21/05/2019,Delhi,Cochin,DEL → LKO → COK,21:50,03:35 22 May,5h 45m,1 stop,No info,7189
Air India,1/05/2019,Delhi,Cochin,DEL → HYD → MAA → COK,17:15,09:25 02 May,16h 10m,2 stops,No info,8839
IndiGo,24/03/2019,Banglore,New Delhi,BLR → DEL,13:00,15:50,2h 50m,non-stop,No info,5694
Vistara,01/03/2019,Banglore,New Delhi,BLR → AMD → DEL,06:40,10:25 02 Mar,27h 45m,1 stop,No info,12371
Jet Airways,21/05/2019,Kolkata,Banglore,CCU → BOM → BLR,14:05,22:35,8h 30m,1 stop,No info,14781
Jet Airways,24/05/2019,Kolkata,Banglore,CCU → BOM → BLR,14:05,18:15 25 May,28h 10m,1 stop,In-flight meal not included,10844
Air India,24/06/2019,Delhi,Cochin,DEL → BLR → COK,13:30,23:00,9h 30m,1 stop,No info,8907
Air India,24/05/2019,Kolkata,Banglore,CCU → BOM → BLR,09:25,07:55 25 May,22h 30m,1 stop,No info,8366
Jet Airways,9/06/2019,Delhi,Cochin,DEL → BOM → COK,02:15,04:25 10 Jun,26h 10m,1 stop,In-flight meal not included,10262
Multiple carriers,27/03/2019,Delhi,Cochin,DEL → BOM → COK,11:30,19:15,7h 45m,1 stop,No info,6732
Jet Airways,27/05/2019,Delhi,Cochin,DEL → BOM → COK,07:05,19:00,11h 55m,1 stop,No info,16289
Jet Airways,15/05/2019,Mumbai,Hyderabad,BOM → HYD,10:20,11:50,1h 30m,non-stop,In-flight meal not included,4995
Jet Airways,27/03/2019,Delhi,Cochin,DEL → BOM → COK,09:00,18:50,9h 50m,1 stop,No info,12032
Jet Airways,18/05/2019,Kolkata,Banglore,CCU → DEL → BLR,17:00,14:25 19 May,21h 25m,1 stop,No info,13067
Air India,12/05/2019,Kolkata,Banglore,CCU → GAU → BLR,16:45,21:05 13 May,28h 20m,1 stop,No info,7662
Jet Airways,3/06/2019,Delhi,Cochin,DEL → BOM → COK,02:15,19:00,16h 45m,1 stop,No info,14714
GoAir,3/04/2019,Delhi,Cochin,DEL → BOM → COK,07:00,12:55,5h 55m,1 stop,No info,4725
Jet Airways,1/05/2019,Kolkata,Banglore,CCU → BOM → BLR,16:30,10:05 02 May,17h 35m,1 stop,In-flight meal not included,8586
IndiGo,9/06/2019,Kolkata,Banglore,CCU → MAA → BLR,17:35,22:15,4h 40m,1 stop,No info,5699
IndiGo,9/05/2019,Banglore,Delhi,BLR → DEL,08:30,11:20,2h 50m,non-stop,No info,4823
Air India,1/06/2019,Delhi,Cochin,DEL → RPR → NAG → BOM → COK,05:15,07:40 02 Jun,26h 25m,3 stops,No info,12383
Jet Airways,24/05/2019,Kolkata,Banglore,CCU → BOM → BLR,18:55,08:15 25 May,13h 20m,1 stop,In-flight meal not included,8586
Air Asia,9/05/2019,Banglore,Delhi,BLR → DEL,04:55,07:45,2h 50m,non-stop,No info,4282
IndiGo,15/03/2019,Mumbai,Hyderabad,BOM → HYD,16:55,18:25,1h 30m,non-stop,No info,3175
Vistara,03/03/2019,Banglore,New Delhi,BLR → AMD → DEL,06:40,10:25 07 Mar,27h 45m,1 stop,No info,12476
Air India,21/05/2019,Banglore,Delhi,BLR → DEL,21:05,23:55,2h 50m,non-stop,No info,5228
Jet Airways,12/05/2019,Kolkata,Banglore,CCU → DEL → BLR,17:00,10:55 13 May,17h 55m,1 stop,No info,14151
SpiceJet,24/03/2019,Banglore,New Delhi,BLR → DEL,09:35,12:30,2h 55m,non-stop,No info,4377
Air India,12/06/2019,Delhi,Cochin,DEL → HYD → MAA → COK,17:15,09:25 13 Jun,16h 10m,2 stops,No info,9417
IndiGo,3/06/2019,Delhi,Cochin,DEL → BOM → COK,10:35,21:00,10h 25m,1 stop,No info,6093
IndiGo,1/04/2019,Kolkata,Banglore,CCU → BLR,17:15,19:50,2h 35m,non-stop,No info,4174
IndiGo,3/04/2019,Banglore,Delhi,BLR → DEL,18:25,21:20,2h 55m,non-stop,No info,4823
Air India,15/05/2019,Delhi,Cochin,DEL → HYD → BOM → COK,17:15,07:40 16 May,14h 25m,2 stops,No info,13039
Jet Airways,24/06/2019,Delhi,Cochin,DEL → BOM → COK,18:15,04:25 25 Jun,10h 10m,1 stop,In-flight meal not included,10262
Jet Airways,1/05/2019,Delhi,Cochin,DEL → JAI → BOM → COK,09:40,12:35 02 May,26h 55m,2 stops,No info,15129
Air India,24/03/2019,Kolkata,Banglore,CCU → IXB → DEL → BLR,13:55,23:15 25 Mar,33h 20m,2 stops,No info,15292
Jet Airways,1/06/2019,Delhi,Cochin,DEL → JAI → BOM → COK,05:30,19:00,13h 30m,2 stops,In-flight meal not included,10368
SpiceJet,12/06/2019,Banglore,Delhi,BLR → DEL,05:55,08:35,2h 40m,non-stop,No info,4423
Jet Airways,18/03/2019,Mumbai,Hyderabad,BOM → HYD,02:55,04:25,1h 30m,non-stop,No info,5678
IndiGo,1/05/2019,Chennai,Kolkata,MAA → CCU,05:15,07:40,2h 25m,non-stop,No info,3850
SpiceJet,6/04/2019,Kolkata,Banglore,CCU → BLR,17:10,19:40,2h 30m,non-stop,No check-in baggage included,3841
SpiceJet,9/06/2019,Kolkata,Banglore,CCU → IXB → BLR,11:15,18:30,7h 15m,1 stop,No info,9946
Jet Airways,9/06/2019,Kolkata,Banglore,CCU → BOM → BLR,21:10,18:15 10 Jun,21h 5m,1 stop,In-flight meal not included,10844
Multiple carriers,6/06/2019,Delhi,Cochin,DEL → BOM → COK,11:30,01:30 07 Jun,14h,1 stop,No info,13377
IndiGo,27/05/2019,Kolkata,Banglore,CCU → BLR,17:15,19:50,2h 35m,non-stop,No info,4804
Jet Airways,21/03/2019,Delhi,Cochin,DEL → BDQ → BOM → COK,18:25,18:50 22 Mar,24h 25m,2 stops,No info,12347
Multiple carriers,21/05/2019,Delhi,Cochin,DEL → BOM → COK,10:00,19:15,9h 15m,1 stop,No info,14848
Multiple carriers,27/03/2019,Delhi,Cochin,DEL → BOM → COK,06:00,13:20,7h 20m,1 stop,No info,7845
Jet Airways,9/05/2019,Kolkata,Banglore,CCU → BOM → BLR,06:30,12:00,5h 30m,1 stop,In-flight meal not included,9663
Air India,24/06/2019,Delhi,Cochin,DEL → BLR → COK,17:40,23:00,5h 20m,1 stop,No info,7174
Air India,6/06/2019,Kolkata,Banglore,CCU → BBI → BOM → BLR,12:00,21:50,9h 50m,2 stops,No info,9416
IndiGo,15/05/2019,Delhi,Cochin,DEL → HYD → COK,06:50,12:10,5h 20m,1 stop,No info,5298
Jet Airways,24/06/2019,Delhi,Cochin,DEL → JAI → BOM → COK,05:30,19:00,13h 30m,2 stops,In-flight meal not included,10368
IndiGo,18/05/2019,Banglore,Delhi,BLR → DEL,22:10,01:00 19 May,2h 50m,non-stop,No info,3943
Jet Airways,24/03/2019,Kolkata,Banglore,CCU → BOM → BLR,13:55,19:40,5h 45m,1 stop,No info,14231
SpiceJet,1/04/2019,Kolkata,Banglore,CCU → BLR,22:20,00:40 02 Apr,2h 20m,non-stop,No check-in baggage included,3841
Air India,1/06/2019,Delhi,Cochin,DEL → GOI → BOM → COK,22:00,19:15 02 Jun,21h 15m,2 stops,No info,10441
IndiGo,24/05/2019,Banglore,Delhi,BLR → DEL,22:10,01:00 25 May,2h 50m,non-stop,No info,3419
Air India,27/06/2019,Delhi,Cochin,DEL → BOM → COK,08:00,19:15,11h 15m,1 stop,No info,8372
Jet Airways,21/03/2019,Delhi,Cochin,DEL → BDQ → BOM → COK,18:25,18:50 22 Mar,24h 25m,2 stops,No info,11869
IndiGo,27/03/2019,Chennai,Kolkata,MAA → CCU,13:20,15:35,2h 15m,non-stop,No info,3384
IndiGo,21/05/2019,Mumbai,Hyderabad,BOM → HYD,12:00,13:30,1h 30m,non-stop,No info,2754
GoAir,09/03/2019,Banglore,New Delhi,BLR → DEL,11:40,14:35,2h 55m,non-stop,No info,7305
IndiGo,3/06/2019,Delhi,Cochin,DEL → BLR → COK,15:10,20:00,4h 50m,1 stop,No info,6493
Multiple carriers,9/03/2019,Delhi,Cochin,DEL → BOM → COK,08:00,19:45,11h 45m,1 stop,No info,16287
Air India,9/06/2019,Kolkata,Banglore,CCU → BOM → AMD → BLR,09:25,05:25 10 Jun,20h,2 stops,No info,13007
IndiGo,27/05/2019,Delhi,Cochin,DEL → HYD → COK,07:35,22:30,14h 55m,1 stop,No info,7514
Multiple carriers,15/05/2019,Delhi,Cochin,DEL → BOM → COK,19:00,01:30 16 May,6h 30m,1 stop,No info,7670
IndiGo,12/06/2019,Delhi,Cochin,DEL → BOM → COK,15:00,01:30 13 Jun,10h 30m,1 stop,No info,5684
Jet Airways,27/06/2019,Delhi,Cochin,DEL → BOM → COK,10:00,12:35 28 Jun,26h 35m,1 stop,In-flight meal not included,10262
Multiple carriers,24/06/2019,Delhi,Cochin,DEL → BOM → COK,13:00,01:30 25 Jun,12h 30m,1 stop,No info,13377
Air Asia,09/03/2019,Banglore,New Delhi,BLR → DEL,05:50,08:40,2h 50m,non-stop,No info,7652
Jet Airways,24/05/2019,Kolkata,Banglore,CCU → BOM → BLR,16:30,12:00 25 May,19h 30m,1 stop,In-flight meal not included,10844
Jet Airways,9/06/2019,Delhi,Cochin,DEL → BOM → COK,07:05,04:25 10 Jun,21h 20m,1 stop,In-flight meal not included,10262
Jet Airways,27/03/2019,Delhi,Cochin,DEL → AMD → BOM → COK,19:10,04:25 28 Mar,9h 15m,2 stops,In-flight meal not included,8456
Jet Airways,12/05/2019,Mumbai,Hyderabad,BOM → HYD,07:05,08:30,1h 25m,non-stop,In-flight meal not included,4050
IndiGo,21/05/2019,Delhi,Cochin,DEL → BOM → COK,06:40,21:00,14h 20m,1 stop,No info,7006
Jet Airways,15/05/2019,Kolkata,Banglore,CCU → BOM → BLR,16:30,23:35,7h 5m,1 stop,In-flight meal not included,8586
Air India,6/05/2019,Banglore,Delhi,BLR → DEL,06:10,08:55,2h 45m,non-stop,No info,6121
Jet Airways,6/05/2019,Mumbai,Hyderabad,BOM → HYD,02:55,04:20,1h 25m,non-stop,No info,5678
Air India,15/05/2019,Kolkata,Banglore,CCU → BOM → COK → BLR,09:25,13:45 16 May,28h 20m,2 stops,No info,14482
Vistara,21/05/2019,Delhi,Cochin,DEL → COK,06:00,09:10,3h 10m,non-stop,No info,6741
SpiceJet,15/05/2019,Banglore,Delhi,BLR → DEL,09:30,12:20,2h 50m,non-stop,No info,4423
Multiple carriers,3/06/2019,Delhi,Cochin,DEL → BOM → COK,07:00,19:00,12h,1 stop,No info,12402
SpiceJet,3/06/2019,Chennai,Kolkata,MAA → CCU,09:45,12:00,2h 15m,non-stop,No check-in baggage included,3859
Jet Airways,12/06/2019,Delhi,Cochin,DEL → COK,11:00,14:15,3h 15m,non-stop,In-flight meal not included,7202
Jet Airways,3/05/2019,Banglore,Delhi,BLR → DEL,15:15,18:10,2h 55m,non-stop,In-flight meal not included,4544
Jet Airways,21/05/2019,Delhi,Cochin,DEL → COK,09:50,13:05,3h 15m,non-stop,No info,9564
IndiGo,21/03/2019,Delhi,Cochin,DEL → BOM → COK,09:10,15:30,6h 20m,1 stop,No info,9709
Jet Airways,3/06/2019,Delhi,Cochin,DEL → JDH → BOM → COK,11:40,19:00,7h 20m,2 stops,In-flight meal not included,15812
Air India,9/06/2019,Delhi,Cochin,DEL → HYD → MAA → COK,09:45,09:25 10 Jun,23h 40m,2 stops,No info,11185
Jet Airways,1/06/2019,Delhi,Cochin,DEL → JDH → BOM → COK,11:40,19:00,7h 20m,2 stops,In-flight meal not included,15812
IndiGo,12/06/2019,Banglore,Delhi,BLR → DEL,23:30,02:20 13 Jun,2h 50m,non-stop,No info,3943
Jet Airways,24/05/2019,Kolkata,Banglore,CCU → BOM → BLR,18:55,09:20 25 May,14h 25m,1 stop,In-flight meal not included,10844
Vistara,9/06/2019,Banglore,Delhi,BLR → DEL,11:30,14:20,2h 50m,non-stop,No info,4668
Jet Airways,01/03/2019,Banglore,New Delhi,BLR → BOM → DEL,08:55,18:25,9h 30m,1 stop,No info,26890
Jet Airways,18/05/2019,Kolkata,Banglore,CCU → BOM → BLR,05:45,19:50,14h 5m,1 stop,No info,14781
Air India,27/06/2019,Delhi,Cochin,DEL → BOM → COK,09:00,19:15,10h 15m,1 stop,No info,8372
IndiGo,27/05/2019,Delhi,Cochin,DEL → BOM → COK,07:30,21:00,13h 30m,1 stop,No info,6526
Jet Airways,15/06/2019,Mumbai,Hyderabad,BOM → HYD,02:55,04:20,1h 25m,non-stop,No info,5678
IndiGo,6/03/2019,Kolkata,Banglore,CCU → BLR,15:10,17:45,2h 35m,non-stop,No info,5618
Air India,6/03/2019,Mumbai,Hyderabad,BOM → GOI → PNQ → HYD,05:05,16:55,11h 50m,2 stops,No info,16697
Jet Airways,21/05/2019,Kolkata,Banglore,CCU → BOM → BLR,21:10,04:40 22 May,7h 30m,1 stop,No info,13941
Jet Airways,27/05/2019,Delhi,Cochin,DEL → IDR → BOM → COK,09:35,12:35 28 May,27h,2 stops,No info,14657
SpiceJet,9/06/2019,Kolkata,Banglore,CCU → BLR,22:20,00:40 10 Jun,2h 20m,non-stop,No check-in baggage included,3841
IndiGo,1/05/2019,Chennai,Kolkata,MAA → CCU,19:35,21:55,2h 20m,non-stop,No info,3597
Jet Airways,1/04/2019,Kolkata,Banglore,CCU → BOM → BLR,21:10,09:20 02 Apr,12h 10m,1 stop,In-flight meal not included,8849
Jet Airways,1/06/2019,Delhi,Cochin,DEL → NAG → BOM → COK,06:45,04:25 02 Jun,21h 40m,2 stops,No info,13376
Jet Airways,12/04/2019,Banglore,Delhi,BLR → DEL,11:10,14:05,2h 55m,non-stop,No info,7229
IndiGo,15/06/2019,Banglore,Delhi,BLR → DEL,10:30,13:20,2h 50m,non-stop,No info,3943
IndiGo,21/05/2019,Banglore,Delhi,BLR → DEL,08:30,11:20,2h 50m,non-stop,No info,4823
Jet Airways,18/03/2019,Banglore,New Delhi,BLR → BOM → DEL,16:55,10:25 16 Mar,17h 30m,1 stop,In-flight meal not included,11087
Air India,1/04/2019,Kolkata,Banglore,CCU → DEL → BLR,17:30,08:55 02 Apr,15h 25m,1 stop,No info,7893
Multiple carriers,27/05/2019,Delhi,Cochin,DEL → BOM → COK,16:00,01:30 28 May,9h 30m,1 stop,No info,13377
Air India,12/03/2019,Mumbai,Hyderabad,BOM → BHO → DEL → HYD,06:00,19:25 13 Mar,37h 25m,2 stops,No info,12119
Jet Airways,24/05/2019,Kolkata,Banglore,CCU → BOM → BLR,20:00,10:05 25 May,14h 5m,1 stop,In-flight meal not included,8586
Jet Airways,9/05/2019,Delhi,Cochin,DEL → BOM → COK,19:45,19:00 10 May,23h 15m,1 stop,In-flight meal not included,12373
Vistara,9/05/2019,Kolkata,Banglore,CCU → DEL → BLR,17:00,09:05 10 May,16h 5m,1 stop,No info,9187
Air India,24/06/2019,Delhi,Cochin,DEL → JAI → BOM → COK,18:45,19:15 25 Jun,24h 30m,2 stops,No info,11732
IndiGo,3/03/2019,Mumbai,Hyderabad,BOM → HYD,09:10,10:40,1h 30m,non-stop,No info,5755
Jet Airways,3/06/2019,Delhi,Cochin,DEL → BOM → COK,20:55,04:25 04 Jun,7h 30m,1 stop,No info,14714
Jet Airways,24/06/2019,Delhi,Cochin,DEL → IDR → BOM → COK,21:25,19:00 25 Jun,21h 35m,2 stops,No info,13292
Jet Airways,1/06/2019,Banglore,Delhi,BLR → DEL,17:45,20:45,3h,non-stop,In-flight meal not included,7229
Air India,6/05/2019,Kolkata,Banglore,CCU → BBI → BOM → BLR,12:00,11:10 07 May,23h 10m,2 stops,No info,10676
Jet Airways,15/06/2019,Delhi,Cochin,DEL → BOM → COK,19:45,12:35 16 Jun,16h 50m,1 stop,In-flight meal not included,10262
Jet Airways,1/05/2019,Kolkata,Banglore,CCU → DEL → BLR,17:00,23:35,6h 35m,1 stop,In-flight meal not included,12384
Vistara,9/06/2019,Kolkata,Banglore,CCU → DEL → BLR,20:20,10:45 10 Jun,14h 25m,1 stop,No info,9397
Multiple carriers,9/03/2019,Delhi,Cochin,DEL → BOM → COK,06:00,19:15,13h 15m,1 stop,No info,14408
Jet Airways,21/05/2019,Delhi,Cochin,DEL → JAI → BOM → COK,09:40,04:25 22 May,18h 45m,2 stops,In-flight meal not included,13029
Multiple carriers,6/03/2019,Delhi,Cochin,DEL → BOM → COK,09:00,21:00,12h,1 stop,No info,15078
IndiGo,6/04/2019,Kolkata,Banglore,CCU → HYD → BLR,15:15,20:30,5h 15m,1 stop,No info,4268
IndiGo,9/03/2019,Delhi,Cochin,DEL → LKO → COK,05:35,10:10,4h 35m,1 stop,No info,9476
IndiGo,6/06/2019,Kolkata,Banglore,CCU → BLR,11:30,14:05,2h 35m,non-stop,No info,5224
IndiGo,27/03/2019,Delhi,Cochin,DEL → HYD → COK,07:35,16:10,8h 35m,1 stop,No info,6442
Air India,3/03/2019,Delhi,Cochin,DEL → BLR → COK,06:10,23:00,16h 50m,1 stop,No info,13002
SpiceJet,15/05/2019,Chennai,Kolkata,MAA → CCU,17:45,20:05,2h 20m,non-stop,No info,3597
Vistara,15/05/2019,Kolkata,Banglore,CCU → DEL → BLR,17:00,23:25,6h 25m,1 stop,No info,9345
Multiple carriers,6/06/2019,Delhi,Cochin,DEL → HYD → COK,07:05,22:30,15h 25m,1 stop,No info,9646
Jet Airways,3/06/2019,Delhi,Cochin,DEL → JAI → BOM → COK,09:40,19:00,9h 20m,2 stops,No info,13014
IndiGo,27/06/2019,Delhi,Cochin,DEL → HYD → COK,06:50,16:10,9h 20m,1 stop,No info,6442
Jet Airways,9/06/2019,Delhi,Cochin,DEL → BOM → COK,22:50,12:35 10 Jun,13h 45m,1 stop,In-flight meal not included,10262
Multiple carriers,21/03/2019,Delhi,Cochin,DEL → BOM → COK,11:40,19:15,7h 35m,1 stop,No info,7531
Multiple carriers,24/06/2019,Delhi,Cochin,DEL → BOM → COK,07:05,19:15,12h 10m,1 stop,No info,15058
Air Asia,24/04/2019,Kolkata,Banglore,CCU → BLR,19:55,22:25,2h 30m,non-stop,No info,4107
Jet Airways,12/03/2019,Banglore,New Delhi,BLR → BOM → DEL,22:55,15:15 13 Mar,16h 20m,1 stop,No info,13817
GoAir,12/06/2019,Delhi,Cochin,DEL → BOM → COK,10:35,19:35,9h,1 stop,No info,4959
Air India,6/03/2019,Mumbai,Hyderabad,BOM → BLR → HYD,09:15,09:15 07 Mar,24h,1 stop,No info,9535
Air India,1/04/2019,Kolkata,Banglore,CCU → DEL → BLR,10:00,23:15,13h 15m,1 stop,No info,7893
Air India,6/03/2019,Delhi,Cochin,DEL → BOM → COK,09:00,19:15,10h 15m,1 stop,No info,15284
Jet Airways,6/03/2019,Delhi,Cochin,DEL → BOM → COK,13:00,04:25 07 Mar,15h 25m,1 stop,No info,15764
IndiGo,15/06/2019,Delhi,Cochin,DEL → HYD → COK,06:50,12:10,5h 20m,1 stop,No info,5298
Air Asia,6/06/2019,Banglore,Delhi,BLR → DEL,23:55,02:45 07 Jun,2h 50m,non-stop,No info,7120
Jet Airways Business,3/03/2019,Delhi,Cochin,DEL → ATQ → BOM → COK,20:05,04:25 04 Mar,8h 20m,2 stops,No info,46490
IndiGo,27/06/2019,Kolkata,Banglore,CCU → BLR,21:25,00:05 28 Jun,2h 40m,non-stop,No info,4804
Multiple carriers,21/03/2019,Delhi,Cochin,DEL → BOM → COK,17:00,01:35 22 Mar,8h 35m,1 stop,No info,7363
Air India,9/06/2019,Delhi,Cochin,DEL → BOM → COK,20:00,19:15 10 Jun,23h 15m,1 stop,No info,8372
Multiple carriers,1/06/2019,Delhi,Cochin,DEL → BOM → COK,11:25,19:00,7h 35m,1 stop,No info,11200
IndiGo,9/04/2019,Delhi,Cochin,DEL → BOM → COK,16:00,01:30 10 Apr,9h 30m,1 stop,No info,6573
GoAir,6/03/2019,Delhi,Cochin,DEL → AMD → COK,06:00,13:20,7h 20m,1 stop,No info,6393
Air Asia,21/03/2019,Kolkata,Banglore,CCU → BLR,22:50,01:20 22 Mar,2h 30m,non-stop,No info,3782
IndiGo,15/06/2019,Delhi,Cochin,DEL → HYD → COK,05:05,12:10,7h 5m,1 stop,No info,6818
IndiGo,21/05/2019,Delhi,Cochin,DEL → PNQ → COK,23:30,04:35 22 May,5h 5m,1 stop,No info,8745
Air India,21/06/2019,Mumbai,Hyderabad,BOM → HYD,13:55,15:25,1h 30m,non-stop,No info,3100
IndiGo,6/04/2019,Kolkata,Banglore,CCU → BLR,20:20,22:55,2h 35m,non-stop,No info,4174
GoAir,6/06/2019,Delhi,Cochin,DEL → BOM → COK,14:25,19:35,5h 10m,1 stop,No info,7870
Jet Airways,3/06/2019,Delhi,Cochin,DEL → BOM → COK,20:55,04:25 04 Jun,7h 30m,1 stop,In-flight meal not included,10262
Air India,9/06/2019,Delhi,Cochin,DEL → JAI → BOM → COK,18:45,19:15 10 Jun,24h 30m,2 stops,No info,12257
Jet Airways,18/05/2019,Kolkata,Banglore,CCU → BOM → BLR,16:30,12:00 19 May,19h 30m,1 stop,In-flight meal not included,10844
Air India,15/05/2019,Delhi,Cochin,DEL → GOI → BOM → COK,22:00,19:15 16 May,21h 15m,2 stops,No info,11281
Air India,21/05/2019,Kolkata,Banglore,CCU → HYD → BLR,19:00,11:05 22 May,16h 5m,1 stop,No info,6117
Jet Airways,1/05/2019,Kolkata,Banglore,CCU → BOM → BLR,08:25,04:40 02 May,20h 15m,1 stop,No info,13941
Air Asia,27/06/2019,Delhi,Cochin,DEL → BLR → COK,20:45,07:10 28 Jun,10h 25m,1 stop,No info,6451
GoAir,27/04/2019,Delhi,Cochin,DEL → BOM → COK,10:35,19:35,9h,1 stop,No info,6922
Jet Airways,18/03/2019,Banglore,New Delhi,BLR → BOM → DEL,05:45,10:25,4h 40m,1 stop,No info,12284
Jet Airways,9/06/2019,Delhi,Cochin,DEL → BOM → COK,09:00,12:35 10 Jun,27h 35m,1 stop,In-flight meal not included,10262
Jet Airways,27/03/2019,Delhi,Cochin,DEL → BOM → COK,08:00,18:50,10h 50m,1 stop,In-flight meal not included,6068
Jet Airways,27/05/2019,Delhi,Cochin,DEL → BOM → COK,02:15,12:35,10h 20m,1 stop,No info,16376
Multiple carriers,3/03/2019,Delhi,Cochin,DEL → BOM → COK,02:15,13:20,11h 5m,1 stop,No info,17057
Jet Airways,6/06/2019,Kolkata,Banglore,CCU → BOM → BLR,21:10,10:05 07 Jun,12h 55m,1 stop,No info,14571
Multiple carriers,21/05/2019,Delhi,Cochin,DEL → BOM → COK,18:15,01:30 22 May,7h 15m,1 stop,No info,14067
Jet Airways,18/05/2019,Delhi,Cochin,DEL → AMD → BOM → COK,23:05,04:25 20 May,29h 20m,2 stops,No info,15129
IndiGo,15/03/2019,Mumbai,Hyderabad,BOM → HYD,12:00,13:25,1h 25m,non-stop,No info,3175
Vistara,21/05/2019,Kolkata,Banglore,CCU → DEL → BLR,07:10,22:40,15h 30m,1 stop,No info,8452
Air India,3/03/2019,Delhi,Cochin,DEL → AMD → BOM → COK,05:00,19:15 04 Mar,38h 15m,2 stops,No info,10283
Jet Airways,1/05/2019,Kolkata,Banglore,CCU → BOM → BLR,14:05,19:50,5h 45m,1 stop,No info,14781
Air India,9/05/2019,Delhi,Cochin,DEL → BLR → COK,06:10,23:00,16h 50m,1 stop,No info,7174
IndiGo,27/04/2019,Banglore,Delhi,BLR → DEL,16:55,19:55,3h,non-stop,No info,4823
IndiGo,24/06/2019,Banglore,Delhi,BLR → DEL,16:55,19:55,3h,non-stop,No info,4823
Air India,27/06/2019,Delhi,Cochin,DEL → HYD → BOM → COK,13:15,07:40 28 Jun,18h 25m,2 stops,No info,13547
Jet Airways,27/05/2019,Delhi,Cochin,DEL → IDR → BOM → COK,09:35,12:35 28 May,27h,2 stops,In-flight meal not included,12872
IndiGo,12/06/2019,Kolkata,Banglore,CCU → BLR,15:30,18:05,2h 35m,non-stop,No info,4804
SpiceJet,15/03/2019,Kolkata,Banglore,CCU → BLR,17:15,19:45,2h 30m,non-stop,No check-in baggage included,3815
Air India,1/03/2019,Mumbai,Hyderabad,BOM → HYD,19:30,20:45,1h 15m,non-stop,No info,15385
GoAir,12/06/2019,Delhi,Cochin,DEL → BOM → COK,14:25,19:35,5h 10m,1 stop,No info,7870
IndiGo,15/06/2019,Banglore,Delhi,BLR → DEL,18:25,21:20,2h 55m,non-stop,No info,4823
Jet Airways,21/05/2019,Kolkata,Banglore,CCU → BOM → BLR,14:05,23:35,9h 30m,1 stop,No info,14781
Air India,6/06/2019,Kolkata,Banglore,CCU → VNS → DEL → BLR,14:30,08:55 07 Jun,18h 25m,2 stops,No info,15107
Jet Airways,18/05/2019,Kolkata,Banglore,CCU → BOM → BLR,05:45,08:15 19 May,26h 30m,1 stop,No info,13941
IndiGo,9/03/2019,Delhi,Cochin,DEL → HYD → COK,06:40,12:00,5h 20m,1 stop,No info,5647
Multiple carriers,6/06/2019,Delhi,Cochin,DEL → HYD → COK,09:45,22:30,12h 45m,1 stop,No info,9646
IndiGo,27/05/2019,Delhi,Cochin,DEL → COK,14:25,17:40,3h 15m,non-stop,No info,6015
IndiGo,6/05/2019,Banglore,Delhi,BLR → DEL,22:10,01:00 07 May,2h 50m,non-stop,No info,3419
IndiGo,6/06/2019,Banglore,Delhi,BLR → DEL,23:30,02:20 07 Jun,2h 50m,non-stop,No info,4591
Multiple carriers,27/05/2019,Delhi,Cochin,DEL → IXU → BOM → COK,17:50,01:30 28 May,7h 40m,2 stops,No info,18275
Jet Airways,1/06/2019,Delhi,Cochin,DEL → JAI → BOM → COK,19:30,04:25 02 Jun,8h 55m,2 stops,No info,13014
Air India,1/05/2019,Banglore,Delhi,BLR → DEL,13:20,16:10,2h 50m,non-stop,No info,6121
Air India,24/04/2019,Delhi,Cochin,DEL → COK,14:10,17:10,3h,non-stop,No info,6094
IndiGo,15/05/2019,Delhi,Cochin,DEL → PNQ → COK,23:30,04:35 16 May,5h 5m,1 stop,No info,10123
Jet Airways,12/06/2019,Kolkata,Banglore,CCU → DEL → BLR,20:25,18:00 13 Jun,21h 35m,1 stop,No info,12692
Jet Airways,15/05/2019,Banglore,Delhi,BLR → DEL,18:55,22:00,3h 5m,non-stop,In-flight meal not included,4030
Jet Airways,27/03/2019,Delhi,Cochin,DEL → BOM → COK,09:00,18:50,9h 50m,1 stop,In-flight meal not included,5963
Jet Airways,21/03/2019,Mumbai,Hyderabad,BOM → HYD,19:35,21:05,1h 30m,non-stop,In-flight meal not included,2228
Air India,24/03/2019,Kolkata,Banglore,CCU → DEL → COK → BLR,07:00,01:20 25 Mar,18h 20m,2 stops,No info,13428
Air India,12/06/2019,Delhi,Cochin,DEL → BLR → COK,20:30,08:15 13 Jun,11h 45m,1 stop,No info,8991
Air India,15/05/2019,Kolkata,Banglore,CCU → DEL → BLR,07:00,16:15,9h 15m,1 stop,No info,11936
IndiGo,21/04/2019,Banglore,Delhi,BLR → DEL,06:05,08:50,2h 45m,non-stop,No info,4423
Multiple carriers,21/05/2019,Delhi,Cochin,DEL → BOM → COK,12:50,01:30 22 May,12h 40m,1 stop,No info,7485
Jet Airways,1/06/2019,Delhi,Cochin,DEL → BOM → COK,02:15,19:00,16h 45m,1 stop,In-flight meal not included,10262
Multiple carriers,27/05/2019,Delhi,Cochin,DEL → BOM → COK,07:00,19:00,12h,1 stop,No info,10407
IndiGo,9/06/2019,Delhi,Cochin,DEL → BOM → COK,20:25,01:30 10 Jun,5h 5m,1 stop,No info,5458
Jet Airways,9/03/2019,Delhi,Cochin,DEL → BOM → COK,19:45,04:25 10 Mar,8h 40m,1 stop,No info,15554
Jet Airways,9/05/2019,Banglore,Delhi,BLR → DEL,17:45,20:45,3h,non-stop,In-flight meal not included,5198
Air India,6/03/2019,Delhi,Cochin,DEL → BOM → COK,10:00,19:15,9h 15m,1 stop,No info,16439
SpiceJet,3/06/2019,Banglore,Delhi,BLR → DEL,09:30,12:20,2h 50m,non-stop,No info,3971
Multiple carriers,6/06/2019,Delhi,Cochin,DEL → BOM → COK,10:20,21:00,10h 40m,1 stop,No info,7005
Jet Airways,12/03/2019,Banglore,New Delhi,BLR → BOM → DEL,22:55,07:40 13 Mar,8h 45m,1 stop,In-flight meal not included,11087
Air India,21/03/2019,Delhi,Cochin,DEL → BOM → COK,13:00,19:15,6h 15m,1 stop,No info,7934
Multiple carriers,15/06/2019,Delhi,Cochin,DEL → BOM → COK,07:05,19:15,12h 10m,1 stop,No info,16108
Jet Airways,12/05/2019,Kolkata,Banglore,CCU → DEL → BLR,20:25,23:35 13 May,27h 10m,1 stop,In-flight meal not included,8066
SpiceJet,6/04/2019,Banglore,Delhi,BLR → DEL,05:55,08:35,2h 40m,non-stop,No info,4423
Multiple carriers,15/05/2019,Delhi,Cochin,DEL → BOM → COK,10:00,21:00,11h,1 stop,No info,13727
Multiple carriers,9/03/2019,Delhi,Cochin,DEL → HYD → MAA → COK,13:15,21:20,8h 5m,2 stops,No info,11560
SpiceJet,9/04/2019,Kolkata,Banglore,CCU → BLR,22:20,00:40 10 Apr,2h 20m,non-stop,No info,3873
IndiGo,15/06/2019,Kolkata,Banglore,CCU → BLR,22:15,00:50 16 Jun,2h 35m,non-stop,No info,4804
GoAir,15/06/2019,Delhi,Cochin,DEL → BOM → COK,07:00,12:55,5h 55m,1 stop,No info,5281
Jet Airways,1/05/2019,Kolkata,Banglore,CCU → BOM → BLR,16:30,08:15 02 May,15h 45m,1 stop,No info,13941
IndiGo,6/03/2019,Delhi,Cochin,DEL → BOM → COK,08:25,15:30,7h 5m,1 stop,No info,14871
Jet Airways,18/05/2019,Kolkata,Banglore,CCU → BOM → BLR,05:45,04:40 19 May,22h 55m,1 stop,In-flight meal not included,8586
Jet Airways,21/03/2019,Delhi,Cochin,DEL → JAI → BOM → COK,05:30,18:50 22 Mar,37h 20m,2 stops,No info,12341
Air India,3/03/2019,Delhi,Cochin,DEL → AMD → BOM → COK,19:45,19:15 04 Mar,23h 30m,2 stops,No info,12856
Vistara,15/03/2019,Delhi,Cochin,DEL → COK,14:55,17:50,2h 55m,non-stop,No info,6688
Multiple carriers,9/06/2019,Delhi,Cochin,DEL → BOM → COK,03:50,19:00,15h 10m,1 stop,No info,12192
Jet Airways,21/05/2019,Delhi,Cochin,DEL → BOM → COK,11:30,19:00,7h 30m,1 stop,No info,16079
Jet Airways,15/06/2019,Delhi,Cochin,DEL → JAI → BOM → COK,05:30,04:25 16 Jun,22h 55m,2 stops,No info,13014
Jet Airways,12/06/2019,Delhi,Cochin,DEL → BOM → COK,22:50,19:00 13 Jun,20h 10m,1 stop,No info,14714
Air India,18/05/2019,Delhi,Cochin,DEL → AMD → BOM → COK,19:45,19:15 19 May,23h 30m,2 stops,No info,10651
IndiGo,12/06/2019,Delhi,Cochin,DEL → HYD → COK,07:35,16:10,8h 35m,1 stop,No info,6442
Jet Airways,9/04/2019,Delhi,Cochin,DEL → BOM → COK,22:50,12:35 10 Apr,13h 45m,1 stop,No info,11822
Multiple carriers,15/05/2019,Delhi,Cochin,DEL → BOM → COK,07:00,21:00,14h,1 stop,No info,8073
Multiple carriers,1/06/2019,Delhi,Cochin,DEL → BOM → COK,18:00,01:30 02 Jun,7h 30m,1 stop,No info,7933
IndiGo,9/03/2019,Kolkata,Banglore,CCU → BLR,09:35,12:20,2h 45m,non-stop,No info,4148
IndiGo,6/03/2019,Delhi,Cochin,DEL → BOM → COK,07:30,13:20,5h 50m,1 stop,No info,13628
Vistara,6/03/2019,Mumbai,Hyderabad,BOM → DEL → HYD,14:40,09:25 07 Mar,18h 45m,1 stop,No info,12395
Vistara,1/05/2019,Banglore,Delhi,BLR → DEL,11:30,14:20,2h 50m,non-stop,No info,4668
IndiGo,6/05/2019,Kolkata,Banglore,CCU → BLR,15:15,17:45,2h 30m,non-stop,No info,4804
SpiceJet,24/04/2019,Banglore,Delhi,BLR → DEL,05:55,08:35,2h 40m,non-stop,No info,3971
Multiple carriers,3/06/2019,Delhi,Cochin,DEL → BOM → COK,09:00,21:00,12h,1 stop,No info,13587
IndiGo,15/03/2019,Banglore,New Delhi,BLR → DEL,08:30,11:30,3h,non-stop,No info,6860
Jet Airways,03/03/2019,Banglore,New Delhi,BLR → BOM → DEL,08:00,05:05 07 Mar,21h 5m,1 stop,In-flight meal not included,13502
Jet Airways,6/05/2019,Kolkata,Banglore,CCU → DEL → BLR,20:25,23:35 07 May,27h 10m,1 stop,No info,10953
Air India,15/06/2019,Delhi,Cochin,DEL → GOI → BOM → COK,22:00,19:15 16 Jun,21h 15m,2 stops,No info,10441
IndiGo,21/03/2019,Kolkata,Banglore,CCU → BLR,09:35,12:20,2h 45m,non-stop,No info,4148
IndiGo,9/03/2019,Kolkata,Banglore,CCU → BLR,15:20,17:55,2h 35m,non-stop,No info,4148
Multiple carriers,1/06/2019,Delhi,Cochin,DEL → BOM → COK,10:20,19:15,8h 55m,1 stop,No info,9526
IndiGo,18/03/2019,Kolkata,Banglore,CCU → BLR,20:25,23:05,2h 40m,non-stop,No info,4462
Air India,21/06/2019,Banglore,Delhi,BLR → DEL,13:20,16:10,2h 50m,non-stop,No info,6961
Multiple carriers,12/06/2019,Delhi,Cochin,DEL → BOM → COK,10:00,21:00,11h,1 stop,No info,13587
GoAir,21/04/2019,Delhi,Cochin,DEL → BOM → COK,10:35,19:35,9h,1 stop,No info,7031
Jet Airways,18/05/2019,Kolkata,Banglore,CCU → BOM → BLR,14:05,08:15 19 May,18h 10m,1 stop,No info,14388
Multiple carriers,1/06/2019,Delhi,Cochin,DEL → BOM → COK,08:00,19:15,11h 15m,1 stop,No info,16108
IndiGo,9/06/2019,Kolkata,Banglore,CCU → BBI → BLR,19:35,23:15,3h 40m,1 stop,No info,5276
Jet Airways,27/05/2019,Delhi,Cochin,DEL → JAI → BOM → COK,19:30,04:25 28 May,8h 55m,2 stops,No info,15129
IndiGo,18/04/2019,Banglore,Delhi,BLR → DEL,16:55,19:55,3h,non-stop,No info,4990
IndiGo,03/03/2019,Banglore,New Delhi,BLR → DEL,21:20,00:15 04 Mar,2h 55m,non-stop,No info,6144
Jet Airways,9/05/2019,Kolkata,Banglore,CCU → DEL → BLR,20:25,14:25 10 May,18h,1 stop,In-flight meal not included,9314
Jet Airways,3/03/2019,Delhi,Cochin,DEL → BOM → COK,11:30,18:50,7h 20m,1 stop,No info,18550
Jet Airways,27/03/2019,Delhi,Cochin,DEL → IDR → BOM → COK,05:25,19:45 28 Mar,38h 20m,2 stops,No info,11664
IndiGo,15/05/2019,Kolkata,Banglore,CCU → BBI → BLR,19:35,23:15,3h 40m,1 stop,No info,4226
GoAir,6/05/2019,Kolkata,Banglore,CCU → BOM → BLR,23:30,07:45 07 May,8h 15m,1 stop,No info,7451
Air India,15/03/2019,Banglore,New Delhi,BLR → HYD → VGA → DEL,17:00,22:55 16 Mar,29h 55m,2 stops,No info,8534
SpiceJet,27/04/2019,Banglore,Delhi,BLR → DEL,09:30,12:20,2h 50m,non-stop,No info,4991
IndiGo,21/04/2019,Delhi,Cochin,DEL → MAA → COK,02:00,07:25,5h 25m,1 stop,No info,5636
Jet Airways,9/06/2019,Kolkata,Banglore,CCU → BOM → BLR,20:00,12:00 10 Jun,16h,1 stop,No info,14571
Multiple carriers,27/03/2019,Delhi,Cochin,DEL → HYD → COK,07:10,22:20,15h 10m,1 stop,No info,6145
Jet Airways,9/05/2019,Delhi,Cochin,DEL → BOM → COK,20:55,19:00 10 May,22h 5m,1 stop,In-flight meal not included,12373
Jet Airways,15/04/2019,Banglore,Delhi,BLR → DEL,11:10,14:05,2h 55m,non-stop,No info,7229
Multiple carriers,27/03/2019,Delhi,Cochin,DEL → BOM → COK,07:05,13:20,6h 15m,1 stop,No info,12537
Jet Airways,21/03/2019,Delhi,Cochin,DEL → BDQ → BOM → COK,10:45,18:50,8h 5m,2 stops,No info,11360
Vistara,18/04/2019,Banglore,Delhi,BLR → DEL,21:00,23:50,2h 50m,non-stop,No info,5613
Jet Airways,21/05/2019,Delhi,Cochin,DEL → BOM → COK,22:50,19:00 22 May,20h 10m,1 stop,In-flight meal not included,12898
GoAir,24/03/2019,Banglore,New Delhi,BLR → DEL,07:45,10:40,2h 55m,non-stop,No info,4239
Jet Airways,6/06/2019,Delhi,Cochin,DEL → JAI → BOM → COK,05:30,19:00,13h 30m,2 stops,No info,13014
Air Asia,1/05/2019,Banglore,Delhi,BLR → DEL,04:55,07:45,2h 50m,non-stop,No info,4282
Jet Airways,24/06/2019,Delhi,Cochin,DEL → NAG → BOM → COK,14:35,12:35 25 Jun,22h,2 stops,No info,13376
Jet Airways,12/05/2019,Banglore,Delhi,BLR → DEL,07:10,10:10,3h,non-stop,No info,7229
IndiGo,12/06/2019,Delhi,Cochin,DEL → BOM → COK,09:15,01:30 13 Jun,16h 15m,1 stop,No info,6628
Jet Airways,06/03/2019,Banglore,New Delhi,BLR → BOM → DEL,14:05,07:40 07 Mar,17h 35m,1 stop,In-flight meal not included,13502
Multiple carriers,9/03/2019,Delhi,Cochin,DEL → BOM → COK,16:00,01:35 10 Mar,9h 35m,1 stop,In-flight meal not included,14086
Jet Airways,1/05/2019,Banglore,Delhi,BLR → DEL,15:15,18:10,2h 55m,non-stop,No info,7229
Jet Airways,24/03/2019,Kolkata,Banglore,CCU → BOM → BLR,19:45,16:20 25 Mar,20h 35m,1 stop,No info,13759
SpiceJet,1/05/2019,Mumbai,Hyderabad,BOM → HYD,22:45,00:15 02 May,1h 30m,non-stop,No check-in baggage included,1965
Jet Airways,3/06/2019,Delhi,Cochin,DEL → BOM → COK,07:05,12:35,5h 30m,1 stop,No info,14924
IndiGo,6/03/2019,Mumbai,Hyderabad,BOM → HYD,06:20,07:45,1h 25m,non-stop,No info,4784
Multiple carriers,3/03/2019,Delhi,Cochin,DEL → BOM → COK,08:00,15:30,7h 30m,1 stop,No info,17057
Jet Airways,1/06/2019,Delhi,Cochin,DEL → BOM → COK,13:00,04:25 02 Jun,15h 25m,1 stop,In-flight meal not included,10262
Jet Airways,1/06/2019,Mumbai,Hyderabad,BOM → HYD,10:20,11:50,1h 30m,non-stop,No info,5678
Air Asia,27/03/2019,Delhi,Cochin,DEL → BLR → COK,07:55,13:10,5h 15m,1 stop,No info,6151
Multiple carriers,6/06/2019,Delhi,Cochin,DEL → BOM → COK,07:05,19:15,12h 10m,1 stop,No info,14848
IndiGo,24/03/2019,Mumbai,Hyderabad,BOM → HYD,20:05,21:35,1h 30m,non-stop,No info,2227
Jet Airways,27/04/2019,Banglore,Delhi,BLR → DEL,07:10,10:10,3h,non-stop,No info,7229
Jet Airways,9/05/2019,Delhi,Cochin,DEL → BOM → COK,07:05,12:35,5h 30m,1 stop,In-flight meal not included,12373
SpiceJet,12/03/2019,Chennai,Kolkata,MAA → CCU,17:45,20:05,2h 20m,non-stop,No info,6300
Vistara,12/05/2019,Banglore,Delhi,BLR → DEL,09:45,12:35,2h 50m,non-stop,No info,4668
Jet Airways,3/06/2019,Delhi,Cochin,DEL → JAI → BOM → COK,09:40,12:35 04 Jun,26h 55m,2 stops,In-flight meal not included,10368
Jet Airways,12/04/2019,Banglore,Delhi,BLR → DEL,18:55,22:00,3h 5m,non-stop,No info,7229
SpiceJet,03/03/2019,Banglore,New Delhi,BLR → DEL,20:30,23:20,2h 50m,non-stop,No info,6860
Jet Airways,1/04/2019,Kolkata,Banglore,CCU → DEL → BLR,09:35,21:05,11h 30m,1 stop,In-flight meal not included,8066
Air India,21/05/2019,Banglore,Delhi,BLR → DEL,17:00,19:50,2h 50m,non-stop,No info,6961
Air India,9/03/2019,Delhi,Cochin,DEL → BLR → COK,06:10,23:00,16h 50m,1 stop,No info,9064
Vistara,24/05/2019,Kolkata,Banglore,CCU → DEL → BLR,17:00,23:25,6h 25m,1 stop,No info,9870
Jet Airways,9/05/2019,Kolkata,Banglore,CCU → DEL → BLR,20:25,10:55 10 May,14h 30m,1 stop,In-flight meal not included,8066
Multiple carriers,24/06/2019,Delhi,Cochin,DEL → BOM → COK,13:00,21:00,8h,1 stop,No info,13587
Air India,9/04/2019,Banglore,Delhi,BLR → DEL,17:00,19:50,2h 50m,non-stop,No info,5911
Jet Airways,24/03/2019,Banglore,New Delhi,BLR → DEL,08:20,11:15,2h 55m,non-stop,No info,7229
Air India,27/03/2019,Mumbai,Hyderabad,BOM → HYD,21:05,22:25,1h 20m,non-stop,No info,2575
Jet Airways,06/03/2019,Banglore,New Delhi,BLR → BOM → DEL,08:00,15:15,7h 15m,1 stop,No info,19225
IndiGo,6/03/2019,Delhi,Cochin,DEL → BOM → COK,06:40,13:20,6h 40m,1 stop,No info,14871
IndiGo,21/05/2019,Delhi,Cochin,DEL → BLR → COK,15:10,20:50,5h 40m,1 stop,No info,6027
Jet Airways,12/05/2019,Kolkata,Banglore,CCU → BOM → BLR,21:10,16:20 13 May,19h 10m,1 stop,In-flight meal not included,10844
Vistara,09/03/2019,Banglore,New Delhi,BLR → AMD → DEL,06:40,21:55,15h 15m,1 stop,No info,10008
SpiceJet,3/06/2019,Chennai,Kolkata,MAA → CCU,17:45,20:05,2h 20m,non-stop,No check-in baggage included,3543
Air India,18/05/2019,Kolkata,Banglore,CCU → BOM → HBX → BLR,09:25,17:20 19 May,31h 55m,2 stops,No info,13616
IndiGo,21/03/2019,Delhi,Cochin,DEL → BOM → COK,06:40,21:00,14h 20m,1 stop,No info,8784
Multiple carriers,15/05/2019,Delhi,Cochin,DEL → BOM → COK,07:30,19:00,11h 30m,1 stop,No info,10529
IndiGo,24/06/2019,Kolkata,Banglore,CCU → BLR,04:40,07:15,2h 35m,non-stop,No info,4804
Jet Airways,24/03/2019,Kolkata,Banglore,CCU → BOM → BLR,06:30,23:25,16h 55m,1 stop,No info,13339
Jet Airways,6/06/2019,Delhi,Cochin,DEL → BOM → COK,19:45,04:25 07 Jun,8h 40m,1 stop,No info,14714
Air India,6/06/2019,Banglore,Delhi,BLR → DEL,10:00,12:45,2h 45m,non-stop,No info,6961
Air India,1/04/2019,Kolkata,Banglore,CCU → BLR,14:15,16:45,2h 30m,non-stop,No info,6245
Jet Airways,6/06/2019,Kolkata,Banglore,CCU → DEL → BLR,09:35,22:05,12h 30m,1 stop,No info,14151
Air India,24/06/2019,Delhi,Cochin,DEL → BOM → COK,13:00,19:15,6h 15m,1 stop,No info,8372
Air India,12/05/2019,Kolkata,Banglore,CCU → HYD → BLR,19:00,11:05 13 May,16h 5m,1 stop,No info,6327
IndiGo,21/03/2019,Delhi,Cochin,DEL → BOM → COK,04:45,21:00,16h 15m,1 stop,No info,6314
Air Asia,3/06/2019,Banglore,Delhi,BLR → DEL,23:55,02:45 04 Jun,2h 50m,non-stop,No info,7120
SpiceJet,6/05/2019,Kolkata,Banglore,CCU → BLR,09:00,11:25,2h 25m,non-stop,No check-in baggage included,3841
SpiceJet,12/05/2019,Mumbai,Hyderabad,BOM → HYD,05:45,07:15,1h 30m,non-stop,No check-in baggage included,1965
Jet Airways,12/05/2019,Kolkata,Banglore,CCU → BOM → BLR,21:10,04:40 13 May,7h 30m,1 stop,In-flight meal not included,8586
Jet Airways,21/05/2019,Kolkata,Banglore,CCU → BOM → BLR,21:10,10:05 22 May,12h 55m,1 stop,In-flight meal not included,8586
Air Asia,9/06/2019,Kolkata,Banglore,CCU → BBI → BLR,06:50,10:30,3h 40m,1 stop,No info,6857
Jet Airways,24/03/2019,Kolkata,Banglore,CCU → BOM → BLR,21:10,20:40 25 Mar,23h 30m,1 stop,No info,13759
SpiceJet,6/05/2019,Kolkata,Banglore,CCU → BLR,22:20,00:40 07 May,2h 20m,non-stop,No info,3873
Jet Airways,1/06/2019,Banglore,Delhi,BLR → DEL,06:00,08:45,2h 45m,non-stop,No info,8016
IndiGo,1/05/2019,Banglore,Delhi,BLR → DEL,18:25,21:20,2h 55m,non-stop,No info,4823
Air Asia,9/04/2019,Banglore,Delhi,BLR → DEL,23:55,02:45 10 Apr,2h 50m,non-stop,No info,4483
Jet Airways,9/05/2019,Delhi,Cochin,DEL → JAI → BOM → COK,09:40,04:25 10 May,18h 45m,2 stops,In-flight meal not included,13029
IndiGo,24/03/2019,Kolkata,Banglore,CCU → MAA → BLR,08:15,13:00,4h 45m,1 stop,No info,6303
Vistara,15/03/2019,Banglore,New Delhi,BLR → DEL,07:00,09:40,2h 40m,non-stop,No info,6138
Jet Airways,24/03/2019,Mumbai,Hyderabad,BOM → HYD,07:10,08:35,1h 25m,non-stop,No info,5678
Air India,1/05/2019,Delhi,Cochin,DEL → GOI → BOM → COK,22:00,19:15 02 May,21h 15m,2 stops,No info,11281
Jet Airways,12/03/2019,Banglore,New Delhi,BLR → BOM → DEL,22:55,16:10 13 Mar,17h 15m,1 stop,No info,13817
IndiGo,1/04/2019,Kolkata,Banglore,CCU → BLR,15:30,18:05,2h 35m,non-stop,No info,4174
IndiGo,18/05/2019,Kolkata,Banglore,CCU → PAT → BLR,09:20,14:15,4h 55m,1 stop,No info,12198
Vistara,18/04/2019,Banglore,Delhi,BLR → DEL,17:00,19:35,2h 35m,non-stop,No info,5613
Jet Airways,12/06/2019,Kolkata,Banglore,CCU → BOM → BLR,14:05,20:45,6h 40m,1 stop,In-flight meal not included,9899
Jet Airways,3/06/2019,Delhi,Cochin,DEL → BOM → COK,10:00,04:25 04 Jun,18h 25m,1 stop,In-flight meal not included,11627
Vistara,1/06/2019,Banglore,Delhi,BLR → DEL,11:30,14:20,2h 50m,non-stop,No info,4668
Jet Airways,15/03/2019,Banglore,New Delhi,BLR → BOM → DEL,08:00,18:25,10h 25m,1 stop,In-flight meal not included,9134
SpiceJet,24/05/2019,Banglore,Delhi,BLR → DEL,09:30,12:20,2h 50m,non-stop,No info,3625
Jet Airways,21/05/2019,Kolkata,Banglore,CCU → BOM → BLR,08:25,18:15,9h 50m,1 stop,In-flight meal not included,10844
Vistara,09/03/2019,Banglore,New Delhi,BLR → AMD → DEL,06:40,10:25 13 Mar,27h 45m,1 stop,No info,10008
Jet Airways,27/06/2019,Delhi,Cochin,DEL → IDR → BOM → COK,21:25,12:35 28 Jun,15h 10m,2 stops,In-flight meal not included,11507
Jet Airways,06/03/2019,Banglore,New Delhi,BLR → BOM → DEL,16:55,11:25 07 Mar,18h 30m,1 stop,No info,17261
Jet Airways,15/06/2019,Delhi,Cochin,DEL → JAI → BOM → COK,05:30,04:25 16 Jun,22h 55m,2 stops,In-flight meal not included,10368
Multiple carriers,1/03/2019,Delhi,Cochin,DEL → BOM → COK,00:20,13:20,13h,1 stop,No info,29528
Jet Airways,9/06/2019,Delhi,Cochin,DEL → LKO → BOM → COK,11:45,04:25 10 Jun,16h 40m,2 stops,No info,13882
SpiceJet,9/05/2019,Chennai,Kolkata,MAA → CCU,09:45,12:00,2h 15m,non-stop,No check-in baggage included,3543
Jet Airways,24/06/2019,Banglore,Delhi,BLR → DEL,11:10,14:05,2h 55m,non-stop,In-flight meal not included,5769
IndiGo,1/06/2019,Chennai,Kolkata,MAA → CCU,11:35,14:00,2h 25m,non-stop,No info,3858
Jet Airways,24/03/2019,Kolkata,Banglore,CCU → BOM → BLR,16:55,16:20 25 Mar,23h 25m,1 stop,In-flight meal not included,11134
Air India,3/06/2019,Delhi,Cochin,DEL → JDH → BOM → COK,12:55,19:15 04 Jun,30h 20m,2 stops,No info,12436
Jet Airways,24/06/2019,Mumbai,Hyderabad,BOM → HYD,08:45,10:15,1h 30m,non-stop,No info,8040
Jet Airways,12/06/2019,Delhi,Cochin,DEL → BOM → COK,22:50,04:25 13 Jun,5h 35m,1 stop,In-flight meal not included,10262
Jet Airways,6/05/2019,Kolkata,Banglore,CCU → BOM → BLR,16:30,16:20 07 May,23h 50m,1 stop,No info,13941
Air India,18/06/2019,Banglore,Delhi,BLR → DEL,21:05,23:55,2h 50m,non-stop,No info,5228
Jet Airways,3/06/2019,Delhi,Cochin,DEL → BOM → COK,11:30,19:00,7h 30m,1 stop,In-flight meal not included,10262
Multiple carriers,15/06/2019,Delhi,Cochin,DEL → BOM → COK,07:05,21:00,13h 55m,1 stop,No info,13587
Jet Airways,9/06/2019,Delhi,Cochin,DEL → COK,11:00,14:15,3h 15m,non-stop,In-flight meal not included,7202
Jet Airways,21/03/2019,Delhi,Cochin,DEL → BOM → COK,16:00,18:50 22 Mar,26h 50m,1 stop,In-flight meal not included,5963
Air India,03/03/2019,Banglore,New Delhi,BLR → DEL,06:10,08:55,2h 45m,non-stop,No info,8851
IndiGo,18/05/2019,Banglore,Delhi,BLR → DEL,01:30,04:15,2h 45m,non-stop,No info,5780
Air India,27/03/2019,Delhi,Cochin,DEL → MAA → COK,20:40,09:25 28 Mar,12h 45m,1 stop,No info,5117
GoAir,9/04/2019,Banglore,Delhi,BLR → DEL,07:45,10:40,2h 55m,non-stop,No info,4632
Air India,12/06/2019,Delhi,Cochin,DEL → HYD → MAA → COK,09:45,09:25 13 Jun,23h 40m,2 stops,No info,10975
Jet Airways,9/04/2019,Banglore,Delhi,BLR → DEL,17:45,20:45,3h,non-stop,In-flight meal not included,4544
Air India,21/05/2019,Kolkata,Banglore,CCU → DEL → AMD → BLR,10:00,05:25 22 May,19h 25m,2 stops,No info,13899
IndiGo,24/06/2019,Delhi,Cochin,DEL → BOM → COK,09:15,01:30 25 Jun,16h 15m,1 stop,No info,6628
SpiceJet,18/05/2019,Banglore,Delhi,BLR → DEL,05:55,08:35,2h 40m,non-stop,No info,3625
SpiceJet,3/06/2019,Chennai,Kolkata,MAA → CCU,08:20,10:35,2h 15m,non-stop,No check-in baggage included,3543
Jet Airways,1/04/2019,Delhi,Cochin,DEL → BOM → COK,10:00,12:35 02 Apr,26h 35m,1 stop,In-flight meal not included,5406
Jet Airways,1/04/2019,Kolkata,Banglore,CCU → BOM → BLR,08:25,19:50,11h 25m,1 stop,In-flight meal not included,7064
Jet Airways,9/06/2019,Kolkata,Banglore,CCU → BOM → BLR,18:55,20:45 10 Jun,25h 50m,1 stop,In-flight meal not included,10844
SpiceJet,3/06/2019,Delhi,Cochin,DEL → MAA → COK,06:05,11:20,5h 15m,1 stop,No info,5583
Multiple carriers,24/06/2019,Delhi,Cochin,DEL → BOM → COK,10:20,19:15,8h 55m,1 stop,In-flight meal not included,7268
IndiGo,15/05/2019,Mumbai,Hyderabad,BOM → HYD,12:00,13:30,1h 30m,non-stop,No info,2754
Air India,9/06/2019,Delhi,Cochin,DEL → AMD → BOM → COK,05:00,07:40 10 Jun,26h 40m,2 stops,No info,10756
Jet Airways,9/06/2019,Kolkata,Banglore,CCU → BOM → BLR,08:25,04:40 10 Jun,20h 15m,1 stop,No info,13731
IndiGo,1/04/2019,Delhi,Cochin,DEL → MAA → COK,02:00,07:25,5h 25m,1 stop,No info,5164
Multiple carriers,27/06/2019,Delhi,Cochin,DEL → BOM → COK,07:00,19:00,12h,1 stop,No info,12192
IndiGo,9/06/2019,Delhi,Cochin,DEL → HYD → COK,14:20,22:30,8h 10m,1 stop,No info,6938
Air India,3/04/2019,Kolkata,Banglore,CCU → BLR,20:45,23:20,2h 35m,non-stop,No info,4460
SpiceJet,24/03/2019,Kolkata,Banglore,CCU → BLR,17:15,19:45,2h 30m,non-stop,No info,6461
Vistara,6/03/2019,Mumbai,Hyderabad,BOM → DEL → HYD,11:55,22:55,11h,1 stop,No info,12395
IndiGo,18/05/2019,Banglore,Delhi,BLR → DEL,20:00,22:50,2h 50m,non-stop,No info,4823
IndiGo,6/05/2019,Chennai,Kolkata,MAA → CCU,13:15,15:35,2h 20m,non-stop,No info,3597
Jet Airways,18/05/2019,Kolkata,Banglore,CCU → BOM → BLR,21:10,09:20 19 May,12h 10m,1 stop,No info,14388
Jet Airways,24/06/2019,Delhi,Cochin,DEL → IDR → BOM → COK,09:35,12:35 25 Jun,27h,2 stops,No info,12609
IndiGo,6/06/2019,Kolkata,Banglore,CCU → BLR,20:25,23:10,2h 45m,non-stop,No info,4804
SpiceJet,03/03/2019,Banglore,New Delhi,BLR → DEL,20:30,23:20,2h 50m,non-stop,No info,6860
IndiGo,03/03/2019,Banglore,New Delhi,BLR → DEL,07:10,10:05,2h 55m,non-stop,No info,6860
Multiple carriers,27/05/2019,Delhi,Cochin,DEL → BOM → COK,08:00,19:00,11h,1 stop,No info,10407
Air India,21/03/2019,Banglore,New Delhi,BLR → MAA → DEL,11:50,13:00 19 Mar,25h 10m,1 stop,No info,5092
IndiGo,18/05/2019,Banglore,Delhi,BLR → DEL,16:55,19:55,3h,non-stop,No info,4823
IndiGo,1/05/2019,Chennai,Kolkata,MAA → CCU,11:35,14:00,2h 25m,non-stop,No info,4332
Jet Airways,9/06/2019,Delhi,Cochin,DEL → BOM → COK,07:05,12:35,5h 30m,1 stop,In-flight meal not included,10262
Jet Airways,12/06/2019,Kolkata,Banglore,CCU → BOM → BLR,16:30,23:35,7h 5m,1 stop,In-flight meal not included,9899
Multiple carriers,1/05/2019,Delhi,Cochin,DEL → BOM → COK,09:00,19:15,10h 15m,1 stop,No info,15373
Jet Airways,1/04/2019,Kolkata,Banglore,CCU → BOM → BLR,16:30,20:45 02 Apr,28h 15m,1 stop,In-flight meal not included,7064
Multiple carriers,3/03/2019,Delhi,Cochin,DEL → IDR → BOM → COK,15:05,01:35 04 Mar,10h 30m,2 stops,No info,34503
Air India,24/05/2019,Kolkata,Banglore,CCU → GAU → DEL → BLR,09:50,23:15,13h 25m,2 stops,No info,15170
IndiGo,9/06/2019,Kolkata,Banglore,CCU → HYD → BLR,15:15,20:30,5h 15m,1 stop,No info,5380
Jet Airways,15/05/2019,Kolkata,Banglore,CCU → BOM → BLR,18:55,18:15 16 May,23h 20m,1 stop,In-flight meal not included,10844
SpiceJet,12/04/2019,Banglore,Delhi,BLR → DEL,09:30,12:20,2h 50m,non-stop,No check-in baggage included,4885
Air India,6/06/2019,Kolkata,Banglore,CCU → IXR → DEL → BLR,05:50,20:25,14h 35m,2 stops,No info,10991
Air Asia,1/05/2019,Banglore,Delhi,BLR → DEL,23:55,02:45 02 May,2h 50m,non-stop,No info,4483
Jet Airways,3/06/2019,Banglore,Delhi,BLR → DEL,08:20,11:20,3h,non-stop,In-flight meal not included,5769
Jet Airways,01/03/2019,Banglore,New Delhi,BLR → BOM → DEL,08:55,21:20,12h 25m,1 stop,1 Long layover,27992
Jet Airways,24/03/2019,Banglore,New Delhi,BLR → DEL,18:55,21:55,3h,non-stop,No info,7229
Jet Airways,18/03/2019,Banglore,New Delhi,BLR → BOM → DEL,14:05,07:40 16 Mar,17h 35m,1 stop,In-flight meal not included,10972
IndiGo,6/06/2019,Banglore,Delhi,BLR → DEL,07:10,10:05,2h 55m,non-stop,No info,4823
IndiGo,1/05/2019,Banglore,Delhi,BLR → DEL,06:05,08:50,2h 45m,non-stop,No info,4423
Multiple carriers,18/05/2019,Delhi,Cochin,DEL → BOM → COK,06:00,12:35,6h 35m,1 stop,No info,9794
Jet Airways,6/03/2019,Delhi,Cochin,DEL → BOM → COK,09:55,04:25 07 Mar,18h 30m,1 stop,No info,15764
Jet Airways,1/05/2019,Banglore,Delhi,BLR → DEL,18:55,22:00,3h 5m,non-stop,No info,7229
Vistara,21/05/2019,Kolkata,Banglore,CCU → DEL → BLR,17:00,10:45 22 May,17h 45m,1 stop,No info,9187
Jet Airways,21/05/2019,Kolkata,Banglore,CCU → BOM → BLR,20:00,12:00 22 May,16h,1 stop,No info,14781
Vistara,03/03/2019,Banglore,New Delhi,BLR → AMD → DEL,06:40,12:35,5h 55m,1 stop,No info,12476
Multiple carriers,18/05/2019,Delhi,Cochin,DEL → BOM → COK,12:50,21:00,8h 10m,1 stop,No info,7670
Jet Airways,24/03/2019,Kolkata,Banglore,CCU → BOM → BLR,08:25,16:20,7h 55m,1 stop,In-flight meal not included,10031
IndiGo,6/05/2019,Banglore,Delhi,BLR → DEL,06:05,08:50,2h 45m,non-stop,No info,4423
Air India,9/06/2019,Delhi,Cochin,DEL → MAA → COK,09:45,09:25 10 Jun,23h 40m,1 stop,No info,7690
Jet Airways,27/06/2019,Delhi,Cochin,DEL → BOM → COK,07:05,12:35,5h 30m,1 stop,No info,14714
SpiceJet,6/04/2019,Kolkata,Banglore,CCU → BLR,22:20,00:40 07 Apr,2h 20m,non-stop,No check-in baggage included,3841
Jet Airways,06/03/2019,Banglore,New Delhi,BLR → BOM → DEL,05:45,10:25,4h 40m,1 stop,No info,19225
IndiGo,24/04/2019,Banglore,Delhi,BLR → DEL,18:55,21:50,2h 55m,non-stop,No info,4823
Jet Airways,18/05/2019,Kolkata,Banglore,CCU → BOM → BLR,18:55,19:50 19 May,24h 55m,1 stop,In-flight meal not included,10844
Multiple carriers,15/05/2019,Delhi,Cochin,DEL → BOM → COK,06:00,19:15,13h 15m,1 stop,No info,8266
Multiple carriers,15/06/2019,Delhi,Cochin,DEL → BOM → COK,07:00,19:00,12h,1 stop,No info,12192
Air India,6/05/2019,Kolkata,Banglore,CCU → DEL → COK → TRV → BLR,07:00,10:30 07 May,27h 30m,3 stops,No info,13007
IndiGo,24/04/2019,Delhi,Cochin,DEL → BOM → COK,04:55,21:00,16h 5m,1 stop,No info,6162
IndiGo,18/03/2019,Mumbai,Hyderabad,BOM → HYD,12:00,13:25,1h 25m,non-stop,No info,2754
Air India,12/06/2019,Kolkata,Banglore,CCU → BBI → BOM → BLR,12:00,11:10 13 Jun,23h 10m,2 stops,No info,9416
Air India,21/03/2019,Delhi,Cochin,DEL → COK,14:10,17:10,3h,non-stop,No info,5674
Vistara,27/04/2019,Banglore,Delhi,BLR → DEL,09:45,12:35,2h 50m,non-stop,No info,5613
Air India,9/06/2019,Delhi,Cochin,DEL → MAA → COK,06:05,09:25 10 Jun,27h 20m,1 stop,No info,7690
Air India,27/05/2019,Delhi,Cochin,DEL → LKO → BOM → COK,07:10,07:40 28 May,24h 30m,2 stops,No info,14588
Air India,27/06/2019,Delhi,Cochin,DEL → BOM → COK,07:00,19:15,12h 15m,1 stop,No info,8669
SpiceJet,27/06/2019,Chennai,Kolkata,MAA → CCU,17:45,20:05,2h 20m,non-stop,No info,3597
IndiGo,9/04/2019,Kolkata,Banglore,CCU → HYD → BLR,15:15,20:05,4h 50m,1 stop,No info,4268
IndiGo,24/04/2019,Kolkata,Banglore,CCU → BLR,15:15,17:45,2h 30m,non-stop,No info,4804
Multiple carriers,27/06/2019,Delhi,Cochin,DEL → BOM → COK,10:00,19:15,9h 15m,1 stop,No info,14848
Jet Airways,24/06/2019,Delhi,Cochin,DEL → AMD → BOM → COK,23:05,04:25 26 Jun,29h 20m,2 stops,No info,12819
Air India,3/03/2019,Mumbai,Hyderabad,BOM → HYD,19:30,20:45,1h 15m,non-stop,No info,11185
Jet Airways,6/06/2019,Delhi,Cochin,DEL → BOM → COK,02:15,12:35,10h 20m,1 stop,In-flight meal not included,10262
IndiGo,09/03/2019,Banglore,New Delhi,BLR → DEL,20:00,22:55,2h 55m,non-stop,No info,6144
Vistara,1/04/2019,Kolkata,Banglore,CCU → DEL → BLR,07:10,23:25,16h 15m,1 stop,No info,7927
Jet Airways,24/06/2019,Banglore,Delhi,BLR → DEL,08:20,11:20,3h,non-stop,In-flight meal not included,5769
IndiGo,27/05/2019,Mumbai,Hyderabad,BOM → HYD,06:25,07:55,1h 30m,non-stop,No info,4049
Air India,6/06/2019,Delhi,Cochin,DEL → RPR → NAG → BOM → COK,05:15,19:15 07 Jun,38h,3 stops,No info,10703
IndiGo,18/06/2019,Banglore,Delhi,BLR → DEL,16:55,19:55,3h,non-stop,No info,4823
Multiple carriers,21/03/2019,Delhi,Cochin,DEL → BOM → COK,08:00,15:30,7h 30m,1 stop,No info,14486
Air Asia,12/05/2019,Kolkata,Banglore,CCU → DEL → BLR,07:35,23:30,15h 55m,1 stop,No info,5320
Jet Airways,12/06/2019,Kolkata,Banglore,CCU → BOM → BLR,08:25,19:50,11h 25m,1 stop,No info,13626
Air India,3/03/2019,Delhi,Cochin,DEL → NAG → BOM → COK,05:55,07:40 04 Mar,25h 45m,2 stops,No info,15428
IndiGo,21/05/2019,Delhi,Cochin,DEL → BOM → COK,16:00,21:00,5h,1 stop,No info,7255
Jet Airways,15/04/2019,Banglore,Delhi,BLR → DEL,18:55,22:00,3h 5m,non-stop,In-flight meal not included,4544
SpiceJet,21/06/2019,Mumbai,Hyderabad,BOM → HYD,13:15,14:45,1h 30m,non-stop,No check-in baggage included,1965
Multiple carriers,18/05/2019,Delhi,Cochin,DEL → BOM → COK,09:15,19:15,10h,1 stop,No info,8309
Jet Airways,6/06/2019,Kolkata,Banglore,CCU → BOM → BLR,08:25,16:20,7h 55m,1 stop,In-flight meal not included,10844
Jet Airways,3/05/2019,Banglore,Delhi,BLR → DEL,19:50,22:50,3h,non-stop,In-flight meal not included,6144
Jet Airways,3/06/2019,Delhi,Cochin,DEL → BOM → COK,17:30,19:00 04 Jun,25h 30m,1 stop,In-flight meal not included,10262
Jet Airways,3/05/2019,Banglore,Delhi,BLR → DEL,17:45,20:45,3h,non-stop,No info,7229
Jet Airways,06/03/2019,Banglore,New Delhi,BLR → BOM → DEL,14:05,09:00 07 Mar,18h 55m,1 stop,No info,17261
GoAir,9/05/2019,Kolkata,Banglore,CCU → AMD → BLR,16:40,00:15 10 May,7h 35m,1 stop,No info,8777
Jet Airways,9/05/2019,Delhi,Cochin,DEL → JAI → BOM → COK,19:30,04:25 10 May,8h 55m,2 stops,No info,15129
Jet Airways,12/06/2019,Kolkata,Banglore,CCU → BOM → BLR,16:30,22:35,6h 5m,1 stop,In-flight meal not included,9899
SpiceJet,12/05/2019,Kolkata,Banglore,CCU → KNU → BLR,11:35,18:50,7h 15m,1 stop,No info,8479
GoAir,21/05/2019,Delhi,Cochin,DEL → AMD → COK,07:25,13:20,5h 55m,1 stop,No info,5842
SpiceJet,27/03/2019,Delhi,Cochin,DEL → PNQ → COK,08:45,13:15,4h 30m,1 stop,No info,4466
Air India,12/03/2019,Kolkata,Banglore,CCU → BLR,20:45,23:20,2h 35m,non-stop,No info,4435
Multiple carriers,9/05/2019,Delhi,Cochin,DEL → BOM → COK,09:00,21:00,12h,1 stop,No info,13727
IndiGo,21/05/2019,Delhi,Cochin,DEL → BOM → COK,10:35,21:00,10h 25m,1 stop,No info,6794
Jet Airways,9/06/2019,Delhi,Cochin,DEL → JDH → BOM → COK,11:40,19:00,7h 20m,2 stops,In-flight meal not included,15812
Air India,3/06/2019,Kolkata,Banglore,CCU → BLR,20:45,23:20,2h 35m,non-stop,No info,4145
Jet Airways,24/03/2019,Kolkata,Banglore,CCU → BOM → BLR,18:55,08:10 25 Mar,13h 15m,1 stop,No info,14231
SpiceJet,12/05/2019,Kolkata,Banglore,CCU → IXB → BLR,11:15,18:30,7h 15m,1 stop,No info,11468
Air India,6/05/2019,Kolkata,Banglore,CCU → BBI → HYD → BLR,09:10,04:40 07 May,19h 30m,2 stops,No info,6117
IndiGo,15/05/2019,Banglore,Delhi,BLR → DEL,00:30,03:25,2h 55m,non-stop,No info,3419
Multiple carriers,27/05/2019,Delhi,Cochin,DEL → BOM → COK,11:40,21:00,9h 20m,1 stop,No info,7005
IndiGo,1/05/2019,Banglore,Delhi,BLR → DEL,10:10,13:00,2h 50m,non-stop,No info,3943
Jet Airways,9/05/2019,Delhi,Cochin,DEL → JAI → BOM → COK,09:40,19:00,9h 20m,2 stops,In-flight meal not included,13029
Air India,3/06/2019,Delhi,Cochin,DEL → COK,18:05,21:10,3h 5m,non-stop,No info,6934
Jet Airways,1/06/2019,Delhi,Cochin,DEL → BOM → COK,19:15,12:35 02 Jun,17h 20m,1 stop,In-flight meal not included,10262
Air Asia,9/03/2019,Kolkata,Banglore,CCU → BLR,10:20,12:55,2h 35m,non-stop,No info,4384
Air India,12/06/2019,Delhi,Cochin,DEL → CCU → BOM → COK,16:55,19:15 13 Jun,26h 20m,2 stops,No info,13381
SpiceJet,18/04/2019,Kolkata,Banglore,CCU → BLR,22:20,00:40 19 Apr,2h 20m,non-stop,No info,4174
Air India,21/05/2019,Kolkata,Banglore,CCU → GAU → DEL → BLR,16:45,08:55 22 May,16h 10m,2 stops,No info,14960
Jet Airways,3/04/2019,Mumbai,Hyderabad,BOM → HYD,07:05,08:30,1h 25m,non-stop,In-flight meal not included,4160
SpiceJet,18/05/2019,Kolkata,Banglore,CCU → IXB → BLR,15:55,21:25,5h 30m,1 stop,No info,8224
Jet Airways,15/03/2019,Banglore,New Delhi,BLR → BOM → DEL,08:55,18:25,9h 30m,1 stop,In-flight meal not included,9134
Air India,18/03/2019,Banglore,New Delhi,BLR → DEL,17:00,19:45,2h 45m,non-stop,No info,11633
Jet Airways,27/06/2019,Delhi,Cochin,DEL → BOM → COK,11:30,19:00,7h 30m,1 stop,No info,14714
IndiGo,01/03/2019,Banglore,New Delhi,BLR → IDR → DEL,13:40,18:35,4h 55m,1 stop,No info,8707
Jet Airways,15/06/2019,Delhi,Cochin,DEL → ATQ → BOM → COK,12:15,04:25 16 Jun,16h 10m,2 stops,No info,14300
SpiceJet,24/03/2019,Chennai,Kolkata,MAA → CCU,17:45,20:05,2h 20m,non-stop,No info,5418
IndiGo,21/05/2019,Mumbai,Hyderabad,BOM → HYD,09:10,10:40,1h 30m,non-stop,No info,4049
Air India,9/05/2019,Kolkata,Banglore,CCU → JAI → BOM → BLR,08:20,11:10 10 May,26h 50m,2 stops,No info,11222
Jet Airways,6/03/2019,Delhi,Cochin,DEL → BOM → COK,09:55,18:50,8h 55m,1 stop,In-flight meal not included,15400
Jet Airways,21/03/2019,Delhi,Cochin,DEL → BOM → COK,08:00,04:25 22 Mar,20h 25m,1 stop,No info,12767
IndiGo,3/03/2019,Delhi,Cochin,DEL → BOM → COK,07:30,15:30,8h,1 stop,No info,14871
Jet Airways,12/06/2019,Kolkata,Banglore,CCU → BOM → BLR,06:30,19:50,13h 20m,1 stop,In-flight meal not included,9899
Vistara,6/05/2019,Kolkata,Banglore,CCU → DEL → BLR,07:10,09:05 07 May,25h 55m,1 stop,No info,8137
Jet Airways,18/03/2019,Banglore,New Delhi,BLR → BOM → DEL,11:40,23:00,11h 20m,1 stop,No info,13555
Jet Airways,9/06/2019,Kolkata,Banglore,CCU → DEL → BLR,17:00,21:05 10 Jun,28h 5m,1 stop,No info,12692
IndiGo,12/05/2019,Delhi,Cochin,DEL → COK,05:35,08:50,3h 15m,non-stop,No info,6015
IndiGo,24/04/2019,Banglore,Delhi,BLR → DEL,16:55,19:55,3h,non-stop,No info,4823
Air India,9/06/2019,Kolkata,Banglore,CCU → HYD → BLR,19:00,11:05 10 Jun,16h 5m,1 stop,No info,6327
IndiGo,21/05/2019,Delhi,Cochin,DEL → MAA → COK,07:15,12:30,5h 15m,1 stop,No info,5636
Jet Airways,27/06/2019,Delhi,Cochin,DEL → NAG → BOM → COK,14:35,12:35 28 Jun,22h,2 stops,No info,13376
Jet Airways,21/05/2019,Kolkata,Banglore,CCU → BOM → BLR,21:10,18:15 22 May,21h 5m,1 stop,In-flight meal not included,10844
Jet Airways,24/06/2019,Delhi,Cochin,DEL → JAI → BOM → COK,09:40,04:25 25 Jun,18h 45m,2 stops,In-flight meal not included,10368
SpiceJet,18/03/2019,Kolkata,Banglore,CCU → BLR,06:55,09:35,2h 40m,non-stop,No check-in baggage included,4413
IndiGo,18/03/2019,Kolkata,Banglore,CCU → BLR,10:10,12:55,2h 45m,non-stop,No info,4462
Jet Airways,27/03/2019,Mumbai,Hyderabad,BOM → HYD,15:50,17:20,1h 30m,non-stop,No info,5678
Vistara,09/03/2019,Banglore,New Delhi,BLR → DEL,09:50,12:35,2h 45m,non-stop,No info,11598
Jet Airways,27/06/2019,Banglore,Delhi,BLR → DEL,11:10,14:05,2h 55m,non-stop,In-flight meal not included,5769
Jet Airways,9/03/2019,Delhi,Cochin,DEL → JDH → BOM → COK,13:55,04:25 10 Mar,14h 30m,2 stops,No info,17229
Vistara,24/03/2019,Kolkata,Banglore,CCU → DEL → BLR,17:00,20:25 25 Mar,27h 25m,1 stop,No info,12102
Air India,24/03/2019,Kolkata,Banglore,CCU → GAU → DEL → BLR,05:55,23:15 25 Mar,41h 20m,2 stops,No info,13990
Multiple carriers,21/03/2019,Delhi,Cochin,DEL → HYD → MAA → COK,13:15,21:20,8h 5m,2 stops,No info,6653
Air India,24/05/2019,Kolkata,Banglore,CCU → BBI → HYD → BLR,09:10,04:40 25 May,19h 30m,2 stops,No info,6117
Jet Airways,18/05/2019,Delhi,Cochin,DEL → JAI → BOM → COK,05:30,04:25 19 May,22h 55m,2 stops,No info,15129
Multiple carriers,9/03/2019,Delhi,Cochin,DEL → BOM → COK,07:00,19:45,12h 45m,1 stop,No info,15237
Multiple carriers,1/06/2019,Delhi,Cochin,DEL → BOM → COK,11:40,19:00,7h 20m,1 stop,No info,12524
Air Asia,9/06/2019,Kolkata,Banglore,CCU → BLR,19:55,22:25,2h 30m,non-stop,No info,4409
Air India,9/06/2019,Kolkata,Banglore,CCU → MAA → BLR,14:35,14:35 10 Jun,24h,1 stop,No info,6528
Jet Airways,9/05/2019,Banglore,Delhi,BLR → DEL,15:15,18:10,2h 55m,non-stop,In-flight meal not included,4544
Vistara,9/06/2019,Kolkata,Banglore,CCU → DEL → BLR,20:20,20:20 10 Jun,24h,1 stop,No info,8085
Air India,9/05/2019,Mumbai,Hyderabad,BOM → HYD,13:55,15:25,1h 30m,non-stop,No info,3100
Multiple carriers,6/06/2019,Delhi,Cochin,DEL → BOM → COK,07:30,21:00,13h 30m,1 stop,No info,7740
Air India,12/06/2019,Kolkata,Banglore,CCU → DEL → BLR,17:30,20:25 13 Jun,26h 55m,1 stop,No info,10203
Air India,3/06/2019,Delhi,Cochin,DEL → BOM → COK,10:00,19:15,9h 15m,1 stop,No info,10979
IndiGo,3/03/2019,Delhi,Cochin,DEL → BOM → COK,20:30,01:35 04 Mar,5h 5m,1 stop,No info,8258
Multiple carriers,15/06/2019,Delhi,Cochin,DEL → HYD → COK,07:10,16:10,9h,1 stop,In-flight meal not included,6093
Air India,6/06/2019,Kolkata,Banglore,CCU → BBI → BOM → BLR,12:00,11:10 07 Jun,23h 10m,2 stops,No info,9416
Multiple carriers,3/06/2019,Delhi,Cochin,DEL → BOM → COK,15:15,01:30 04 Jun,10h 15m,1 stop,No info,6795
Air India,15/03/2019,Chennai,Kolkata,MAA → CCU,11:40,13:55,2h 15m,non-stop,No info,7082
IndiGo,9/06/2019,Chennai,Kolkata,MAA → CCU,13:15,15:35,2h 20m,non-stop,No info,3597
IndiGo,15/05/2019,Kolkata,Banglore,CCU → BBI → BLR,07:10,12:40,5h 30m,1 stop,No info,4864
Jet Airways,21/03/2019,Banglore,New Delhi,BLR → BOM → DEL,14:05,20:20,6h 15m,1 stop,In-flight meal not included,7832
Jet Airways,15/06/2019,Delhi,Cochin,DEL → JAI → BOM → COK,05:30,19:00,13h 30m,2 stops,In-flight meal not included,10368
Vistara,27/06/2019,Banglore,Delhi,BLR → DEL,19:30,22:15,2h 45m,non-stop,No info,5088
Jet Airways,6/06/2019,Delhi,Cochin,DEL → BOM → COK,19:45,19:00 07 Jun,23h 15m,1 stop,In-flight meal not included,10262
Multiple carriers,24/06/2019,Delhi,Cochin,DEL → BOM → COK,07:05,21:00,13h 55m,1 stop,No info,13797
Jet Airways,01/03/2019,Banglore,New Delhi,BLR → BOM → DEL,05:45,18:25,12h 40m,1 stop,No info,26890
Air India,15/05/2019,Delhi,Cochin,DEL → HYD → MAA → COK,07:05,09:25 16 May,26h 20m,2 stops,No info,10975
Air India,3/03/2019,Mumbai,Hyderabad,BOM → HYD,06:20,07:40,1h 20m,non-stop,No info,4937
Vistara,3/06/2019,Delhi,Cochin,DEL → COK,14:40,17:50,3h 10m,non-stop,No info,6216
Jet Airways,18/05/2019,Delhi,Cochin,DEL → JDH → BOM → COK,11:40,19:00,7h 20m,2 stops,In-flight meal not included,19644
Air India,1/05/2019,Kolkata,Banglore,CCU → MAA → BLR,14:35,14:35 02 May,24h,1 stop,No info,7001
IndiGo,24/03/2019,Banglore,New Delhi,BLR → DEL,16:55,19:45,2h 50m,non-stop,No info,7303
IndiGo,9/06/2019,Delhi,Cochin,DEL → BOM → COK,06:40,21:00,14h 20m,1 stop,No info,6093
Jet Airways,1/04/2019,Kolkata,Banglore,CCU → BOM → BLR,08:25,22:35,14h 10m,1 stop,In-flight meal not included,7064
IndiGo,24/03/2019,Banglore,New Delhi,BLR → DEL,08:30,11:30,3h,non-stop,No info,7303
Jet Airways,9/06/2019,Delhi,Cochin,DEL → JAI → BOM → COK,05:30,19:00,13h 30m,2 stops,No info,13014
Jet Airways,01/03/2019,Banglore,New Delhi,BLR → BOM → DEL,07:00,18:25,11h 25m,1 stop,No info,26890
IndiGo,3/05/2019,Chennai,Kolkata,MAA → CCU,11:35,14:00,2h 25m,non-stop,No info,4332
Jet Airways,18/05/2019,Kolkata,Banglore,CCU → BOM → BLR,20:00,09:20 19 May,13h 20m,1 stop,No info,14781
Jet Airways,21/05/2019,Delhi,Cochin,DEL → AMD → BOM → COK,13:25,12:35 22 May,23h 10m,2 stops,No info,15129
Jet Airways,24/06/2019,Delhi,Cochin,DEL → JAI → BOM → COK,05:30,04:25 25 Jun,22h 55m,2 stops,In-flight meal not included,10368
Air India,27/06/2019,Delhi,Cochin,DEL → TRV → COK,05:15,06:50 28 Jun,25h 35m,1 stop,No info,6587
Jet Airways,21/03/2019,Banglore,New Delhi,BLR → BOM → DEL,05:45,19:10,13h 25m,1 stop,In-flight meal not included,7832
SpiceJet,15/03/2019,Chennai,Kolkata,MAA → CCU,08:20,10:35,2h 15m,non-stop,No info,6300
IndiGo,27/06/2019,Banglore,Delhi,BLR → DEL,13:00,15:50,2h 50m,non-stop,No info,3943
SpiceJet,3/05/2019,Chennai,Kolkata,MAA → CCU,17:45,20:05,2h 20m,non-stop,No check-in baggage included,3543
Air India,12/06/2019,Delhi,Cochin,DEL → GOI → BOM → COK,22:00,19:15 13 Jun,21h 15m,2 stops,No info,10231
SpiceJet,18/05/2019,Banglore,Delhi,BLR → DEL,09:30,12:20,2h 50m,non-stop,No info,4423
Vistara,18/04/2019,Banglore,Delhi,BLR → DEL,19:30,22:15,2h 45m,non-stop,No info,5823
Jet Airways,1/06/2019,Delhi,Cochin,DEL → ATQ → BOM → COK,20:00,04:25 02 Jun,8h 25m,2 stops,No info,16263
Air India,18/05/2019,Kolkata,Banglore,CCU → BBI → BOM → BLR,12:00,18:30 19 May,30h 30m,2 stops,No info,10361
Jet Airways,6/04/2019,Delhi,Cochin,DEL → BOM → COK,13:00,19:00,6h,1 stop,In-flight meal not included,5177
Air India,24/03/2019,Banglore,New Delhi,BLR → DEL,06:10,08:55,2h 45m,non-stop,No info,4441
Jet Airways,6/05/2019,Kolkata,Banglore,CCU → DEL → BLR,20:25,10:55 07 May,14h 30m,1 stop,No info,13067
IndiGo,27/06/2019,Chennai,Kolkata,MAA → CCU,19:35,21:55,2h 20m,non-stop,No info,3597
IndiGo,6/05/2019,Mumbai,Hyderabad,BOM → HYD,21:20,22:50,1h 30m,non-stop,No info,2227
Multiple carriers,21/05/2019,Delhi,Cochin,DEL → BOM → COK,10:35,19:00,8h 25m,1 stop,No info,9103
SpiceJet,6/05/2019,Mumbai,Hyderabad,BOM → HYD,22:45,00:15 07 May,1h 30m,non-stop,No check-in baggage included,2175
Air India,6/03/2019,Delhi,Cochin,DEL → HYD → BOM → COK,07:05,19:15 07 Mar,36h 10m,2 stops,No info,11552
Air India,18/03/2019,Banglore,New Delhi,BLR → BOM → BHO → DEL,08:50,23:25 16 Mar,38h 35m,2 stops,No info,10783
Jet Airways,21/05/2019,Kolkata,Banglore,CCU → BOM → BLR,06:30,19:50,13h 20m,1 stop,In-flight meal not included,10844
Jet Airways,3/03/2019,Delhi,Cochin,DEL → UDR → BOM → COK,18:20,04:25 05 Mar,34h 5m,2 stops,No info,20747
Jet Airways,1/06/2019,Delhi,Cochin,DEL → BOM → COK,09:00,19:00,10h,1 stop,No info,14714
GoAir,15/03/2019,Banglore,New Delhi,BLR → DEL,20:55,23:50,2h 55m,non-stop,No info,8722
Jet Airways,21/05/2019,Kolkata,Banglore,CCU → BOM → BLR,16:30,04:40 22 May,12h 10m,1 stop,In-flight meal not included,9663
Jet Airways,15/05/2019,Kolkata,Banglore,CCU → GAU → BLR,10:20,17:35,7h 15m,1 stop,In-flight meal not included,5608
IndiGo,24/06/2019,Chennai,Kolkata,MAA → CCU,13:15,15:35,2h 20m,non-stop,No info,3597
Air India,9/06/2019,Kolkata,Banglore,CCU → BOM → GOI → BLR,09:25,05:35 10 Jun,20h 10m,2 stops,No info,11642
Multiple carriers,18/05/2019,Delhi,Cochin,DEL → BOM → COK,06:40,19:15,12h 35m,1 stop,No info,7564
IndiGo,27/06/2019,Delhi,Cochin,DEL → HYD → COK,05:05,16:10,11h 5m,1 stop,No info,6442
Multiple carriers,1/06/2019,Delhi,Cochin,DEL → HYD → COK,07:10,16:10,9h,1 stop,No info,7038
IndiGo,24/05/2019,Kolkata,Banglore,CCU → MAA → BLR,06:20,10:20,4h,1 stop,No info,4226
Multiple carriers,9/03/2019,Delhi,Cochin,DEL → BOM → COK,06:50,19:15,12h 25m,1 stop,In-flight meal not included,14817
Air India,27/05/2019,Delhi,Cochin,DEL → BOM → COK,19:00,19:15 28 May,24h 15m,1 stop,No info,8372
Jet Airways,12/06/2019,Kolkata,Banglore,CCU → BOM → BLR,06:30,12:00,5h 30m,1 stop,No info,13626
GoAir,1/06/2019,Banglore,Delhi,BLR → DEL,20:55,23:40,2h 45m,non-stop,No info,3898
GoAir,27/04/2019,Banglore,Delhi,BLR → DEL,07:45,10:40,2h 55m,non-stop,No info,5048
Air Asia,18/03/2019,Kolkata,Banglore,CCU → BLR,19:35,22:05,2h 30m,non-stop,No info,4384
SpiceJet,1/04/2019,Mumbai,Hyderabad,BOM → HYD,05:45,07:15,1h 30m,non-stop,No check-in baggage included,1965
Air India,24/03/2019,Banglore,New Delhi,BLR → DEL,21:10,23:55,2h 45m,non-stop,No info,4441
IndiGo,27/06/2019,Delhi,Cochin,DEL → BOM → COK,20:25,01:30 28 Jun,5h 5m,1 stop,No info,5054
Jet Airways,27/05/2019,Delhi,Cochin,DEL → BOM → COK,10:00,04:25 28 May,18h 25m,1 stop,In-flight meal not included,12898
Vistara,18/05/2019,Kolkata,Banglore,CCU → DEL → BLR,07:10,23:25,16h 15m,1 stop,No info,9345
Jet Airways,27/03/2019,Delhi,Cochin,DEL → BOM → COK,19:15,19:45 28 Mar,24h 30m,1 stop,No info,12032
Jet Airways,15/04/2019,Banglore,Delhi,BLR → DEL,15:15,18:10,2h 55m,non-stop,In-flight meal not included,4544
Multiple carriers,21/05/2019,Delhi,Cochin,DEL → BOM → COK,11:25,19:15,7h 50m,1 stop,No info,7575
IndiGo,1/04/2019,Kolkata,Banglore,CCU → MAA → BLR,17:35,22:15,4h 40m,1 stop,No info,5699
IndiGo,27/05/2019,Chennai,Kolkata,MAA → CCU,22:05,00:25 28 May,2h 20m,non-stop,No info,5277
Air India,9/04/2019,Kolkata,Banglore,CCU → BLR,20:45,23:20,2h 35m,non-stop,No info,4460
Jet Airways,24/05/2019,Kolkata,Banglore,CCU → BOM → BLR,14:05,23:35,9h 30m,1 stop,No info,14571
Air Asia,18/05/2019,Delhi,Cochin,DEL → BLR → COK,07:55,13:25,5h 30m,1 stop,No info,8759
Air Asia,6/05/2019,Banglore,Delhi,BLR → DEL,04:55,07:45,2h 50m,non-stop,No info,4282
IndiGo,15/03/2019,Banglore,New Delhi,BLR → DEL,10:10,13:00,2h 50m,non-stop,No info,6144
Jet Airways,01/03/2019,Banglore,New Delhi,BLR → BOM → DEL,14:05,00:45 02 Mar,10h 40m,1 stop,No info,26890
Jet Airways,24/03/2019,Mumbai,Hyderabad,BOM → HYD,15:50,17:20,1h 30m,non-stop,In-flight meal not included,2228
Jet Airways,1/05/2019,Kolkata,Banglore,CCU → DEL → BLR,17:00,14:25 02 May,21h 25m,1 stop,No info,11467
Air India,9/05/2019,Delhi,Cochin,DEL → CCU → BOM → COK,20:15,19:15 10 May,23h,2 stops,No info,13591
Multiple carriers,15/05/2019,Delhi,Cochin,DEL → BOM → COK,15:15,01:30 16 May,10h 15m,1 stop,No info,7670
Air India,27/03/2019,Delhi,Cochin,DEL → MAA → COK,09:45,09:25 28 Mar,23h 40m,1 stop,No info,5957
Air India,1/05/2019,Kolkata,Banglore,CCU → HYD → BLR,19:00,11:05 02 May,16h 5m,1 stop,No info,6117
Air India,18/05/2019,Kolkata,Banglore,CCU → BLR,20:45,23:20,2h 35m,non-stop,No info,4880
SpiceJet,1/06/2019,Banglore,Delhi,BLR → DEL,09:30,12:20,2h 50m,non-stop,No info,3971
Jet Airways,1/06/2019,Delhi,Cochin,DEL → BOM → COK,14:00,04:25 02 Jun,14h 25m,1 stop,In-flight meal not included,10262
IndiGo,6/05/2019,Delhi,Cochin,DEL → BOM → COK,18:35,01:30 07 May,6h 55m,1 stop,No info,7191
Jet Airways,3/06/2019,Delhi,Cochin,DEL → BOM → COK,22:50,12:35 04 Jun,13h 45m,1 stop,No info,14714
Jet Airways,21/05/2019,Kolkata,Banglore,CCU → DEL → BLR,20:25,14:25 22 May,18h,1 stop,No info,11467
IndiGo,01/03/2019,Banglore,New Delhi,BLR → DEL,08:30,11:30,3h,non-stop,No info,10067
SpiceJet,15/03/2019,Kolkata,Banglore,CCU → BLR,06:55,09:35,2h 40m,non-stop,No check-in baggage included,3815
Air India,3/04/2019,Banglore,Delhi,BLR → DEL,17:00,19:45,2h 45m,non-stop,No info,5176
Air India,15/06/2019,Delhi,Cochin,DEL → BLR → COK,13:30,23:00,9h 30m,1 stop,No info,8907
Jet Airways,12/03/2019,Banglore,New Delhi,BLR → BOM → DEL,20:35,23:00 13 Mar,26h 25m,1 stop,In-flight meal not included,11087
IndiGo,9/05/2019,Delhi,Cochin,DEL → HYD → COK,08:35,22:30,13h 55m,1 stop,No info,6734
IndiGo,21/05/2019,Delhi,Cochin,DEL → HYD → COK,11:55,18:10,6h 15m,1 stop,No info,6442
Air India,6/04/2019,Delhi,Cochin,DEL → BLR → COK,06:10,23:00,16h 50m,1 stop,No info,5022
IndiGo,9/03/2019,Mumbai,Hyderabad,BOM → HYD,21:20,22:45,1h 25m,non-stop,No info,3838
Jet Airways,9/06/2019,Kolkata,Banglore,CCU → BOM → BLR,06:30,19:50,13h 20m,1 stop,In-flight meal not included,10844
Air India,06/03/2019,Banglore,New Delhi,BLR → BOM → DEL,06:45,12:15,5h 30m,1 stop,No info,13912
Jet Airways,27/05/2019,Mumbai,Hyderabad,BOM → HYD,07:05,08:30,1h 25m,non-stop,In-flight meal not included,4995
Jet Airways,6/05/2019,Kolkata,Banglore,CCU → BOM → BLR,08:25,16:20,7h 55m,1 stop,In-flight meal not included,10844
Jet Airways,6/06/2019,Delhi,Cochin,DEL → BOM → COK,13:00,04:25 07 Jun,15h 25m,1 stop,No info,14714
Air Asia,24/06/2019,Delhi,Cochin,DEL → BLR → COK,07:55,13:25,5h 30m,1 stop,No info,6152
Jet Airways,12/06/2019,Kolkata,Banglore,CCU → BOM → BLR,14:05,16:20 13 Jun,26h 15m,1 stop,In-flight meal not included,8529
SpiceJet,3/04/2019,Kolkata,Banglore,CCU → BLR,09:00,11:25,2h 25m,non-stop,No info,3873
Jet Airways,1/05/2019,Banglore,Delhi,BLR → DEL,11:10,14:05,2h 55m,non-stop,No info,7229
Multiple carriers,27/05/2019,Delhi,Cochin,DEL → BOM → COK,11:30,01:30 28 May,14h,1 stop,No info,13377
SpiceJet,18/06/2019,Kolkata,Banglore,CCU → BLR,09:00,11:25,2h 25m,non-stop,No check-in baggage included,3841
IndiGo,6/06/2019,Kolkata,Banglore,CCU → BLR,15:15,17:45,2h 30m,non-stop,No info,4804
Multiple carriers,24/06/2019,Delhi,Cochin,DEL → HYD → COK,09:45,22:30,12h 45m,1 stop,No info,9646
Air India,3/06/2019,Delhi,Cochin,DEL → BOM → COK,07:00,19:15,12h 15m,1 stop,No info,8879
Air India,18/05/2019,Kolkata,Banglore,CCU → BOM → BLR,09:25,18:30,9h 5m,1 stop,No info,8576
IndiGo,12/06/2019,Delhi,Cochin,DEL → HYD → COK,14:20,22:30,8h 10m,1 stop,No info,6938
Multiple carriers,12/06/2019,Delhi,Cochin,DEL → BOM → COK,07:00,21:00,14h,1 stop,No info,7408
Air India,9/05/2019,Kolkata,Banglore,CCU → VNS → DEL → BLR,14:30,12:30 10 May,22h,2 stops,No info,15107
SpiceJet,3/04/2019,Kolkata,Banglore,CCU → MAA → BLR,15:05,20:20,5h 15m,1 stop,No info,4649
Multiple carriers,3/06/2019,Delhi,Cochin,DEL → HYD → COK,07:10,16:10,9h,1 stop,No info,7878
Vistara,27/05/2019,Banglore,Delhi,BLR → DEL,09:45,12:35,2h 50m,non-stop,No info,4668
IndiGo,1/06/2019,Banglore,Delhi,BLR → DEL,04:00,06:50,2h 50m,non-stop,No info,3943
Jet Airways,12/03/2019,Banglore,New Delhi,BLR → BOM → DEL,21:25,07:40 13 Mar,10h 15m,1 stop,No info,11717
Air India,15/03/2019,Mumbai,Hyderabad,BOM → HYD,15:00,16:25,1h 25m,non-stop,No info,2050
Vistara,18/06/2019,Delhi,Cochin,DEL → COK,06:00,09:10,3h 10m,non-stop,No info,6216
Jet Airways,1/06/2019,Delhi,Cochin,DEL → JAI → BOM → COK,19:30,12:35 02 Jun,17h 5m,2 stops,No info,13014
Jet Airways,15/05/2019,Kolkata,Banglore,CCU → BOM → BLR,06:30,18:15,11h 45m,1 stop,In-flight meal not included,10844
Air India,1/04/2019,Kolkata,Banglore,CCU → IXR → DEL → BLR,05:50,23:15,17h 25m,2 stops,No info,11516
Jet Airways,27/06/2019,Delhi,Cochin,DEL → AMD → BOM → COK,13:25,12:35 28 Jun,23h 10m,2 stops,In-flight meal not included,11150
Jet Airways,24/03/2019,Kolkata,Banglore,CCU → BOM → BLR,13:55,22:35,8h 40m,1 stop,No info,14231
Air India,21/06/2019,Banglore,Delhi,BLR → DEL,06:10,08:55,2h 45m,non-stop,No info,6961
Multiple carriers,24/06/2019,Delhi,Cochin,DEL → BOM → COK,07:30,21:00,13h 30m,1 stop,No info,7740
SpiceJet,15/05/2019,Kolkata,Banglore,CCU → BLR,17:10,19:40,2h 30m,non-stop,No info,4174
IndiGo,24/06/2019,Chennai,Kolkata,MAA → CCU,22:05,00:25 25 Jun,2h 20m,non-stop,No info,5277
Multiple carriers,15/06/2019,Delhi,Cochin,DEL → BOM → COK,11:40,01:30 16 Jun,13h 50m,1 stop,No info,6795
Jet Airways,21/05/2019,Delhi,Cochin,DEL → BOM → COK,09:00,12:35 22 May,27h 35m,1 stop,In-flight meal not included,12898
SpiceJet,1/03/2019,Chennai,Kolkata,MAA → CCU,17:45,20:05,2h 20m,non-stop,No info,7718
Jet Airways,21/05/2019,Delhi,Cochin,DEL → BOM → COK,02:15,12:35,10h 20m,1 stop,No info,16376
Jet Airways,18/05/2019,Mumbai,Hyderabad,BOM → HYD,07:05,08:30,1h 25m,non-stop,No info,5678
Air Asia,12/05/2019,Kolkata,Banglore,CCU → BBI → BLR,06:50,10:30,3h 40m,1 stop,No info,5162
GoAir,9/04/2019,Delhi,Cochin,DEL → AMD → COK,07:25,13:20,5h 55m,1 stop,No info,4106
Jet Airways,9/06/2019,Kolkata,Banglore,CCU → DEL → BLR,09:35,10:55 10 Jun,25h 20m,1 stop,No info,14151
Jet Airways,9/06/2019,Delhi,Cochin,DEL → BOM → COK,13:00,19:00,6h,1 stop,No info,14714
Vistara,3/05/2019,Chennai,Kolkata,MAA → CCU,17:45,20:05,2h 20m,non-stop,No info,11982
SpiceJet,12/03/2019,Chennai,Kolkata,MAA → CCU,09:30,12:05,2h 35m,non-stop,No info,6300
GoAir,24/03/2019,Banglore,New Delhi,BLR → DEL,07:45,10:40,2h 55m,non-stop,No info,3898
Jet Airways,12/05/2019,Kolkata,Banglore,CCU → BOM → BLR,21:10,08:15 13 May,11h 5m,1 stop,In-flight meal not included,8586
Air India,15/06/2019,Delhi,Cochin,DEL → HYD → MAA → COK,07:05,09:25 16 Jun,26h 20m,2 stops,No info,10975
IndiGo,18/05/2019,Delhi,Cochin,DEL → BOM → COK,10:35,21:00,10h 25m,1 stop,No info,7503
Jet Airways,21/05/2019,Mumbai,Hyderabad,BOM → HYD,02:55,04:20,1h 25m,non-stop,In-flight meal not included,4050
Vistara,24/03/2019,Kolkata,Banglore,CCU → DEL → BLR,07:10,22:55,15h 45m,1 stop,No info,12732
Vistara,1/04/2019,Banglore,Delhi,BLR → DEL,07:00,09:40,2h 40m,non-stop,No info,5403
IndiGo,3/04/2019,Banglore,Delhi,BLR → DEL,00:30,03:25,2h 55m,non-stop,No info,3419
SpiceJet,3/06/2019,Delhi,Cochin,DEL → PNQ → COK,08:45,13:15,4h 30m,1 stop,No info,5830
Jet Airways,9/05/2019,Kolkata,Banglore,CCU → DEL → BLR,09:35,21:05,11h 30m,1 stop,No info,13067
Jet Airways,06/03/2019,Banglore,New Delhi,BLR → BOM → DEL,11:40,09:00 07 Mar,21h 20m,1 stop,No info,17261
Jet Airways,3/05/2019,Banglore,Delhi,BLR → DEL,06:00,08:45,2h 45m,non-stop,No info,7229
IndiGo,15/06/2019,Chennai,Kolkata,MAA → CCU,14:45,17:05,2h 20m,non-stop,No info,3597
Air India,21/05/2019,Delhi,Cochin,DEL → JAI → BOM → COK,18:45,19:15 22 May,24h 30m,2 stops,No info,12257
Vistara,9/05/2019,Kolkata,Banglore,CCU → DEL → BLR,07:10,09:05 10 May,25h 55m,1 stop,No info,9187
Air Asia,21/06/2019,Kolkata,Banglore,CCU → BLR,22:50,01:20 22 Jun,2h 30m,non-stop,No info,3807
Jet Airways,21/03/2019,Banglore,New Delhi,BLR → BOM → DEL,11:40,23:00,11h 20m,1 stop,In-flight meal not included,6992
Air India,21/05/2019,Delhi,Cochin,DEL → BLR → COK,17:40,08:15 22 May,14h 35m,1 stop,No info,8151
Jet Airways,21/03/2019,Delhi,Cochin,DEL → BOM → COK,16:00,18:50 22 Mar,26h 50m,1 stop,No info,12557
Jet Airways,1/06/2019,Delhi,Cochin,DEL → BOM → COK,22:50,04:25 02 Jun,5h 35m,1 stop,In-flight meal not included,10262
Air Asia,6/03/2019,Delhi,Cochin,DEL → BLR → COK,20:10,07:10 07 Mar,11h,1 stop,No info,8627
IndiGo,21/05/2019,Delhi,Cochin,DEL → COK,14:25,17:40,3h 15m,non-stop,No info,5601
Air India,12/06/2019,Delhi,Cochin,DEL → AMD → BOM → COK,05:00,07:40 13 Jun,26h 40m,2 stops,No info,10231
Jet Airways,15/06/2019,Banglore,Delhi,BLR → DEL,15:15,18:10,2h 55m,non-stop,No info,8016
Jet Airways,21/05/2019,Kolkata,Banglore,CCU → BOM → BLR,14:05,20:45,6h 40m,1 stop,In-flight meal not included,10844
Multiple carriers,12/06/2019,Delhi,Cochin,DEL → BOM → COK,11:25,19:15,7h 50m,1 stop,No info,7354
Multiple carriers,9/03/2019,Delhi,Cochin,DEL → BOM → COK,15:15,01:35 10 Mar,10h 20m,1 stop,No info,15200
Jet Airways,18/05/2019,Kolkata,Banglore,CCU → BOM → BLR,14:05,10:05 19 May,20h,1 stop,No info,14388
Vistara Premium economy,1/03/2019,Chennai,Kolkata,MAA → CCU,07:05,09:20,2h 15m,non-stop,No info,9125
Air India,15/05/2019,Kolkata,Banglore,CCU → BLR,20:45,23:20,2h 35m,non-stop,No info,4145
IndiGo,9/05/2019,Delhi,Cochin,DEL → BOM → COK,07:30,21:00,13h 30m,1 stop,No info,7191
Jet Airways,15/04/2019,Banglore,Delhi,BLR → DEL,17:45,20:45,3h,non-stop,In-flight meal not included,4544
Multiple carriers,9/06/2019,Delhi,Cochin,DEL → GWL → IDR → BOM → COK,11:35,21:00,9h 25m,3 stops,No info,15629
Jet Airways,9/03/2019,Delhi,Cochin,DEL → BOM → COK,17:25,18:50 10 Mar,25h 25m,1 stop,In-flight meal not included,14053
Air India,18/06/2019,Mumbai,Hyderabad,BOM → HYD,06:20,07:40,1h 20m,non-stop,No info,3100
IndiGo,24/04/2019,Kolkata,Banglore,CCU → BLR,14:25,16:55,2h 30m,non-stop,No info,4804
Jet Airways,09/03/2019,Banglore,New Delhi,BLR → DEL,18:20,21:00,2h 40m,non-stop,No info,8016
SpiceJet,9/05/2019,Mumbai,Hyderabad,BOM → HYD,22:45,00:15 10 May,1h 30m,non-stop,No info,2017
Air India,9/04/2019,Delhi,Cochin,DEL → CCU → BOM → COK,20:15,19:15 10 Apr,23h,2 stops,No info,9916
IndiGo,3/05/2019,Mumbai,Hyderabad,BOM → HYD,21:20,22:50,1h 30m,non-stop,No info,2437
IndiGo,6/03/2019,Chennai,Kolkata,MAA → CCU,19:35,21:55,2h 20m,non-stop,No info,7295
IndiGo,18/03/2019,Chennai,Kolkata,MAA → CCU,07:55,10:15,2h 20m,non-stop,No info,3850
Jet Airways,6/05/2019,Kolkata,Banglore,CCU → BOM → BLR,16:30,22:35,6h 5m,1 stop,In-flight meal not included,10844
Jet Airways,12/06/2019,Kolkata,Banglore,CCU → BOM → BLR,06:30,04:40 13 Jun,22h 10m,1 stop,No info,12739
Jet Airways,18/03/2019,Banglore,New Delhi,BLR → BOM → DEL,11:40,20:20,8h 40m,1 stop,In-flight meal not included,11087
IndiGo,24/05/2019,Mumbai,Hyderabad,BOM → HYD,02:35,04:05,1h 30m,non-stop,No info,3342
SpiceJet,3/05/2019,Chennai,Kolkata,MAA → CCU,08:20,10:35,2h 15m,non-stop,No check-in baggage included,3543
IndiGo,3/05/2019,Banglore,Delhi,BLR → DEL,08:30,11:20,2h 50m,non-stop,No info,4823
Jet Airways,6/04/2019,Delhi,Cochin,DEL → BOM → COK,14:00,19:00,5h,1 stop,In-flight meal not included,5177
Air India,9/06/2019,Delhi,Cochin,DEL → AMD → BOM → COK,19:45,19:15 10 Jun,23h 30m,2 stops,No info,10178
Jet Airways,12/05/2019,Kolkata,Banglore,CCU → BOM → BLR,14:05,19:50,5h 45m,1 stop,No info,14781
Air India,6/05/2019,Kolkata,Banglore,CCU → DEL → VGA → BLR,07:00,10:00 07 May,27h,2 stops,No info,14508
Jet Airways,9/06/2019,Delhi,Cochin,DEL → BOM → COK,17:30,19:00 10 Jun,25h 30m,1 stop,In-flight meal not included,10262
Air India,21/05/2019,Delhi,Cochin,DEL → CCU → BOM → COK,20:15,19:15 22 May,23h,2 stops,No info,13381
Jet Airways,21/03/2019,Delhi,Cochin,DEL → BOM → COK,07:05,18:50,11h 45m,1 stop,No info,12767
Air India,6/05/2019,Kolkata,Banglore,CCU → DEL → BLR,17:30,08:55 07 May,15h 25m,1 stop,No info,10203
Jet Airways,12/05/2019,Kolkata,Banglore,CCU → BOM → BLR,06:30,08:15 13 May,25h 45m,1 stop,No info,13941
Air India,9/06/2019,Banglore,Delhi,BLR → DEL,21:05,23:55,2h 50m,non-stop,No info,5228
IndiGo,1/06/2019,Delhi,Cochin,DEL → COK,05:35,08:50,3h 15m,non-stop,No info,6541
Multiple carriers,15/06/2019,Delhi,Cochin,DEL → HYD → COK,09:45,22:30,12h 45m,1 stop,No info,9646
IndiGo,24/06/2019,Delhi,Cochin,DEL → BOM → COK,11:25,21:00,9h 35m,1 stop,No info,5894
IndiGo,6/06/2019,Banglore,Delhi,BLR → DEL,13:00,15:50,2h 50m,non-stop,No info,3943
Air India,27/03/2019,Delhi,Cochin,DEL → JAI → BOM → COK,12:00,19:15,7h 15m,2 stops,No info,10493
Jet Airways,1/04/2019,Kolkata,Banglore,CCU → BOM → BLR,06:30,08:15 02 Apr,25h 45m,1 stop,In-flight meal not included,7064
Jet Airways,24/03/2019,Kolkata,Banglore,CCU → BOM → BLR,21:10,23:25 25 Mar,26h 15m,1 stop,In-flight meal not included,10031
Jet Airways,9/06/2019,Kolkata,Banglore,CCU → BOM → BLR,18:55,19:50 10 Jun,24h 55m,1 stop,In-flight meal not included,10844
Air Asia,18/05/2019,Kolkata,Banglore,CCU → BLR,22:50,01:20 19 May,2h 30m,non-stop,No info,4409
IndiGo,24/03/2019,Chennai,Kolkata,MAA → CCU,07:55,10:15,2h 20m,non-stop,No info,4326
Multiple carriers,3/03/2019,Delhi,Cochin,DEL → BOM → COK,07:00,21:00,14h,1 stop,No info,15603
Jet Airways,01/03/2019,Banglore,New Delhi,BLR → BOM → DEL,07:00,15:15,8h 15m,1 stop,No info,26890
Jet Airways,24/05/2019,Kolkata,Banglore,CCU → BOM → BLR,20:00,23:35 25 May,27h 35m,1 stop,In-flight meal not included,10844
IndiGo,18/03/2019,Kolkata,Banglore,CCU → BLR,17:15,19:55,2h 40m,non-stop,No info,4462
Air Asia,1/04/2019,Kolkata,Banglore,CCU → DEL → BLR,07:35,19:25,11h 50m,1 stop,No info,5192
Jet Airways,24/03/2019,Kolkata,Banglore,CCU → BOM → BLR,16:55,12:00 25 Mar,19h 5m,1 stop,No info,14231
IndiGo,12/06/2019,Kolkata,Banglore,CCU → BLR,04:40,07:15,2h 35m,non-stop,No info,4804
Jet Airways,15/03/2019,Banglore,New Delhi,BLR → BOM → DEL,11:40,18:25,6h 45m,1 stop,In-flight meal not included,9134
Air India,1/06/2019,Delhi,Cochin,DEL → TRV → COK,05:15,06:50 02 Jun,25h 35m,1 stop,No info,7480
Jet Airways,12/05/2019,Kolkata,Banglore,CCU → BOM → BLR,16:30,22:35,6h 5m,1 stop,No info,14781
Jet Airways,24/06/2019,Delhi,Cochin,DEL → BOM → COK,10:00,19:00,9h,1 stop,In-flight meal not included,10262
Air India,15/06/2019,Banglore,Delhi,BLR → DEL,10:00,12:45,2h 45m,non-stop,No info,6961
IndiGo,15/05/2019,Kolkata,Banglore,CCU → PAT → BLR,09:20,14:15,4h 55m,1 stop,No info,11319
Jet Airways,15/06/2019,Delhi,Cochin,DEL → IDR → BOM → COK,09:35,12:35 16 Jun,27h,2 stops,In-flight meal not included,10824
Air India,9/03/2019,Delhi,Cochin,DEL → LKO → BOM → COK,18:30,19:15 10 Mar,24h 45m,2 stops,No info,18211
Air India,12/06/2019,Kolkata,Banglore,CCU → BBI → HYD → BLR,09:10,04:40 13 Jun,19h 30m,2 stops,No info,6117
IndiGo,9/05/2019,Delhi,Cochin,DEL → BOM → COK,15:00,01:30 10 May,10h 30m,1 stop,No info,8330
Vistara,21/05/2019,Kolkata,Banglore,CCU → DEL → BLR,20:20,23:25 22 May,27h 5m,1 stop,No info,9345
Jet Airways,3/06/2019,Delhi,Cochin,DEL → BOM → COK,18:15,12:35 04 Jun,18h 20m,1 stop,In-flight meal not included,10262
Jet Airways,6/06/2019,Mumbai,Hyderabad,BOM → HYD,19:35,21:05,1h 30m,non-stop,No info,5678
Multiple carriers,9/05/2019,Delhi,Cochin,DEL → BOM → COK,10:35,19:00,8h 25m,1 stop,No info,9103
Jet Airways,9/05/2019,Kolkata,Banglore,CCU → DEL → BLR,17:00,23:35,6h 35m,1 stop,No info,10624
SpiceJet,18/06/2019,Chennai,Kolkata,MAA → CCU,08:20,10:35,2h 15m,non-stop,No check-in baggage included,3543
IndiGo,12/04/2019,Banglore,Delhi,BLR → DEL,18:25,21:20,2h 55m,non-stop,No info,4990
GoAir,24/06/2019,Delhi,Cochin,DEL → BOM → COK,14:25,19:35,5h 10m,1 stop,No info,7870
IndiGo,3/06/2019,Delhi,Cochin,DEL → BOM → COK,18:35,01:30 04 Jun,6h 55m,1 stop,No info,6628
IndiGo,27/03/2019,Delhi,Cochin,DEL → HYD → MAA → COK,04:55,21:20,16h 25m,2 stops,No info,6223
Jet Airways,18/05/2019,Banglore,Delhi,BLR → DEL,11:10,14:05,2h 55m,non-stop,In-flight meal not included,5198
IndiGo,1/06/2019,Delhi,Cochin,DEL → BOM → COK,16:00,21:00,5h,1 stop,No info,6593
Air India,6/06/2019,Kolkata,Banglore,CCU → VNS → DEL → BLR,14:30,23:15,8h 45m,2 stops,No info,15894
SpiceJet,24/03/2019,Kolkata,Banglore,CCU → BLR,22:20,00:40 25 Mar,2h 20m,non-stop,No check-in baggage included,5725
Air India,27/03/2019,Delhi,Cochin,DEL → BLR → COK,09:45,08:15 28 Mar,22h 30m,1 stop,No info,7416
Air India,09/03/2019,Banglore,New Delhi,BLR → VGA → DEL,10:30,11:20 13 Mar,24h 50m,1 stop,No info,10321
Air India,24/03/2019,Kolkata,Banglore,CCU → GAU → DEL → BLR,16:45,23:15 25 Mar,30h 30m,2 stops,No info,13885
Jet Airways,12/05/2019,Kolkata,Banglore,CCU → BOM → BLR,20:00,09:20 13 May,13h 20m,1 stop,In-flight meal not included,9663
Multiple carriers,6/03/2019,Delhi,Cochin,DEL → BOM → COK,10:20,19:15,8h 55m,1 stop,No info,15353
Multiple carriers,3/03/2019,Delhi,Cochin,DEL → BOM → COK,08:55,18:50,9h 55m,1 stop,No info,15411
Jet Airways,15/06/2019,Banglore,Delhi,BLR → DEL,11:10,14:05,2h 55m,non-stop,In-flight meal not included,7229
Air India,21/03/2019,Delhi,Cochin,DEL → HYD → BOM → COK,17:15,19:15 22 Mar,26h,2 stops,No info,8245
Jet Airways,12/05/2019,Kolkata,Banglore,CCU → BOM → BLR,14:05,23:35,9h 30m,1 stop,No info,14781
Air India,6/05/2019,Kolkata,Banglore,CCU → BOM → COK → BLR,09:25,01:20 07 May,15h 55m,2 stops,No info,11458
Multiple carriers,27/05/2019,Delhi,Cochin,DEL → BOM → COK,06:40,19:00,12h 20m,1 stop,No info,9315
IndiGo,24/03/2019,Banglore,New Delhi,BLR → DEL,10:10,13:00,2h 50m,non-stop,No info,5734
Jet Airways,21/03/2019,Delhi,Cochin,DEL → IDR → BOM → COK,10:20,18:50 22 Mar,32h 30m,2 stops,In-flight meal not included,9254
SpiceJet,24/06/2019,Delhi,Cochin,DEL → MAA → COK,15:45,22:05,6h 20m,1 stop,No info,5583
Air India,24/06/2019,Banglore,Delhi,BLR → DEL,06:10,08:55,2h 45m,non-stop,No info,6961
Jet Airways,6/04/2019,Delhi,Cochin,DEL → BOM → COK,02:15,12:35,10h 20m,1 stop,In-flight meal not included,5177
Jet Airways,6/05/2019,Banglore,Delhi,BLR → DEL,15:15,18:10,2h 55m,non-stop,No info,7229
Multiple carriers,6/03/2019,Delhi,Cochin,DEL → BOM → COK,16:00,01:35 07 Mar,9h 35m,1 stop,In-flight meal not included,15136
Air India,12/06/2019,Kolkata,Banglore,CCU → BOM → BLR,09:25,18:30,9h 5m,1 stop,No info,8366
SpiceJet,18/05/2019,Delhi,Cochin,DEL → MAA → COK,15:45,22:05,6h 20m,1 stop,No info,7317
Jet Airways,1/06/2019,Delhi,Cochin,DEL → BOM → COK,22:50,19:00 02 Jun,20h 10m,1 stop,No info,14714
IndiGo,3/06/2019,Delhi,Cochin,DEL → BOM → COK,16:00,21:00,5h,1 stop,No info,6593
Jet Airways,24/06/2019,Delhi,Cochin,DEL → JAI → BOM → COK,09:40,12:35 25 Jun,26h 55m,2 stops,In-flight meal not included,10368
IndiGo,27/03/2019,Chennai,Kolkata,MAA → CCU,14:40,17:05,2h 25m,non-stop,No info,3384
Jet Airways,24/03/2019,Kolkata,Banglore,CCU → BOM → BLR,19:45,19:40 25 Mar,23h 55m,1 stop,In-flight meal not included,10031
Vistara,24/05/2019,Kolkata,Banglore,CCU → DEL → BLR,17:00,09:05 25 May,16h 5m,1 stop,No info,10027
Jet Airways,24/05/2019,Kolkata,Banglore,CCU → BOM → BLR,20:00,04:40 25 May,8h 40m,1 stop,No info,13731
Multiple carriers,6/06/2019,Delhi,Cochin,DEL → BOM → COK,12:50,01:30 07 Jun,12h 40m,1 stop,No info,6795
IndiGo,24/06/2019,Delhi,Cochin,DEL → HYD → COK,07:35,12:10,4h 35m,1 stop,No info,5054
Jet Airways,6/05/2019,Kolkata,Banglore,CCU → BOM → BLR,06:30,10:05 07 May,27h 35m,1 stop,In-flight meal not included,8586
Jet Airways,18/05/2019,Delhi,Cochin,DEL → JAI → BOM → COK,05:30,19:00,13h 30m,2 stops,No info,15129
IndiGo,09/03/2019,Banglore,New Delhi,BLR → DEL,16:55,19:45,2h 50m,non-stop,No info,10067
Multiple carriers,12/06/2019,Delhi,Cochin,DEL → BOM → COK,10:00,01:30 13 Jun,15h 30m,1 stop,No info,7198
IndiGo,9/04/2019,Kolkata,Banglore,CCU → BLR,15:15,17:45,2h 30m,non-stop,No info,4174
Jet Airways,6/05/2019,Kolkata,Banglore,CCU → BOM → BLR,20:00,04:40 07 May,8h 40m,1 stop,In-flight meal not included,9663
Air Asia,3/06/2019,Delhi,Cochin,DEL → BLR → COK,16:45,22:25,5h 40m,1 stop,No info,11410
IndiGo,15/03/2019,Chennai,Kolkata,MAA → CCU,13:20,15:35,2h 15m,non-stop,No info,6297
Jet Airways,6/03/2019,Delhi,Cochin,DEL → BOM → COK,22:20,19:45 07 Mar,21h 25m,1 stop,No info,17024
Multiple carriers,21/05/2019,Delhi,Cochin,DEL → HYD → COK,14:55,00:55 22 May,10h,1 stop,No info,6878
Jet Airways,15/05/2019,Kolkata,Banglore,CCU → DEL → BLR,09:35,21:05,11h 30m,1 stop,No info,12121
IndiGo,27/05/2019,Delhi,Cochin,DEL → BLR → COK,15:10,20:00,4h 50m,1 stop,No info,5912
IndiGo,12/05/2019,Chennai,Kolkata,MAA → CCU,11:35,14:00,2h 25m,non-stop,No info,4332
Multiple carriers,27/03/2019,Delhi,Cochin,DEL → BOM → COK,13:00,21:00,8h,1 stop,No info,6883
IndiGo,6/05/2019,Banglore,Delhi,BLR → DEL,01:30,04:15,2h 45m,non-stop,No info,4284
Jet Airways,1/06/2019,Delhi,Cochin,DEL → BOM → COK,14:00,19:00,5h,1 stop,No info,14714
SpiceJet,27/06/2019,Kolkata,Banglore,CCU → BLR,22:20,00:40 28 Jun,2h 20m,non-stop,No info,3873
Air India,12/06/2019,Delhi,Cochin,DEL → MAA → COK,09:45,09:25 13 Jun,23h 40m,1 stop,No info,7480
Jet Airways,12/03/2019,Banglore,New Delhi,BLR → BOM → DEL,16:55,23:00,6h 5m,1 stop,No info,13817
Air India,27/06/2019,Delhi,Cochin,DEL → HYD → BOM → COK,17:15,19:15 28 Jun,26h,2 stops,No info,12199
Jet Airways,27/05/2019,Delhi,Cochin,DEL → BOM → COK,19:15,19:00 28 May,23h 45m,1 stop,In-flight meal not included,12898
IndiGo,12/06/2019,Delhi,Cochin,DEL → HYD → COK,06:50,12:10,5h 20m,1 stop,No info,5298
Vistara,21/06/2019,Delhi,Cochin,DEL → COK,06:00,09:10,3h 10m,non-stop,No info,6216
Jet Airways,12/06/2019,Banglore,Delhi,BLR → DEL,06:00,08:45,2h 45m,non-stop,No info,8016
Jet Airways,18/03/2019,Banglore,New Delhi,BLR → BOM → DEL,22:50,10:25 16 Mar,11h 35m,1 stop,In-flight meal not included,11087
Jet Airways,9/05/2019,Banglore,Delhi,BLR → DEL,11:10,14:05,2h 55m,non-stop,No info,7229
Jet Airways,12/06/2019,Delhi,Cochin,DEL → BOM → COK,19:15,19:00 13 Jun,23h 45m,1 stop,In-flight meal not included,10262
SpiceJet,15/05/2019,Kolkata,Banglore,CCU → BLR,06:55,09:30,2h 35m,non-stop,No check-in baggage included,3841
IndiGo,24/03/2019,Kolkata,Banglore,CCU → BOM → BLR,05:35,11:20,5h 45m,1 stop,No info,9319
Jet Airways,12/05/2019,Kolkata,Banglore,CCU → DEL → BLR,09:35,18:00,8h 25m,1 stop,No info,14151
Jet Airways,24/06/2019,Delhi,Cochin,DEL → BHO → BOM → COK,05:30,12:35,7h 5m,2 stops,No info,14441
Jet Airways,21/03/2019,Banglore,New Delhi,BLR → BOM → DEL,07:00,13:15,6h 15m,1 stop,In-flight meal not included,7832
IndiGo,9/04/2019,Banglore,Delhi,BLR → DEL,08:30,11:20,2h 50m,non-stop,No info,4823
Jet Airways,21/05/2019,Delhi,Cochin,DEL → BOM → COK,19:45,19:00 22 May,23h 15m,1 stop,In-flight meal not included,12898
Jet Airways,21/03/2019,Delhi,Cochin,DEL → MAA → BOM → COK,16:10,18:50 22 Mar,26h 40m,2 stops,In-flight meal not included,8728
Air India,18/05/2019,Delhi,Cochin,DEL → BOM → COK,09:00,07:40 19 May,22h 40m,1 stop,No info,8372
IndiGo,12/05/2019,Kolkata,Banglore,CCU → PNQ → BLR,21:00,02:15 13 May,5h 15m,1 stop,No info,7228
Multiple carriers,27/05/2019,Delhi,Cochin,DEL → BOM → COK,18:15,01:30 28 May,7h 15m,1 stop,No info,13377
Air India,15/05/2019,Kolkata,Banglore,CCU → GAU → DEL → BLR,09:50,23:15,13h 25m,2 stops,No info,14960
Jet Airways,9/03/2019,Mumbai,Hyderabad,BOM → HYD,19:40,21:10,1h 30m,non-stop,No info,5678
Jet Airways,27/06/2019,Delhi,Cochin,DEL → JAI → BOM → COK,05:30,19:00,13h 30m,2 stops,No info,13014
IndiGo,21/04/2019,Banglore,Delhi,BLR → DEL,10:10,13:00,2h 50m,non-stop,No info,4591
SpiceJet,21/03/2019,Banglore,New Delhi,BLR → DEL,09:35,12:30,2h 55m,non-stop,No check-in baggage included,4839
IndiGo,27/03/2019,Delhi,Cochin,DEL → BOM → COK,17:10,01:35 28 Mar,8h 25m,1 stop,No info,6316
Air India,6/03/2019,Delhi,Cochin,DEL → BOM → COK,07:00,07:40 07 Mar,24h 40m,1 stop,No info,15407
SpiceJet,24/04/2019,Delhi,Cochin,DEL → PNQ → COK,08:45,13:15,4h 30m,1 stop,No info,4812
Multiple carriers,6/03/2019,Delhi,Cochin,DEL → BOM → COK,09:00,19:15,10h 15m,1 stop,In-flight meal not included,15342
Jet Airways,01/03/2019,Banglore,New Delhi,BLR → BOM → DEL,16:55,00:45 02 Mar,7h 50m,1 stop,No info,26890
Jet Airways,15/06/2019,Delhi,Cochin,DEL → JAI → BOM → COK,09:40,12:35 16 Jun,26h 55m,2 stops,In-flight meal not included,10368
Air India,9/04/2019,Banglore,Delhi,BLR → DEL,21:05,23:55,2h 50m,non-stop,No info,4441
SpiceJet,15/03/2019,Mumbai,Hyderabad,BOM → HYD,22:45,00:10 16 Mar,1h 25m,non-stop,No info,2753
Air India,6/06/2019,Delhi,Cochin,DEL → COK,05:10,08:00,2h 50m,non-stop,No info,5201
Multiple carriers,21/03/2019,Delhi,Cochin,DEL → BOM → COK,08:25,19:15,10h 50m,1 stop,No info,8601
Jet Airways,12/05/2019,Kolkata,Banglore,CCU → BOM → BLR,16:30,09:20 13 May,16h 50m,1 stop,No info,14388
Air India,24/06/2019,Delhi,Cochin,DEL → CCU → BOM → COK,06:50,07:40 25 Jun,24h 50m,2 stops,No info,13381
Jet Airways,24/06/2019,Delhi,Cochin,DEL → BOM → COK,18:15,12:35 25 Jun,18h 20m,1 stop,In-flight meal not included,10262
Jet Airways,24/03/2019,Kolkata,Banglore,CCU → BOM → BLR,19:45,22:35 25 Mar,26h 50m,1 stop,No info,13759
Air India,15/05/2019,Delhi,Cochin,DEL → GOI → BOM → COK,10:55,07:40 16 May,20h 45m,2 stops,No info,12803
Jet Airways,27/03/2019,Delhi,Cochin,DEL → IXC → BOM → COK,06:20,19:45 28 Mar,37h 25m,2 stops,No info,12273
Multiple carriers,9/06/2019,Delhi,Cochin,DEL → BOM → COK,02:15,11:30,9h 15m,1 stop,No info,13587
Multiple carriers,24/06/2019,Delhi,Cochin,DEL → BOM → COK,04:55,19:15,14h 20m,1 stop,No info,7155
Jet Airways,21/03/2019,Banglore,New Delhi,BLR → BOM → DEL,18:40,07:40 19 Mar,13h,1 stop,In-flight meal not included,7832
Jet Airways,9/06/2019,Delhi,Cochin,DEL → LKO → BOM → COK,11:45,12:35 10 Jun,24h 50m,2 stops,No info,13882
Multiple carriers,21/05/2019,Delhi,Cochin,DEL → BOM → COK,10:20,19:15,8h 55m,1 stop,No info,8266
Jet Airways,27/03/2019,Delhi,Cochin,DEL → IDR → BOM → COK,05:25,04:25 28 Mar,23h,2 stops,In-flight meal not included,9254
Jet Airways,24/05/2019,Kolkata,Banglore,CCU → BOM → BLR,08:25,20:45,12h 20m,1 stop,In-flight meal not included,10844
IndiGo,15/04/2019,Kolkata,Banglore,CCU → BLR,22:15,00:50 16 Apr,2h 35m,non-stop,No info,4174
SpiceJet,6/06/2019,Chennai,Kolkata,MAA → CCU,09:45,12:00,2h 15m,non-stop,No check-in baggage included,3543
Jet Airways,9/04/2019,Banglore,Delhi,BLR → DEL,19:50,22:50,3h,non-stop,In-flight meal not included,4544
IndiGo,21/06/2019,Banglore,Delhi,BLR → DEL,23:30,02:20 22 Jun,2h 50m,non-stop,No info,4077
Air India,12/06/2019,Kolkata,Banglore,CCU → BOM → COK → BLR,16:50,13:45 13 Jun,20h 55m,2 stops,No info,11542
IndiGo,27/03/2019,Kolkata,Banglore,CCU → BLR,15:20,17:55,2h 35m,non-stop,No info,5198
Jet Airways,6/06/2019,Kolkata,Banglore,CCU → BOM → BLR,08:25,16:20,7h 55m,1 stop,No info,14571
Multiple carriers,6/06/2019,Delhi,Cochin,DEL → BOM → COK,06:00,21:00,15h,1 stop,No info,7005
SpiceJet,21/06/2019,Kolkata,Banglore,CCU → BLR,22:20,00:40 22 Jun,2h 20m,non-stop,No check-in baggage included,3841
Air India,21/05/2019,Delhi,Cochin,DEL → MAA → COK,06:05,09:25 22 May,27h 20m,1 stop,No info,7480
Air India,1/04/2019,Kolkata,Banglore,CCU → HYD → BLR,19:00,04:40 02 Apr,9h 40m,1 stop,No info,4227
Air India,9/06/2019,Kolkata,Banglore,CCU → BOM → BLR,09:25,07:55 10 Jun,22h 30m,1 stop,No info,8366
Air India,3/06/2019,Delhi,Cochin,DEL → COK,14:10,17:10,3h,non-stop,No info,6934
Jet Airways,21/04/2019,Banglore,Delhi,BLR → DEL,17:45,20:45,3h,non-stop,No info,7229
Vistara,09/03/2019,Banglore,New Delhi,BLR → DEL,07:00,09:40,2h 40m,non-stop,No info,7975
Jet Airways,27/06/2019,Mumbai,Hyderabad,BOM → HYD,02:55,04:20,1h 25m,non-stop,No info,5678
Jet Airways,12/05/2019,Banglore,Delhi,BLR → DEL,19:50,22:50,3h,non-stop,In-flight meal not included,3502
Vistara,6/03/2019,Mumbai,Hyderabad,BOM → DEL → HYD,21:55,09:25 07 Mar,11h 30m,1 stop,No info,12395
IndiGo,12/05/2019,Mumbai,Hyderabad,BOM → HYD,06:25,07:55,1h 30m,non-stop,No info,4049
IndiGo,21/03/2019,Delhi,Cochin,DEL → BOM → COK,11:30,21:00,9h 30m,1 stop,No info,6838
Jet Airways,21/05/2019,Delhi,Cochin,DEL → BOM → COK,10:00,12:35 22 May,26h 35m,1 stop,In-flight meal not included,12898
Jet Airways,6/05/2019,Kolkata,Banglore,CCU → BOM → BLR,20:00,09:20 07 May,13h 20m,1 stop,No info,14388
IndiGo,3/06/2019,Banglore,Delhi,BLR → DEL,00:25,03:15,2h 50m,non-stop,No info,3943
SpiceJet,15/06/2019,Kolkata,Banglore,CCU → BLR,06:55,09:30,2h 35m,non-stop,No info,3873
Jet Airways,15/05/2019,Delhi,Cochin,DEL → BOM → COK,02:15,12:35,10h 20m,1 stop,In-flight meal not included,12373
Air India,6/03/2019,Mumbai,Hyderabad,BOM → AMD → ISK → HYD,17:20,14:50,2h 30m,2 stops,No info,11972
Jet Airways,6/05/2019,Kolkata,Banglore,CCU → BOM → BLR,20:00,10:05 07 May,14h 5m,1 stop,No info,14388
Jet Airways,15/05/2019,Kolkata,Banglore,CCU → BOM → BLR,14:05,20:45,6h 40m,1 stop,In-flight meal not included,10844
Jet Airways,9/05/2019,Delhi,Cochin,DEL → BOM → COK,21:50,04:25 10 May,6h 35m,1 stop,No info,15554
Jet Airways,21/05/2019,Kolkata,Banglore,CCU → DEL → BLR,20:25,09:45 22 May,13h 20m,1 stop,In-flight meal not included,12384
Jet Airways,27/05/2019,Banglore,Delhi,BLR → DEL,08:20,11:20,3h,non-stop,In-flight meal not included,4030
IndiGo,6/03/2019,Delhi,Cochin,DEL → BLR → COK,05:05,10:05,5h,1 stop,No info,7894
IndiGo,24/06/2019,Banglore,Delhi,BLR → DEL,01:30,04:15,2h 45m,non-stop,No info,3943
Air India,21/03/2019,Delhi,Cochin,DEL → HYD → MAA → COK,13:15,09:25 22 Mar,20h 10m,2 stops,No info,7107
Jet Airways,24/06/2019,Delhi,Cochin,DEL → BOM → COK,16:00,04:25 25 Jun,12h 25m,1 stop,In-flight meal not included,10262
Air India,12/06/2019,Kolkata,Banglore,CCU → BBI → BLR,09:10,13:15,4h 5m,1 stop,No info,8996
IndiGo,03/03/2019,Banglore,New Delhi,BLR → DEL,00:40,03:25,2h 45m,non-stop,No info,6860
IndiGo,1/05/2019,Mumbai,Hyderabad,BOM → HYD,06:25,07:55,1h 30m,non-stop,No info,4392
Jet Airways,01/03/2019,Banglore,New Delhi,BLR → BOM → DEL,22:50,05:05 02 Mar,6h 15m,1 stop,No info,26890
IndiGo,12/06/2019,Delhi,Cochin,DEL → BOM → COK,10:35,01:30 13 Jun,14h 55m,1 stop,No info,5883
Jet Airways,6/04/2019,Delhi,Cochin,DEL → BOM → COK,07:05,19:00,11h 55m,1 stop,In-flight meal not included,5406
Jet Airways,06/03/2019,Banglore,New Delhi,BLR → BOM → DEL,11:40,11:25 07 Mar,23h 45m,1 stop,No info,17261
Jet Airways,24/03/2019,Kolkata,Banglore,CCU → BOM → BLR,13:55,16:20 25 Mar,26h 25m,1 stop,In-flight meal not included,10031
Jet Airways,24/03/2019,Kolkata,Banglore,CCU → BOM → BLR,19:45,04:45 25 Mar,9h,1 stop,No info,13759
Jet Airways,9/04/2019,Banglore,Delhi,BLR → DEL,11:10,14:05,2h 55m,non-stop,No info,7229
Multiple carriers,3/03/2019,Delhi,Cochin,DEL → IXU → BOM → COK,17:50,01:35 04 Mar,7h 45m,2 stops,No info,24528
Multiple carriers,27/05/2019,Delhi,Cochin,DEL → BOM → COK,11:30,01:30 28 May,14h,1 stop,In-flight meal not included,6733
IndiGo,09/03/2019,Banglore,New Delhi,BLR → DEL,23:30,02:20 13 Mar,2h 50m,non-stop,No info,4777
Air India,9/05/2019,Kolkata,Banglore,CCU → GAU → BLR,09:50,21:05,11h 15m,1 stop,No info,7452
Jet Airways,21/03/2019,Mumbai,Hyderabad,BOM → HYD,07:10,08:35,1h 25m,non-stop,In-flight meal not included,4160
Air Asia,18/06/2019,Kolkata,Banglore,CCU → BLR,09:45,12:15,2h 30m,non-stop,No info,3807
Jet Airways,15/06/2019,Delhi,Cochin,DEL → IDR → BOM → COK,09:35,12:35 16 Jun,27h,2 stops,No info,13292
Air Asia,27/05/2019,Delhi,Cochin,DEL → BLR → COK,07:55,22:25,14h 30m,1 stop,No info,6152
Air India,24/03/2019,Banglore,New Delhi,BLR → HYD → VGA → DEL,17:00,22:55 19 Mar,29h 55m,2 stops,No info,8114
IndiGo,1/06/2019,Delhi,Cochin,DEL → BOM → COK,10:35,01:30 02 Jun,14h 55m,1 stop,No info,6206
Air India,9/06/2019,Kolkata,Banglore,CCU → GAU → IMF → DEL → BLR,09:50,23:15,13h 25m,3 stops,No info,14960
Air India,1/05/2019,Kolkata,Banglore,CCU → BOM → HBX → BLR,09:25,18:20,8h 55m,2 stops,No info,8366
Jet Airways,15/06/2019,Delhi,Cochin,DEL → ATQ → BOM → COK,18:20,12:35 16 Jun,18h 15m,2 stops,No info,14300
Vistara,12/06/2019,Kolkata,Banglore,CCU → DEL → BLR,17:00,20:20 13 Jun,27h 20m,1 stop,No info,8085
IndiGo,27/06/2019,Delhi,Cochin,DEL → BOM → COK,10:35,01:30 28 Jun,14h 55m,1 stop,No info,5684
Air India,27/06/2019,Delhi,Cochin,DEL → GOI → BOM → COK,22:00,19:15 28 Jun,21h 15m,2 stops,No info,10441
IndiGo,24/03/2019,Banglore,New Delhi,BLR → DEL,23:30,02:20 28 Mar,2h 50m,non-stop,No info,5694
IndiGo,1/03/2019,Kolkata,Banglore,CCU → BLR,15:20,17:55,2h 35m,non-stop,No info,6565
IndiGo,09/03/2019,Banglore,New Delhi,BLR → DEL,04:00,06:50,2h 50m,non-stop,No info,4777
Air India,21/05/2019,Delhi,Cochin,DEL → BOM → COK,10:00,19:15,9h 15m,1 stop,No info,8372
Air India,21/03/2019,Banglore,New Delhi,BLR → COK → DEL,06:55,23:20,16h 25m,1 stop,No info,6987
SpiceJet,21/04/2019,Banglore,Delhi,BLR → DEL,09:30,12:20,2h 50m,non-stop,No info,4991
Jet Airways,12/05/2019,Banglore,Delhi,BLR → DEL,08:20,11:20,3h,non-stop,No info,7229
Multiple carriers,15/05/2019,Delhi,Cochin,DEL → BOM → COK,09:00,21:00,12h,1 stop,No info,13727
Air India,6/06/2019,Kolkata,Banglore,CCU → JAI → DEL → BLR,08:20,20:25,12h 5m,2 stops,No info,11432
Air India,9/04/2019,Delhi,Cochin,DEL → COK,14:05,17:55,3h 50m,non-stop,No info,6724
Vistara,21/05/2019,Banglore,Delhi,BLR → DEL,07:00,09:40,2h 40m,non-stop,No info,4668
Jet Airways,9/05/2019,Banglore,Delhi,BLR → DEL,19:50,22:50,3h,non-stop,In-flight meal not included,3502
Jet Airways,3/06/2019,Delhi,Cochin,DEL → BOM → COK,19:45,12:35 04 Jun,16h 50m,1 stop,No info,14714
Jet Airways,1/04/2019,Mumbai,Hyderabad,BOM → HYD,02:55,04:20,1h 25m,non-stop,In-flight meal not included,2228
Jet Airways,6/06/2019,Delhi,Cochin,DEL → JAI → BOM → COK,09:40,04:25 07 Jun,18h 45m,2 stops,In-flight meal not included,10368
IndiGo,1/06/2019,Mumbai,Hyderabad,BOM → HYD,02:35,04:05,1h 30m,non-stop,No info,3175
Jet Airways,27/06/2019,Delhi,Cochin,DEL → BOM → COK,17:30,12:35 28 Jun,19h 5m,1 stop,In-flight meal not included,10262
Jet Airways,9/05/2019,Delhi,Cochin,DEL → BOM → COK,02:15,12:35,10h 20m,1 stop,In-flight meal not included,12373
Multiple carriers,21/05/2019,Delhi,Cochin,DEL → BOM → COK,13:00,21:00,8h,1 stop,No info,7888
Jet Airways,15/06/2019,Delhi,Cochin,DEL → JAI → BOM → COK,09:40,12:35 16 Jun,26h 55m,2 stops,No info,13014
Vistara,1/05/2019,Kolkata,Banglore,CCU → DEL → BLR,17:00,20:20 02 May,27h 20m,1 stop,No info,8610
Jet Airways,1/06/2019,Delhi,Cochin,DEL → BOM → COK,09:00,04:25 02 Jun,19h 25m,1 stop,In-flight meal not included,10262
IndiGo,6/06/2019,Banglore,Delhi,BLR → DEL,21:15,00:15 07 Jun,3h,non-stop,No info,3943
Air India,18/05/2019,Delhi,Cochin,DEL → JDH → BOM → COK,12:55,19:15 19 May,30h 20m,2 stops,No info,13696
Multiple carriers,27/03/2019,Delhi,Cochin,DEL → BOM → COK,10:20,21:00,10h 40m,1 stop,No info,6637
Jet Airways,15/05/2019,Kolkata,Banglore,CCU → DEL → BLR,17:00,14:25 16 May,21h 25m,1 stop,No info,11467
Jet Airways,21/03/2019,Delhi,Cochin,DEL → BOM → COK,07:05,04:25 22 Mar,21h 20m,1 stop,No info,12767
SpiceJet,21/06/2019,Chennai,Kolkata,MAA → CCU,17:45,20:05,2h 20m,non-stop,No info,3597
Jet Airways,1/05/2019,Delhi,Cochin,DEL → JAI → BOM → COK,05:30,04:25 02 May,22h 55m,2 stops,No info,15129
Jet Airways,9/06/2019,Kolkata,Banglore,CCU → DEL → BLR,17:00,19:10 10 Jun,26h 10m,1 stop,In-flight meal not included,10539
Vistara,12/06/2019,Banglore,Delhi,BLR → DEL,19:30,22:15,2h 45m,non-stop,No info,4878
Air India,12/06/2019,Mumbai,Hyderabad,BOM → HYD,13:55,15:25,1h 30m,non-stop,No info,3100
Jet Airways,18/05/2019,Delhi,Cochin,DEL → JAI → BOM → COK,09:40,12:35 19 May,26h 55m,2 stops,In-flight meal not included,13029
Air India,15/05/2019,Delhi,Cochin,DEL → BLR → COK,13:30,08:15 16 May,18h 45m,1 stop,No info,10671
Air India,12/06/2019,Kolkata,Banglore,CCU → BBI → BOM → BLR,12:00,21:50,9h 50m,2 stops,No info,9416
Air India,1/05/2019,Kolkata,Banglore,CCU → HYD → BLR,19:00,04:40 02 May,9h 40m,1 stop,No info,6117
IndiGo,15/05/2019,Mumbai,Hyderabad,BOM → HYD,06:25,07:55,1h 30m,non-stop,No info,4049
Jet Airways,9/05/2019,Delhi,Cochin,DEL → BOM → COK,08:00,19:00,11h,1 stop,In-flight meal not included,11399
Jet Airways,3/06/2019,Delhi,Cochin,DEL → BOM → COK,13:00,19:00,6h,1 stop,In-flight meal not included,10262
Jet Airways,9/03/2019,Delhi,Cochin,DEL → BOM → COK,19:15,04:25 10 Mar,9h 10m,1 stop,No info,16289
Jet Airways,1/06/2019,Delhi,Cochin,DEL → IDR → BOM → COK,09:35,04:25 02 Jun,18h 50m,2 stops,No info,13292
Jet Airways,12/03/2019,Banglore,New Delhi,BLR → BOM → DEL,20:35,09:30 13 Mar,12h 55m,1 stop,In-flight meal not included,11087
Multiple carriers,1/06/2019,Delhi,Cochin,DEL → BOM → COK,08:00,19:00,11h,1 stop,No info,12192
IndiGo,9/04/2019,Banglore,Delhi,BLR → DEL,22:10,01:00 10 Apr,2h 50m,non-stop,No info,3943
Multiple carriers,1/06/2019,Delhi,Cochin,DEL → BOM → COK,03:50,12:35,8h 45m,1 stop,No info,12192
Jet Airways,27/05/2019,Delhi,Cochin,DEL → AMD → BOM → COK,19:10,19:00 28 May,23h 50m,2 stops,No info,15129
Vistara,12/05/2019,Banglore,Delhi,BLR → DEL,11:30,14:20,2h 50m,non-stop,No info,4668
Air India,18/05/2019,Delhi,Cochin,DEL → HYD → BOM → COK,17:15,19:15 19 May,26h,2 stops,No info,12392
Air India,15/06/2019,Delhi,Cochin,DEL → HYD → MAA → COK,09:45,09:25 16 Jun,23h 40m,2 stops,No info,10975
Jet Airways,6/04/2019,Banglore,Delhi,BLR → DEL,18:55,22:00,3h 5m,non-stop,In-flight meal not included,4544
IndiGo,3/04/2019,Delhi,Cochin,DEL → MAA → COK,02:00,07:25,5h 25m,1 stop,No info,4744
SpiceJet,24/03/2019,Kolkata,Banglore,CCU → IXB → BLR,15:55,21:15,5h 20m,1 stop,No info,10654
IndiGo,18/05/2019,Chennai,Kolkata,MAA → CCU,14:45,17:05,2h 20m,non-stop,No info,3858
Jet Airways,27/06/2019,Delhi,Cochin,DEL → ATQ → BOM → COK,12:15,12:35 28 Jun,24h 20m,2 stops,No info,14300
GoAir,6/04/2019,Banglore,Delhi,BLR → DEL,07:45,10:40,2h 55m,non-stop,No info,4632
Jet Airways,3/06/2019,Delhi,Cochin,DEL → JAI → BOM → COK,19:30,04:25 04 Jun,8h 55m,2 stops,In-flight meal not included,10368
Air India,27/06/2019,Delhi,Cochin,DEL → HYD → MAA → COK,07:05,09:25 28 Jun,26h 20m,2 stops,No info,10975
Multiple carriers,9/05/2019,Delhi,Cochin,DEL → BOM → COK,07:30,21:00,13h 30m,1 stop,No info,7670
Multiple carriers,15/05/2019,Delhi,Cochin,DEL → BOM → COK,18:00,01:30 16 May,7h 30m,1 stop,No info,8073
Air India,6/06/2019,Kolkata,Banglore,CCU → JAI → BOM → BLR,08:20,07:55 07 Jun,23h 35m,2 stops,No info,10697
IndiGo,15/06/2019,Banglore,Delhi,BLR → DEL,10:10,13:00,2h 50m,non-stop,No info,3943
GoAir,18/05/2019,Kolkata,Banglore,CCU → AMD → BLR,16:40,00:15 19 May,7h 35m,1 stop,No info,10586
Air India,6/03/2019,Delhi,Cochin,DEL → BLR → COK,13:30,08:15 07 Mar,18h 45m,1 stop,No info,11563
Jet Airways,9/06/2019,Kolkata,Banglore,CCU → BOM → BLR,14:05,20:45,6h 40m,1 stop,In-flight meal not included,10844
Air India,9/05/2019,Delhi,Cochin,DEL → COK,18:05,21:10,3h 5m,non-stop,No info,6094
Jet Airways,18/05/2019,Delhi,Cochin,DEL → BOM → COK,13:00,19:00,6h,1 stop,In-flight meal not included,12373
Air Asia,18/05/2019,Kolkata,Banglore,CCU → BBI → BLR,06:50,10:30,3h 40m,1 stop,No info,6857
Jet Airways,12/06/2019,Delhi,Cochin,DEL → JDH → BOM → COK,11:40,19:00,7h 20m,2 stops,No info,18804
Jet Airways,01/03/2019,Banglore,New Delhi,BLR → BOM → DEL,14:05,20:20,6h 15m,1 stop,No info,27992
Air India,21/06/2019,Mumbai,Hyderabad,BOM → HYD,15:00,16:25,1h 25m,non-stop,No info,3100
Air India,12/05/2019,Banglore,Delhi,BLR → DEL,06:10,08:55,2h 45m,non-stop,No info,5228
IndiGo,21/03/2019,Banglore,New Delhi,BLR → DEL,10:10,13:00,2h 50m,non-stop,No info,4777
Jet Airways,24/06/2019,Delhi,Cochin,DEL → BOM → COK,22:50,19:00 25 Jun,20h 10m,1 stop,In-flight meal not included,10262
Air India,24/04/2019,Banglore,Delhi,BLR → DEL,13:20,16:10,2h 50m,non-stop,No info,6121
IndiGo,12/05/2019,Banglore,Delhi,BLR → DEL,22:10,01:00 13 May,2h 50m,non-stop,No info,4284
IndiGo,21/03/2019,Banglore,New Delhi,BLR → DEL,06:00,08:45,2h 45m,non-stop,No info,5734
Jet Airways,18/03/2019,Banglore,New Delhi,BLR → BOM → DEL,11:40,09:30 16 Mar,21h 50m,1 stop,In-flight meal not included,11087
Multiple carriers,12/06/2019,Delhi,Cochin,DEL → BOM → COK,07:05,21:00,13h 55m,1 stop,In-flight meal not included,10406
Multiple carriers,3/06/2019,Delhi,Cochin,DEL → HYD → COK,07:10,22:30,15h 20m,1 stop,No info,7878
IndiGo,21/03/2019,Mumbai,Hyderabad,BOM → HYD,06:20,07:45,1h 25m,non-stop,No info,4049
IndiGo,27/05/2019,Banglore,Delhi,BLR → DEL,08:30,11:20,2h 50m,non-stop,No info,4823
Jet Airways,6/06/2019,Kolkata,Banglore,CCU → BOM → BLR,18:55,08:15 07 Jun,13h 20m,1 stop,No info,14571
Vistara,18/03/2019,Banglore,New Delhi,BLR → DEL,16:00,18:35,2h 35m,non-stop,No info,11913
Air Asia,12/06/2019,Delhi,Cochin,DEL → BLR → COK,20:45,07:10 13 Jun,10h 25m,1 stop,No info,6152
Multiple carriers,27/06/2019,Delhi,Cochin,DEL → BOM → COK,17:30,01:30 28 Jun,8h,1 stop,No info,13377
Jet Airways,6/06/2019,Delhi,Cochin,DEL → BOM → COK,09:00,19:00,10h,1 stop,In-flight meal not included,10262
IndiGo,12/06/2019,Kolkata,Banglore,CCU → BLR,15:15,17:45,2h 30m,non-stop,No info,4804
Multiple carriers,9/05/2019,Delhi,Cochin,DEL → BOM → COK,09:00,19:15,10h 15m,1 stop,No info,14323
Jet Airways,18/05/2019,Delhi,Cochin,DEL → BOM → COK,19:15,04:25 19 May,9h 10m,1 stop,In-flight meal not included,12373
SpiceJet,1/05/2019,Kolkata,Banglore,CCU → BLR,06:55,09:30,2h 35m,non-stop,No info,3873
Air India,1/04/2019,Kolkata,Banglore,CCU → DEL → AMD → BLR,07:00,05:25 02 Apr,22h 25m,2 stops,No info,12219
Multiple carriers,15/06/2019,Delhi,Cochin,DEL → BOM → COK,13:00,01:30 16 Jun,12h 30m,1 stop,No info,7198
Jet Airways,1/06/2019,Delhi,Cochin,DEL → BOM → COK,11:30,12:35 02 Jun,25h 5m,1 stop,In-flight meal not included,10262
IndiGo,15/03/2019,Kolkata,Banglore,CCU → BLR,22:10,00:55 16 Mar,2h 45m,non-stop,No info,4148
Jet Airways,09/03/2019,Banglore,New Delhi,BLR → BOM → DEL,21:25,08:15 13 Mar,10h 50m,1 stop,In-flight meal not included,9134
Air India,3/06/2019,Delhi,Cochin,DEL → COK,05:10,08:00,2h 50m,non-stop,No info,5201
Air India,6/03/2019,Delhi,Cochin,DEL → AMD → BOM → COK,19:45,19:15 07 Mar,23h 30m,2 stops,No info,12646
IndiGo,15/05/2019,Delhi,Cochin,DEL → BOM → COK,17:30,01:30 16 May,8h,1 stop,No info,6979
IndiGo,18/04/2019,Banglore,Delhi,BLR → DEL,00:30,03:25,2h 55m,non-stop,No info,4423
Jet Airways,24/06/2019,Delhi,Cochin,DEL → BOM → COK,07:05,12:35,5h 30m,1 stop,No info,14924
IndiGo,1/04/2019,Banglore,Delhi,BLR → DEL,04:00,06:50,2h 50m,non-stop,No info,3943
Air India,03/03/2019,Banglore,New Delhi,BLR → DEL,10:00,12:45,2h 45m,non-stop,No info,11423
Jet Airways,15/03/2019,Mumbai,Hyderabad,BOM → HYD,07:10,08:35,1h 25m,non-stop,No info,8040
Jet Airways,1/05/2019,Kolkata,Banglore,CCU → BOM → BLR,16:30,12:00 02 May,19h 30m,1 stop,In-flight meal not included,9663
Jet Airways,9/06/2019,Delhi,Cochin,DEL → NAG → BOM → COK,06:45,12:35 10 Jun,29h 50m,2 stops,No info,13376
IndiGo,9/03/2019,Kolkata,Banglore,CCU → BLR,21:25,00:05 10 Mar,2h 40m,non-stop,No info,4148
Jet Airways,3/06/2019,Delhi,Cochin,DEL → BOM → COK,10:00,19:00,9h,1 stop,No info,14714
Air Asia,18/05/2019,Kolkata,Banglore,CCU → BBI → BLR,19:55,23:30,3h 35m,1 stop,No info,6857
Jet Airways,6/06/2019,Kolkata,Banglore,CCU → DEL → BLR,20:25,23:35 07 Jun,27h 10m,1 stop,No info,14151
Jet Airways,3/06/2019,Delhi,Cochin,DEL → BOM → COK,20:55,12:35 04 Jun,15h 40m,1 stop,No info,14714
IndiGo,24/06/2019,Delhi,Cochin,DEL → BOM → COK,18:35,01:30 25 Jun,6h 55m,1 stop,No info,5883
Jet Airways,24/05/2019,Kolkata,Banglore,CCU → DEL → BLR,17:00,22:05 25 May,29h 5m,1 stop,No info,13067
Jet Airways,6/05/2019,Mumbai,Hyderabad,BOM → HYD,10:20,11:50,1h 30m,non-stop,No info,8040
IndiGo,6/05/2019,Chennai,Kolkata,MAA → CCU,22:05,00:25 07 May,2h 20m,non-stop,No info,5277
Vistara,24/05/2019,Banglore,Delhi,BLR → DEL,21:00,23:50,2h 50m,non-stop,No info,5613
Jet Airways,21/05/2019,Kolkata,Banglore,CCU → BOM → PNQ → BLR,06:30,07:25 22 May,24h 55m,2 stops,In-flight meal not included,10118
Jet Airways,1/05/2019,Mumbai,Hyderabad,BOM → HYD,07:05,08:30,1h 25m,non-stop,No info,8040
Jet Airways,18/05/2019,Kolkata,Banglore,CCU → BOM → BLR,21:10,04:40 19 May,7h 30m,1 stop,In-flight meal not included,8586
Air India,03/03/2019,Banglore,New Delhi,BLR → DEL,21:10,23:55,2h 45m,non-stop,No info,7591
SpiceJet,24/06/2019,Delhi,Cochin,DEL → MAA → COK,06:05,11:20,5h 15m,1 stop,No info,5583
Jet Airways,24/06/2019,Delhi,Cochin,DEL → BOM → COK,21:50,04:25 25 Jun,6h 35m,1 stop,In-flight meal not included,10262
Multiple carriers,27/06/2019,Delhi,Cochin,DEL → BOM → COK,11:40,21:00,9h 20m,1 stop,In-flight meal not included,6007
IndiGo,9/06/2019,Chennai,Kolkata,MAA → CCU,14:45,17:05,2h 20m,non-stop,No info,3597
Multiple carriers,9/06/2019,Delhi,Cochin,DEL → HYD → COK,14:55,22:30,7h 35m,1 stop,No info,6723
Air India,1/04/2019,Kolkata,Banglore,CCU → GAU → DEL → BLR,16:45,12:00 02 Apr,19h 15m,2 stops,No info,9920
IndiGo,9/06/2019,Mumbai,Hyderabad,BOM → HYD,02:35,04:05,1h 30m,non-stop,No info,2754
SpiceJet,27/03/2019,Delhi,Cochin,DEL → MAA → COK,15:55,21:55,6h,1 stop,No info,5111
SpiceJet,15/05/2019,Banglore,Delhi,BLR → DEL,05:55,08:35,2h 40m,non-stop,No info,3311
Multiple carriers,9/05/2019,Delhi,Cochin,DEL → BOM → COK,11:25,19:15,7h 50m,1 stop,No info,7575
Vistara,24/06/2019,Delhi,Cochin,DEL → COK,14:40,17:50,3h 10m,non-stop,No info,6216
IndiGo,21/05/2019,Delhi,Cochin,DEL → BLR → COK,17:05,22:15,5h 10m,1 stop,No info,6147
Jet Airways,21/05/2019,Mumbai,Hyderabad,BOM → HYD,19:35,21:05,1h 30m,non-stop,In-flight meal not included,3210
SpiceJet,18/04/2019,Banglore,Delhi,BLR → DEL,21:10,00:05 19 Apr,2h 55m,non-stop,No info,5621
Multiple carriers,9/05/2019,Delhi,Cochin,DEL → BOM → COK,11:30,21:00,9h 30m,1 stop,No info,13727
Jet Airways,1/03/2019,Mumbai,Hyderabad,BOM → HYD,10:20,11:50,1h 30m,non-stop,No info,10875
Air India,15/03/2019,Banglore,New Delhi,BLR → DEL,06:10,08:55,2h 45m,non-stop,No info,7276
Air India,3/03/2019,Delhi,Cochin,DEL → HYD → BOM → COK,17:15,19:15 04 Mar,26h,2 stops,No info,13442
Air India,6/06/2019,Delhi,Cochin,DEL → UDR → BOM → COK,13:20,07:40 07 Jun,18h 20m,2 stops,No info,12751
Jet Airways,21/05/2019,Kolkata,Banglore,CCU → BOM → BLR,14:05,19:50,5h 45m,1 stop,In-flight meal not included,10844
SpiceJet,6/03/2019,Delhi,Cochin,DEL → MAA → COK,06:10,11:20,5h 10m,1 stop,No info,9748
Jet Airways,1/06/2019,Banglore,Delhi,BLR → DEL,06:00,08:45,2h 45m,non-stop,In-flight meal not included,7229
Jet Airways,1/06/2019,Delhi,Cochin,DEL → BOM → COK,21:50,12:35 02 Jun,14h 45m,1 stop,In-flight meal not included,10262
Jet Airways,21/05/2019,Delhi,Cochin,DEL → BOM → COK,15:00,04:25 22 May,13h 25m,1 stop,In-flight meal not included,12898
Jet Airways,27/04/2019,Banglore,Delhi,BLR → DEL,18:55,22:00,3h 5m,non-stop,In-flight meal not included,4544
Jet Airways,15/06/2019,Delhi,Cochin,DEL → BOM → COK,13:00,19:00,6h,1 stop,In-flight meal not included,10262
Air India,24/05/2019,Kolkata,Banglore,CCU → DEL → BLR,17:30,20:25 25 May,26h 55m,1 stop,No info,10623
IndiGo,3/06/2019,Kolkata,Banglore,CCU → BLR,17:15,19:50,2h 35m,non-stop,No info,4804
Air India,24/04/2019,Banglore,Delhi,BLR → DEL,10:00,12:45,2h 45m,non-stop,No info,6121
IndiGo,1/04/2019,Kolkata,Banglore,CCU → BLR,14:25,16:55,2h 30m,non-stop,No info,4174
IndiGo,24/06/2019,Mumbai,Hyderabad,BOM → HYD,20:05,21:40,1h 35m,non-stop,No info,2227
GoAir,24/04/2019,Banglore,Delhi,BLR → DEL,20:55,23:40,2h 45m,non-stop,No info,3419
Multiple carriers,15/06/2019,Delhi,Cochin,DEL → BOM → COK,03:50,19:00,15h 10m,1 stop,No info,12192
Jet Airways,6/05/2019,Mumbai,Hyderabad,BOM → HYD,10:20,11:50,1h 30m,non-stop,In-flight meal not included,4995
Jet Airways,9/03/2019,Delhi,Cochin,DEL → BHO → BOM → COK,05:40,04:25 10 Mar,22h 45m,2 stops,In-flight meal not included,13764
Jet Airways,21/03/2019,Delhi,Cochin,DEL → JAI → BOM → COK,09:40,04:25 23 Mar,42h 45m,2 stops,No info,12819
GoAir,15/05/2019,Kolkata,Banglore,CCU → BOM → BLR,23:30,07:45 16 May,8h 15m,1 stop,No info,6945
IndiGo,24/04/2019,Delhi,Cochin,DEL → BLR → COK,02:00,07:45,5h 45m,1 stop,No info,5241
SpiceJet,15/03/2019,Banglore,New Delhi,BLR → HYD → DEL,15:35,23:40,8h 5m,1 stop,No info,5822
Jet Airways,06/03/2019,Banglore,New Delhi,BLR → BOM → DEL,05:45,21:20,15h 35m,1 stop,No info,16736
Multiple carriers,15/05/2019,Delhi,Cochin,DEL → BOM → COK,03:50,12:35,8h 45m,1 stop,No info,10197
IndiGo,6/03/2019,Delhi,Cochin,DEL → HYD → MAA → COK,11:55,21:20,9h 25m,2 stops,No info,6610
Jet Airways,24/03/2019,Kolkata,Banglore,CCU → BOM → BLR,21:10,08:10 25 Mar,11h,1 stop,In-flight meal not included,11134
Air India,12/03/2019,Mumbai,Hyderabad,BOM → BHO → DEL → HYD,19:40,09:10 13 Mar,13h 30m,2 stops,No info,11647
IndiGo,9/03/2019,Delhi,Cochin,DEL → BLR → COK,05:05,10:05,5h,1 stop,No info,8147
Jet Airways,21/03/2019,Delhi,Cochin,DEL → AMD → BOM → COK,19:10,04:25 23 Mar,33h 15m,2 stops,In-flight meal not included,8834
IndiGo,24/03/2019,Chennai,Kolkata,MAA → CCU,05:15,07:35,2h 20m,non-stop,No info,4326
Air India,9/06/2019,Delhi,Cochin,DEL → AMD → BOM → COK,05:00,19:15 10 Jun,38h 15m,2 stops,No info,9968
IndiGo,21/03/2019,Banglore,New Delhi,BLR → IDR → DEL,13:40,18:35,4h 55m,1 stop,No info,7166
Jet Airways,21/05/2019,Banglore,Delhi,BLR → DEL,07:10,10:10,3h,non-stop,In-flight meal not included,4030
IndiGo,24/05/2019,Chennai,Kolkata,MAA → CCU,07:55,10:15,2h 20m,non-stop,No info,3850
Jet Airways,1/05/2019,Kolkata,Banglore,CCU → BOM → BLR,14:05,22:35,8h 30m,1 stop,In-flight meal not included,10844
IndiGo,27/06/2019,Banglore,Delhi,BLR → DEL,22:10,01:00 28 Jun,2h 50m,non-stop,No info,3419
Jet Airways,1/05/2019,Kolkata,Banglore,CCU → BOM → BLR,21:10,09:20 02 May,12h 10m,1 stop,No info,14781
Multiple carriers,15/06/2019,Delhi,Cochin,DEL → BOM → COK,12:50,21:00,8h 10m,1 stop,No info,7005
Jet Airways,24/06/2019,Delhi,Cochin,DEL → BOM → COK,14:00,19:00,5h,1 stop,No info,14714
Air India,12/06/2019,Delhi,Cochin,DEL → BLR → COK,13:30,08:15 13 Jun,18h 45m,1 stop,No info,8991
Air India,27/05/2019,Delhi,Cochin,DEL → JDH → BOM → COK,12:55,19:15 28 May,30h 20m,2 stops,No info,12436
Air India,12/03/2019,Banglore,New Delhi,BLR → BOM → BHO → DEL,06:45,09:25 13 Mar,26h 40m,2 stops,No info,12515
Air India,1/04/2019,Kolkata,Banglore,CCU → GAU → DEL → BLR,16:45,23:15 02 Apr,30h 30m,2 stops,No info,9237
Multiple carriers,1/06/2019,Delhi,Cochin,DEL → BOM → COK,08:45,19:15,10h 30m,1 stop,No info,10261
IndiGo,9/06/2019,Kolkata,Banglore,CCU → BLR,15:30,18:05,2h 35m,non-stop,No info,5224
IndiGo,27/06/2019,Kolkata,Banglore,CCU → BLR,11:30,14:05,2h 35m,non-stop,No info,4804
Multiple carriers,6/06/2019,Delhi,Cochin,DEL → BOM → COK,10:20,01:30 07 Jun,15h 10m,1 stop,No info,6795
Jet Airways,27/03/2019,Delhi,Cochin,DEL → BOM → COK,18:15,04:25 28 Mar,10h 10m,1 stop,No info,12242
Air India,15/06/2019,Delhi,Cochin,DEL → COK,05:10,08:00,2h 50m,non-stop,No info,5201
SpiceJet,27/06/2019,Banglore,Delhi,BLR → DEL,05:55,08:35,2h 40m,non-stop,No check-in baggage included,3573
Air India,15/06/2019,Delhi,Cochin,DEL → BOM → COK,09:00,19:15,10h 15m,1 stop,No info,10454
Multiple carriers,15/06/2019,Delhi,Cochin,DEL → BOM → COK,09:15,19:15,10h,1 stop,No info,9359
Jet Airways,18/05/2019,Kolkata,Banglore,CCU → BOM → BLR,14:05,19:50,5h 45m,1 stop,No info,14781
Jet Airways,9/06/2019,Kolkata,Banglore,CCU → BOM → BLR,14:05,19:50,5h 45m,1 stop,In-flight meal not included,10844
Jet Airways,12/06/2019,Delhi,Cochin,DEL → BOM → COK,22:50,19:00 13 Jun,20h 10m,1 stop,In-flight meal not included,10262
IndiGo,27/05/2019,Kolkata,Banglore,CCU → BLR,09:35,12:20,2h 45m,non-stop,No info,4804
Multiple carriers,27/03/2019,Delhi,Cochin,DEL → BOM → COK,15:15,01:35 28 Mar,10h 20m,1 stop,No info,6427
IndiGo,27/03/2019,Kolkata,Banglore,CCU → BLR,05:30,08:20,2h 50m,non-stop,No info,4148
Vistara,24/06/2019,Chennai,Kolkata,MAA → CCU,17:45,20:05,2h 20m,non-stop,No info,11982
Air India,27/05/2019,Delhi,Cochin,DEL → AMD → BOM → COK,19:45,19:15 28 May,23h 30m,2 stops,No info,10441
Air India,21/03/2019,Delhi,Cochin,DEL → HYD → MAA → COK,09:45,09:25 22 Mar,23h 40m,2 stops,No info,8140
Air India,18/03/2019,Banglore,New Delhi,BLR → DEL,10:00,12:45,2h 45m,non-stop,No info,4441
IndiGo,21/05/2019,Delhi,Cochin,DEL → BOM → COK,09:15,01:30 22 May,16h 15m,1 stop,No info,7318
Multiple carriers,9/06/2019,Delhi,Cochin,DEL → BOM → COK,07:05,21:00,13h 55m,1 stop,No info,13587
Air India,18/05/2019,Kolkata,Banglore,CCU → BOM → BLR,09:25,07:55 19 May,22h 30m,1 stop,No info,8366
IndiGo,15/06/2019,Chennai,Kolkata,MAA → CCU,22:05,00:25 16 Jun,2h 20m,non-stop,No info,5277
IndiGo,12/06/2019,Kolkata,Banglore,CCU → NAG → BLR,18:05,23:30,5h 25m,1 stop,No info,6218
IndiGo,9/05/2019,Kolkata,Banglore,CCU → BLR,04:40,07:15,2h 35m,non-stop,No info,4804
IndiGo,6/06/2019,Chennai,Kolkata,MAA → CCU,19:35,21:55,2h 20m,non-stop,No info,3597
IndiGo,24/04/2019,Delhi,Cochin,DEL → HYD → COK,05:05,16:10,11h 5m,1 stop,No info,6171
Jet Airways,9/06/2019,Delhi,Cochin,DEL → IDR → BOM → COK,21:25,19:00 10 Jun,21h 35m,2 stops,No info,13292
Jet Airways,06/03/2019,Banglore,New Delhi,BLR → BOM → DEL,14:05,00:45 07 Mar,10h 40m,1 stop,In-flight meal not included,13502
Jet Airways,12/06/2019,Kolkata,Banglore,CCU → BOM → BLR,18:55,04:40 13 Jun,9h 45m,1 stop,No info,12576
Jet Airways,1/04/2019,Delhi,Cochin,DEL → BOM → COK,14:00,19:00,5h,1 stop,In-flight meal not included,5177
Jet Airways,27/03/2019,Delhi,Cochin,DEL → IDR → BOM → COK,05:25,19:45 28 Mar,38h 20m,2 stops,In-flight meal not included,9254
Jet Airways,15/05/2019,Banglore,Delhi,BLR → DEL,15:15,18:10,2h 55m,non-stop,No info,7229
Air Asia,3/06/2019,Kolkata,Banglore,CCU → BLR,10:20,12:55,2h 35m,non-stop,No info,4409
Vistara,6/06/2019,Chennai,Kolkata,MAA → CCU,17:45,20:05,2h 20m,non-stop,No info,11982
Jet Airways,18/05/2019,Kolkata,Banglore,CCU → BOM → BLR,08:25,18:15,9h 50m,1 stop,In-flight meal not included,10844
Vistara,1/04/2019,Kolkata,Banglore,CCU → DEL → BLR,07:10,20:20,13h 10m,1 stop,No info,8452
Air India,6/03/2019,Mumbai,Hyderabad,BOM → GOI → PNQ → HYD,13:30,16:55,3h 25m,2 stops,No info,18797
Air India,15/03/2019,Banglore,New Delhi,BLR → CCU → BBI → DEL,05:50,16:20,10h 30m,2 stops,No info,7664
Air India,9/05/2019,Delhi,Cochin,DEL → AMD → BOM → COK,05:00,07:40 10 May,26h 40m,2 stops,No info,11281
Jet Airways,9/06/2019,Kolkata,Banglore,CCU → DEL → BLR,17:00,21:05 10 Jun,28h 5m,1 stop,In-flight meal not included,10539
IndiGo,15/03/2019,Mumbai,Hyderabad,BOM → HYD,02:30,04:00,1h 30m,non-stop,No info,3342
SpiceJet,6/06/2019,Kolkata,Banglore,CCU → IXB → BLR,15:55,21:25,5h 30m,1 stop,No info,8224
IndiGo,24/05/2019,Kolkata,Banglore,CCU → BLR,04:40,07:15,2h 35m,non-stop,No info,4804
Jet Airways,3/06/2019,Delhi,Cochin,DEL → BOM → COK,14:00,04:25 04 Jun,14h 25m,1 stop,No info,14714
Vistara,15/05/2019,Chennai,Kolkata,MAA → CCU,17:45,20:05,2h 20m,non-stop,No info,11982
Multiple carriers,24/05/2019,Delhi,Cochin,DEL → HYD → COK,14:55,22:30,7h 35m,1 stop,No info,7740
Air India,18/05/2019,Delhi,Cochin,DEL → GOI → BOM → COK,10:55,19:15,8h 20m,2 stops,No info,13486
Jet Airways,1/06/2019,Delhi,Cochin,DEL → BOM → COK,17:30,12:35 02 Jun,19h 5m,1 stop,In-flight meal not included,10262
Jet Airways,21/03/2019,Delhi,Cochin,DEL → AMD → BOM → COK,19:10,18:50 22 Mar,23h 40m,2 stops,In-flight meal not included,6643
Jet Airways,1/06/2019,Delhi,Cochin,DEL → JAI → BOM → COK,05:30,04:25 02 Jun,22h 55m,2 stops,No info,13014
IndiGo,3/04/2019,Kolkata,Banglore,CCU → BLR,09:35,12:20,2h 45m,non-stop,No info,4174
Jet Airways,1/04/2019,Kolkata,Banglore,CCU → BOM → BLR,14:05,23:35,9h 30m,1 stop,No info,13364
Jet Airways,6/04/2019,Banglore,Delhi,BLR → DEL,18:55,22:00,3h 5m,non-stop,No info,7229
Jet Airways,15/03/2019,Banglore,New Delhi,BLR → BOM → DEL,05:45,16:10,10h 25m,1 stop,In-flight meal not included,9134
Air India,21/05/2019,Kolkata,Banglore,CCU → BBI → BOM → BLR,12:00,07:55 22 May,19h 55m,2 stops,No info,10676
Jet Airways,6/04/2019,Banglore,Delhi,BLR → DEL,19:50,22:50,3h,non-stop,In-flight meal not included,4544
Jet Airways,21/03/2019,Banglore,New Delhi,BLR → BOM → DEL,08:55,15:15,6h 20m,1 stop,In-flight meal not included,7832
Jet Airways,27/04/2019,Banglore,Delhi,BLR → DEL,17:45,20:45,3h,non-stop,In-flight meal not included,4544
Multiple carriers,21/05/2019,Delhi,Cochin,DEL → BOM → COK,04:55,12:35,7h 40m,1 stop,No info,9103
Jet Airways,1/05/2019,Kolkata,Banglore,CCU → BOM → BLR,14:05,04:40 02 May,14h 35m,1 stop,No info,13941
Jet Airways,15/05/2019,Kolkata,Banglore,CCU → GAU → BLR,10:20,17:35,7h 15m,1 stop,No info,8355
Jet Airways,27/03/2019,Delhi,Cochin,DEL → BOM → COK,20:50,04:25 28 Mar,7h 35m,1 stop,No info,12242
IndiGo,18/05/2019,Kolkata,Banglore,CCU → BLR,17:15,19:50,2h 35m,non-stop,No info,4804
Vistara,24/04/2019,Banglore,Delhi,BLR → DEL,07:00,09:40,2h 40m,non-stop,No info,5403
Air India,9/03/2019,Chennai,Kolkata,MAA → CCU,11:40,13:55,2h 15m,non-stop,No info,7817
Air Asia,21/05/2019,Banglore,Delhi,BLR → DEL,04:55,07:45,2h 50m,non-stop,No info,3383
IndiGo,27/04/2019,Delhi,Cochin,DEL → COK,14:20,17:35,3h 15m,non-stop,No info,5021
Jet Airways,9/03/2019,Mumbai,Hyderabad,BOM → HYD,06:30,08:00,1h 30m,non-stop,No info,8040
Jet Airways,1/04/2019,Kolkata,Banglore,CCU → BOM → BLR,18:55,04:40 02 Apr,9h 45m,1 stop,No info,12681
IndiGo,9/04/2019,Kolkata,Banglore,CCU → MAA → BLR,19:35,00:10 10 Apr,4h 35m,1 stop,No info,4860
SpiceJet,15/05/2019,Chennai,Kolkata,MAA → CCU,08:20,10:35,2h 15m,non-stop,No info,3597
IndiGo,6/06/2019,Kolkata,Banglore,CCU → BLR,04:40,07:15,2h 35m,non-stop,No info,4804
Jet Airways,15/05/2019,Kolkata,Banglore,CCU → DEL → BLR,09:35,19:10,9h 35m,1 stop,No info,13067
Air India,3/06/2019,Delhi,Cochin,DEL → BLR → COK,09:45,23:00,13h 15m,1 stop,No info,8907
Jet Airways,18/05/2019,Delhi,Cochin,DEL → JAI → BOM → COK,09:40,04:25 19 May,18h 45m,2 stops,No info,15129
Multiple carriers,21/05/2019,Delhi,Cochin,DEL → BOM → COK,08:00,19:00,11h,1 stop,No info,10197
Jet Airways,27/06/2019,Delhi,Cochin,DEL → IDR → BOM → COK,05:30,19:00,13h 30m,2 stops,In-flight meal not included,11507
Jet Airways,15/05/2019,Kolkata,Banglore,CCU → DEL → BLR,09:35,22:05,12h 30m,1 stop,In-flight meal not included,10703
IndiGo,24/04/2019,Delhi,Cochin,DEL → BOM → COK,20:25,01:30 25 Apr,5h 5m,1 stop,No info,5065
SpiceJet,9/06/2019,Delhi,Cochin,DEL → MAA → COK,15:45,22:05,6h 20m,1 stop,No info,6297
Jet Airways,1/05/2019,Kolkata,Banglore,CCU → BOM → BLR,16:30,22:35,6h 5m,1 stop,No info,14781
IndiGo,9/04/2019,Kolkata,Banglore,CCU → HYD → BLR,19:20,23:45,4h 25m,1 stop,No info,3574
Air India,12/05/2019,Mumbai,Hyderabad,BOM → HYD,15:00,16:25,1h 25m,non-stop,No info,3100
IndiGo,01/03/2019,Banglore,New Delhi,BLR → DEL,18:25,21:20,2h 55m,non-stop,No info,12649
Jet Airways,6/03/2019,Delhi,Cochin,DEL → IDR → BOM → COK,05:25,19:45 07 Mar,38h 20m,2 stops,No info,16914
Jet Airways,6/06/2019,Kolkata,Banglore,CCU → DEL → BLR,17:00,09:45 07 Jun,16h 45m,1 stop,No info,12692
Multiple carriers,1/06/2019,Delhi,Cochin,DEL → BOM → COK,09:00,21:00,12h,1 stop,No info,7933
Jet Airways,21/03/2019,Mumbai,Hyderabad,BOM → HYD,10:20,11:50,1h 30m,non-stop,No info,8040
SpiceJet,21/03/2019,Delhi,Cochin,DEL → BLR → COK,16:35,22:50,6h 15m,1 stop,No info,4957
Air India,18/03/2019,Kolkata,Banglore,CCU → BLR,14:15,16:45,2h 30m,non-stop,No info,5170
SpiceJet,18/03/2019,Banglore,New Delhi,BLR → DEL,20:30,23:20,2h 50m,non-stop,No info,4377
Jet Airways,9/06/2019,Delhi,Cochin,DEL → BOM → COK,14:00,19:00,5h,1 stop,No info,14714
Jet Airways,9/06/2019,Delhi,Cochin,DEL → JAI → BOM → COK,09:40,12:35 10 Jun,26h 55m,2 stops,No info,13014
Vistara,1/04/2019,Kolkata,Banglore,CCU → DEL → BLR,17:00,09:05 02 Apr,16h 5m,1 stop,No info,8662
Air India,15/05/2019,Kolkata,Banglore,CCU → MAA → BLR,14:35,14:35 16 May,24h,1 stop,No info,6528
IndiGo,9/04/2019,Delhi,Cochin,DEL → BOM → COK,11:25,01:30 10 Apr,14h 5m,1 stop,No info,6270
Jet Airways,9/05/2019,Kolkata,Banglore,CCU → BOM → BLR,08:25,20:45,12h 20m,1 stop,No info,14781
SpiceJet,1/03/2019,Mumbai,Hyderabad,BOM → HYD,05:45,07:05,1h 20m,non-stop,No info,12475
Multiple carriers,24/05/2019,Delhi,Cochin,DEL → BOM → COK,19:00,01:30 25 May,6h 30m,1 stop,No info,8283
Multiple carriers,15/05/2019,Delhi,Cochin,DEL → BOM → COK,13:00,01:30 16 May,12h 30m,1 stop,No info,13727
Jet Airways,15/06/2019,Delhi,Cochin,DEL → JAI → BOM → COK,09:40,04:25 16 Jun,18h 45m,2 stops,In-flight meal not included,10368
Jet Airways,27/05/2019,Banglore,Delhi,BLR → DEL,06:00,08:45,2h 45m,non-stop,No info,7229
Jet Airways,9/06/2019,Kolkata,Banglore,CCU → DEL → BLR,20:25,18:00 10 Jun,21h 35m,1 stop,No info,13401
Jet Airways,18/03/2019,Mumbai,Hyderabad,BOM → HYD,10:20,11:50,1h 30m,non-stop,No info,8040
Air India,9/05/2019,Delhi,Cochin,DEL → RPR → NAG → BOM → COK,05:15,19:15 10 May,38h,3 stops,No info,10703
Multiple carriers,6/03/2019,Delhi,Cochin,DEL → BOM → COK,17:30,01:35 07 Mar,8h 5m,1 stop,No info,17057
IndiGo,3/03/2019,Mumbai,Hyderabad,BOM → HYD,16:55,18:25,1h 30m,non-stop,No info,6795
Air India,24/06/2019,Delhi,Cochin,DEL → AMD → BOM → COK,19:45,19:15 25 Jun,23h 30m,2 stops,No info,9443
SpiceJet,1/06/2019,Banglore,Delhi,BLR → DEL,09:30,12:20,2h 50m,non-stop,No check-in baggage included,3919
IndiGo,9/04/2019,Delhi,Cochin,DEL → BOM → COK,06:40,21:00,14h 20m,1 stop,No info,6093
Multiple carriers,6/06/2019,Delhi,Cochin,DEL → BOM → COK,12:50,21:00,8h 10m,1 stop,No info,7005
Multiple carriers,21/03/2019,Delhi,Cochin,DEL → BOM → COK,04:45,18:50,14h 5m,1 stop,No info,11098
Jet Airways,24/03/2019,Kolkata,Banglore,CCU → BOM → BLR,16:55,09:15 25 Mar,16h 20m,1 stop,In-flight meal not included,11134
Air Asia,21/04/2019,Kolkata,Banglore,CCU → BLR,10:20,12:55,2h 35m,non-stop,No info,4409
Air India,12/05/2019,Kolkata,Banglore,CCU → DEL → COK → BLR,10:00,01:20 13 May,15h 20m,2 stops,No info,12140
SpiceJet,15/06/2019,Mumbai,Hyderabad,BOM → HYD,22:45,00:15 16 Jun,1h 30m,non-stop,No check-in baggage included,1965
Multiple carriers,27/03/2019,Delhi,Cochin,DEL → BOM → COK,09:00,18:50,9h 50m,1 stop,No info,11667
IndiGo,6/06/2019,Delhi,Cochin,DEL → BOM → COK,11:25,21:00,9h 35m,1 stop,No info,6093
Jet Airways,21/05/2019,Delhi,Cochin,DEL → BOM → COK,07:05,12:35,5h 30m,1 stop,In-flight meal not included,12898
Jet Airways,18/06/2019,Mumbai,Hyderabad,BOM → HYD,19:35,21:05,1h 30m,non-stop,In-flight meal not included,3210
Air Asia,1/03/2019,Kolkata,Banglore,CCU → BLR,19:35,22:05,2h 30m,non-stop,No info,5964
Air India,27/03/2019,Delhi,Cochin,DEL → MAA → COK,17:20,09:25 28 Mar,16h 5m,1 stop,No info,5117
SpiceJet,9/05/2019,Delhi,Cochin,DEL → BLR → COK,17:55,22:50,4h 55m,1 stop,No info,5975
Jet Airways,21/04/2019,Delhi,Cochin,DEL → COK,11:00,14:15,3h 15m,non-stop,In-flight meal not included,7202
IndiGo,1/06/2019,Delhi,Cochin,DEL → HYD → COK,08:35,22:30,13h 55m,1 stop,No info,6442
Jet Airways,15/03/2019,Banglore,New Delhi,BLR → BOM → DEL,05:45,10:25,4h 40m,1 stop,In-flight meal not included,9134
Jet Airways,21/03/2019,Delhi,Cochin,DEL → BDQ → BOM → COK,10:45,04:25 22 Mar,17h 40m,2 stops,In-flight meal not included,7791
SpiceJet,27/03/2019,Kolkata,Banglore,CCU → BLR,17:15,19:45,2h 30m,non-stop,No check-in baggage included,3815
Jet Airways,6/06/2019,Delhi,Cochin,DEL → BOM → COK,19:45,19:00 07 Jun,23h 15m,1 stop,No info,14714
IndiGo,18/03/2019,Kolkata,Banglore,CCU → BLR,15:10,17:45,2h 35m,non-stop,No info,4462
GoAir,6/05/2019,Kolkata,Banglore,CCU → AMD → BLR,16:40,00:15 07 May,7h 35m,1 stop,No info,7102
Air Asia,01/03/2019,Banglore,New Delhi,BLR → DEL,23:25,02:10 02 Mar,2h 45m,non-stop,Red-eye flight,10873
Air Asia,9/05/2019,Delhi,Cochin,DEL → BLR → COK,16:45,22:25,5h 40m,1 stop,No info,6752
Jet Airways,06/03/2019,Banglore,New Delhi,BLR → BOM → DEL,08:55,09:00 07 Mar,24h 5m,1 stop,No info,15025
GoAir,24/03/2019,Banglore,New Delhi,BLR → DEL,07:45,10:40,2h 55m,non-stop,No info,5048
Jet Airways,21/05/2019,Delhi,Cochin,DEL → ATQ → BOM → COK,20:00,04:25 22 May,8h 25m,2 stops,No info,16263
Jet Airways,18/05/2019,Banglore,Delhi,BLR → DEL,17:45,20:45,3h,non-stop,No info,7229
SpiceJet,15/06/2019,Delhi,Cochin,DEL → MAA → COK,15:45,22:05,6h 20m,1 stop,No info,5583
Jet Airways,21/03/2019,Delhi,Cochin,DEL → AMD → BOM → COK,19:10,04:25 23 Mar,33h 15m,2 stops,No info,10929
Jet Airways,27/05/2019,Banglore,Delhi,BLR → DEL,07:10,10:10,3h,non-stop,In-flight meal not included,4030
Air Asia,9/05/2019,Kolkata,Banglore,CCU → BLR,22:50,01:20 10 May,2h 30m,non-stop,No info,3807
Air India,27/03/2019,Delhi,Cochin,DEL → BOM → COK,21:00,19:15 28 Mar,22h 15m,1 stop,No info,6692
Jet Airways,9/05/2019,Kolkata,Banglore,CCU → DEL → BLR,20:25,14:25 10 May,18h,1 stop,No info,11467
GoAir,9/06/2019,Delhi,Cochin,DEL → HYD → COK,07:30,13:35,6h 5m,1 stop,No info,6276
Air India,6/03/2019,Mumbai,Hyderabad,BOM → JAI → DEL → HYD,11:35,19:25 07 Mar,31h 50m,2 stops,No info,17926
Air India,18/05/2019,Mumbai,Hyderabad,BOM → HYD,13:55,15:25,1h 30m,non-stop,No info,3100
Air India,27/05/2019,Delhi,Cochin,DEL → COK,18:05,21:10,3h 5m,non-stop,No info,6094
Jet Airways,24/03/2019,Banglore,New Delhi,BLR → BOM → DEL,05:45,10:25,4h 40m,1 stop,In-flight meal not included,8147
IndiGo,9/04/2019,Kolkata,Banglore,CCU → BLR,15:30,18:05,2h 35m,non-stop,No info,4174
Jet Airways,27/03/2019,Delhi,Cochin,DEL → BHO → BOM → COK,05:40,04:25 28 Mar,22h 45m,2 stops,No info,12074
Multiple carriers,6/06/2019,Delhi,Cochin,DEL → BOM → COK,11:25,19:15,7h 50m,1 stop,No info,7354
Air India,3/06/2019,Delhi,Cochin,DEL → CCU → BOM → COK,16:55,19:15 04 Jun,26h 20m,2 stops,No info,13381
Jet Airways,21/03/2019,Banglore,New Delhi,BLR → BOM → DEL,07:00,16:10,9h 10m,1 stop,In-flight meal not included,7832
SpiceJet,6/06/2019,Kolkata,Banglore,CCU → BLR,22:20,00:40 07 Jun,2h 20m,non-stop,No check-in baggage included,3841
Jet Airways,27/03/2019,Delhi,Cochin,DEL → AMD → BOM → COK,19:10,19:45 28 Mar,24h 35m,2 stops,In-flight meal not included,8834
IndiGo,27/03/2019,Delhi,Cochin,DEL → BBI → COK,02:35,08:30,5h 55m,1 stop,No info,7731
IndiGo,27/04/2019,Banglore,Delhi,BLR → DEL,18:25,21:20,2h 55m,non-stop,No info,4823
Jet Airways,18/03/2019,Banglore,New Delhi,BLR → BOM → DEL,11:40,10:25 16 Mar,22h 45m,1 stop,In-flight meal not included,11087
Jet Airways,6/03/2019,Mumbai,Hyderabad,BOM → DEL → HYD,20:45,16:50 07 Mar,20h 5m,1 stop,No info,19595
Jet Airways,27/05/2019,Delhi,Cochin,DEL → BOM → COK,08:00,04:25 28 May,20h 25m,1 stop,In-flight meal not included,12898
IndiGo,6/06/2019,Delhi,Cochin,DEL → PNQ → COK,23:30,04:35 07 Jun,5h 5m,1 stop,No info,10112
IndiGo,12/05/2019,Kolkata,Banglore,CCU → MAA → BLR,17:35,22:15,4h 40m,1 stop,No info,6669
SpiceJet,9/05/2019,Chennai,Kolkata,MAA → CCU,09:45,12:00,2h 15m,non-stop,No info,3597
IndiGo,18/05/2019,Chennai,Kolkata,MAA → CCU,22:05,00:25 19 May,2h 20m,non-stop,No info,5277
IndiGo,6/06/2019,Delhi,Cochin,DEL → MAA → COK,07:15,12:30,5h 15m,1 stop,No info,6582
IndiGo,27/03/2019,Delhi,Cochin,DEL → HYD → MAA → COK,11:55,21:20,9h 25m,2 stops,No info,6494
Jet Airways,6/05/2019,Delhi,Cochin,DEL → JAI → BOM → COK,05:30,04:25 07 May,22h 55m,2 stops,No info,15129
Jet Airways,12/03/2019,Banglore,New Delhi,BLR → BOM → DEL,16:55,08:15 13 Mar,15h 20m,1 stop,No info,13817
Multiple carriers,27/03/2019,Delhi,Cochin,DEL → BOM → COK,12:50,19:15,6h 25m,1 stop,No info,6953
Air India,9/05/2019,Kolkata,Banglore,CCU → BBI → BOM → BLR,12:00,18:30 10 May,30h 30m,2 stops,No info,9626
IndiGo,9/06/2019,Banglore,Delhi,BLR → DEL,21:15,00:15 10 Jun,3h,non-stop,No info,3943
Air India,9/06/2019,Kolkata,Banglore,CCU → BOM → COK → BLR,16:50,13:45 10 Jun,20h 55m,2 stops,No info,11752
Multiple carriers,6/06/2019,Delhi,Cochin,DEL → BOM → COK,08:30,19:15,10h 45m,1 stop,No info,7677
IndiGo,27/04/2019,Delhi,Cochin,DEL → BOM → COK,16:00,21:00,5h,1 stop,No info,6937
SpiceJet,18/04/2019,Banglore,Delhi,BLR → DEL,21:10,00:05 19 Apr,2h 55m,non-stop,No check-in baggage included,5515
SpiceJet,6/03/2019,Kolkata,Banglore,CCU → BLR,09:00,11:30,2h 30m,non-stop,No info,4096
Jet Airways,12/03/2019,Banglore,New Delhi,BLR → BOM → DEL,22:55,10:45 13 Mar,11h 50m,1 stop,No info,13817
SpiceJet,9/03/2019,Kolkata,Banglore,CCU → BLR,17:15,19:45,2h 30m,non-stop,No info,4622
Jet Airways,15/06/2019,Delhi,Cochin,DEL → COK,11:00,14:15,3h 15m,non-stop,In-flight meal not included,7202
SpiceJet,1/06/2019,Kolkata,Banglore,CCU → BLR,17:10,19:40,2h 30m,non-stop,No info,4174
Air India,27/03/2019,Kolkata,Banglore,CCU → BLR,14:15,16:45,2h 30m,non-stop,No info,5170
Jet Airways,27/05/2019,Delhi,Cochin,DEL → BHO → BOM → COK,05:30,12:35,7h 5m,2 stops,No info,16274
Vistara,12/06/2019,Kolkata,Banglore,CCU → DEL → BLR,07:10,09:05 13 Jun,25h 55m,1 stop,No info,7927
Jet Airways,1/04/2019,Kolkata,Banglore,CCU → BOM → BLR,08:25,09:20 02 Apr,24h 55m,1 stop,In-flight meal not included,7064
Air India,18/05/2019,Delhi,Cochin,DEL → AMD → BOM → COK,16:40,19:15 19 May,26h 35m,2 stops,No info,9863
Jet Airways,1/05/2019,Kolkata,Banglore,CCU → BOM → BLR,06:30,16:20,9h 50m,1 stop,No info,14781
Multiple carriers,27/06/2019,Delhi,Cochin,DEL → BOM → COK,11:30,01:30 28 Jun,14h,1 stop,No info,13377
Air India,9/05/2019,Banglore,Delhi,BLR → DEL,17:00,19:45,2h 45m,non-stop,No info,5228
SpiceJet,6/04/2019,Banglore,Delhi,BLR → DEL,09:30,12:20,2h 50m,non-stop,No info,4423
SpiceJet,24/06/2019,Delhi,Cochin,DEL → BLR → COK,17:55,22:50,4h 55m,1 stop,No info,4957
Jet Airways,12/05/2019,Delhi,Cochin,DEL → COK,11:00,14:15,3h 15m,non-stop,In-flight meal not included,7202
Jet Airways,27/05/2019,Delhi,Cochin,DEL → COK,11:00,14:15,3h 15m,non-stop,In-flight meal not included,7989
Jet Airways,9/06/2019,Delhi,Cochin,DEL → BOM → COK,15:00,04:25 10 Jun,13h 25m,1 stop,In-flight meal not included,10262
Jet Airways,15/03/2019,Banglore,New Delhi,BLR → MAA → DEL,09:45,15:55,6h 10m,1 stop,In-flight meal not included,7280
Vistara,6/03/2019,Mumbai,Hyderabad,BOM → DEL → HYD,15:40,22:55,7h 15m,1 stop,No info,12395
IndiGo,9/03/2019,Kolkata,Banglore,CCU → BLR,10:10,12:55,2h 45m,non-stop,No info,4462
Air India,6/03/2019,Delhi,Cochin,DEL → MAA → COK,06:05,09:25 07 Mar,27h 20m,1 stop,No info,12677
Multiple carriers,1/03/2019,Delhi,Cochin,DEL → BOM → COK,00:20,15:30,15h 10m,1 stop,No info,23170
Multiple carriers,27/05/2019,Delhi,Cochin,DEL → BOM → COK,12:50,01:30 28 May,12h 40m,1 stop,No info,6795
Air India,18/05/2019,Kolkata,Banglore,CCU → BBI → BLR,12:00,13:15 19 May,25h 15m,1 stop,No info,7662
Jet Airways,21/05/2019,Kolkata,Banglore,CCU → BOM → BLR,06:30,12:00,5h 30m,1 stop,No info,14388
Jet Airways,15/06/2019,Delhi,Cochin,DEL → BOM → COK,18:15,19:00 16 Jun,24h 45m,1 stop,In-flight meal not included,10262
IndiGo,15/04/2019,Banglore,Delhi,BLR → DEL,20:00,22:50,2h 50m,non-stop,No info,4823
Air India,6/05/2019,Kolkata,Banglore,CCU → DEL → BLR,20:30,20:25 07 May,23h 55m,1 stop,No info,10203
Air India,6/06/2019,Delhi,Cochin,DEL → HYD → BOM → COK,17:15,19:15 07 Jun,26h,2 stops,No info,12760
IndiGo,3/05/2019,Chennai,Kolkata,MAA → CCU,14:45,17:05,2h 20m,non-stop,No info,3858
IndiGo,18/06/2019,Chennai,Kolkata,MAA → CCU,07:55,10:15,2h 20m,non-stop,No info,3850
Jet Airways,12/03/2019,Banglore,New Delhi,BLR → BOM → DEL,07:00,23:00,16h,1 stop,No info,13817
IndiGo,18/05/2019,Delhi,Cochin,DEL → BLR → COK,15:10,20:00,4h 50m,1 stop,No info,6496
IndiGo,15/06/2019,Delhi,Cochin,DEL → PNQ → COK,23:30,04:35 16 Jun,5h 5m,1 stop,No info,10112
Air India,24/05/2019,Kolkata,Banglore,CCU → BBI → BOM → BLR,12:00,18:30 25 May,30h 30m,2 stops,No info,10151
Jet Airways,9/06/2019,Kolkata,Banglore,CCU → BOM → BLR,21:10,08:15 10 Jun,11h 5m,1 stop,In-flight meal not included,11841
Multiple carriers,24/05/2019,Delhi,Cochin,DEL → BOM → COK,13:00,21:00,8h,1 stop,No info,14067
IndiGo,18/05/2019,Delhi,Cochin,DEL → BLR → COK,05:10,10:05,4h 55m,1 stop,No info,7580
Jet Airways,3/06/2019,Delhi,Cochin,DEL → BOM → COK,07:05,19:00,11h 55m,1 stop,In-flight meal not included,10577
Air India,24/06/2019,Delhi,Cochin,DEL → JAI → BOM → COK,12:00,19:15,7h 15m,2 stops,No info,9548
Air India,15/03/2019,Banglore,New Delhi,BLR → BOM → DEL,08:50,15:15,6h 25m,1 stop,No info,8714
Air India,12/06/2019,Delhi,Cochin,DEL → MAA → COK,17:20,09:25 13 Jun,16h 5m,1 stop,No info,7480
Jet Airways,12/06/2019,Kolkata,Banglore,CCU → BOM → BLR,20:00,04:40 13 Jun,8h 40m,1 stop,In-flight meal not included,6959
SpiceJet,1/06/2019,Kolkata,Banglore,CCU → BLR,22:20,00:40 02 Jun,2h 20m,non-stop,No check-in baggage included,3841
Jet Airways,27/05/2019,Delhi,Cochin,DEL → JAI → BOM → COK,05:30,04:25 28 May,22h 55m,2 stops,No info,15129
Jet Airways,27/05/2019,Delhi,Cochin,DEL → AMD → BOM → COK,19:10,19:00 28 May,23h 50m,2 stops,No info,15129
Jet Airways,6/06/2019,Delhi,Cochin,DEL → COK,11:00,14:15,3h 15m,non-stop,No info,9564
Air India,27/03/2019,Delhi,Cochin,DEL → UDR → BOM → COK,13:20,07:40 28 Mar,18h 20m,2 stops,No info,10178
IndiGo,3/03/2019,Chennai,Kolkata,MAA → CCU,07:55,10:15,2h 20m,non-stop,No info,7295
Multiple carriers,27/05/2019,Delhi,Cochin,DEL → BOM → COK,13:00,01:30 28 May,12h 30m,1 stop,No info,13377
Air India,15/05/2019,Delhi,Cochin,DEL → GOI → BOM → COK,22:00,19:15 16 May,21h 15m,2 stops,No info,11281
Jet Airways,24/06/2019,Delhi,Cochin,DEL → ATQ → BOM → COK,18:20,04:25 25 Jun,10h 5m,2 stops,No info,13775
Jet Airways,15/06/2019,Mumbai,Hyderabad,BOM → HYD,19:35,21:05,1h 30m,non-stop,No info,5678
Jet Airways,15/05/2019,Kolkata,Banglore,CCU → BOM → BLR,18:55,16:20 16 May,21h 25m,1 stop,In-flight meal not included,10844
Air India,3/03/2019,Delhi,Cochin,DEL → HYD → MAA → COK,09:45,09:25 04 Mar,23h 40m,2 stops,No info,12760
SpiceJet,3/04/2019,Mumbai,Hyderabad,BOM → HYD,05:45,07:15,1h 30m,non-stop,No info,2017
Jet Airways,12/06/2019,Mumbai,Hyderabad,BOM → HYD,07:05,08:30,1h 25m,non-stop,In-flight meal not included,4995
Jet Airways,6/03/2019,Delhi,Cochin,DEL → BOM → COK,17:30,19:45 07 Mar,26h 15m,1 stop,No info,17024
IndiGo,3/06/2019,Mumbai,Hyderabad,BOM → HYD,12:00,13:30,1h 30m,non-stop,No info,2754
Multiple carriers,15/05/2019,Delhi,Cochin,DEL → BOM → COK,07:30,19:00,11h 30m,1 stop,No info,9315
IndiGo,1/06/2019,Delhi,Cochin,DEL → BOM → COK,04:55,21:00,16h 5m,1 stop,No info,6314
Multiple carriers,27/03/2019,Delhi,Cochin,DEL → BOM → COK,10:20,01:35 28 Mar,15h 15m,1 stop,No info,6427
IndiGo,3/06/2019,Delhi,Cochin,DEL → BOM → COK,04:55,21:00,16h 5m,1 stop,No info,6838
Air India,9/05/2019,Delhi,Cochin,DEL → JAI → BOM → COK,12:00,07:40 10 May,19h 40m,2 stops,No info,9968
IndiGo,15/03/2019,Kolkata,Banglore,CCU → BLR,21:25,00:05 16 Mar,2h 40m,non-stop,No info,4148
Jet Airways,9/06/2019,Delhi,Cochin,DEL → BOM → COK,02:15,12:35,10h 20m,1 stop,No info,18371
Multiple carriers,12/06/2019,Delhi,Cochin,DEL → BOM → COK,11:30,21:00,9h 30m,1 stop,No info,13587
Multiple carriers,3/06/2019,Delhi,Cochin,DEL → BOM → COK,08:45,19:15,10h 30m,1 stop,No info,9001
Jet Airways,27/06/2019,Delhi,Cochin,DEL → BOM → COK,02:15,12:35,10h 20m,1 stop,In-flight meal not included,10262
Air India,21/05/2019,Delhi,Cochin,DEL → HYD → MAA → COK,09:45,09:25 22 May,23h 40m,2 stops,No info,10975
Air India,6/03/2019,Delhi,Cochin,DEL → MAA → COK,12:30,09:25 07 Mar,20h 55m,1 stop,No info,13832
Air Asia,24/05/2019,Kolkata,Banglore,CCU → BBI → BLR,06:50,10:30,3h 40m,1 stop,No info,5162
Air Asia,1/06/2019,Banglore,Delhi,BLR → DEL,23:55,02:45 02 Jun,2h 50m,non-stop,No info,7120
Air India,27/05/2019,Delhi,Cochin,DEL → HYD → MAA → COK,13:15,09:25 28 May,20h 10m,2 stops,No info,10467
Jet Airways,6/06/2019,Mumbai,Hyderabad,BOM → HYD,02:55,04:20,1h 25m,non-stop,In-flight meal not included,4050
Air India,18/05/2019,Delhi,Cochin,DEL → GOI → BOM → COK,22:00,19:15 19 May,21h 15m,2 stops,No info,10441
SpiceJet,12/05/2019,Mumbai,Hyderabad,BOM → HYD,22:45,00:15 13 May,1h 30m,non-stop,No check-in baggage included,1965
Multiple carriers,3/03/2019,Delhi,Cochin,DEL → HYD → COK,09:45,16:10,6h 25m,1 stop,No info,11265
Air India,18/05/2019,Kolkata,Banglore,CCU → JAI → BOM → BLR,08:20,21:50,13h 30m,2 stops,No info,10697
Jet Airways,21/05/2019,Delhi,Cochin,DEL → JAI → BOM → COK,05:30,19:00,13h 30m,2 stops,No info,15129
Air India,9/03/2019,Delhi,Cochin,DEL → BOM → COK,23:00,07:40 10 Mar,8h 40m,1 stop,No info,10840
Jet Airways,6/06/2019,Delhi,Cochin,DEL → BOM → COK,14:00,04:25 07 Jun,14h 25m,1 stop,No info,14714
IndiGo,9/03/2019,Chennai,Kolkata,MAA → CCU,19:35,21:55,2h 20m,non-stop,No info,6297
SpiceJet,9/04/2019,Kolkata,Banglore,CCU → BLR,09:00,11:25,2h 25m,non-stop,No info,3873
Jet Airways,1/06/2019,Delhi,Cochin,DEL → BOM → COK,15:00,04:25 02 Jun,13h 25m,1 stop,In-flight meal not included,10262
Jet Airways,12/03/2019,Banglore,New Delhi,BLR → BOM → DEL,18:55,13:15 13 Mar,18h 20m,1 stop,In-flight meal not included,11087
IndiGo,6/03/2019,Delhi,Cochin,DEL → BOM → COK,16:00,21:00,5h,1 stop,No info,7725
Air Asia,21/04/2019,Delhi,Cochin,DEL → BLR → COK,07:55,13:25,5h 30m,1 stop,No info,7452
SpiceJet,6/06/2019,Kolkata,Banglore,CCU → BLR,17:10,19:40,2h 30m,non-stop,No check-in baggage included,3841
IndiGo,18/05/2019,Kolkata,Banglore,CCU → BLR,09:35,12:20,2h 45m,non-stop,No info,4804
Air Asia,27/04/2019,Banglore,Delhi,BLR → DEL,11:10,13:55,2h 45m,non-stop,No info,4483
Air India,21/03/2019,Delhi,Cochin,DEL → BOM → COK,07:00,19:15,12h 15m,1 stop,No info,7934
Multiple carriers,27/06/2019,Delhi,Cochin,DEL → HYD → COK,09:45,16:10,6h 25m,1 stop,No info,9646
Jet Airways,9/06/2019,Delhi,Cochin,DEL → COK,11:00,14:15,3h 15m,non-stop,No info,9564
Air Asia,3/06/2019,Kolkata,Banglore,CCU → BLR,22:50,01:20 04 Jun,2h 30m,non-stop,No info,4409
Air India,18/06/2019,Banglore,Delhi,BLR → DEL,05:45,08:45,3h,non-stop,No info,6961
Air India,9/05/2019,Delhi,Cochin,DEL → MAA → COK,12:30,09:25 10 May,20h 55m,1 stop,No info,7480
IndiGo,15/05/2019,Banglore,Delhi,BLR → DEL,08:30,11:20,2h 50m,non-stop,No info,4823
IndiGo,6/06/2019,Delhi,Cochin,DEL → BOM → COK,10:35,01:30 07 Jun,14h 55m,1 stop,No info,5883
IndiGo,18/05/2019,Delhi,Cochin,DEL → MAA → COK,02:00,07:25,5h 25m,1 stop,No info,7464
Air India,18/03/2019,Banglore,New Delhi,BLR → BOM → NAG → DEL,06:45,10:35 16 Mar,27h 50m,2 stops,No info,12305
Jet Airways,3/03/2019,Delhi,Cochin,DEL → BOM → COK,09:00,18:50,9h 50m,1 stop,In-flight meal not included,15400
IndiGo,09/03/2019,Banglore,New Delhi,BLR → DEL,18:55,21:45,2h 50m,non-stop,No info,6860
Multiple carriers,21/05/2019,Delhi,Cochin,DEL → BOM → COK,07:05,19:15,12h 10m,1 stop,In-flight meal not included,10711
Air India,6/05/2019,Kolkata,Banglore,CCU → BBI → BOM → BLR,12:00,18:30 07 May,30h 30m,2 stops,No info,10151
SpiceJet,18/04/2019,Banglore,Delhi,BLR → DEL,09:30,12:20,2h 50m,non-stop,No check-in baggage included,5515
Jet Airways,9/06/2019,Delhi,Cochin,DEL → BOM → COK,20:55,19:00 10 Jun,22h 5m,1 stop,In-flight meal not included,10577
Multiple carriers,18/05/2019,Delhi,Cochin,DEL → HYD → COK,07:10,16:10,9h,1 stop,No info,7038
IndiGo,6/04/2019,Banglore,Delhi,BLR → DEL,08:30,11:20,2h 50m,non-stop,No info,4823
Jet Airways,1/05/2019,Kolkata,Banglore,CCU → BOM → BLR,16:30,04:40 02 May,12h 10m,1 stop,In-flight meal not included,8586
Air India,9/06/2019,Kolkata,Banglore,CCU → BOM → BLR,09:25,21:50,12h 25m,1 stop,No info,8366
Air India,12/05/2019,Kolkata,Banglore,CCU → BOM → BLR,09:25,11:10 13 May,25h 45m,1 stop,No info,8891
Jet Airways,15/05/2019,Kolkata,Banglore,CCU → BOM → BLR,18:55,16:20 16 May,21h 25m,1 stop,No info,14781
SpiceJet,18/05/2019,Kolkata,Banglore,CCU → IXB → BLR,11:15,18:30,7h 15m,1 stop,No info,10944
Vistara,12/06/2019,Kolkata,Banglore,CCU → DEL → BLR,20:20,20:20 13 Jun,24h,1 stop,No info,8085
Jet Airways,18/05/2019,Kolkata,Banglore,CCU → DEL → BLR,20:25,21:05 19 May,24h 40m,1 stop,No info,14151
Jet Airways,27/05/2019,Delhi,Cochin,DEL → BHO → BOM → COK,05:30,12:35,7h 5m,2 stops,In-flight meal not included,15544
Jet Airways,27/06/2019,Delhi,Cochin,DEL → BOM → COK,13:00,12:35 28 Jun,23h 35m,1 stop,In-flight meal not included,10262
Multiple carriers,27/05/2019,Delhi,Cochin,DEL → BOM → COK,13:00,19:15,6h 15m,1 stop,No info,15898
Air India,27/06/2019,Delhi,Cochin,DEL → AMD → BOM → COK,19:45,19:15 28 Jun,23h 30m,2 stops,No info,9653
Jet Airways,9/06/2019,Kolkata,Banglore,CCU → BOM → BLR,16:30,04:40 10 Jun,12h 10m,1 stop,No info,13731
Jet Airways,9/05/2019,Kolkata,Banglore,CCU → DEL → BLR,09:35,10:55 10 May,25h 20m,1 stop,In-flight meal not included,8066
Jet Airways,3/03/2019,Delhi,Cochin,DEL → BHO → BOM → COK,05:40,18:50 04 Mar,37h 10m,2 stops,No info,21314
Jet Airways,12/06/2019,Delhi,Cochin,DEL → NAG → BOM → COK,14:35,04:25 13 Jun,13h 50m,2 stops,In-flight meal not included,10919
IndiGo,15/06/2019,Chennai,Kolkata,MAA → CCU,15:40,18:25,2h 45m,non-stop,No info,3540
Air India,9/06/2019,Kolkata,Banglore,CCU → IXR → DEL → BLR,05:50,20:25,14h 35m,2 stops,No info,11201
IndiGo,9/03/2019,Delhi,Cochin,DEL → HYD → COK,11:55,22:20,10h 25m,1 stop,No info,6674
IndiGo,12/03/2019,Chennai,Kolkata,MAA → CCU,11:35,14:00,2h 25m,non-stop,No info,6297
SpiceJet,18/05/2019,Chennai,Kolkata,MAA → CCU,17:45,20:05,2h 20m,non-stop,No check-in baggage included,3543
Jet Airways,18/05/2019,Delhi,Cochin,DEL → BOM → COK,02:15,19:00,16h 45m,1 stop,No info,15554
Air India,6/06/2019,Kolkata,Banglore,CCU → BBI → BOM → BLR,12:00,18:30 07 Jun,30h 30m,2 stops,No info,9626
Jet Airways,9/03/2019,Delhi,Cochin,DEL → BOM → COK,15:05,18:50 10 Mar,27h 45m,1 stop,No info,16289
Vistara,12/05/2019,Kolkata,Banglore,CCU → DEL → BLR,17:00,10:45 13 May,17h 45m,1 stop,No info,9922
Air Asia,6/04/2019,Kolkata,Banglore,CCU → BLR,10:20,12:55,2h 35m,non-stop,No info,3807
SpiceJet,27/05/2019,Mumbai,Hyderabad,BOM → HYD,05:45,07:15,1h 30m,non-stop,No info,2017
Air India,3/03/2019,Delhi,Cochin,DEL → HYD → BOM → COK,21:30,19:15 04 Mar,21h 45m,2 stops,No info,12287
GoAir,3/06/2019,Delhi,Cochin,DEL → BOM → COK,07:00,12:55,5h 55m,1 stop,No info,4959
Vistara,6/03/2019,Delhi,Cochin,DEL → COK,06:00,09:10,3h 10m,non-stop,No info,12411
Air India,01/03/2019,Banglore,New Delhi,BLR → CCU → GAU → DEL,11:05,22:10,11h 5m,2 stops,Change airports,13576
IndiGo,27/03/2019,Delhi,Cochin,DEL → HYD → MAA → COK,08:35,21:20,12h 45m,2 stops,No info,6494
Jet Airways,6/06/2019,Kolkata,Banglore,CCU → BOM → BLR,16:30,04:40 07 Jun,12h 10m,1 stop,In-flight meal not included,6812
Jet Airways,6/06/2019,Delhi,Cochin,DEL → BOM → COK,21:50,04:25 07 Jun,6h 35m,1 stop,In-flight meal not included,10262
Air India,12/05/2019,Kolkata,Banglore,CCU → DEL → BLR,10:00,23:15,13h 15m,1 stop,No info,10203
Jet Airways,01/03/2019,Banglore,New Delhi,BLR → BOM → DEL,08:55,05:05 02 Mar,20h 10m,1 stop,1 Long layover,26890
Jet Airways,9/05/2019,Kolkata,Banglore,CCU → DEL → BLR,20:25,21:05 10 May,24h 40m,1 stop,No info,13067
Air India,15/03/2019,Banglore,New Delhi,BLR → CCU → BBI → DEL,05:50,23:45,17h 55m,2 stops,No info,7664
Jet Airways,21/05/2019,Delhi,Cochin,DEL → BOM → COK,10:00,04:25 22 May,18h 25m,1 stop,In-flight meal not included,12898
IndiGo,1/03/2019,Kolkata,Banglore,CCU → BLR,22:10,00:55 02 Mar,2h 45m,non-stop,No info,4778
Multiple carriers,9/06/2019,Delhi,Cochin,DEL → BOM → COK,10:00,01:30 10 Jun,15h 30m,1 stop,No info,13377
Jet Airways,21/03/2019,Delhi,Cochin,DEL → BOM → COK,15:00,18:50 22 Mar,27h 50m,1 stop,No info,12767
Air Asia,12/05/2019,Kolkata,Banglore,CCU → BLR,22:50,01:20 13 May,2h 30m,non-stop,No info,4409
Air India,9/06/2019,Delhi,Cochin,DEL → GOI → BOM → COK,10:55,19:15,8h 20m,2 stops,No info,12383
Air Asia,15/06/2019,Kolkata,Banglore,CCU → BLR,10:20,12:55,2h 35m,non-stop,No info,4409
Multiple carriers,27/06/2019,Delhi,Cochin,DEL → BOM → COK,11:25,19:15,7h 50m,1 stop,No info,7155
Vistara Premium economy,6/04/2019,Banglore,Delhi,BLR → DEL,11:30,14:20,2h 50m,non-stop,No info,5969
SpiceJet,3/04/2019,Mumbai,Hyderabad,BOM → HYD,13:15,14:45,1h 30m,non-stop,No info,2017
Jet Airways,9/05/2019,Delhi,Cochin,DEL → AMD → BOM → COK,23:05,19:00 10 May,19h 55m,2 stops,No info,15129
Multiple carriers,15/06/2019,Delhi,Cochin,DEL → BOM → COK,06:00,19:15,13h 15m,1 stop,No info,9526
IndiGo,9/06/2019,Chennai,Kolkata,MAA → CCU,07:55,10:15,2h 20m,non-stop,No info,3850
SpiceJet,6/06/2019,Chennai,Kolkata,MAA → CCU,08:20,10:35,2h 15m,non-stop,No info,3597
Jet Airways,21/05/2019,Delhi,Cochin,DEL → BOM → COK,02:15,19:00,16h 45m,1 stop,In-flight meal not included,12898
Jet Airways,18/05/2019,Kolkata,Banglore,CCU → BOM → BLR,18:55,09:20 19 May,14h 25m,1 stop,In-flight meal not included,9663
Vistara,18/05/2019,Kolkata,Banglore,CCU → DEL → BLR,17:00,18:50 19 May,25h 50m,1 stop,No info,9555
Air India,15/05/2019,Delhi,Cochin,DEL → HYD → MAA → COK,17:15,09:25 16 May,16h 10m,2 stops,No info,8839
IndiGo,27/06/2019,Delhi,Cochin,DEL → BOM → COK,17:30,01:30 28 Jun,8h,1 stop,No info,5684
Multiple carriers,27/06/2019,Delhi,Cochin,DEL → BOM → COK,09:00,19:15,10h 15m,1 stop,No info,14848
Jet Airways,12/05/2019,Kolkata,Banglore,CCU → BOM → BLR,16:30,23:35,7h 5m,1 stop,In-flight meal not included,10844
Jet Airways,21/05/2019,Kolkata,Banglore,CCU → BOM → PNQ → BLR,06:30,20:50,14h 20m,2 stops,In-flight meal not included,10118
Vistara,6/03/2019,Mumbai,Hyderabad,BOM → DEL → HYD,20:55,22:55 07 Mar,26h,1 stop,No info,12395
Jet Airways,6/06/2019,Banglore,Delhi,BLR → DEL,18:55,22:00,3h 5m,non-stop,No info,8016
Air Asia,27/04/2019,Delhi,Cochin,DEL → BLR → COK,16:45,22:25,5h 40m,1 stop,No info,6451
Jet Airways,9/06/2019,Banglore,Delhi,BLR → DEL,08:20,11:20,3h,non-stop,In-flight meal not included,7229
IndiGo,27/03/2019,Kolkata,Banglore,CCU → BLR,09:35,12:20,2h 45m,non-stop,No info,4148
IndiGo,18/03/2019,Chennai,Kolkata,MAA → CCU,19:35,21:55,2h 20m,non-stop,No info,4332
Air India,18/03/2019,Banglore,New Delhi,BLR → BOM → JDH → DEL,06:45,16:20,9h 35m,2 stops,No info,12935
Jet Airways,9/06/2019,Kolkata,Banglore,CCU → BOM → BLR,20:00,18:15 10 Jun,22h 15m,1 stop,No info,14571
SpiceJet,1/06/2019,Delhi,Cochin,DEL → MAA → COK,15:45,22:05,6h 20m,1 stop,No info,7317
Air India,01/03/2019,Banglore,New Delhi,BLR → DEL,21:10,23:55,2h 45m,non-stop,No info,25703
Jet Airways,6/06/2019,Kolkata,Banglore,CCU → BOM → BLR,08:25,20:45,12h 20m,1 stop,In-flight meal not included,10844
IndiGo,3/03/2019,Delhi,Cochin,DEL → BOM → COK,16:00,01:35 04 Mar,9h 35m,1 stop,No info,14871
GoAir,1/06/2019,Delhi,Cochin,DEL → BOM → COK,07:00,12:55,5h 55m,1 stop,No info,5457
IndiGo,27/03/2019,Delhi,Cochin,DEL → BOM → COK,16:00,21:00,5h,1 stop,No info,5073
IndiGo,27/03/2019,Delhi,Cochin,DEL → BLR → COK,05:05,10:05,5h,1 stop,No info,6827
SpiceJet,1/04/2019,Banglore,Delhi,BLR → DEL,05:55,08:35,2h 40m,non-stop,No check-in baggage included,3919
Air India,1/05/2019,Banglore,Delhi,BLR → DEL,21:05,23:55,2h 50m,non-stop,No info,6121
Jet Airways,27/03/2019,Delhi,Cochin,DEL → MAA → BOM → COK,05:10,18:50,13h 40m,2 stops,In-flight meal not included,8728
Multiple carriers,12/06/2019,Delhi,Cochin,DEL → BOM → COK,08:00,21:00,13h,1 stop,No info,7408
Air India,15/05/2019,Kolkata,Banglore,CCU → BOM → BLR,16:50,07:55 16 May,15h 5m,1 stop,No info,8891
Jet Airways,9/06/2019,Kolkata,Banglore,CCU → BOM → BLR,21:10,20:45 10 Jun,23h 35m,1 stop,In-flight meal not included,10844
SpiceJet,18/03/2019,Chennai,Kolkata,MAA → CCU,17:45,20:05,2h 20m,non-stop,No info,3384
Multiple carriers,27/04/2019,Delhi,Cochin,DEL → HYD → COK,07:10,16:10,9h,1 stop,In-flight meal not included,6093
Multiple carriers,3/03/2019,Delhi,Cochin,DEL → BOM → COK,04:00,18:50,14h 50m,1 stop,No info,15237
Air India,15/05/2019,Banglore,Delhi,BLR → DEL,10:00,12:45,2h 45m,non-stop,No info,6961
Jet Airways,24/06/2019,Delhi,Cochin,DEL → CCU → BOM → COK,17:35,19:00 25 Jun,25h 25m,2 stops,No info,13922
Air India,15/05/2019,Kolkata,Banglore,CCU → BBI → HYD → BLR,09:10,11:05 16 May,25h 55m,2 stops,No info,6117
Jet Airways,27/05/2019,Delhi,Cochin,DEL → AMD → BOM → COK,23:05,04:25 29 May,29h 20m,2 stops,No info,15129
Vistara,24/03/2019,Banglore,New Delhi,BLR → DEL,16:00,18:35,2h 35m,non-stop,No info,11913
Jet Airways,12/06/2019,Delhi,Cochin,DEL → IDR → BOM → COK,05:30,19:00,13h 30m,2 stops,No info,13292
Multiple carriers,3/06/2019,Delhi,Cochin,DEL → BOM → COK,10:20,19:00,8h 40m,1 stop,No info,11789
Multiple carriers,3/06/2019,Delhi,Cochin,DEL → BOM → COK,13:00,21:00,8h,1 stop,No info,7408
Air India,15/06/2019,Delhi,Cochin,DEL → MAA → COK,06:05,09:25 16 Jun,27h 20m,1 stop,No info,7480
Air Asia,24/03/2019,Banglore,New Delhi,BLR → DEL,23:25,02:10 25 Mar,2h 45m,non-stop,No info,4482
SpiceJet,9/04/2019,Banglore,Delhi,BLR → DEL,09:30,12:20,2h 50m,non-stop,No info,4423
SpiceJet,15/06/2019,Kolkata,Banglore,CCU → BLR,17:10,19:40,2h 30m,non-stop,No info,3873
Air Asia,1/06/2019,Banglore,Delhi,BLR → DEL,11:10,13:55,2h 45m,non-stop,No info,4483
IndiGo,12/04/2019,Banglore,Delhi,BLR → DEL,04:00,06:50,2h 50m,non-stop,No info,4423
Jet Airways,15/05/2019,Kolkata,Banglore,CCU → BOM → BLR,16:30,18:15 16 May,25h 45m,1 stop,In-flight meal not included,10844
IndiGo,6/06/2019,Chennai,Kolkata,MAA → CCU,14:45,17:05,2h 20m,non-stop,No info,3597
IndiGo,21/06/2019,Chennai,Kolkata,MAA → CCU,14:45,17:05,2h 20m,non-stop,No info,3597
Multiple carriers,27/05/2019,Delhi,Cochin,DEL → BOM → COK,08:00,21:00,13h,1 stop,In-flight meal not included,9450
Jet Airways,24/05/2019,Mumbai,Hyderabad,BOM → HYD,10:20,11:50,1h 30m,non-stop,In-flight meal not included,4995
GoAir,9/06/2019,Delhi,Cochin,DEL → HYD → COK,05:55,13:35,7h 40m,1 stop,No info,5199
IndiGo,15/05/2019,Delhi,Cochin,DEL → HYD → COK,16:10,22:30,6h 20m,1 stop,No info,6412
Jet Airways,9/05/2019,Kolkata,Banglore,CCU → DEL → BLR,09:35,22:05,12h 30m,1 stop,No info,14151
Multiple carriers,21/03/2019,Delhi,Cochin,DEL → BOM → COK,10:45,19:15,8h 30m,1 stop,No info,7154
IndiGo,21/05/2019,Kolkata,Banglore,CCU → BLR,21:25,00:05 22 May,2h 40m,non-stop,No info,4804
IndiGo,15/05/2019,Delhi,Cochin,DEL → BOM → COK,06:40,21:00,14h 20m,1 stop,No info,7191
Jet Airways,15/03/2019,Banglore,New Delhi,BLR → BOM → DEL,05:45,12:25,6h 40m,1 stop,In-flight meal not included,9134
Air India,1/04/2019,Kolkata,Banglore,CCU → DEL → VGA → BLR,07:00,10:00 02 Apr,27h,2 stops,No info,9836
IndiGo,3/03/2019,Delhi,Cochin,DEL → BOM → COK,18:35,01:35 04 Mar,7h,1 stop,No info,14871
SpiceJet,21/05/2019,Mumbai,Hyderabad,BOM → HYD,05:45,07:15,1h 30m,non-stop,No info,2017
Air India,21/05/2019,Delhi,Cochin,DEL → MAA → COK,12:30,09:25 22 May,20h 55m,1 stop,No info,7480
IndiGo,24/06/2019,Delhi,Cochin,DEL → MAA → COK,07:15,12:30,5h 15m,1 stop,No info,6582
Jet Airways,1/05/2019,Kolkata,Banglore,CCU → DEL → BLR,20:25,14:25 02 May,18h,1 stop,No info,11467
Jet Airways,21/03/2019,Banglore,New Delhi,BLR → BOM → DEL,05:45,16:10,10h 25m,1 stop,In-flight meal not included,7832
Multiple carriers,6/03/2019,Delhi,Cochin,DEL → BOM → COK,13:00,01:35 07 Mar,12h 35m,1 stop,In-flight meal not included,15136
Air India,21/05/2019,Delhi,Cochin,DEL → HYD → BOM → COK,17:15,19:15 22 May,26h,2 stops,No info,11989
Air India,15/05/2019,Delhi,Cochin,DEL → COK,14:10,17:10,3h,non-stop,No info,6094
Multiple carriers,15/05/2019,Delhi,Cochin,DEL → BOM → COK,06:00,12:35,6h 35m,1 stop,No info,9794
IndiGo,24/03/2019,Kolkata,Banglore,CCU → MAA → BLR,17:35,22:15,4h 40m,1 stop,No info,6933
IndiGo,9/05/2019,Chennai,Kolkata,MAA → CCU,07:55,10:15,2h 20m,non-stop,No info,3850
Air India,1/06/2019,Mumbai,Hyderabad,BOM → HYD,21:05,22:25,1h 20m,non-stop,No info,3100
IndiGo,18/05/2019,Delhi,Cochin,DEL → COK,05:35,08:50,3h 15m,non-stop,No info,6015
Jet Airways,27/06/2019,Delhi,Cochin,DEL → JAI → BOM → COK,05:30,19:00,13h 30m,2 stops,No info,13014
Air India,03/03/2019,Banglore,New Delhi,BLR → BOM → IDR → DEL,08:50,11:10 07 Mar,26h 20m,2 stops,No info,12599
Jet Airways,24/05/2019,Kolkata,Banglore,CCU → BOM → BLR,18:55,22:35 25 May,27h 40m,1 stop,In-flight meal not included,10844
IndiGo,21/06/2019,Banglore,Delhi,BLR → DEL,13:00,15:50,2h 50m,non-stop,No info,3943
Air Asia,9/06/2019,Banglore,Delhi,BLR → DEL,23:55,02:45 10 Jun,2h 50m,non-stop,No info,7120
Air India,12/05/2019,Kolkata,Banglore,CCU → BOM → GOI → BLR,09:25,05:35 13 May,20h 10m,2 stops,No info,11432
SpiceJet,15/04/2019,Banglore,Delhi,BLR → DEL,09:30,12:20,2h 50m,non-stop,No check-in baggage included,4319
Jet Airways,6/06/2019,Kolkata,Banglore,CCU → BOM → BLR,14:05,23:35,9h 30m,1 stop,No info,14571
Jet Airways,12/06/2019,Delhi,Cochin,DEL → BOM → COK,19:45,04:25 13 Jun,8h 40m,1 stop,In-flight meal not included,10262
Air India,21/05/2019,Delhi,Cochin,DEL → GOI → BOM → COK,10:55,19:15,8h 20m,2 stops,No info,13276
Jet Airways,09/03/2019,Banglore,New Delhi,BLR → BDQ → DEL,05:50,15:00,9h 10m,1 stop,In-flight meal not included,10037
Jet Airways,9/06/2019,Mumbai,Hyderabad,BOM → HYD,07:05,08:30,1h 25m,non-stop,No info,5678
Multiple carriers,3/06/2019,Delhi,Cochin,DEL → BOM → COK,09:15,19:00,9h 45m,1 stop,No info,11622
Jet Airways,24/03/2019,Mumbai,Hyderabad,BOM → HYD,15:50,17:20,1h 30m,non-stop,No info,5678
IndiGo,03/03/2019,Banglore,New Delhi,BLR → BOM → DEL,19:35,00:35 07 Mar,5h,1 stop,No info,13292
SpiceJet,24/05/2019,Chennai,Kolkata,MAA → CCU,09:45,12:00,2h 15m,non-stop,No check-in baggage included,3543
SpiceJet,1/05/2019,Chennai,Kolkata,MAA → CCU,17:45,20:05,2h 20m,non-stop,No check-in baggage included,3543
SpiceJet,21/03/2019,Kolkata,Banglore,CCU → BLR,17:15,19:45,2h 30m,non-stop,No info,3847
Jet Airways,6/06/2019,Delhi,Cochin,DEL → LKO → BOM → COK,09:25,04:25 07 Jun,19h,2 stops,No info,13882
Jet Airways,06/03/2019,Banglore,New Delhi,BLR → BOM → DEL,07:00,12:25,5h 25m,1 stop,No info,22270
Jet Airways,3/06/2019,Delhi,Cochin,DEL → JAI → BOM → COK,19:30,12:35 04 Jun,17h 5m,2 stops,In-flight meal not included,10368
IndiGo,15/03/2019,Chennai,Kolkata,MAA → CCU,14:40,17:05,2h 25m,non-stop,No info,6297
Jet Airways,1/05/2019,Kolkata,Banglore,CCU → BOM → BLR,08:25,18:15,9h 50m,1 stop,No info,14781
Jet Airways,15/05/2019,Kolkata,Banglore,CCU → DEL → BLR,20:25,14:25 16 May,18h,1 stop,No info,11467
Jet Airways,27/05/2019,Delhi,Cochin,DEL → BOM → COK,18:15,12:35 28 May,18h 20m,1 stop,In-flight meal not included,12898
Jet Airways,6/06/2019,Kolkata,Banglore,CCU → DEL → BLR,17:00,09:45 07 Jun,16h 45m,1 stop,In-flight meal not included,10539
Air India,24/06/2019,Delhi,Cochin,DEL → COK,18:05,21:10,3h 5m,non-stop,No info,5201
Jet Airways,6/06/2019,Delhi,Cochin,DEL → JAI → BOM → COK,05:30,04:25 07 Jun,22h 55m,2 stops,No info,13014
IndiGo,01/03/2019,Banglore,New Delhi,BLR → DEL,16:55,19:45,2h 50m,non-stop,No info,12649
Multiple carriers,27/05/2019,Delhi,Cochin,DEL → BOM → COK,11:25,19:00,7h 35m,1 stop,No info,9103
Jet Airways,24/05/2019,Kolkata,Banglore,CCU → DEL → BLR,17:00,14:25 25 May,21h 25m,1 stop,No info,12121
SpiceJet,6/05/2019,Mumbai,Hyderabad,BOM → HYD,05:45,07:15,1h 30m,non-stop,No info,2017
IndiGo,15/06/2019,Chennai,Kolkata,MAA → CCU,05:15,07:40,2h 25m,non-stop,No info,3540
IndiGo,6/06/2019,Kolkata,Banglore,CCU → MAA → BLR,06:20,10:20,4h,1 stop,No info,4226
Air India,12/06/2019,Kolkata,Banglore,CCU → BBI → BOM → BLR,12:00,18:30 13 Jun,30h 30m,2 stops,No info,9416
Jet Airways,3/03/2019,Delhi,Cochin,DEL → BOM → COK,21:50,18:50 04 Mar,21h,1 stop,No info,17024
Jet Airways,18/03/2019,Banglore,New Delhi,BLR → BOM → DEL,14:05,08:15 16 Mar,18h 10m,1 stop,No info,12284
Air India,15/05/2019,Delhi,Cochin,DEL → JAI → BOM → COK,12:00,19:15,7h 15m,2 stops,No info,9601
Multiple carriers,15/06/2019,Delhi,Cochin,DEL → BOM → COK,13:00,01:30 16 Jun,12h 30m,1 stop,No info,13377
IndiGo,1/03/2019,Mumbai,Hyderabad,BOM → HYD,09:10,10:40,1h 30m,non-stop,No info,13999
Jet Airways,9/05/2019,Kolkata,Banglore,CCU → BOM → BLR,06:30,19:50,13h 20m,1 stop,In-flight meal not included,10844
Air India,24/06/2019,Delhi,Cochin,DEL → BOM → COK,21:00,07:40 25 Jun,10h 40m,1 stop,No info,8372
IndiGo,18/04/2019,Kolkata,Banglore,CCU → BLR,14:25,16:55,2h 30m,non-stop,No info,5224
Jet Airways,1/04/2019,Kolkata,Banglore,CCU → BOM → BLR,21:10,10:05 02 Apr,12h 55m,1 stop,No info,13784
IndiGo,21/05/2019,Delhi,Cochin,DEL → BOM → COK,17:30,01:30 22 May,8h,1 stop,No info,6794
IndiGo,12/05/2019,Kolkata,Banglore,CCU → BLR,04:40,07:15,2h 35m,non-stop,No info,4804
IndiGo,6/03/2019,Delhi,Cochin,DEL → HYD → COK,11:55,22:20,10h 25m,1 stop,No info,6442
IndiGo,3/03/2019,Chennai,Kolkata,MAA → CCU,13:20,15:35,2h 15m,non-stop,No info,7295
Jet Airways,1/04/2019,Kolkata,Banglore,CCU → DEL → BLR,20:25,15:05 02 Apr,18h 40m,1 stop,No info,11467
Jet Airways,06/03/2019,Banglore,New Delhi,BLR → BOM → DEL,08:00,07:40 07 Mar,23h 40m,1 stop,No info,14815
Jet Airways,24/05/2019,Delhi,Cochin,DEL → BOM → COK,22:50,04:25 25 May,5h 35m,1 stop,No info,16079
Vistara,9/06/2019,Delhi,Cochin,DEL → COK,14:40,17:50,3h 10m,non-stop,No info,6216
Air India,6/05/2019,Kolkata,Banglore,CCU → BOM → COK → BLR,16:50,15:05 07 May,22h 15m,2 stops,No info,12434
SpiceJet,18/05/2019,Kolkata,Banglore,CCU → MAA → BLR,15:05,20:20,5h 15m,1 stop,No info,4963
SpiceJet,3/03/2019,Kolkata,Banglore,CCU → BLR,22:20,00:40 04 Mar,2h 20m,non-stop,No info,5515
Air India,24/06/2019,Delhi,Cochin,DEL → RPR → NAG → BOM → COK,05:15,19:15 25 Jun,38h,3 stops,No info,10493
Air India,3/03/2019,Delhi,Cochin,DEL → COK,14:10,17:10,3h,non-stop,No info,7931
Air India,21/06/2019,Mumbai,Hyderabad,BOM → HYD,06:20,07:40,1h 20m,non-stop,No info,3100
SpiceJet,15/06/2019,Mumbai,Hyderabad,BOM → HYD,05:45,07:15,1h 30m,non-stop,No check-in baggage included,2647
Jet Airways,9/06/2019,Kolkata,Banglore,CCU → DEL → BLR,20:25,22:05 10 Jun,25h 40m,1 stop,No info,12692
Jet Airways,27/03/2019,Delhi,Cochin,DEL → BOM → COK,02:15,04:25 28 Mar,26h 10m,1 stop,No info,12242
IndiGo,6/04/2019,Kolkata,Banglore,CCU → BLR,21:25,00:05 07 Apr,2h 40m,non-stop,No info,4174
Jet Airways,6/04/2019,Banglore,Delhi,BLR → DEL,07:10,10:10,3h,non-stop,In-flight meal not included,4544
Vistara,1/06/2019,Banglore,Delhi,BLR → DEL,09:45,12:35,2h 50m,non-stop,No info,4878
IndiGo,15/05/2019,Mumbai,Hyderabad,BOM → HYD,02:35,04:05,1h 30m,non-stop,No info,2754
Air Asia,12/03/2019,Kolkata,Banglore,CCU → BLR,22:50,01:20 13 Mar,2h 30m,non-stop,No info,4082
Jet Airways,12/06/2019,Kolkata,Banglore,CCU → BOM → BLR,20:00,08:15 13 Jun,12h 15m,1 stop,In-flight meal not included,8529
IndiGo,1/05/2019,Kolkata,Banglore,CCU → BLR,17:15,19:50,2h 35m,non-stop,No info,4804
IndiGo,1/06/2019,Delhi,Cochin,DEL → BOM → COK,11:25,21:00,9h 35m,1 stop,No info,6416
Jet Airways,27/06/2019,Delhi,Cochin,DEL → AMD → BOM → COK,19:10,12:35 28 Jun,17h 25m,2 stops,In-flight meal not included,11150
Air India,27/06/2019,Delhi,Cochin,DEL → BLR → COK,09:45,23:00,13h 15m,1 stop,No info,8907
SpiceJet,6/04/2019,Kolkata,Banglore,CCU → BLR,14:55,17:25,2h 30m,non-stop,No check-in baggage included,3841
Jet Airways,12/06/2019,Kolkata,Banglore,CCU → DEL → BLR,17:00,14:25 13 Jun,21h 25m,1 stop,No info,12692
Multiple carriers,27/03/2019,Delhi,Cochin,DEL → BOM → COK,08:55,21:00,12h 5m,1 stop,No info,8055
SpiceJet,15/06/2019,Mumbai,Hyderabad,BOM → HYD,05:45,07:15,1h 30m,non-stop,No info,2753
Jet Airways,9/06/2019,Kolkata,Banglore,CCU → BOM → BLR,18:55,04:40 10 Jun,9h 45m,1 stop,No info,14178
Multiple carriers,9/05/2019,Delhi,Cochin,DEL → BOM → COK,07:30,19:15,11h 45m,1 stop,No info,8266
Air India,24/03/2019,Kolkata,Banglore,CCU → DEL → BLR,20:30,16:15 25 Mar,19h 45m,1 stop,No info,12173
Air India,6/06/2019,Delhi,Cochin,DEL → HYD → BOM → COK,17:15,19:15 07 Jun,26h,2 stops,No info,12777
IndiGo,6/03/2019,Delhi,Cochin,DEL → HYD → COK,08:35,16:10,7h 35m,1 stop,No info,7514
Jet Airways,3/03/2019,Delhi,Cochin,DEL → BOM → COK,16:00,04:25 04 Mar,12h 25m,1 stop,No info,17234
IndiGo,3/06/2019,Delhi,Cochin,DEL → MAA → COK,02:00,07:25,5h 25m,1 stop,No info,5636
Multiple carriers,15/05/2019,Delhi,Cochin,DEL → BOM → COK,09:00,21:00,12h,1 stop,No info,8073
Jet Airways,1/05/2019,Kolkata,Banglore,CCU → BOM → BLR,16:30,22:35,6h 5m,1 stop,In-flight meal not included,10844
Multiple carriers,6/06/2019,Delhi,Cochin,DEL → BOM → COK,17:00,01:30 07 Jun,8h 30m,1 stop,No info,7198
Jet Airways,6/04/2019,Banglore,Delhi,BLR → DEL,08:20,11:20,3h,non-stop,In-flight meal not included,4544
Air India,27/06/2019,Delhi,Cochin,DEL → AMD → BOM → COK,16:40,19:15 28 Jun,26h 35m,2 stops,No info,9653
IndiGo,24/04/2019,Kolkata,Banglore,CCU → BLR,20:20,22:55,2h 35m,non-stop,No info,4804
IndiGo,24/03/2019,Mumbai,Hyderabad,BOM → HYD,19:05,20:30,1h 25m,non-stop,No info,2754
Multiple carriers,12/06/2019,Delhi,Cochin,DEL → BOM → COK,13:00,01:30 13 Jun,12h 30m,1 stop,No info,7198
Jet Airways,9/05/2019,Kolkata,Banglore,CCU → BOM → BLR,14:05,20:45,6h 40m,1 stop,No info,14781
Jet Airways,15/05/2019,Banglore,Delhi,BLR → DEL,08:20,11:20,3h,non-stop,No info,7229
Jet Airways,18/05/2019,Kolkata,Banglore,CCU → BOM → BLR,05:45,09:20 19 May,27h 35m,1 stop,No info,14388
Jet Airways,6/03/2019,Delhi,Cochin,DEL → BOM → COK,13:55,04:25 07 Mar,14h 30m,1 stop,No info,15764
Air India,18/05/2019,Kolkata,Banglore,CCU → BOM → GOI → BLR,16:50,05:35 19 May,12h 45m,2 stops,No info,11642
Jet Airways,18/05/2019,Banglore,Delhi,BLR → DEL,15:15,18:10,2h 55m,non-stop,In-flight meal not included,4544
IndiGo,6/06/2019,Delhi,Cochin,DEL → BOM → COK,06:40,21:00,14h 20m,1 stop,No info,6093
Jet Airways,24/03/2019,Kolkata,Banglore,CCU → BOM → BLR,06:30,23:25,16h 55m,1 stop,In-flight meal not included,8824
Jet Airways,24/03/2019,Kolkata,Banglore,CCU → BOM → BLR,13:55,09:15 25 Mar,19h 20m,1 stop,No info,14231
Air India,3/03/2019,Chennai,Kolkata,MAA → CCU,11:40,13:55,2h 15m,non-stop,No info,10810
Air India,9/05/2019,Kolkata,Banglore,CCU → DEL → BLR,10:00,23:15,13h 15m,1 stop,No info,10203
Jet Airways,09/03/2019,Banglore,New Delhi,BLR → BOM → JDH → DEL,08:55,15:55,7h,2 stops,No info,23001
Jet Airways,6/06/2019,Kolkata,Banglore,CCU → BOM → BLR,18:55,20:45 07 Jun,25h 50m,1 stop,In-flight meal not included,10844
Jet Airways,24/05/2019,Kolkata,Banglore,CCU → BOM → BLR,16:30,22:35,6h 5m,1 stop,No info,14571
Multiple carriers,9/04/2019,Delhi,Cochin,DEL → BOM → COK,11:40,01:30 10 Apr,13h 50m,1 stop,No info,6645
Multiple carriers,9/06/2019,Delhi,Cochin,DEL → BOM → COK,14:00,21:00,7h,1 stop,No info,13587
IndiGo,01/03/2019,Banglore,New Delhi,BLR → DEL,13:00,15:50,2h 50m,non-stop,No info,19685
Jet Airways,12/03/2019,Banglore,New Delhi,BLR → BOM → DEL,21:25,08:15 13 Mar,10h 50m,1 stop,No info,12547
SpiceJet,24/06/2019,Banglore,Delhi,BLR → DEL,09:30,12:20,2h 50m,non-stop,No info,3625
Jet Airways,6/06/2019,Banglore,Delhi,BLR → DEL,07:10,10:10,3h,non-stop,No info,8016
Jet Airways,9/06/2019,Kolkata,Banglore,CCU → BOM → BLR,20:00,04:40 10 Jun,8h 40m,1 stop,No info,14178
IndiGo,3/06/2019,Delhi,Cochin,DEL → HYD → COK,05:05,12:10,7h 5m,1 stop,No info,6818
Jet Airways,01/03/2019,Banglore,New Delhi,BLR → BOM → DEL,14:05,09:30 02 Mar,19h 25m,1 stop,No info,25735
SpiceJet,27/03/2019,Delhi,Cochin,DEL → PNQ → COK,08:45,13:15,4h 30m,1 stop,No check-in baggage included,4414
Jet Airways,21/05/2019,Delhi,Cochin,DEL → AMD → BOM → COK,23:05,04:25 23 May,29h 20m,2 stops,No info,15129
Multiple carriers,27/06/2019,Delhi,Cochin,DEL → BOM → COK,10:00,21:00,11h,1 stop,No info,13587
Air India,6/03/2019,Mumbai,Hyderabad,BOM → DEL → HYD,19:00,09:10 07 Mar,14h 10m,1 stop,No info,12308
Multiple carriers,1/06/2019,Delhi,Cochin,DEL → BOM → COK,04:55,19:00,14h 5m,1 stop,No info,11098
Jet Airways,27/05/2019,Delhi,Cochin,DEL → BOM → COK,02:15,19:00,16h 45m,1 stop,In-flight meal not included,12898
Air India,15/03/2019,Banglore,New Delhi,BLR → CCU → DEL,05:50,12:55,7h 5m,1 stop,No info,9029
SpiceJet,1/05/2019,Chennai,Kolkata,MAA → CCU,09:45,12:00,2h 15m,non-stop,No info,3597
Multiple carriers,9/06/2019,Delhi,Cochin,DEL → BOM → COK,15:15,01:30 10 Jun,10h 15m,1 stop,No info,6795
Jet Airways,9/05/2019,Delhi,Cochin,DEL → BOM → COK,19:15,19:00 10 May,23h 45m,1 stop,No info,15554
Jet Airways,1/04/2019,Kolkata,Banglore,CCU → DEL → BLR,09:35,18:00,8h 25m,1 stop,No info,11467
Vistara,18/05/2019,Banglore,Delhi,BLR → DEL,17:00,19:35,2h 35m,non-stop,No info,4878
Multiple carriers,21/03/2019,Delhi,Cochin,DEL → BOM → COK,11:30,18:50,7h 20m,1 stop,No info,11622
IndiGo,12/06/2019,Delhi,Cochin,DEL → BLR → COK,17:05,22:25,5h 20m,1 stop,No info,6147
SpiceJet,21/04/2019,Kolkata,Banglore,CCU → BLR,22:20,00:40 22 Apr,2h 20m,non-stop,No check-in baggage included,4807
Multiple carriers,27/03/2019,Delhi,Cochin,DEL → BOM → COK,06:00,19:15,13h 15m,1 stop,No info,8371
Vistara,15/06/2019,Banglore,Delhi,BLR → DEL,09:45,12:35,2h 50m,non-stop,No info,4878
Air Asia,3/04/2019,Kolkata,Banglore,CCU → BLR,19:55,22:25,2h 30m,non-stop,No info,4107
Vistara,24/03/2019,Kolkata,Banglore,CCU → DEL → BLR,07:10,10:50 25 Mar,27h 40m,1 stop,No info,11262
Jet Airways,3/06/2019,Delhi,Cochin,DEL → BOM → COK,14:00,12:35 04 Jun,22h 35m,1 stop,In-flight meal not included,10262
Multiple carriers,9/03/2019,Delhi,Cochin,DEL → BOM → COK,08:00,21:00,13h,1 stop,No info,16023
Jet Airways,27/05/2019,Banglore,Delhi,BLR → DEL,17:45,20:45,3h,non-stop,No info,7229
Jet Airways,15/06/2019,Delhi,Cochin,DEL → ATQ → BOM → COK,20:00,12:35 16 Jun,16h 35m,2 stops,No info,14300
IndiGo,15/06/2019,Delhi,Cochin,DEL → HYD → COK,14:20,22:30,8h 10m,1 stop,No info,6412
Jet Airways,6/06/2019,Kolkata,Banglore,CCU → BOM → BLR,14:05,20:45,6h 40m,1 stop,In-flight meal not included,10844
Jet Airways,24/06/2019,Delhi,Cochin,DEL → BOM → COK,13:00,12:35 25 Jun,23h 35m,1 stop,In-flight meal not included,10262
Jet Airways,21/05/2019,Delhi,Cochin,DEL → AMD → BOM → COK,19:10,19:00 22 May,23h 50m,2 stops,No info,15129
Air Asia,15/04/2019,Kolkata,Banglore,CCU → DEL → BLR,07:35,19:25,11h 50m,1 stop,No info,5192
Jet Airways,9/05/2019,Delhi,Cochin,DEL → AMD → BOM → COK,19:10,19:00 10 May,23h 50m,2 stops,No info,15129
Jet Airways,9/06/2019,Delhi,Cochin,DEL → BOM → COK,14:00,04:25 10 Jun,14h 25m,1 stop,In-flight meal not included,10262
Jet Airways,18/05/2019,Delhi,Cochin,DEL → BOM → COK,11:30,19:00,7h 30m,1 stop,No info,15554
SpiceJet,27/05/2019,Banglore,Delhi,BLR → DEL,21:10,00:05 28 May,2h 55m,non-stop,No info,3311
Vistara,12/06/2019,Banglore,Delhi,BLR → DEL,09:45,12:35,2h 50m,non-stop,No info,4668
Multiple carriers,12/06/2019,Delhi,Cochin,DEL → BOM → COK,06:00,21:00,15h,1 stop,No info,7005
Air Asia,27/06/2019,Banglore,Delhi,BLR → DEL,23:55,02:45 28 Jun,2h 50m,non-stop,No info,3383
Jet Airways,21/05/2019,Delhi,Cochin,DEL → AMD → BOM → COK,23:05,04:25 23 May,29h 20m,2 stops,No info,15129
Jet Airways,18/05/2019,Kolkata,Banglore,CCU → BOM → BLR,20:00,04:40 19 May,8h 40m,1 stop,No info,13941
SpiceJet,24/05/2019,Kolkata,Banglore,CCU → BLR,09:00,11:25,2h 25m,non-stop,No check-in baggage included,3841
SpiceJet,18/05/2019,Kolkata,Banglore,CCU → BLR,17:10,19:40,2h 30m,non-stop,No check-in baggage included,3841
Jet Airways,9/06/2019,Delhi,Cochin,DEL → BOM → COK,02:15,19:00,16h 45m,1 stop,In-flight meal not included,10262
Jet Airways,1/04/2019,Kolkata,Banglore,CCU → BOM → BLR,21:10,08:15 02 Apr,11h 5m,1 stop,No info,13364
Air India,3/06/2019,Delhi,Cochin,DEL → AMD → BOM → COK,19:45,19:15 04 Jun,23h 30m,2 stops,No info,10441
Multiple carriers,9/05/2019,Delhi,Cochin,DEL → BOM → COK,06:40,19:15,12h 35m,1 stop,No info,7787
Jet Airways,15/06/2019,Delhi,Cochin,DEL → JAI → BOM → COK,09:40,19:00,9h 20m,2 stops,No info,13014
Vistara,1/04/2019,Kolkata,Banglore,CCU → DEL → BLR,17:00,23:25,6h 25m,1 stop,No info,8610
Air India,3/03/2019,Delhi,Cochin,DEL → HYD → BOM → COK,07:05,19:15 04 Mar,36h 10m,2 stops,No info,11552
IndiGo,24/03/2019,Chennai,Kolkata,MAA → CCU,11:35,14:00,2h 25m,non-stop,No info,4332
Air India,18/05/2019,Kolkata,Banglore,CCU → BBI → BOM → BLR,12:00,21:50,9h 50m,2 stops,No info,10151
Multiple carriers,1/06/2019,Delhi,Cochin,DEL → BOM → COK,19:00,01:30 02 Jun,6h 30m,1 stop,No info,7530
SpiceJet,24/06/2019,Mumbai,Hyderabad,BOM → HYD,13:15,14:45,1h 30m,non-stop,No check-in baggage included,1965
Air India,1/05/2019,Kolkata,Banglore,CCU → BOM → AMD → BLR,09:25,05:25 02 May,20h,2 stops,No info,14687
IndiGo,9/03/2019,Delhi,Cochin,DEL → BLR → COK,02:00,07:45,5h 45m,1 stop,No info,7060
IndiGo,3/03/2019,Kolkata,Banglore,CCU → BLR,10:10,12:55,2h 45m,non-stop,No info,6565
Air India,6/05/2019,Delhi,Cochin,DEL → MAA → COK,20:40,09:25 07 May,12h 45m,1 stop,No info,7480
SpiceJet,27/04/2019,Kolkata,Banglore,CCU → BLR,06:55,09:30,2h 35m,non-stop,No check-in baggage included,3841
IndiGo,21/03/2019,Delhi,Cochin,DEL → BOM → COK,04:45,15:30,10h 45m,1 stop,No info,7738
IndiGo,18/05/2019,Delhi,Cochin,DEL → BOM → COK,15:00,01:30 19 May,10h 30m,1 stop,No info,7503
Jet Airways,6/05/2019,Kolkata,Banglore,CCU → BOM → BLR,20:00,04:40 07 May,8h 40m,1 stop,No info,14388
Air India,24/05/2019,Kolkata,Banglore,CCU → DEL → COK → BLR,10:00,01:20 25 May,15h 20m,2 stops,No info,13873
Jet Airways,12/06/2019,Delhi,Cochin,DEL → JAI → BOM → COK,09:40,19:00,9h 20m,2 stops,In-flight meal not included,10368
IndiGo,12/06/2019,Kolkata,Banglore,CCU → MAA → BLR,06:20,10:20,4h,1 stop,No info,4226
Jet Airways,1/04/2019,Kolkata,Banglore,CCU → BOM → BLR,16:30,23:35,7h 5m,1 stop,No info,12681
IndiGo,3/06/2019,Kolkata,Banglore,CCU → BLR,11:30,14:05,2h 35m,non-stop,No info,4804
Multiple carriers,27/05/2019,Delhi,Cochin,DEL → BOM → COK,07:30,19:15,11h 45m,1 stop,No info,8837
Jet Airways,1/05/2019,Kolkata,Banglore,CCU → BOM → BLR,21:10,10:05 02 May,12h 55m,1 stop,In-flight meal not included,10844
IndiGo,1/05/2019,Chennai,Kolkata,MAA → CCU,13:15,15:35,2h 20m,non-stop,No info,3597
IndiGo,9/03/2019,Mumbai,Hyderabad,BOM → HYD,02:30,04:00,1h 30m,non-stop,No info,4784
Jet Airways,6/06/2019,Delhi,Cochin,DEL → BOM → COK,15:00,04:25 07 Jun,13h 25m,1 stop,In-flight meal not included,10262
SpiceJet,3/06/2019,Mumbai,Hyderabad,BOM → HYD,13:15,14:45,1h 30m,non-stop,No info,2017
Multiple carriers,27/05/2019,Delhi,Cochin,DEL → BOM → COK,17:30,01:30 28 May,8h,1 stop,No info,13377
Jet Airways,6/06/2019,Kolkata,Banglore,CCU → DEL → BLR,17:00,23:35,6h 35m,1 stop,No info,14151
Jet Airways,18/05/2019,Delhi,Cochin,DEL → AMD → BOM → COK,23:05,12:35 19 May,13h 30m,2 stops,No info,15129
IndiGo,1/04/2019,Delhi,Cochin,DEL → COK,14:20,17:35,3h 15m,non-stop,No info,4729
IndiGo,1/06/2019,Delhi,Cochin,DEL → HYD → COK,06:50,22:30,15h 40m,1 stop,No info,6442
Air Asia,18/04/2019,Kolkata,Banglore,CCU → BLR,22:50,01:20 19 Apr,2h 30m,non-stop,No info,4409
Jet Airways,6/06/2019,Kolkata,Banglore,CCU → DEL → BLR,20:25,18:00 07 Jun,21h 35m,1 stop,No info,12692
Multiple carriers,1/06/2019,Delhi,Cochin,DEL → HYD → COK,09:45,16:10,6h 25m,1 stop,No info,9646
Multiple carriers,24/06/2019,Delhi,Cochin,DEL → BOM → COK,08:00,21:00,13h,1 stop,No info,7618
Jet Airways,9/05/2019,Delhi,Cochin,DEL → BOM → COK,07:05,19:00,11h 55m,1 stop,In-flight meal not included,12373
Jet Airways,1/06/2019,Delhi,Cochin,DEL → JAI → BOM → COK,09:40,19:00,9h 20m,2 stops,In-flight meal not included,10368
Multiple carriers,9/05/2019,Delhi,Cochin,DEL → HYD → COK,14:55,22:30,7h 35m,1 stop,No info,6805
IndiGo,24/04/2019,Delhi,Cochin,DEL → HYD → COK,05:05,12:10,7h 5m,1 stop,No info,6171
Jet Airways,12/06/2019,Kolkata,Banglore,CCU → DEL → BLR,09:35,21:05,11h 30m,1 stop,In-flight meal not included,10539
Jet Airways,24/05/2019,Banglore,Delhi,BLR → DEL,18:55,22:00,3h 5m,non-stop,In-flight meal not included,6144
Jet Airways,1/06/2019,Delhi,Cochin,DEL → JAI → BOM → COK,09:40,04:25 02 Jun,18h 45m,2 stops,In-flight meal not included,10368
IndiGo,15/05/2019,Kolkata,Banglore,CCU → MAA → BLR,17:35,22:15,4h 40m,1 stop,No info,5386
Air India,12/06/2019,Delhi,Cochin,DEL → JAI → BOM → COK,12:00,07:40 13 Jun,19h 40m,2 stops,No info,8603
Air India,12/06/2019,Delhi,Cochin,DEL → BOM → COK,10:00,19:15,9h 15m,1 stop,No info,8372
IndiGo,24/03/2019,Banglore,New Delhi,BLR → DEL,16:55,19:45,2h 50m,non-stop,No info,7303
IndiGo,9/04/2019,Kolkata,Banglore,CCU → BLR,22:15,00:50 10 Apr,2h 35m,non-stop,No info,4174
Jet Airways,15/05/2019,Kolkata,Banglore,CCU → BOM → BLR,06:30,04:40 16 May,22h 10m,1 stop,No info,13941
Jet Airways,24/06/2019,Delhi,Cochin,DEL → COK,11:00,14:15,3h 15m,non-stop,No info,9564
Jet Airways,6/05/2019,Kolkata,Banglore,CCU → BOM → BLR,14:05,12:00 07 May,21h 55m,1 stop,No info,14388
Jet Airways,24/06/2019,Delhi,Cochin,DEL → BOM → COK,02:15,12:35,10h 20m,1 stop,In-flight meal not included,10262
SpiceJet,12/06/2019,Kolkata,Banglore,CCU → BLR,22:20,00:40 13 Jun,2h 20m,non-stop,No check-in baggage included,3841
Air Asia,18/05/2019,Kolkata,Banglore,CCU → BLR,19:55,22:25,2h 30m,non-stop,No info,5989
Jet Airways,18/06/2019,Delhi,Cochin,DEL → COK,09:50,13:05,3h 15m,non-stop,No info,9564
Jet Airways,12/06/2019,Kolkata,Banglore,CCU → BOM → BLR,16:30,18:15 13 Jun,25h 45m,1 stop,In-flight meal not included,8529
Multiple carriers,6/03/2019,Delhi,Cochin,DEL → BOM → COK,02:15,15:30,13h 15m,1 stop,No info,17057
IndiGo,6/04/2019,Banglore,Delhi,BLR → DEL,20:00,22:50,2h 50m,non-stop,No info,4823
Air India,18/05/2019,Kolkata,Banglore,CCU → DEL → BLR,17:30,20:25 19 May,26h 55m,1 stop,No info,10623
Jet Airways,12/06/2019,Kolkata,Banglore,CCU → DEL → BLR,20:25,09:45 13 Jun,13h 20m,1 stop,No info,12692
Jet Airways,21/06/2019,Banglore,Delhi,BLR → DEL,11:10,14:05,2h 55m,non-stop,In-flight meal not included,5769
IndiGo,09/03/2019,Banglore,New Delhi,BLR → DEL,10:30,13:20,2h 50m,non-stop,No info,6860
Jet Airways,21/03/2019,Banglore,New Delhi,BLR → BOM → DEL,08:55,20:20,11h 25m,1 stop,In-flight meal not included,7832
Jet Airways,24/06/2019,Banglore,Delhi,BLR → DEL,15:15,18:10,2h 55m,non-stop,In-flight meal not included,5769
Jet Airways,12/03/2019,Banglore,New Delhi,BLR → BOM → DEL,18:55,18:25 13 Mar,23h 30m,1 stop,In-flight meal not included,11087
Jet Airways,18/05/2019,Delhi,Cochin,DEL → JAI → BOM → COK,09:40,12:35 19 May,26h 55m,2 stops,No info,15129
Jet Airways,9/06/2019,Delhi,Cochin,DEL → JAI → BOM → COK,09:40,04:25 10 Jun,18h 45m,2 stops,In-flight meal not included,10368
Jet Airways,27/03/2019,Delhi,Cochin,DEL → BOM → COK,19:45,04:25 28 Mar,8h 40m,1 stop,In-flight meal not included,6540
GoAir,15/04/2019,Banglore,Delhi,BLR → DEL,20:55,23:40,2h 45m,non-stop,No info,3898
Jet Airways,18/03/2019,Banglore,New Delhi,BLR → BOM → DEL,14:05,19:10,5h 5m,1 stop,No info,14815
IndiGo,18/05/2019,Delhi,Cochin,DEL → COK,14:25,17:40,3h 15m,non-stop,No info,6015
Air India,1/06/2019,Delhi,Cochin,DEL → BOM → COK,19:00,19:15 02 Jun,24h 15m,1 stop,No info,8792
IndiGo,27/03/2019,Delhi,Cochin,DEL → BOM → COK,18:35,01:35 28 Mar,7h,1 stop,No info,8574
Jet Airways,24/06/2019,Delhi,Cochin,DEL → JAI → BOM → COK,19:30,12:35 25 Jun,17h 5m,2 stops,In-flight meal not included,10368
Multiple carriers,27/05/2019,Delhi,Cochin,DEL → BOM → COK,16:00,01:30 28 May,9h 30m,1 stop,In-flight meal not included,7308
Air India,27/03/2019,Delhi,Cochin,DEL → HYD → BOM → COK,21:30,19:15 28 Mar,21h 45m,2 stops,No info,8665
SpiceJet,3/05/2019,Mumbai,Hyderabad,BOM → HYD,13:15,14:45,1h 30m,non-stop,No info,2017
Jet Airways,15/03/2019,Banglore,New Delhi,BLR → BOM → DEL,08:55,16:10,7h 15m,1 stop,In-flight meal not included,9134
Jet Airways,1/05/2019,Mumbai,Hyderabad,BOM → HYD,07:05,08:30,1h 25m,non-stop,In-flight meal not included,4995
Multiple carriers,24/06/2019,Delhi,Cochin,DEL → BOM → COK,15:00,01:30 25 Jun,10h 30m,1 stop,No info,13377
Air India,01/03/2019,Banglore,New Delhi,BLR → CCU → DEL,11:05,22:45,11h 40m,1 stop,No info,14069
Jet Airways,15/03/2019,Mumbai,Hyderabad,BOM → HYD,15:50,17:20,1h 30m,non-stop,In-flight meal not included,2470
Multiple carriers,9/06/2019,Delhi,Cochin,DEL → BOM → COK,11:25,19:00,7h 35m,1 stop,No info,11200
Multiple carriers,1/06/2019,Delhi,Cochin,DEL → BOM → COK,10:00,21:00,11h,1 stop,No info,13587
IndiGo,6/03/2019,Delhi,Cochin,DEL → BOM → COK,06:40,21:00,14h 20m,1 stop,No info,14871
Multiple carriers,24/06/2019,Delhi,Cochin,DEL → HYD → COK,13:15,22:30,9h 15m,1 stop,No info,8018
Air India,6/05/2019,Mumbai,Hyderabad,BOM → HYD,06:20,07:40,1h 20m,non-stop,No info,3625
Multiple carriers,6/03/2019,Delhi,Cochin,DEL → BOM → COK,07:30,19:15,11h 45m,1 stop,No info,15077
Jet Airways,9/05/2019,Delhi,Cochin,DEL → BOM → COK,02:15,12:35,10h 20m,1 stop,No info,15851
Multiple carriers,21/03/2019,Delhi,Cochin,DEL → BOM → COK,11:30,19:15,7h 45m,1 stop,No info,13378
Air India,3/06/2019,Delhi,Cochin,DEL → HYD → MAA → COK,13:15,09:25 04 Jun,20h 10m,2 stops,No info,10467
Jet Airways,6/05/2019,Kolkata,Banglore,CCU → BOM → BLR,14:05,19:50,5h 45m,1 stop,In-flight meal not included,10844
Jet Airways,12/06/2019,Kolkata,Banglore,CCU → BOM → BLR,06:30,10:05 13 Jun,27h 35m,1 stop,In-flight meal not included,8529
GoAir,18/06/2019,Banglore,Delhi,BLR → DEL,07:45,10:40,2h 55m,non-stop,No info,3419
Air India,6/06/2019,Delhi,Cochin,DEL → BOM → COK,21:00,07:40 07 Jun,10h 40m,1 stop,No info,8372
Jet Airways,18/05/2019,Kolkata,Banglore,CCU → BOM → BLR,20:00,23:35 19 May,27h 35m,1 stop,In-flight meal not included,10844
Jet Airways,18/04/2019,Delhi,Cochin,DEL → COK,11:00,14:15,3h 15m,non-stop,No info,9564
SpiceJet,9/05/2019,Mumbai,Hyderabad,BOM → HYD,13:15,14:45,1h 30m,non-stop,No info,2227
Jet Airways,15/03/2019,Banglore,New Delhi,BLR → BDQ → DEL,05:50,12:20,6h 30m,1 stop,In-flight meal not included,5853
SpiceJet,24/06/2019,Banglore,Delhi,BLR → DEL,05:55,08:35,2h 40m,non-stop,No info,3625
Jet Airways,12/06/2019,Delhi,Cochin,DEL → BOM → COK,16:00,12:35 13 Jun,20h 35m,1 stop,In-flight meal not included,10262
Jet Airways,6/05/2019,Kolkata,Banglore,CCU → DEL → BLR,20:25,15:05 07 May,18h 40m,1 stop,No info,13067
IndiGo,21/03/2019,Delhi,Cochin,DEL → BOM → COK,11:30,01:35 22 Mar,14h 5m,1 stop,No info,7318
Jet Airways,1/04/2019,Kolkata,Banglore,CCU → BOM → BLR,16:30,23:35,7h 5m,1 stop,In-flight meal not included,7064
Jet Airways,24/03/2019,Kolkata,Banglore,CCU → BOM → BLR,08:25,23:25,15h,1 stop,No info,13759
Jet Airways,21/03/2019,Banglore,New Delhi,BLR → BOM → DEL,07:00,15:15,8h 15m,1 stop,In-flight meal not included,7832
IndiGo,24/04/2019,Delhi,Cochin,DEL → BLR → COK,17:05,22:15,5h 10m,1 stop,No info,5912
Jet Airways,27/03/2019,Delhi,Cochin,DEL → BOM → COK,19:45,04:25 28 Mar,8h 40m,1 stop,No info,12242
IndiGo,24/04/2019,Delhi,Cochin,DEL → BOM → COK,16:00,21:00,5h,1 stop,No info,5065
SpiceJet,21/03/2019,Kolkata,Banglore,CCU → BLR,09:00,11:30,2h 30m,non-stop,No info,4148
Air India,09/03/2019,Banglore,New Delhi,BLR → COK → DEL,22:00,23:20 13 Mar,25h 20m,1 stop,No info,8425
SpiceJet,24/06/2019,Kolkata,Banglore,CCU → BLR,17:10,19:40,2h 30m,non-stop,No check-in baggage included,3841
Jet Airways,12/05/2019,Kolkata,Banglore,CCU → BOM → BLR,14:05,22:35,8h 30m,1 stop,No info,14781
Jet Airways,6/03/2019,Delhi,Cochin,DEL → BOM → COK,19:45,04:25 07 Mar,8h 40m,1 stop,No info,15764
Jet Airways,15/03/2019,Mumbai,Hyderabad,BOM → HYD,19:35,21:05,1h 30m,non-stop,In-flight meal not included,2759
Jet Airways,24/05/2019,Kolkata,Banglore,CCU → BOM → BLR,06:30,19:50,13h 20m,1 stop,No info,14571
IndiGo,15/06/2019,Delhi,Cochin,DEL → BOM → COK,07:30,21:00,13h 30m,1 stop,No info,6093
Jet Airways,9/06/2019,Kolkata,Banglore,CCU → BOM → BLR,18:55,16:20 10 Jun,21h 25m,1 stop,No info,14571
Air India,18/05/2019,Delhi,Cochin,DEL → AMD → BOM → COK,19:45,19:15 19 May,23h 30m,2 stops,No info,10651
Jet Airways,15/05/2019,Kolkata,Banglore,CCU → BOM → BLR,06:30,16:20,9h 50m,1 stop,In-flight meal not included,10844
Jet Airways,9/03/2019,Delhi,Cochin,DEL → IDR → BOM → COK,05:25,04:25 10 Mar,23h,2 stops,No info,16914
Air India,24/05/2019,Delhi,Cochin,DEL → COK,14:10,17:10,3h,non-stop,No info,6934
Multiple carriers,9/03/2019,Delhi,Cochin,DEL → IDR → BOM → COK,15:05,01:35 10 Mar,10h 30m,2 stops,No info,34608
IndiGo,01/03/2019,Banglore,New Delhi,BLR → HYD → DEL,07:30,12:20,4h 50m,1 stop,No info,8110
Jet Airways,15/05/2019,Mumbai,Hyderabad,BOM → HYD,02:55,04:20,1h 25m,non-stop,In-flight meal not included,3210
Air India,6/06/2019,Kolkata,Banglore,CCU → BLR,20:45,23:20,2h 35m,non-stop,No info,4145
IndiGo,3/05/2019,Kolkata,Banglore,CCU → BLR,17:15,19:50,2h 35m,non-stop,No info,4804
IndiGo,1/06/2019,Delhi,Cochin,DEL → HYD → COK,14:20,22:30,8h 10m,1 stop,No info,6938
IndiGo,12/04/2019,Banglore,Delhi,BLR → DEL,16:55,19:55,3h,non-stop,No info,4990
SpiceJet,1/06/2019,Kolkata,Banglore,CCU → BLR,09:00,11:25,2h 25m,non-stop,No info,4174
Multiple carriers,21/05/2019,Delhi,Cochin,DEL → BOM → COK,11:25,19:00,7h 35m,1 stop,No info,9103
Air India,21/03/2019,Delhi,Cochin,DEL → COK,05:10,08:00,2h 50m,non-stop,No info,5674
SpiceJet,24/04/2019,Kolkata,Banglore,CCU → BLR,22:20,00:40 25 Apr,2h 20m,non-stop,No check-in baggage included,3841
SpiceJet,27/05/2019,Chennai,Kolkata,MAA → CCU,17:45,20:05,2h 20m,non-stop,No check-in baggage included,3543
Jet Airways,1/06/2019,Delhi,Cochin,DEL → BDQ → BOM → COK,18:25,04:25 02 Jun,10h,2 stops,No info,14237
Jet Airways,1/05/2019,Kolkata,Banglore,CCU → DEL → BLR,09:35,19:10,9h 35m,1 stop,In-flight meal not included,9314
Jet Airways,6/06/2019,Kolkata,Banglore,CCU → BOM → BLR,14:05,20:45,6h 40m,1 stop,No info,14571
Jet Airways,1/06/2019,Banglore,Delhi,BLR → DEL,15:15,18:10,2h 55m,non-stop,In-flight meal not included,7229
Jet Airways,24/03/2019,Banglore,New Delhi,BLR → DEL,02:00,04:45,2h 45m,non-stop,No info,7229
Jet Airways,18/05/2019,Delhi,Cochin,DEL → BOM → COK,17:30,12:35 19 May,19h 5m,1 stop,In-flight meal not included,12373
IndiGo,15/04/2019,Banglore,Delhi,BLR → DEL,08:30,11:20,2h 50m,non-stop,No info,4823
Jet Airways,6/05/2019,Kolkata,Banglore,CCU → DEL → BLR,17:00,18:00 07 May,25h,1 stop,No info,11467
Multiple carriers,27/05/2019,Delhi,Cochin,DEL → BOM → COK,11:40,19:00,7h 20m,1 stop,No info,9794
Air India,1/04/2019,Kolkata,Banglore,CCU → GAU → DEL → BLR,16:45,08:55 02 Apr,16h 10m,2 stops,No info,9920
Jet Airways,21/05/2019,Mumbai,Hyderabad,BOM → HYD,10:20,11:50,1h 30m,non-stop,No info,8040
Multiple carriers,3/06/2019,Delhi,Cochin,DEL → BOM → COK,07:30,19:15,11h 45m,1 stop,No info,7354
Air India,6/06/2019,Kolkata,Banglore,CCU → IXR → DEL → BLR,05:50,23:15,17h 25m,2 stops,No info,12723
Air India,27/06/2019,Delhi,Cochin,DEL → BLR → COK,13:30,23:00,9h 30m,1 stop,No info,8907
Multiple carriers,3/06/2019,Delhi,Cochin,DEL → BOM → COK,08:00,19:15,11h 15m,1 stop,No info,15058
Jet Airways,18/03/2019,Banglore,New Delhi,BLR → BOM → DEL,07:00,16:10,9h 10m,1 stop,No info,12284
IndiGo,15/04/2019,Banglore,Delhi,BLR → DEL,18:55,21:50,2h 55m,non-stop,No info,4823
Jet Airways,9/04/2019,Delhi,Cochin,DEL → AMD → BOM → COK,13:25,19:00 10 Apr,29h 35m,2 stops,No info,9483
Multiple carriers,6/03/2019,Delhi,Cochin,DEL → BOM → COK,09:00,15:30,6h 30m,1 stop,No info,15078
IndiGo,15/05/2019,Delhi,Cochin,DEL → HYD → COK,11:55,22:30,10h 35m,1 stop,No info,6442
Vistara,3/05/2019,Banglore,Delhi,BLR → DEL,11:30,14:20,2h 50m,non-stop,No info,4668
Vistara,6/06/2019,Chennai,Kolkata,MAA → CCU,07:05,09:20,2h 15m,non-stop,No info,3687
IndiGo,21/04/2019,Banglore,Delhi,BLR → DEL,00:30,03:25,2h 55m,non-stop,No info,3943
Multiple carriers,6/03/2019,Delhi,Cochin,DEL → BOM → COK,08:00,15:30,7h 30m,1 stop,No info,17267
Jet Airways,03/03/2019,Banglore,New Delhi,BLR → BOM → DEL,11:40,00:45 07 Mar,13h 5m,1 stop,In-flight meal not included,13502
IndiGo,9/06/2019,Banglore,Delhi,BLR → DEL,20:00,22:50,2h 50m,non-stop,No info,4823
Jet Airways,12/06/2019,Kolkata,Banglore,CCU → BOM → BLR,21:10,09:20 13 Jun,12h 10m,1 stop,No info,13044
GoAir,15/03/2019,Banglore,New Delhi,BLR → DEL,07:45,10:40,2h 55m,non-stop,No info,5706
Jet Airways,24/04/2019,Banglore,Delhi,BLR → DEL,18:55,22:00,3h 5m,non-stop,In-flight meal not included,4544
Multiple carriers,24/06/2019,Delhi,Cochin,DEL → BOM → COK,11:25,19:00,7h 35m,1 stop,No info,10678
Air Asia,3/06/2019,Delhi,Cochin,DEL → BLR → COK,07:55,15:45,7h 50m,1 stop,No info,8759
IndiGo,3/06/2019,Delhi,Cochin,DEL → BOM → COK,11:25,01:30 04 Jun,14h 5m,1 stop,No info,5883
Jet Airways,1/04/2019,Kolkata,Banglore,CCU → BOM → BLR,18:55,18:15 02 Apr,23h 20m,1 stop,No info,12681
IndiGo,9/05/2019,Delhi,Cochin,DEL → BOM → COK,09:15,01:30 10 May,16h 15m,1 stop,No info,8854
Jet Airways,3/06/2019,Delhi,Cochin,DEL → IDR → BOM → COK,09:35,12:35 04 Jun,27h,2 stops,In-flight meal not included,11507
Multiple carriers,6/03/2019,Delhi,Cochin,DEL → IDR → BOM → COK,15:05,01:35 07 Mar,10h 30m,2 stops,No info,21483
Air India,24/05/2019,Kolkata,Banglore,CCU → HYD → BLR,19:00,04:40 25 May,9h 40m,1 stop,No info,6327
Jet Airways,9/05/2019,Kolkata,Banglore,CCU → BOM → BLR,20:00,04:40 10 May,8h 40m,1 stop,No info,13941
Jet Airways,18/05/2019,Kolkata,Banglore,CCU → BOM → BLR,08:25,09:20 19 May,24h 55m,1 stop,In-flight meal not included,9663
Jet Airways,24/05/2019,Kolkata,Banglore,CCU → BOM → BLR,14:05,19:50,5h 45m,1 stop,In-flight meal not included,10844
Jet Airways,9/06/2019,Mumbai,Hyderabad,BOM → HYD,19:35,21:05,1h 30m,non-stop,In-flight meal not included,3210
Jet Airways,24/03/2019,Kolkata,Banglore,CCU → BOM → BLR,18:55,18:10 25 Mar,23h 15m,1 stop,In-flight meal not included,11134
Multiple carriers,24/06/2019,Delhi,Cochin,DEL → BOM → COK,06:00,19:00,13h,1 stop,No info,12524
Multiple carriers,6/03/2019,Delhi,Cochin,DEL → BOM → COK,08:00,21:00,13h,1 stop,No info,15078
Jet Airways,9/03/2019,Delhi,Cochin,DEL → BOM → COK,21:50,18:50 10 Mar,21h,1 stop,No info,15764
SpiceJet,18/06/2019,Mumbai,Hyderabad,BOM → HYD,22:45,00:15 19 Jun,1h 30m,non-stop,No check-in baggage included,1965
SpiceJet,24/05/2019,Chennai,Kolkata,MAA → CCU,08:20,10:35,2h 15m,non-stop,No check-in baggage included,3543
IndiGo,09/03/2019,Banglore,New Delhi,BLR → DEL,01:30,04:15,2h 45m,non-stop,No info,6860
Jet Airways,27/03/2019,Delhi,Cochin,DEL → BOM → COK,16:00,19:45 28 Mar,27h 45m,1 stop,In-flight meal not included,5963
IndiGo,9/05/2019,Kolkata,Banglore,CCU → MAA → BLR,17:35,22:15,4h 40m,1 stop,No info,5386
Jet Airways,15/05/2019,Kolkata,Banglore,CCU → BOM → BLR,21:10,04:40 16 May,7h 30m,1 stop,No info,14388
Jet Airways,27/05/2019,Delhi,Cochin,DEL → JAI → BOM → COK,05:30,19:00,13h 30m,2 stops,No info,15129
Jet Airways,9/05/2019,Kolkata,Banglore,CCU → BOM → BLR,06:30,19:50,13h 20m,1 stop,No info,14781
Jet Airways,1/05/2019,Kolkata,Banglore,CCU → BOM → BLR,21:10,09:20 02 May,12h 10m,1 stop,In-flight meal not included,10844
IndiGo,9/05/2019,Kolkata,Banglore,CCU → HYD → BLR,15:15,20:30,5h 15m,1 stop,No info,4565
Air India,27/05/2019,Delhi,Cochin,DEL → RPR → NAG → BOM → COK,05:15,19:15 28 May,38h,3 stops,No info,10493
Jet Airways,18/06/2019,Mumbai,Hyderabad,BOM → HYD,10:20,11:50,1h 30m,non-stop,No info,8040
IndiGo,27/06/2019,Delhi,Cochin,DEL → HYD → COK,07:35,16:10,8h 35m,1 stop,No info,6442
Air Asia,24/06/2019,Banglore,Delhi,BLR → DEL,11:10,13:55,2h 45m,non-stop,No info,3383
Vistara,6/06/2019,Banglore,Delhi,BLR → DEL,11:30,14:20,2h 50m,non-stop,No info,4668
IndiGo,21/04/2019,Banglore,Delhi,BLR → DEL,04:00,06:50,2h 50m,non-stop,No info,4423
Air India,1/05/2019,Kolkata,Banglore,CCU → BBI → BOM → BLR,12:00,21:50,9h 50m,2 stops,No info,10676
Jet Airways,15/05/2019,Kolkata,Banglore,CCU → DEL → BLR,20:25,14:25 16 May,18h,1 stop,In-flight meal not included,9314
Jet Airways,21/05/2019,Kolkata,Banglore,CCU → DEL → BLR,17:00,10:55 22 May,17h 55m,1 stop,No info,14151
Multiple carriers,27/05/2019,Delhi,Cochin,DEL → BOM → COK,11:30,19:15,7h 45m,1 stop,In-flight meal not included,9254
Jet Airways,24/05/2019,Delhi,Cochin,DEL → AMD → BOM → COK,19:10,19:00 25 May,23h 50m,2 stops,No info,15129
Jet Airways,27/06/2019,Delhi,Cochin,DEL → AMD → BOM → COK,23:05,04:25 29 Jun,29h 20m,2 stops,No info,15339
IndiGo,27/06/2019,Banglore,Delhi,BLR → DEL,18:55,21:50,2h 55m,non-stop,No info,4990
IndiGo,09/03/2019,Banglore,New Delhi,BLR → STV → DEL,11:20,15:25,4h 5m,1 stop,No info,5746
Air India,09/03/2019,Banglore,New Delhi,BLR → GOI → DEL,17:00,03:40 13 Mar,10h 40m,1 stop,No info,8767
Jet Airways,24/05/2019,Kolkata,Banglore,CCU → BOM → BLR,21:10,10:05 25 May,12h 55m,1 stop,In-flight meal not included,9663
Jet Airways,27/03/2019,Delhi,Cochin,DEL → BOM → COK,17:30,04:25 28 Mar,10h 55m,1 stop,No info,12242
SpiceJet,9/05/2019,Kolkata,Banglore,CCU → BLR,17:10,19:40,2h 30m,non-stop,No info,3873
Jet Airways,12/03/2019,Mumbai,Hyderabad,BOM → VNS → DEL → HYD,06:30,16:35,10h 5m,2 stops,No info,23528
Air India,12/05/2019,Mumbai,Hyderabad,BOM → HYD,06:20,07:40,1h 20m,non-stop,No info,3100
Jet Airways,12/06/2019,Delhi,Cochin,DEL → JAI → BOM → COK,09:40,04:25 13 Jun,18h 45m,2 stops,In-flight meal not included,10368
Air India,03/03/2019,Banglore,New Delhi,BLR → HBX → BOM → NAG → DEL,12:00,10:35 07 Mar,22h 35m,3 stops,No info,12358
Vistara,12/04/2019,Banglore,Delhi,BLR → DEL,11:30,14:20,2h 50m,non-stop,No info,5403
Air India,1/04/2019,Kolkata,Banglore,CCU → DEL → AMD → BLR,07:00,05:25 02 Apr,22h 25m,2 stops,No info,12849
Multiple carriers,6/06/2019,Delhi,Cochin,DEL → BOM → COK,07:30,19:15,11h 45m,1 stop,No info,7354
Air India,24/06/2019,Delhi,Cochin,DEL → HYD → MAA → COK,09:45,09:25 25 Jun,23h 40m,2 stops,No info,10975
IndiGo,24/03/2019,Banglore,New Delhi,BLR → DEL,04:00,06:50,2h 50m,non-stop,No info,4777
IndiGo,15/06/2019,Delhi,Cochin,DEL → BOM → COK,18:35,01:30 16 Jun,6h 55m,1 stop,No info,5883
Jet Airways,9/06/2019,Banglore,Delhi,BLR → DEL,08:20,11:20,3h,non-stop,No info,8016
Air India,15/04/2019,Banglore,Delhi,BLR → DEL,10:00,12:45,2h 45m,non-stop,No info,6121
Multiple carriers,27/06/2019,Delhi,Cochin,DEL → BOM → COK,06:40,19:15,12h 35m,1 stop,No info,7354
Vistara,27/04/2019,Banglore,Delhi,BLR → DEL,11:30,14:20,2h 50m,non-stop,No info,5403
Air India,6/06/2019,Mumbai,Hyderabad,BOM → HYD,13:55,15:25,1h 30m,non-stop,No info,3625
Air India,18/05/2019,Kolkata,Banglore,CCU → JAI → BOM → BLR,08:20,11:10 19 May,26h 50m,2 stops,No info,11222
Jet Airways,9/06/2019,Delhi,Cochin,DEL → JAI → BOM → COK,09:40,12:35 10 Jun,26h 55m,2 stops,In-flight meal not included,10368
Air India,15/06/2019,Banglore,Delhi,BLR → DEL,17:00,19:45,2h 45m,non-stop,No info,7171
IndiGo,3/05/2019,Chennai,Kolkata,MAA → CCU,22:05,00:25 04 May,2h 20m,non-stop,No info,5277
Air India,12/05/2019,Kolkata,Banglore,CCU → DEL → COK → BLR,10:00,01:20 13 May,15h 20m,2 stops,No info,13243
Jet Airways,27/05/2019,Mumbai,Hyderabad,BOM → HYD,02:55,04:20,1h 25m,non-stop,No info,5678
GoAir,27/06/2019,Banglore,Delhi,BLR → DEL,07:45,10:40,2h 55m,non-stop,No info,3419
Jet Airways,27/06/2019,Delhi,Cochin,DEL → BOM → COK,10:00,19:00,9h,1 stop,In-flight meal not included,10262
SpiceJet,9/06/2019,Chennai,Kolkata,MAA → CCU,08:20,10:35,2h 15m,non-stop,No check-in baggage included,3543
Air India,12/03/2019,Mumbai,Hyderabad,BOM → MAA → HYD,05:55,19:10,13h 15m,1 stop,No info,8528
Jet Airways,09/03/2019,Banglore,New Delhi,BLR → BOM → DEL,07:00,09:30 13 Mar,26h 30m,1 stop,In-flight meal not included,11087
Multiple carriers,21/05/2019,Delhi,Cochin,DEL → BOM → COK,07:05,21:00,13h 55m,1 stop,In-flight meal not included,9930
GoAir,12/06/2019,Banglore,Delhi,BLR → DEL,07:45,10:40,2h 55m,non-stop,No info,3419
SpiceJet,24/05/2019,Banglore,Delhi,BLR → DEL,05:55,08:35,2h 40m,non-stop,No info,3311
IndiGo,27/06/2019,Mumbai,Hyderabad,BOM → HYD,06:25,07:55,1h 30m,non-stop,No info,4049
Air India,9/05/2019,Delhi,Cochin,DEL → MAA → COK,20:40,09:25 10 May,12h 45m,1 stop,No info,7480
Air Asia,15/06/2019,Delhi,Cochin,DEL → BLR → COK,16:45,07:10 16 Jun,14h 25m,1 stop,No info,6853
IndiGo,3/05/2019,Chennai,Kolkata,MAA → CCU,19:35,21:55,2h 20m,non-stop,No info,3597
Jet Airways,24/06/2019,Banglore,Delhi,BLR → DEL,06:00,08:45,2h 45m,non-stop,In-flight meal not included,5769
Multiple carriers,18/05/2019,Delhi,Cochin,DEL → BOM → COK,11:30,21:00,9h 30m,1 stop,No info,13727
Jet Airways,01/03/2019,Banglore,New Delhi,BLR → BOM → DEL,08:00,07:40 02 Mar,23h 40m,1 stop,No info,22270
Air India,1/03/2019,Delhi,Cochin,DEL → BLR → COK,09:45,08:15 02 Mar,22h 30m,1 stop,No info,22798
Air India,6/06/2019,Delhi,Cochin,DEL → MAA → COK,09:45,09:25 07 Jun,23h 40m,1 stop,No info,7952
Air Asia,12/05/2019,Kolkata,Banglore,CCU → DEL → BLR,22:40,10:40 13 May,12h,1 stop,No info,5192
Jet Airways,24/06/2019,Delhi,Cochin,DEL → AMD → BOM → COK,19:10,19:00 25 Jun,23h 50m,2 stops,No info,12819
Jet Airways,15/06/2019,Delhi,Cochin,DEL → BOM → COK,19:15,04:25 16 Jun,9h 10m,1 stop,In-flight meal not included,10262
Jet Airways,12/05/2019,Mumbai,Hyderabad,BOM → HYD,10:20,11:50,1h 30m,non-stop,No info,5678
Jet Airways,15/03/2019,Mumbai,Hyderabad,BOM → HYD,02:55,04:25,1h 30m,non-stop,In-flight meal not included,2071
Jet Airways,9/05/2019,Delhi,Cochin,DEL → BOM → COK,20:55,04:25 10 May,7h 30m,1 stop,In-flight meal not included,12373
Jet Airways,6/06/2019,Kolkata,Banglore,CCU → BOM → BLR,18:55,19:50 07 Jun,24h 55m,1 stop,No info,14571
Jet Airways,18/05/2019,Kolkata,Banglore,CCU → BOM → BLR,08:25,08:15 19 May,23h 50m,1 stop,In-flight meal not included,9663
Jet Airways,27/06/2019,Delhi,Cochin,DEL → LKO → BOM → COK,09:25,04:25 28 Jun,19h,2 stops,No info,13882
Jet Airways,9/05/2019,Delhi,Cochin,DEL → BOM → COK,11:30,19:00,7h 30m,1 stop,In-flight meal not included,12373
IndiGo,9/05/2019,Kolkata,Banglore,CCU → BBI → BLR,07:10,12:40,5h 30m,1 stop,No info,4864
Jet Airways,12/06/2019,Kolkata,Banglore,CCU → BOM → BLR,06:30,04:40 13 Jun,22h 10m,1 stop,In-flight meal not included,7594
Jet Airways,3/03/2019,Delhi,Cochin,DEL → IDR → BOM → COK,05:25,18:50 04 Mar,37h 25m,2 stops,No info,20064
Multiple carriers Premium economy,21/03/2019,Delhi,Cochin,DEL → BOM → COK,19:00,01:35 22 Mar,6h 35m,1 stop,No info,10885
Jet Airways,06/03/2019,Banglore,New Delhi,BLR → BOM → DEL,05:45,12:25,6h 40m,1 stop,No info,22270
Jet Airways,9/05/2019,Kolkata,Banglore,CCU → BOM → BLR,08:25,12:00 10 May,27h 35m,1 stop,In-flight meal not included,9663
Air India,9/06/2019,Delhi,Cochin,DEL → CCU → BOM → COK,14:25,19:15 10 Jun,28h 50m,2 stops,No info,13381
Jet Airways,21/05/2019,Kolkata,Banglore,CCU → BOM → BLR,21:10,12:00 22 May,14h 50m,1 stop,In-flight meal not included,10844
IndiGo,9/03/2019,Delhi,Cochin,DEL → HYD → MAA → COK,11:55,21:20,9h 25m,2 stops,No info,8378
Jet Airways,27/05/2019,Delhi,Cochin,DEL → BOM → COK,19:15,04:25 28 May,9h 10m,1 stop,In-flight meal not included,12898
Jet Airways,21/05/2019,Kolkata,Banglore,CCU → BOM → BLR,20:00,16:20 22 May,20h 20m,1 stop,In-flight meal not included,10844
Air India,9/05/2019,Delhi,Cochin,DEL → COK,14:10,17:10,3h,non-stop,No info,6094
SpiceJet,21/05/2019,Chennai,Kolkata,MAA → CCU,17:45,20:05,2h 20m,non-stop,No info,3597
Multiple carriers,18/05/2019,Delhi,Cochin,DEL → BOM → COK,08:45,19:15,10h 30m,1 stop,No info,8476
Vistara,12/05/2019,Kolkata,Banglore,CCU → DEL → BLR,17:00,09:05 13 May,16h 5m,1 stop,No info,9922
Air India,21/05/2019,Kolkata,Banglore,CCU → VNS → DEL → BLR,14:30,08:55 22 May,18h 25m,2 stops,No info,15107
Jet Airways,27/05/2019,Delhi,Cochin,DEL → BOM → COK,14:00,12:35 28 May,22h 35m,1 stop,In-flight meal not included,12898
Jet Airways,6/06/2019,Delhi,Cochin,DEL → BOM → COK,16:00,04:25 07 Jun,12h 25m,1 stop,No info,14714
Multiple carriers,15/05/2019,Delhi,Cochin,DEL → BOM → COK,10:00,21:00,11h,1 stop,No info,8073
SpiceJet,18/05/2019,Kolkata,Banglore,CCU → BLR,17:10,19:40,2h 30m,non-stop,No info,4174
Multiple carriers,3/06/2019,Delhi,Cochin,DEL → HYD → COK,07:05,22:30,15h 25m,1 stop,No info,10696
Multiple carriers,3/06/2019,Delhi,Cochin,DEL → BOM → COK,19:00,01:30 04 Jun,6h 30m,1 stop,No info,7198
Multiple carriers,9/05/2019,Delhi,Cochin,DEL → BOM → COK,11:40,19:15,7h 35m,1 stop,No info,8266
Air Asia,03/03/2019,Banglore,New Delhi,BLR → DEL,23:25,02:10 07 Mar,2h 45m,non-stop,No info,6477
Jet Airways,27/05/2019,Delhi,Cochin,DEL → AMD → BOM → COK,23:05,04:25 29 May,29h 20m,2 stops,No info,15129
Air India,09/03/2019,Banglore,New Delhi,BLR → HYD → DEL,06:50,12:15,5h 25m,1 stop,No info,5118
Vistara,3/06/2019,Banglore,Delhi,BLR → DEL,07:00,09:40,2h 40m,non-stop,No info,4668
SpiceJet,24/06/2019,Kolkata,Banglore,CCU → BLR,06:55,09:30,2h 35m,non-stop,No check-in baggage included,3841
Multiple carriers,3/06/2019,Delhi,Cochin,DEL → BOM → COK,07:30,19:00,11h 30m,1 stop,No info,10877
IndiGo,24/06/2019,Mumbai,Hyderabad,BOM → HYD,01:40,03:10,1h 30m,non-stop,No info,2754
Jet Airways,27/05/2019,Delhi,Cochin,DEL → BOM → COK,13:00,19:00,6h,1 stop,In-flight meal not included,12898
Air India,3/03/2019,Delhi,Cochin,DEL → BLR → COK,09:45,23:00,13h 15m,1 stop,No info,27282
Air Asia,3/06/2019,Banglore,Delhi,BLR → DEL,11:10,13:55,2h 45m,non-stop,No info,4483
Air India,18/05/2019,Delhi,Cochin,DEL → HYD → BOM → COK,17:15,19:15 19 May,26h,2 stops,No info,12409
Jet Airways,9/05/2019,Kolkata,Banglore,CCU → BOM → BLR,16:30,23:35,7h 5m,1 stop,No info,14781
Air India,9/04/2019,Delhi,Cochin,DEL → BLR → COK,20:30,08:15 10 Apr,11h 45m,1 stop,No info,5683
Air India,18/05/2019,Kolkata,Banglore,CCU → BOM → COK → BLR,09:25,01:20 19 May,15h 55m,2 stops,No info,11668
Multiple carriers,27/06/2019,Delhi,Cochin,DEL → BOM → COK,13:00,19:15,6h 15m,1 stop,No info,14848
Multiple carriers,15/05/2019,Delhi,Cochin,DEL → BOM → COK,11:25,19:00,7h 35m,1 stop,No info,9103
IndiGo,15/05/2019,Delhi,Cochin,DEL → BOM → COK,11:25,21:00,9h 35m,1 stop,No info,6979
Multiple carriers,3/06/2019,Delhi,Cochin,DEL → BOM → COK,11:40,01:30 04 Jun,13h 50m,1 stop,No info,7530
Jet Airways,6/05/2019,Kolkata,Banglore,CCU → BOM → BLR,21:10,09:20 07 May,12h 10m,1 stop,No info,14388
Multiple carriers,12/06/2019,Delhi,Cochin,DEL → BOM → COK,15:15,01:30 13 Jun,10h 15m,1 stop,No info,6795
Jet Airways,6/05/2019,Kolkata,Banglore,CCU → BOM → BLR,16:30,04:40 07 May,12h 10m,1 stop,No info,13941
Jet Airways,6/06/2019,Kolkata,Banglore,CCU → BOM → BLR,08:25,18:15,9h 50m,1 stop,No info,14571
SpiceJet,6/04/2019,Kolkata,Banglore,CCU → BLR,06:55,09:30,2h 35m,non-stop,No check-in baggage included,3841
IndiGo,6/03/2019,Delhi,Cochin,DEL → BOM → COK,04:45,13:20,8h 35m,1 stop,No info,13611
IndiGo,21/05/2019,Banglore,Delhi,BLR → DEL,10:10,13:00,2h 50m,non-stop,No info,3943
IndiGo,3/05/2019,Chennai,Kolkata,MAA → CCU,07:55,10:15,2h 20m,non-stop,No info,3850
Air India,1/04/2019,Kolkata,Banglore,CCU → BBI → BOM → BLR,12:00,18:30 02 Apr,30h 30m,2 stops,No info,9258
IndiGo,12/06/2019,Mumbai,Hyderabad,BOM → HYD,20:05,21:40,1h 35m,non-stop,No info,2227
Jet Airways,3/06/2019,Delhi,Cochin,DEL → BOM → COK,08:00,19:00,11h,1 stop,In-flight meal not included,10577
Jet Airways,9/06/2019,Delhi,Cochin,DEL → IDR → BOM → COK,05:30,04:25 10 Jun,22h 55m,2 stops,No info,13292
Air India,21/05/2019,Delhi,Cochin,DEL → BHO → BOM → COK,05:55,07:40 22 May,25h 45m,2 stops,No info,11911
Vistara,24/05/2019,Chennai,Kolkata,MAA → CCU,17:45,20:05,2h 20m,non-stop,No info,11982
Jet Airways,9/05/2019,Kolkata,Banglore,CCU → BOM → BLR,06:30,16:20,9h 50m,1 stop,No info,13941
Jet Airways,6/05/2019,Kolkata,Banglore,CCU → BOM → BLR,06:30,20:45,14h 15m,1 stop,In-flight meal not included,9663
Vistara,9/05/2019,Kolkata,Banglore,CCU → DEL → BLR,20:20,09:05 10 May,12h 45m,1 stop,No info,9187
Jet Airways,12/06/2019,Kolkata,Banglore,CCU → BOM → BLR,14:05,04:40 13 Jun,14h 35m,1 stop,No info,12739
GoAir,15/04/2019,Delhi,Cochin,DEL → BOM → COK,10:35,19:35,9h,1 stop,No info,5752
Jet Airways,15/05/2019,Kolkata,Banglore,CCU → BOM → BLR,18:55,08:15 16 May,13h 20m,1 stop,No info,14388
Air India,15/05/2019,Delhi,Cochin,DEL → MAA → COK,17:20,09:25 16 May,16h 5m,1 stop,No info,7480
Jet Airways,1/04/2019,Kolkata,Banglore,CCU → BOM → BLR,06:30,16:20,9h 50m,1 stop,In-flight meal not included,7851
Air India,21/06/2019,Banglore,Delhi,BLR → DEL,21:05,23:55,2h 50m,non-stop,No info,5228
SpiceJet,15/06/2019,Chennai,Kolkata,MAA → CCU,09:45,12:00,2h 15m,non-stop,No check-in baggage included,3543
Jet Airways,18/05/2019,Delhi,Cochin,DEL → JAI → BOM → COK,05:30,04:25 19 May,22h 55m,2 stops,In-flight meal not included,13029
Air India,24/03/2019,Kolkata,Banglore,CCU → MAA → BLR,14:35,14:35 25 Mar,24h,1 stop,No info,6241
Air India,18/04/2019,Delhi,Cochin,DEL → COK,14:10,17:10,3h,non-stop,No info,6094
Air India,3/03/2019,Delhi,Cochin,DEL → BHO → BOM → COK,20:00,19:15 04 Mar,23h 15m,2 stops,No info,17266
IndiGo,27/05/2019,Delhi,Cochin,DEL → HYD → COK,07:35,12:10,4h 35m,1 stop,No info,5054
IndiGo,24/03/2019,Chennai,Kolkata,MAA → CCU,19:35,21:55,2h 20m,non-stop,No info,7295
Jet Airways,21/05/2019,Kolkata,Banglore,CCU → DEL → BLR,20:25,21:05 22 May,24h 40m,1 stop,No info,14151
Air India,12/06/2019,Banglore,Delhi,BLR → DEL,10:00,12:45,2h 45m,non-stop,No info,6961
SpiceJet,18/03/2019,Banglore,New Delhi,BLR → DEL,05:45,08:35,2h 50m,non-stop,No check-in baggage included,4273
Multiple carriers,9/04/2019,Delhi,Cochin,DEL → HYD → COK,07:05,18:10,11h 5m,1 stop,No info,6601
Vistara,24/05/2019,Kolkata,Banglore,CCU → DEL → BLR,20:20,22:40 25 May,26h 20m,1 stop,No info,8452
Jet Airways,15/06/2019,Delhi,Cochin,DEL → JAI → BOM → COK,05:30,04:25 16 Jun,22h 55m,2 stops,No info,13014
Jet Airways,6/06/2019,Delhi,Cochin,DEL → JAI → BOM → COK,09:40,19:00,9h 20m,2 stops,In-flight meal not included,10368
IndiGo,21/03/2019,Mumbai,Hyderabad,BOM → HYD,09:10,10:35,1h 25m,non-stop,No info,4049
IndiGo,27/04/2019,Kolkata,Banglore,CCU → BLR,11:30,14:05,2h 35m,non-stop,No info,4804
Multiple carriers,18/05/2019,Delhi,Cochin,DEL → BOM → COK,09:00,21:00,12h,1 stop,No info,13727
Air India,12/03/2019,Banglore,New Delhi,BLR → BOM → IXC → DEL,08:50,13:55 13 Mar,29h 5m,2 stops,No info,13303
Jet Airways,12/03/2019,Banglore,New Delhi,BLR → BOM → DEL,22:55,10:45 13 Mar,11h 50m,1 stop,In-flight meal not included,11087
IndiGo,18/05/2019,Kolkata,Banglore,CCU → BLR,20:20,22:55,2h 35m,non-stop,No info,4804
Vistara,27/06/2019,Banglore,Delhi,BLR → DEL,21:00,23:50,2h 50m,non-stop,No info,4878
Air India,01/03/2019,Banglore,New Delhi,BLR → CCU → BBI → HYD → VGA → DEL,05:50,11:20 02 Mar,29h 30m,4 stops,Change airports,17686
Multiple carriers,21/05/2019,Delhi,Cochin,DEL → BOM → COK,10:20,01:30 22 May,15h 10m,1 stop,No info,7485
SpiceJet,21/05/2019,Kolkata,Banglore,CCU → PNQ → BLR,08:35,17:15,8h 40m,1 stop,No info,6381
Air India,24/05/2019,Kolkata,Banglore,CCU → IXR → DEL → BLR,05:50,08:55 25 May,27h 5m,2 stops,No info,12723
Air India,12/06/2019,Delhi,Cochin,DEL → GOI → BOM → COK,10:55,19:15,8h 20m,2 stops,No info,11753
Air India,1/06/2019,Delhi,Cochin,DEL → BLR → COK,13:30,23:00,9h 30m,1 stop,No info,8907
IndiGo,27/04/2019,Delhi,Cochin,DEL → HYD → COK,05:05,12:10,7h 5m,1 stop,No info,7160
Air India,15/05/2019,Banglore,Delhi,BLR → DEL,06:10,08:55,2h 45m,non-stop,No info,6961
Jet Airways,15/06/2019,Delhi,Cochin,DEL → NAG → BOM → COK,14:35,12:35 16 Jun,22h,2 stops,In-flight meal not included,10919
IndiGo,3/04/2019,Mumbai,Hyderabad,BOM → HYD,19:05,20:35,1h 30m,non-stop,No info,2754
Vistara,1/04/2019,Kolkata,Banglore,CCU → DEL → BLR,20:20,20:20 02 Apr,24h,1 stop,No info,8452
Jet Airways,6/06/2019,Delhi,Cochin,DEL → BOM → COK,16:00,19:00 07 Jun,27h,1 stop,In-flight meal not included,10262
Jet Airways,06/03/2019,Banglore,New Delhi,BLR → BOM → DEL,22:50,09:30 07 Mar,10h 40m,1 stop,No info,17261
SpiceJet,6/04/2019,Kolkata,Banglore,CCU → BLR,09:00,11:25,2h 25m,non-stop,No check-in baggage included,3841
Jet Airways,24/06/2019,Delhi,Cochin,DEL → AMD → BOM → COK,13:25,12:35 25 Jun,23h 10m,2 stops,No info,12819
Jet Airways,3/06/2019,Delhi,Cochin,DEL → JAI → BOM → COK,05:30,19:00,13h 30m,2 stops,In-flight meal not included,10368
Air India,3/03/2019,Delhi,Cochin,DEL → MAA → COK,12:30,09:25 04 Mar,20h 55m,1 stop,No info,16142
Jet Airways,21/03/2019,Delhi,Cochin,DEL → AMD → BOM → COK,19:10,04:25 23 Mar,33h 15m,2 stops,No info,10929
Air India,9/05/2019,Kolkata,Banglore,CCU → IXR → DEL → BLR,05:50,20:25,14h 35m,2 stops,No info,10991
Air Asia,6/06/2019,Delhi,Cochin,DEL → BLR → COK,16:45,22:25,5h 40m,1 stop,No info,11410
IndiGo,3/03/2019,Delhi,Cochin,DEL → HYD → COK,11:55,22:20,10h 25m,1 stop,No info,11600
Vistara,1/05/2019,Kolkata,Banglore,CCU → DEL → BLR,07:10,18:50,11h 40m,1 stop,No info,9345
Multiple carriers,27/05/2019,Delhi,Cochin,DEL → BOM → COK,09:00,19:15,10h 15m,1 stop,In-flight meal not included,10197
Multiple carriers,6/03/2019,Delhi,Cochin,DEL → BOM → COK,09:00,21:00,12h,1 stop,In-flight meal not included,15136
Jet Airways,01/03/2019,Banglore,New Delhi,BLR → BOM → DEL,22:50,11:25 02 Mar,12h 35m,1 stop,1 Long layover,31825
SpiceJet,1/05/2019,Banglore,Delhi,BLR → DEL,09:30,12:20,2h 50m,non-stop,No info,4423
Air India,15/05/2019,Delhi,Cochin,DEL → BLR → COK,20:30,23:00 16 May,26h 30m,1 stop,No info,8907
GoAir,12/05/2019,Banglore,Delhi,BLR → DEL,20:55,23:40,2h 45m,non-stop,No info,3419
IndiGo,18/06/2019,Chennai,Kolkata,MAA → CCU,05:15,07:40,2h 25m,non-stop,No info,3540
Jet Airways,9/06/2019,Kolkata,Banglore,CCU → DEL → BLR,17:00,09:45 10 Jun,16h 45m,1 stop,No info,14151
Vistara,9/04/2019,Banglore,Delhi,BLR → DEL,07:00,09:40,2h 40m,non-stop,No info,5403
Jet Airways,21/03/2019,Mumbai,Hyderabad,BOM → HYD,19:35,21:05,1h 30m,non-stop,No info,5678
IndiGo,24/05/2019,Banglore,Delhi,BLR → DEL,18:25,21:20,2h 55m,non-stop,No info,4823
IndiGo,12/03/2019,Kolkata,Banglore,CCU → BLR,15:10,17:45,2h 35m,non-stop,No info,4148
Jet Airways,24/05/2019,Banglore,Delhi,BLR → DEL,08:20,11:20,3h,non-stop,In-flight meal not included,4030
IndiGo,27/06/2019,Delhi,Cochin,DEL → COK,14:25,17:40,3h 15m,non-stop,No info,5000
Multiple carriers,15/05/2019,Delhi,Cochin,DEL → BOM → COK,19:00,01:30 16 May,6h 30m,1 stop,No info,8073
IndiGo,9/05/2019,Kolkata,Banglore,CCU → BLR,15:30,18:05,2h 35m,non-stop,No info,4804
Jet Airways,9/06/2019,Banglore,Delhi,BLR → DEL,17:45,20:45,3h,non-stop,No info,8016
Jet Airways,3/06/2019,Banglore,Delhi,BLR → DEL,19:50,22:50,3h,non-stop,No info,8016
Jet Airways,01/03/2019,Banglore,New Delhi,BLR → BOM → DEL,22:50,23:00 02 Mar,24h 10m,1 stop,No info,25735
Air Asia,24/04/2019,Delhi,Cochin,DEL → BLR → COK,16:45,22:25,5h 40m,1 stop,No info,6152
Multiple carriers Premium economy,21/03/2019,Delhi,Cochin,DEL → BOM → COK,07:30,15:30,8h,1 stop,No info,11269
IndiGo,24/04/2019,Kolkata,Banglore,CCU → BLR,11:30,14:05,2h 35m,non-stop,No info,4804
Jet Airways,15/05/2019,Kolkata,Banglore,CCU → BOM → BLR,20:00,08:15 16 May,12h 15m,1 stop,No info,13941
IndiGo,18/06/2019,Banglore,Delhi,BLR → DEL,04:00,06:50,2h 50m,non-stop,No info,3943
Jet Airways,06/03/2019,Banglore,New Delhi,BLR → BOM → DEL,21:25,05:05 07 Mar,7h 40m,1 stop,No info,19225
Multiple carriers,18/05/2019,Delhi,Cochin,DEL → BOM → COK,17:00,01:30 19 May,8h 30m,1 stop,No info,8283
IndiGo,27/03/2019,Kolkata,Banglore,CCU → BLR,10:10,12:55,2h 45m,non-stop,No info,4148
Jet Airways,21/06/2019,Mumbai,Hyderabad,BOM → HYD,10:20,11:50,1h 30m,non-stop,No info,8040
Jet Airways,12/05/2019,Kolkata,Banglore,CCU → BOM → BLR,14:05,20:45,6h 40m,1 stop,In-flight meal not included,10844
Multiple carriers,3/03/2019,Delhi,Cochin,DEL → BOM → COK,10:45,18:50,8h 5m,1 stop,No info,15135
Jet Airways,1/05/2019,Banglore,Delhi,BLR → DEL,11:10,14:05,2h 55m,non-stop,In-flight meal not included,4030
Multiple carriers,9/03/2019,Delhi,Cochin,DEL → HYD → COK,09:45,16:10,6h 25m,1 stop,No info,8386
IndiGo,9/05/2019,Chennai,Kolkata,MAA → CCU,19:35,21:55,2h 20m,non-stop,No info,3597
Jet Airways,27/06/2019,Delhi,Cochin,DEL → AMD → BOM → COK,23:05,04:25 29 Jun,29h 20m,2 stops,In-flight meal not included,11150
Air India,01/03/2019,Banglore,New Delhi,BLR → CCU → BBI → DEL,05:50,16:20,10h 30m,2 stops,Change airports,15119
Multiple carriers,6/06/2019,Delhi,Cochin,DEL → BOM → COK,07:05,21:00,13h 55m,1 stop,No info,13587
IndiGo,1/06/2019,Delhi,Cochin,DEL → BLR → COK,02:00,07:45,5h 45m,1 stop,No info,6386
Jet Airways,12/03/2019,Banglore,New Delhi,BLR → BOM → DEL,21:25,15:15 13 Mar,17h 50m,1 stop,No info,13817
SpiceJet,27/05/2019,Banglore,Delhi,BLR → DEL,09:30,12:20,2h 50m,non-stop,No check-in baggage included,3573
Vistara,15/05/2019,Kolkata,Banglore,CCU → DEL → BLR,17:00,18:50 16 May,25h 50m,1 stop,No info,9345
Jet Airways,21/05/2019,Delhi,Cochin,DEL → BOM → COK,19:45,04:25 22 May,8h 40m,1 stop,In-flight meal not included,12898
Jet Airways,9/03/2019,Delhi,Cochin,DEL → ATQ → BOM → COK,08:20,04:25 10 Mar,20h 5m,2 stops,No info,18909
IndiGo,24/06/2019,Kolkata,Banglore,CCU → BLR,15:15,17:45,2h 30m,non-stop,No info,4804
Jet Airways,21/05/2019,Kolkata,Banglore,CCU → BOM → BLR,08:25,20:45,12h 20m,1 stop,No info,14781
IndiGo,3/05/2019,Mumbai,Hyderabad,BOM → HYD,06:25,07:55,1h 30m,non-stop,No info,4049
Jet Airways,6/06/2019,Kolkata,Banglore,CCU → BOM → BLR,18:55,22:35 07 Jun,27h 40m,1 stop,In-flight meal not included,10844
Multiple carriers,6/06/2019,Delhi,Cochin,DEL → BOM → COK,09:00,19:00,10h,1 stop,No info,12192
IndiGo,3/04/2019,Kolkata,Banglore,CCU → BLR,15:15,17:45,2h 30m,non-stop,No info,4174
Jet Airways,21/03/2019,Delhi,Cochin,DEL → BOM → COK,02:15,04:25 22 Mar,26h 10m,1 stop,In-flight meal not included,7438
IndiGo,01/03/2019,Banglore,New Delhi,BLR → HYD → DEL,05:15,10:00,4h 45m,1 stop,No Info,8064
Air India,3/04/2019,Kolkata,Banglore,CCU → BBI → HYD → BLR,09:10,04:40 04 Apr,19h 30m,2 stops,No info,4647
Air India,12/03/2019,Mumbai,Hyderabad,BOM → DEL → HYD,21:00,19:25 13 Mar,22h 25m,1 stop,No info,10943
Air India,18/03/2019,Delhi,Cochin,DEL → COK,18:05,21:10,3h 5m,non-stop,No info,4729
Jet Airways,6/05/2019,Delhi,Cochin,DEL → BOM → COK,22:50,04:25 07 May,5h 35m,1 stop,No info,15554
Vistara,6/06/2019,Banglore,Delhi,BLR → DEL,07:00,09:40,2h 40m,non-stop,No info,4668
Jet Airways,12/06/2019,Delhi,Cochin,DEL → BOM → COK,21:50,12:35 13 Jun,14h 45m,1 stop,In-flight meal not included,10262
Air India,27/04/2019,Banglore,Delhi,BLR → DEL,10:00,12:45,2h 45m,non-stop,No info,5228
Multiple carriers,21/05/2019,Delhi,Cochin,DEL → BOM → COK,02:15,11:50,9h 35m,1 stop,No info,14067
Air India,1/04/2019,Kolkata,Banglore,CCU → DEL → COK → TRV → BLR,10:00,10:30 02 Apr,24h 30m,3 stops,No info,12954
IndiGo,09/03/2019,Banglore,New Delhi,BLR → DEL,16:55,19:45,2h 50m,non-stop,No info,7648
IndiGo,6/05/2019,Kolkata,Banglore,CCU → HYD → BLR,19:20,23:45,4h 25m,1 stop,No info,3809
Air India,9/06/2019,Kolkata,Banglore,CCU → DEL → AMD → BLR,07:00,05:25 10 Jun,22h 25m,2 stops,No info,12534
Air India,18/03/2019,Banglore,New Delhi,BLR → BOM → BHO → DEL,08:50,23:25,14h 35m,2 stops,No info,11728
Air India,6/05/2019,Delhi,Cochin,,09:45,09:25 07 May,23h 40m,,No info,7480
Jet Airways,12/05/2019,Kolkata,Banglore,CCU → BOM → BLR,20:00,09:20 13 May,13h 20m,1 stop,No info,14388
Air India,27/06/2019,Delhi,Cochin,DEL → JAI → BOM → COK,12:00,07:40 28 Jun,19h 40m,2 stops,No info,9653
Air India,27/05/2019,Delhi,Cochin,DEL → BLR → COK,17:40,23:00,5h 20m,1 stop,No info,7174
Air India,12/04/2019,Kolkata,Banglore,CCU → BLR,14:15,16:45,2h 30m,non-stop,No info,5195
Vistara,12/06/2019,Chennai,Kolkata,MAA → CCU,07:05,09:20,2h 15m,non-stop,No info,3687
Jet Airways,6/03/2019,Delhi,Cochin,DEL → BOM → COK,23:05,04:25 07 Mar,5h 20m,1 stop,No info,15764
IndiGo,27/03/2019,Delhi,Cochin,DEL → HYD → COK,14:20,22:20,8h,1 stop,No info,6938
Jet Airways,1/04/2019,Mumbai,Hyderabad,BOM → HYD,19:35,21:05,1h 30m,non-stop,No info,5678
Jet Airways,27/06/2019,Mumbai,Hyderabad,BOM → HYD,02:55,04:20,1h 25m,non-stop,In-flight meal not included,3210
IndiGo,3/06/2019,Banglore,Delhi,BLR → DEL,18:25,21:20,2h 55m,non-stop,No info,4823
Vistara,1/04/2019,Kolkata,Banglore,CCU → DEL → BLR,20:20,22:55 02 Apr,26h 35m,1 stop,No info,7770
Vistara,01/03/2019,Banglore,New Delhi,BLR → DEL,19:40,22:20,2h 40m,non-stop,No info,21730
Jet Airways,18/03/2019,Banglore,New Delhi,BLR → BOM → DEL,11:40,07:40 16 Mar,20h,1 stop,No info,12284
SpiceJet,9/06/2019,Chennai,Kolkata,MAA → CCU,17:45,20:05,2h 20m,non-stop,No check-in baggage included,3543
IndiGo,15/06/2019,Delhi,Cochin,DEL → BOM → COK,06:40,21:00,14h 20m,1 stop,No info,6093
Air India,3/05/2019,Kolkata,Banglore,CCU → BLR,14:15,16:45,2h 30m,non-stop,No info,5510
Jet Airways,1/04/2019,Kolkata,Banglore,CCU → BOM → BLR,06:30,19:50,13h 20m,1 stop,No info,12681
Air Asia,21/05/2019,Banglore,Delhi,BLR → DEL,23:55,02:45 22 May,2h 50m,non-stop,No info,3383
Vistara,1/04/2019,Kolkata,Banglore,CCU → DEL → BLR,17:00,10:45 02 Apr,17h 45m,1 stop,No info,9187
IndiGo,12/03/2019,Kolkata,Banglore,CCU → BLR,21:25,00:05 13 Mar,2h 40m,non-stop,No info,4148
Jet Airways,15/05/2019,Banglore,Delhi,BLR → DEL,08:20,11:20,3h,non-stop,In-flight meal not included,4030
Jet Airways,1/05/2019,Kolkata,Banglore,CCU → BOM → BLR,16:30,23:35,7h 5m,1 stop,No info,14781
Vistara,1/04/2019,Banglore,Delhi,BLR → DEL,09:45,12:35,2h 50m,non-stop,No info,5403
Jet Airways,27/05/2019,Delhi,Cochin,DEL → JAI → BOM → COK,09:40,04:25 28 May,18h 45m,2 stops,No info,15129
Jet Airways,6/06/2019,Mumbai,Hyderabad,BOM → HYD,19:35,21:05,1h 30m,non-stop,In-flight meal not included,3210
IndiGo,27/06/2019,Delhi,Cochin,DEL → HYD → COK,05:05,12:10,7h 5m,1 stop,No info,6442
Jet Airways,18/05/2019,Kolkata,Banglore,CCU → BOM → BLR,20:00,22:35 19 May,26h 35m,1 stop,In-flight meal not included,10844
IndiGo,3/04/2019,Delhi,Cochin,DEL → HYD → COK,07:35,12:10,4h 35m,1 stop,No info,5073
Jet Airways,1/05/2019,Kolkata,Banglore,CCU → DEL → BLR,17:00,14:25 02 May,21h 25m,1 stop,In-flight meal not included,9314
Air Asia,18/05/2019,Banglore,Delhi,BLR → DEL,23:55,02:45 19 May,2h 50m,non-stop,No info,4483
SpiceJet,18/04/2019,Kolkata,Banglore,CCU → BLR,06:55,09:30,2h 35m,non-stop,No info,3873
IndiGo,1/03/2019,Chennai,Kolkata,MAA → CCU,07:55,10:15,2h 20m,non-stop,No info,8580
Jet Airways,27/04/2019,Banglore,Delhi,BLR → DEL,08:20,11:20,3h,non-stop,In-flight meal not included,5198
Jet Airways,6/05/2019,Kolkata,Banglore,CCU → DEL → BLR,20:25,22:05 07 May,25h 40m,1 stop,In-flight meal not included,9314
Multiple carriers,1/06/2019,Delhi,Cochin,DEL → HYD → COK,13:15,22:30,9h 15m,1 stop,No info,9646
Air Asia,1/05/2019,Kolkata,Banglore,CCU → DEL → BLR,22:40,10:40 02 May,12h,1 stop,No info,5192
Multiple carriers,27/05/2019,Delhi,Cochin,DEL → BOM → COK,14:00,01:30 28 May,11h 30m,1 stop,In-flight meal not included,6943
Jet Airways,6/05/2019,Delhi,Cochin,DEL → AMD → BOM → COK,19:10,19:00 07 May,23h 50m,2 stops,No info,15129
IndiGo,27/03/2019,Delhi,Cochin,DEL → HYD → MAA → COK,06:40,21:20,14h 40m,2 stops,No info,6494
Multiple carriers,6/03/2019,Delhi,Cochin,DEL → BOM → COK,06:40,18:50,12h 10m,1 stop,No info,15135
Air India,6/06/2019,Kolkata,Banglore,CCU → BOM → COK → BLR,09:25,01:20 07 Jun,15h 55m,2 stops,No info,11458
Air India,6/06/2019,Delhi,Cochin,DEL → BLR → COK,09:45,23:00,13h 15m,1 stop,No info,8907
Air India,9/06/2019,Mumbai,Hyderabad,BOM → HYD,13:55,15:25,1h 30m,non-stop,No info,3100
Jet Airways,24/04/2019,Banglore,Delhi,BLR → DEL,19:50,22:50,3h,non-stop,In-flight meal not included,4544
Jet Airways,27/05/2019,Mumbai,Hyderabad,BOM → HYD,02:55,04:20,1h 25m,non-stop,In-flight meal not included,4050
Jet Airways,1/05/2019,Kolkata,Banglore,CCU → DEL → BLR,20:25,23:35 02 May,27h 10m,1 stop,No info,11467
Jet Airways,27/05/2019,Mumbai,Hyderabad,BOM → HYD,10:20,11:50,1h 30m,non-stop,No info,8040
Vistara,9/05/2019,Kolkata,Banglore,CCU → DEL → BLR,17:00,10:45 10 May,17h 45m,1 stop,No info,8452
Jet Airways,9/06/2019,Kolkata,Banglore,CCU → BOM → BLR,06:30,18:15,11h 45m,1 stop,In-flight meal not included,10844
Jet Airways,9/05/2019,Kolkata,Banglore,CCU → BOM → BLR,16:30,22:35,6h 5m,1 stop,No info,14781
SpiceJet,24/03/2019,Mumbai,Hyderabad,BOM → HYD,05:45,07:05,1h 20m,non-stop,No check-in baggage included,2175
Jet Airways,12/06/2019,Delhi,Cochin,DEL → JAI → BOM → COK,09:40,19:00,9h 20m,2 stops,No info,13014
Jet Airways,01/03/2019,Banglore,New Delhi,BLR → BOM → DEL,11:40,05:05 02 Mar,17h 25m,1 stop,No info,22270
Jet Airways,24/03/2019,Kolkata,Banglore,CCU → BOM → BLR,08:25,18:10,9h 45m,1 stop,No info,13759
Air India,24/03/2019,Kolkata,Banglore,CCU → BBI → BLR,09:10,13:40,4h 30m,1 stop,No info,8026
Jet Airways,21/05/2019,Delhi,Cochin,DEL → JAI → BOM → COK,09:40,04:25 22 May,18h 45m,2 stops,In-flight meal not included,13029
Vistara,15/03/2019,Banglore,New Delhi,BLR → AMD → DEL,06:40,12:35,5h 55m,1 stop,No info,6800
Jet Airways,6/06/2019,Delhi,Cochin,DEL → BOM → COK,07:05,19:00,11h 55m,1 stop,In-flight meal not included,10262
Air Asia,15/05/2019,Kolkata,Banglore,CCU → BLR,10:20,12:55,2h 35m,non-stop,No info,4409
Air India,15/06/2019,Banglore,Delhi,BLR → DEL,06:10,08:55,2h 45m,non-stop,No info,6961
Multiple carriers,27/06/2019,Delhi,Cochin,DEL → BOM → COK,12:50,19:15,6h 25m,1 stop,In-flight meal not included,7268
IndiGo,1/06/2019,Chennai,Kolkata,MAA → CCU,14:45,17:05,2h 20m,non-stop,No info,3597
Air Asia,24/03/2019,Kolkata,Banglore,CCU → BLR,10:20,12:55,2h 35m,non-stop,No info,5620
IndiGo,18/06/2019,Delhi,Cochin,DEL → COK,05:35,08:50,3h 15m,non-stop,No info,5000
Air India,6/06/2019,Kolkata,Banglore,CCU → DEL → COK → BLR,10:00,01:20 07 Jun,15h 20m,2 stops,No info,13033
Jet Airways,06/03/2019,Banglore,New Delhi,BLR → BOM → DEL,14:05,08:15 07 Mar,18h 10m,1 stop,In-flight meal not included,13502
Multiple carriers,1/06/2019,Delhi,Cochin,DEL → HYD → COK,07:10,22:30,15h 20m,1 stop,No info,7038
IndiGo,12/06/2019,Delhi,Cochin,DEL → BOM → COK,18:35,01:30 13 Jun,6h 55m,1 stop,No info,5883
SpiceJet,1/04/2019,Banglore,Delhi,BLR → DEL,09:30,12:20,2h 50m,non-stop,No info,3971
Multiple carriers,12/06/2019,Delhi,Cochin,DEL → BOM → COK,08:30,19:00,10h 30m,1 stop,No info,10877
Multiple carriers,15/06/2019,Delhi,Cochin,DEL → BOM → COK,11:30,21:00,9h 30m,1 stop,No info,13587
Air Asia,15/06/2019,Banglore,Delhi,BLR → DEL,11:10,13:55,2h 45m,non-stop,No info,3383
IndiGo,6/06/2019,Kolkata,Banglore,CCU → BLR,21:25,00:05 07 Jun,2h 40m,non-stop,No info,4804
Air India,9/06/2019,Kolkata,Banglore,CCU → IXR → DEL → BLR,05:50,12:30 10 Jun,30h 40m,2 stops,No info,12723
SpiceJet,24/05/2019,Mumbai,Hyderabad,BOM → HYD,22:45,00:15 25 May,1h 30m,non-stop,No check-in baggage included,1965
IndiGo,3/06/2019,Chennai,Kolkata,MAA → CCU,22:05,00:25 04 Jun,2h 20m,non-stop,No info,5277
Jet Airways,27/03/2019,Delhi,Cochin,DEL → BOM → COK,17:30,19:45 28 Mar,26h 15m,1 stop,In-flight meal not included,5406
Jet Airways,9/06/2019,Delhi,Cochin,DEL → BOM → COK,19:45,19:00 10 Jun,23h 15m,1 stop,No info,14924
SpiceJet,1/05/2019,Kolkata,Banglore,CCU → MAA → BLR,15:05,20:20,5h 15m,1 stop,No info,4649
Air India,21/05/2019,Kolkata,Banglore,CCU → MAA → BLR,14:35,14:35 22 May,24h,1 stop,No info,6528
SpiceJet,15/05/2019,Kolkata,Banglore,CCU → BLR,09:00,11:25,2h 25m,non-stop,No check-in baggage included,3841
IndiGo,15/04/2019,Kolkata,Banglore,CCU → HYD → BLR,15:15,20:05,4h 50m,1 stop,No info,4775
Jet Airways,3/06/2019,Delhi,Cochin,DEL → BOM → COK,18:15,04:25 04 Jun,10h 10m,1 stop,No info,14714
Air India,18/05/2019,Delhi,Cochin,DEL → AMD → BOM → COK,16:40,19:15 19 May,26h 35m,2 stops,No info,9863
IndiGo,1/04/2019,Delhi,Cochin,DEL → BOM → COK,20:25,01:30 02 Apr,5h 5m,1 stop,No info,5073
Air India,9/05/2019,Kolkata,Banglore,CCU → DEL → AMD → BLR,10:00,05:25 10 May,19h 25m,2 stops,No info,14424
Multiple carriers,21/05/2019,Delhi,Cochin,DEL → BOM → COK,10:00,01:30 22 May,15h 30m,1 stop,No info,14067
Multiple carriers,21/03/2019,Delhi,Cochin,DEL → BOM → COK,07:05,21:00,13h 55m,1 stop,No info,13062
Multiple carriers,18/05/2019,Delhi,Cochin,DEL → BOM → COK,10:20,19:00,8h 40m,1 stop,No info,9794
Multiple carriers,3/03/2019,Delhi,Cochin,DEL → BOM → COK,11:30,01:35 04 Mar,14h 5m,1 stop,No info,18286
Jet Airways,24/05/2019,Kolkata,Banglore,CCU → BOM → BLR,06:30,18:15,11h 45m,1 stop,No info,14571
Jet Airways,15/06/2019,Delhi,Cochin,DEL → NAG → BOM → COK,14:35,04:25 16 Jun,13h 50m,2 stops,In-flight meal not included,10919
IndiGo,21/05/2019,Mumbai,Hyderabad,BOM → HYD,21:20,22:50,1h 30m,non-stop,No info,2227
Jet Airways,21/03/2019,Banglore,New Delhi,BLR → BOM → DEL,05:45,15:15,9h 30m,1 stop,In-flight meal not included,7832
Jet Airways,6/06/2019,Delhi,Cochin,DEL → BOM → COK,16:00,04:25 07 Jun,12h 25m,1 stop,In-flight meal not included,10262
Jet Airways,3/03/2019,Mumbai,Hyderabad,BOM → HYD,02:55,04:25,1h 30m,non-stop,No info,5678
Air India,15/06/2019,Delhi,Cochin,DEL → MAA → COK,12:30,09:25 16 Jun,20h 55m,1 stop,No info,7480
Jet Airways,9/03/2019,Delhi,Cochin,DEL → BOM → COK,02:15,04:25 10 Mar,26h 10m,1 stop,No info,15029
Jet Airways,24/05/2019,Kolkata,Banglore,CCU → BOM → BLR,18:55,10:05 25 May,15h 10m,1 stop,In-flight meal not included,8586
Vistara,24/05/2019,Kolkata,Banglore,CCU → DEL → BLR,20:20,23:25 25 May,27h 5m,1 stop,No info,9345
Jet Airways,6/06/2019,Banglore,Delhi,BLR → DEL,19:50,22:50,3h,non-stop,No info,8016
Air India,15/06/2019,Delhi,Cochin,DEL → BOM → COK,07:00,19:15,12h 15m,1 stop,No info,9929
Jet Airways,1/06/2019,Delhi,Cochin,DEL → JAI → BOM → COK,05:30,04:25 02 Jun,22h 55m,2 stops,In-flight meal not included,10368
Jet Airways,1/05/2019,Kolkata,Banglore,CCU → DEL → BLR,17:00,19:10 02 May,26h 10m,1 stop,No info,11467
Air Asia,15/05/2019,Kolkata,Banglore,CCU → BLR,22:50,01:20 16 May,2h 30m,non-stop,No info,4107
IndiGo,12/04/2019,Kolkata,Banglore,CCU → BLR,22:15,00:50 13 Apr,2h 35m,non-stop,No info,4174
Jet Airways,9/06/2019,Delhi,Cochin,DEL → BOM → COK,08:00,04:25 10 Jun,20h 25m,1 stop,In-flight meal not included,10262
IndiGo,1/06/2019,Mumbai,Hyderabad,BOM → HYD,06:25,07:55,1h 30m,non-stop,No info,4049
IndiGo,03/03/2019,Banglore,New Delhi,BLR → DEL,13:00,15:50,2h 50m,non-stop,No info,7648
IndiGo,6/04/2019,Delhi,Cochin,DEL → BOM → COK,16:00,21:00,5h,1 stop,No info,5073
IndiGo,3/05/2019,Banglore,Delhi,BLR → DEL,21:15,00:15 04 May,3h,non-stop,No info,3943
Air Asia,27/03/2019,Kolkata,Banglore,CCU → BLR,22:50,01:20 28 Mar,2h 30m,non-stop,No info,3782
Jet Airways,12/06/2019,Delhi,Cochin,DEL → JAI → BOM → COK,05:30,19:00,13h 30m,2 stops,No info,13014
Multiple carriers,27/03/2019,Delhi,Cochin,DEL → BOM → COK,07:30,21:00,13h 30m,1 stop,No info,8055
GoAir,3/06/2019,Delhi,Cochin,DEL → BOM → COK,14:25,19:35,5h 10m,1 stop,No info,9069
Jet Airways,15/03/2019,Banglore,New Delhi,BLR → BOM → DEL,08:00,08:15 16 Mar,24h 15m,1 stop,In-flight meal not included,10405
IndiGo,15/06/2019,Delhi,Cochin,DEL → BOM → COK,09:15,21:00,11h 45m,1 stop,No info,6838
SpiceJet,21/03/2019,Delhi,Cochin,DEL → PNQ → COK,08:45,13:15,4h 30m,1 stop,No info,6460
IndiGo,3/05/2019,Banglore,Delhi,BLR → DEL,00:30,03:25,2h 55m,non-stop,No info,3943
Jet Airways,18/05/2019,Delhi,Cochin,DEL → AMD → BOM → COK,23:05,19:00 19 May,19h 55m,2 stops,No info,15129
IndiGo,24/05/2019,Kolkata,Banglore,CCU → PNQ → BLR,21:00,02:15 25 May,5h 15m,1 stop,No info,6534
Jet Airways,18/06/2019,Banglore,Delhi,BLR → DEL,07:10,10:10,3h,non-stop,No info,8016
Air India,6/06/2019,Delhi,Cochin,DEL → HYD → BOM → COK,17:15,19:15 07 Jun,26h,2 stops,No info,12760
Jet Airways,24/03/2019,Kolkata,Banglore,CCU → BOM → BLR,08:25,23:25,15h,1 stop,In-flight meal not included,10031
Multiple carriers,21/03/2019,Delhi,Cochin,DEL → BOM → COK,07:00,18:50,11h 50m,1 stop,No info,12402
SpiceJet,9/04/2019,Banglore,Delhi,BLR → DEL,09:30,12:20,2h 50m,non-stop,No check-in baggage included,4319
GoAir,24/06/2019,Delhi,Cochin,DEL → AMD → COK,07:25,13:35,6h 10m,1 stop,No info,4692
Air India,1/06/2019,Delhi,Cochin,DEL → MAA → COK,09:45,09:25 02 Jun,23h 40m,1 stop,No info,8372
Air India,3/06/2019,Delhi,Cochin,DEL → MAA → COK,20:40,09:25 04 Jun,12h 45m,1 stop,No info,7480
IndiGo,12/03/2019,Mumbai,Hyderabad,BOM → HYD,06:20,07:45,1h 25m,non-stop,No info,4049
Air Asia,18/06/2019,Kolkata,Banglore,CCU → BLR,22:50,01:20 19 Jun,2h 30m,non-stop,No info,3807
IndiGo,24/03/2019,Chennai,Kolkata,MAA → CCU,13:20,15:35,2h 15m,non-stop,No info,4752
SpiceJet,21/05/2019,Mumbai,Hyderabad,BOM → HYD,13:15,14:45,1h 30m,non-stop,No info,2017
Jet Airways,3/06/2019,Delhi,Cochin,DEL → IDR → BOM → COK,05:30,19:00,13h 30m,2 stops,No info,13292
SpiceJet,15/04/2019,Delhi,Cochin,DEL → MAA → COK,06:05,11:20,5h 15m,1 stop,No info,5583
Jet Airways,12/05/2019,Kolkata,Banglore,CCU → BOM → BLR,20:00,12:00 13 May,16h,1 stop,In-flight meal not included,9663
Jet Airways,27/06/2019,Delhi,Cochin,DEL → BOM → COK,15:00,19:00 28 Jun,28h,1 stop,In-flight meal not included,10262
Jet Airways,6/06/2019,Delhi,Cochin,DEL → BOM → COK,13:00,19:00,6h,1 stop,In-flight meal not included,10262
IndiGo,21/03/2019,Kolkata,Banglore,CCU → BLR,17:15,19:55,2h 40m,non-stop,No info,4148
Air India,21/03/2019,Banglore,New Delhi,BLR → HYD → VGA → DEL,08:15,11:20 19 Mar,27h 5m,2 stops,No info,7642
Jet Airways,1/06/2019,Delhi,Cochin,DEL → BOM → COK,21:50,04:25 02 Jun,6h 35m,1 stop,No info,14714
Air India,15/05/2019,Kolkata,Banglore,CCU → DEL → BLR,20:30,20:25 16 May,23h 55m,1 stop,No info,10203
Jet Airways,18/05/2019,Delhi,Cochin,DEL → ATQ → BOM → COK,20:00,04:25 19 May,8h 25m,2 stops,No info,16263
Jet Airways,12/06/2019,Banglore,Delhi,BLR → DEL,06:00,08:45,2h 45m,non-stop,In-flight meal not included,6478
Multiple carriers,15/06/2019,Delhi,Cochin,DEL → HYD → COK,14:55,22:30,7h 35m,1 stop,In-flight meal not included,6093
Jet Airways,06/03/2019,Banglore,New Delhi,BLR → BOM → DEL,14:05,08:15 07 Mar,18h 10m,1 stop,No info,14815
IndiGo,21/04/2019,Delhi,Cochin,DEL → COK,05:35,08:50,3h 15m,non-stop,No info,6015
Jet Airways,9/06/2019,Delhi,Cochin,DEL → BOM → COK,17:30,12:35 10 Jun,19h 5m,1 stop,In-flight meal not included,10262
Jet Airways,9/03/2019,Delhi,Cochin,DEL → BOM → COK,02:15,04:25 10 Mar,26h 10m,1 stop,In-flight meal not included,11848
Multiple carriers,18/05/2019,Delhi,Cochin,DEL → BOM → COK,07:00,21:00,14h,1 stop,No info,8073
Multiple carriers,21/05/2019,Delhi,Cochin,DEL → HYD → COK,09:45,18:10,8h 25m,1 stop,No info,9646
Jet Airways,24/03/2019,Kolkata,Banglore,CCU → BOM → BLR,18:55,16:20 25 Mar,21h 25m,1 stop,No info,14231
Jet Airways,6/04/2019,Delhi,Cochin,DEL → BOM → COK,02:15,19:00,16h 45m,1 stop,In-flight meal not included,5177
Multiple carriers,27/06/2019,Delhi,Cochin,DEL → BOM → COK,09:00,21:00,12h,1 stop,No info,7408
Air India,1/04/2019,Banglore,Delhi,BLR → DEL,17:00,19:45,2h 45m,non-stop,No info,5176
Jet Airways,27/06/2019,Banglore,Delhi,BLR → DEL,19:50,22:50,3h,non-stop,In-flight meal not included,7229
Vistara,24/06/2019,Delhi,Cochin,DEL → COK,06:00,09:10,3h 10m,non-stop,No info,6216
Air India,12/03/2019,Mumbai,Hyderabad,BOM → HYD,19:30,20:45,1h 15m,non-stop,No info,4307
Multiple carriers,3/06/2019,Delhi,Cochin,DEL → BOM → COK,09:00,19:00,10h,1 stop,No info,13714
Multiple carriers,24/06/2019,Delhi,Cochin,DEL → BOM → COK,11:30,01:30 25 Jun,14h,1 stop,No info,13377
Jet Airways,24/05/2019,Kolkata,Banglore,CCU → BOM → BLR,18:55,08:15 25 May,13h 20m,1 stop,No info,13731
Jet Airways,6/05/2019,Mumbai,Hyderabad,BOM → HYD,07:05,08:30,1h 25m,non-stop,No info,8040
Air India,6/06/2019,Kolkata,Banglore,CCU → BOM → BLR,16:50,11:10 07 Jun,18h 20m,1 stop,No info,8366
Jet Airways,15/06/2019,Delhi,Cochin,DEL → JAI → BOM → COK,19:30,12:35 16 Jun,17h 5m,2 stops,In-flight meal not included,10368
Air Asia,3/05/2019,Kolkata,Banglore,CCU → BLR,19:55,22:25,2h 30m,non-stop,No info,5989
Jet Airways,1/05/2019,Kolkata,Banglore,CCU → BOM → BLR,14:05,10:05 02 May,20h,1 stop,No info,13941
IndiGo,9/06/2019,Kolkata,Banglore,CCU → BLR,17:15,19:50,2h 35m,non-stop,No info,4804
Jet Airways,9/05/2019,Mumbai,Hyderabad,BOM → HYD,10:20,11:50,1h 30m,non-stop,No info,8040
IndiGo,12/05/2019,Kolkata,Banglore,CCU → BBI → BLR,19:35,23:15,3h 40m,1 stop,No info,5276
Jet Airways,15/05/2019,Kolkata,Banglore,CCU → DEL → BLR,09:35,23:35,14h,1 stop,No info,14151
SpiceJet,12/06/2019,Delhi,Cochin,DEL → BLR → COK,17:55,22:50,4h 55m,1 stop,No info,4957
IndiGo,15/05/2019,Delhi,Cochin,DEL → HYD → COK,07:35,16:10,8h 35m,1 stop,No info,6442
Jet Airways,27/06/2019,Delhi,Cochin,DEL → NAG → BOM → COK,14:35,12:35 28 Jun,22h,2 stops,In-flight meal not included,10919
SpiceJet,18/06/2019,Chennai,Kolkata,MAA → CCU,17:45,20:05,2h 20m,non-stop,No info,3597
Air India,18/05/2019,Kolkata,Banglore,CCU → GAU → DEL → BLR,09:50,23:15,13h 25m,2 stops,No info,15957
Jet Airways,21/03/2019,Banglore,New Delhi,BLR → BOM → DEL,22:50,11:25 19 Mar,12h 35m,1 stop,In-flight meal not included,7832
Jet Airways,15/03/2019,Banglore,New Delhi,BLR → BOM → DEL,05:45,15:15,9h 30m,1 stop,In-flight meal not included,9134
Jet Airways,1/05/2019,Kolkata,Banglore,CCU → BOM → BLR,14:05,22:35,8h 30m,1 stop,No info,14781
Air India,9/05/2019,Delhi,Cochin,DEL → BOM → COK,09:00,19:15,10h 15m,1 stop,No info,8372
IndiGo,24/06/2019,Delhi,Cochin,DEL → COK,14:20,17:35,3h 15m,non-stop,No info,5000
Multiple carriers,3/03/2019,Delhi,Cochin,DEL → BOM → COK,13:00,21:00,8h,1 stop,No info,17493
Jet Airways,21/06/2019,Banglore,Delhi,BLR → DEL,19:50,22:50,3h,non-stop,No info,8541
Jet Airways,24/05/2019,Kolkata,Banglore,CCU → BOM → BLR,08:25,20:45,12h 20m,1 stop,No info,14571
Jet Airways,27/05/2019,Delhi,Cochin,DEL → AMD → BOM → COK,23:05,04:25 29 May,29h 20m,2 stops,No info,16704
Air Asia,24/05/2019,Kolkata,Banglore,CCU → IXR → DEL → BLR,15:10,23:30,8h 20m,2 stops,No info,5192
Jet Airways,24/05/2019,Mumbai,Hyderabad,BOM → HYD,02:55,04:20,1h 25m,non-stop,In-flight meal not included,4995
Multiple carriers,27/03/2019,Delhi,Cochin,DEL → BOM → COK,10:45,19:15,8h 30m,1 stop,No info,7154
IndiGo,6/06/2019,Delhi,Cochin,DEL → BOM → COK,09:15,01:30 07 Jun,16h 15m,1 stop,No info,6628
Jet Airways,18/05/2019,Banglore,Delhi,BLR → DEL,19:50,22:50,3h,non-stop,In-flight meal not included,5198
IndiGo,24/03/2019,Banglore,New Delhi,BLR → DEL,01:30,04:15,2h 45m,non-stop,No info,4777
Jet Airways,1/05/2019,Kolkata,Banglore,CCU → DEL → BLR,17:00,21:05 02 May,28h 5m,1 stop,No info,12121
IndiGo,09/03/2019,Banglore,New Delhi,BLR → DEL,00:40,03:25,2h 45m,non-stop,No info,4545
SpiceJet,9/06/2019,Delhi,Cochin,DEL → PNQ → COK,08:45,13:15,4h 30m,1 stop,No info,5264
Air India,12/03/2019,Mumbai,Hyderabad,BOM → AMD → ISK → HYD,05:30,14:50,9h 20m,2 stops,No info,11342
Jet Airways,9/06/2019,Kolkata,Banglore,CCU → BOM → BLR,21:10,23:35 10 Jun,26h 25m,1 stop,In-flight meal not included,10844
Jet Airways,9/03/2019,Delhi,Cochin,DEL → BDQ → BOM → COK,10:45,04:25 10 Mar,17h 40m,2 stops,In-flight meal not included,15654
IndiGo,3/03/2019,Delhi,Cochin,DEL → COK,21:05,00:20 04 Mar,3h 15m,non-stop,No info,7673
Air India,09/03/2019,Banglore,New Delhi,BLR → CCU → DEL,11:05,22:45,11h 40m,1 stop,No info,10657
Jet Airways,3/04/2019,Mumbai,Hyderabad,BOM → HYD,02:55,04:20,1h 25m,non-stop,In-flight meal not included,2228
Air Asia,1/03/2019,Kolkata,Banglore,CCU → BLR,10:20,12:55,2h 35m,non-stop,No info,5620
Air India,21/05/2019,Kolkata,Banglore,CCU → BOM → BLR,09:25,07:55 22 May,22h 30m,1 stop,No info,8891
Vistara,21/05/2019,Kolkata,Banglore,CCU → DEL → BLR,17:00,20:20 22 May,27h 20m,1 stop,No info,9345
Multiple carriers,27/05/2019,Delhi,Cochin,DEL → BOM → COK,08:00,19:15,11h 15m,1 stop,In-flight meal not included,11761
Multiple carriers,6/03/2019,Delhi,Cochin,DEL → BOM → COK,04:00,15:30,11h 30m,1 stop,No info,13135
IndiGo,9/05/2019,Delhi,Cochin,DEL → COK,14:25,17:40,3h 15m,non-stop,No info,6015
Multiple carriers,3/06/2019,Delhi,Cochin,DEL → HYD → COK,09:45,16:10,6h 25m,1 stop,No info,9646
Jet Airways,15/06/2019,Banglore,Delhi,BLR → DEL,17:45,20:45,3h,non-stop,No info,8016
IndiGo,21/04/2019,Kolkata,Banglore,CCU → BLR,21:25,00:05 22 Apr,2h 40m,non-stop,No info,4804
Jet Airways,24/06/2019,Delhi,Cochin,DEL → NAG → BOM → COK,14:35,04:25 25 Jun,13h 50m,2 stops,No info,13376
Air India,1/04/2019,Kolkata,Banglore,CCU → DEL → BLR,20:30,08:55 02 Apr,12h 25m,1 stop,No info,7893
IndiGo,3/03/2019,Delhi,Cochin,DEL → HYD → COK,08:35,22:20,13h 45m,1 stop,No info,10236
Air India,24/04/2019,Banglore,Delhi,BLR → DEL,21:05,23:55,2h 50m,non-stop,No info,5228
Air India,15/03/2019,Banglore,New Delhi,BLR → VGA → HYD → DEL,10:30,21:25,10h 55m,2 stops,No info,6593
Air India,21/03/2019,Delhi,Cochin,DEL → RPR → NAG → BOM → COK,05:15,19:15 22 Mar,38h,3 stops,No info,9128
IndiGo,03/03/2019,Banglore,New Delhi,BLR → DEL,07:10,10:05,2h 55m,non-stop,No info,7648
Multiple carriers,9/03/2019,Delhi,Cochin,DEL → BOM → COK,18:15,01:35 10 Mar,7h 20m,1 stop,In-flight meal not included,14086
IndiGo,27/05/2019,Delhi,Cochin,DEL → LKO → COK,21:50,03:35 28 May,5h 45m,1 stop,No info,6769
SpiceJet,27/03/2019,Chennai,Kolkata,MAA → CCU,17:45,20:05,2h 20m,non-stop,No check-in baggage included,3332
Air India,12/06/2019,Banglore,Delhi,BLR → DEL,21:05,23:55,2h 50m,non-stop,No info,5228
Jet Airways,21/03/2019,Delhi,Cochin,DEL → BDQ → BOM → COK,10:45,18:50 22 Mar,32h 5m,2 stops,In-flight meal not included,9270
Jet Airways,27/03/2019,Delhi,Cochin,DEL → MAA → BOM → COK,17:35,19:45 28 Mar,26h 10m,2 stops,In-flight meal not included,8098
Jet Airways,12/06/2019,Kolkata,Banglore,CCU → BOM → BLR,16:30,10:05 13 Jun,17h 35m,1 stop,In-flight meal not included,8529
Jet Airways,15/06/2019,Delhi,Cochin,DEL → IDR → BOM → COK,09:35,12:35 16 Jun,27h,2 stops,No info,12609
Jet Airways,3/06/2019,Delhi,Cochin,DEL → BDQ → BOM → COK,18:25,12:35 04 Jun,18h 10m,2 stops,No info,14237
Air India,18/05/2019,Kolkata,Banglore,CCU → DEL → BLR,07:00,20:25,13h 25m,1 stop,No info,11306
Multiple carriers,3/06/2019,Delhi,Cochin,DEL → BOM → COK,03:50,19:00,15h 10m,1 stop,No info,12192
Jet Airways,3/06/2019,Delhi,Cochin,DEL → BOM → COK,16:00,12:35 04 Jun,20h 35m,1 stop,In-flight meal not included,10262
Jet Airways,1/06/2019,Banglore,Delhi,BLR → DEL,18:55,22:00,3h 5m,non-stop,In-flight meal not included,7229
Jet Airways,6/05/2019,Kolkata,Banglore,CCU → DEL → BLR,09:35,21:05,11h 30m,1 stop,No info,12121
Jet Airways,6/06/2019,Delhi,Cochin,DEL → BOM → COK,15:00,19:00 07 Jun,28h,1 stop,In-flight meal not included,10262
Air Asia,21/05/2019,Kolkata,Banglore,CCU → BLR,22:50,01:20 22 May,2h 30m,non-stop,No info,4107
Jet Airways,27/06/2019,Delhi,Cochin,DEL → AMD → BOM → COK,13:25,19:00 28 Jun,29h 35m,2 stops,No info,15339
Jet Airways,6/05/2019,Kolkata,Banglore,CCU → DEL → BLR,20:25,22:05 07 May,25h 40m,1 stop,No info,11467
IndiGo,3/05/2019,Kolkata,Banglore,CCU → BLR,04:40,07:15,2h 35m,non-stop,No info,4804
Air India,12/03/2019,Banglore,New Delhi,BLR → HYD → VGA → DEL,06:50,22:55,16h 5m,2 stops,No info,11474
Jet Airways,18/05/2019,Kolkata,Banglore,CCU → BOM → BLR,18:55,08:15 19 May,13h 20m,1 stop,In-flight meal not included,7757
SpiceJet,18/06/2019,Banglore,Delhi,BLR → DEL,05:55,08:35,2h 40m,non-stop,No check-in baggage included,3573
Jet Airways,12/06/2019,Delhi,Cochin,DEL → BOM → COK,13:00,19:00,6h,1 stop,No info,14714
Jet Airways,21/03/2019,Delhi,Cochin,DEL → BOM → COK,14:00,04:25 22 Mar,14h 25m,1 stop,In-flight meal not included,7438
GoAir,15/03/2019,Banglore,New Delhi,BLR → GOI → DEL,15:45,20:15,4h 30m,1 stop,No info,7657
IndiGo,12/06/2019,Banglore,Delhi,BLR → DEL,18:55,21:50,2h 55m,non-stop,No info,4823
Jet Airways,18/03/2019,Banglore,New Delhi,BLR → BOM → DEL,14:05,20:20,6h 15m,1 stop,In-flight meal not included,11087
Vistara,9/05/2019,Banglore,Delhi,BLR → DEL,09:45,12:35,2h 50m,non-stop,No info,4668
SpiceJet,6/05/2019,Kolkata,Banglore,CCU → BLR,09:00,11:25,2h 25m,non-stop,No info,4174
Vistara,27/05/2019,Banglore,Delhi,BLR → DEL,07:00,09:40,2h 40m,non-stop,No info,4668
Jet Airways,9/05/2019,Banglore,Delhi,BLR → DEL,19:50,22:50,3h,non-stop,No info,7229
Air Asia,6/06/2019,Banglore,Delhi,BLR → DEL,04:55,07:45,2h 50m,non-stop,No info,4282
Multiple carriers,6/06/2019,Delhi,Cochin,DEL → BOM → COK,11:40,01:30 07 Jun,13h 50m,1 stop,No info,6795
Jet Airways,12/06/2019,Kolkata,Banglore,CCU → DEL → BLR,17:00,23:35,6h 35m,1 stop,No info,12692
Air Asia,1/05/2019,Kolkata,Banglore,CCU → BLR,22:50,01:20 02 May,2h 30m,non-stop,No info,4409
GoAir,9/06/2019,Delhi,Cochin,DEL → BOM → COK,14:25,19:35,5h 10m,1 stop,No info,9069
Jet Airways,9/06/2019,Kolkata,Banglore,CCU → BOM → BLR,06:30,23:35,17h 5m,1 stop,No info,14571
Multiple carriers,12/06/2019,Delhi,Cochin,DEL → BOM → COK,08:00,21:00,13h,1 stop,No info,13797
Air India,21/03/2019,Delhi,Cochin,DEL → LKO → BOM → COK,12:20,19:15 22 Mar,30h 55m,2 stops,No info,10703
Jet Airways,9/05/2019,Delhi,Cochin,DEL → BOM → COK,08:00,19:00,11h,1 stop,No info,15554
IndiGo,1/06/2019,Delhi,Cochin,DEL → MAA → COK,02:00,07:25,5h 25m,1 stop,No info,5636
Vistara,12/06/2019,Banglore,Delhi,BLR → DEL,17:00,19:35,2h 35m,non-stop,No info,4878
IndiGo,12/06/2019,Delhi,Cochin,DEL → COK,14:25,17:40,3h 15m,non-stop,No info,5601
Vistara,03/03/2019,Banglore,New Delhi,BLR → DEL,16:00,18:35,2h 35m,non-stop,No info,13383
Jet Airways,12/06/2019,Delhi,Cochin,DEL → NAG → BOM → COK,06:45,04:25 13 Jun,21h 40m,2 stops,No info,13376
Vistara,18/05/2019,Kolkata,Banglore,CCU → DEL → BLR,17:00,20:20 19 May,27h 20m,1 stop,No info,9555
Vistara,6/03/2019,Mumbai,Hyderabad,BOM → DEL → HYD,10:25,22:55,12h 30m,1 stop,No info,12395
SpiceJet,15/05/2019,Kolkata,Banglore,CCU → IXB → BLR,15:55,21:25,5h 30m,1 stop,No info,7804
Jet Airways,1/06/2019,Delhi,Cochin,DEL → JAI → BOM → COK,09:40,12:35 02 Jun,26h 55m,2 stops,No info,13014
Jet Airways,6/05/2019,Kolkata,Banglore,CCU → BOM → BLR,21:10,08:15 07 May,11h 5m,1 stop,No info,13584
Jet Airways,15/03/2019,Banglore,New Delhi,BLR → BOM → DEL,05:45,11:25,5h 40m,1 stop,In-flight meal not included,9134
SpiceJet,24/05/2019,Kolkata,Banglore,CCU → KNU → BLR,11:35,18:50,7h 15m,1 stop,No info,8479
Air India,21/05/2019,Kolkata,Banglore,CCU → JAI → BOM → BLR,08:20,18:30,10h 10m,2 stops,No info,10697
Jet Airways,6/03/2019,Delhi,Cochin,DEL → UDR → BOM → COK,17:55,04:25 08 Mar,34h 30m,2 stops,No info,17072
Air India,12/06/2019,Kolkata,Banglore,CCU → BLR,20:45,23:20,2h 35m,non-stop,No info,4145
IndiGo,24/03/2019,Kolkata,Banglore,CCU → BLR,09:35,12:20,2h 45m,non-stop,No info,6038
Air Asia,9/05/2019,Kolkata,Banglore,CCU → BBI → BLR,19:55,23:30,3h 35m,1 stop,No info,5162
Jet Airways,27/04/2019,Banglore,Delhi,BLR → DEL,19:50,22:50,3h,non-stop,In-flight meal not included,4544
Multiple carriers,15/05/2019,Delhi,Cochin,DEL → IDR → BOM → COK,15:05,01:30 16 May,10h 25m,2 stops,No info,16840
GoAir,27/06/2019,Delhi,Cochin,DEL → AMD → COK,07:25,13:35,6h 10m,1 stop,No info,4525
SpiceJet,9/06/2019,Chennai,Kolkata,MAA → CCU,09:45,12:00,2h 15m,non-stop,No check-in baggage included,3543
Air India,9/06/2019,Delhi,Cochin,DEL → HYD → BOM → COK,17:15,19:15 10 Jun,26h,2 stops,No info,12199
Multiple carriers,6/03/2019,Delhi,Cochin,DEL → BOM → COK,13:00,21:00,8h,1 stop,In-flight meal not included,15136
Jet Airways,21/03/2019,Delhi,Cochin,DEL → IDR → BOM → COK,05:25,18:50 22 Mar,37h 25m,2 stops,No info,12814
Jet Airways,6/06/2019,Delhi,Cochin,DEL → BOM → COK,15:00,04:25 07 Jun,13h 25m,1 stop,No info,14714
Jet Airways,6/05/2019,Kolkata,Banglore,CCU → BOM → BLR,08:25,19:50,11h 25m,1 stop,In-flight meal not included,10844
Vistara,1/06/2019,Delhi,Cochin,DEL → COK,14:40,17:50,3h 10m,non-stop,No info,6741
IndiGo,6/05/2019,Banglore,Delhi,BLR → DEL,10:10,13:00,2h 50m,non-stop,No info,3943
Air India,21/05/2019,Delhi,Cochin,DEL → AMD → BOM → COK,05:00,07:40 22 May,26h 40m,2 stops,No info,11806
Air India,01/03/2019,Banglore,New Delhi,BLR → DEL,13:20,16:10,2h 50m,non-stop,No info,12526
Air India,6/03/2019,Delhi,Cochin,DEL → TRV → COK,05:15,06:50 07 Mar,25h 35m,1 stop,No info,11522
Jet Airways,9/06/2019,Kolkata,Banglore,CCU → DEL → BLR,20:25,23:35 10 Jun,27h 10m,1 stop,No info,12692
Jet Airways,12/03/2019,Banglore,New Delhi,BLR → BOM → DEL,21:25,11:25 13 Mar,14h,1 stop,No info,13817
Jet Airways,12/06/2019,Delhi,Cochin,DEL → IDR → BOM → COK,09:35,04:25 13 Jun,18h 50m,2 stops,No info,13292
IndiGo,12/06/2019,Banglore,Delhi,BLR → DEL,00:30,03:25,2h 55m,non-stop,No info,3419
Jet Airways,21/05/2019,Delhi,Cochin,DEL → AMD → BOM → COK,23:05,04:25 23 May,29h 20m,2 stops,No info,15129
SpiceJet,27/05/2019,Kolkata,Banglore,CCU → BLR,17:10,19:40,2h 30m,non-stop,No check-in baggage included,3841
Jet Airways,01/03/2019,Banglore,New Delhi,BLR → BOM → DEL,05:45,21:20,15h 35m,1 stop,No info,27992
SpiceJet,3/06/2019,Banglore,Delhi,BLR → DEL,09:30,12:20,2h 50m,non-stop,No check-in baggage included,3919
Air India,18/05/2019,Delhi,Cochin,DEL → BOM → COK,10:00,19:15,9h 15m,1 stop,No info,8879
IndiGo,09/03/2019,Banglore,New Delhi,BLR → HYD → DEL,15:40,20:35,4h 55m,1 stop,No info,5226
Jet Airways,21/06/2019,Banglore,Delhi,BLR → DEL,08:20,11:20,3h,non-stop,No info,8016
Air India,24/03/2019,Kolkata,Banglore,CCU → HYD → BLR,19:00,11:05 25 Mar,16h 5m,1 stop,No info,5567
SpiceJet,15/06/2019,Banglore,Delhi,BLR → DEL,05:55,08:35,2h 40m,non-stop,No info,4423
SpiceJet,27/05/2019,Banglore,Delhi,BLR → DEL,09:30,12:20,2h 50m,non-stop,No info,3625
Jet Airways,6/05/2019,Kolkata,Banglore,CCU → DEL → BLR,20:25,18:00 07 May,21h 35m,1 stop,In-flight meal not included,9314
Vistara,1/05/2019,Kolkata,Banglore,CCU → DEL → BLR,20:20,20:20 02 May,24h,1 stop,No info,8610
Vistara,1/04/2019,Kolkata,Banglore,CCU → DEL → BLR,20:20,18:50 02 Apr,22h 30m,1 stop,No info,7927
Air India,9/05/2019,Kolkata,Banglore,CCU → BBI → BLR,12:00,13:15 10 May,25h 15m,1 stop,No info,6612
IndiGo,1/06/2019,Banglore,Delhi,BLR → DEL,00:25,03:15,2h 50m,non-stop,No info,4077
Multiple carriers,9/03/2019,Delhi,Cochin,DEL → BOM → COK,06:50,21:00,14h 10m,1 stop,In-flight meal not included,14086
Jet Airways,21/05/2019,Kolkata,Banglore,CCU → BOM → BLR,16:30,22:35,6h 5m,1 stop,No info,14781
Jet Airways,15/06/2019,Delhi,Cochin,DEL → BOM → COK,11:30,19:00,7h 30m,1 stop,No info,14714
IndiGo,27/03/2019,Delhi,Cochin,DEL → BOM → COK,09:10,15:30,6h 20m,1 stop,No info,10141
SpiceJet,27/04/2019,Kolkata,Banglore,CCU → BLR,09:00,11:25,2h 25m,non-stop,No info,4174
Multiple carriers,3/03/2019,Delhi,Cochin,DEL → HYD → MAA → COK,13:05,21:20,8h 15m,2 stops,No info,11966
Multiple carriers,18/05/2019,Delhi,Cochin,DEL → BOM → COK,06:00,21:00,15h,1 stop,No info,7670
Air India,03/03/2019,Banglore,New Delhi,BLR → BBI → DEL,09:30,16:20,6h 50m,1 stop,No info,11654
Multiple carriers,24/06/2019,Delhi,Cochin,DEL → BOM → COK,13:00,01:30 25 Jun,12h 30m,1 stop,No info,7198
IndiGo,27/06/2019,Delhi,Cochin,DEL → BOM → COK,17:10,01:30 28 Jun,8h 20m,1 stop,No info,5684
Jet Airways,12/03/2019,Banglore,New Delhi,BLR → BOM → DEL,05:45,08:15 13 Mar,26h 30m,1 stop,No info,12547
Air India,9/04/2019,Kolkata,Banglore,CCU → HYD → BLR,19:00,11:05 10 Apr,16h 5m,1 stop,No info,4647
Jet Airways,6/06/2019,Delhi,Cochin,DEL → NAG → BOM → COK,14:35,04:25 07 Jun,13h 50m,2 stops,No info,13376
IndiGo,27/06/2019,Delhi,Cochin,DEL → BOM → COK,11:25,01:30 28 Jun,14h 5m,1 stop,No info,5684
SpiceJet,18/03/2019,Mumbai,Hyderabad,BOM → HYD,05:45,07:05,1h 20m,non-stop,No info,2437
Jet Airways,21/03/2019,Banglore,New Delhi,BLR → BOM → DEL,22:50,10:25 19 Mar,11h 35m,1 stop,In-flight meal not included,7832
Jet Airways,24/06/2019,Delhi,Cochin,DEL → IDR → BOM → COK,21:25,12:35 25 Jun,15h 10m,2 stops,In-flight meal not included,10199
Vistara,24/03/2019,Kolkata,Banglore,CCU → DEL → BLR,09:55,09:10 25 Mar,23h 15m,1 stop,No info,10842
Air Asia,3/05/2019,Kolkata,Banglore,CCU → BLR,10:20,12:55,2h 35m,non-stop,No info,4409
Jet Airways,9/03/2019,Delhi,Cochin,DEL → BDQ → BOM → COK,10:45,18:50 10 Mar,32h 5m,2 stops,No info,19329
Vistara,27/04/2019,Delhi,Cochin,DEL → COK,14:40,17:50,3h 10m,non-stop,No info,6216
Jet Airways,12/06/2019,Mumbai,Hyderabad,BOM → HYD,02:55,04:20,1h 25m,non-stop,No info,5678
Jet Airways,15/03/2019,Banglore,New Delhi,BLR → BOM → DEL,07:00,15:15,8h 15m,1 stop,In-flight meal not included,9134
IndiGo,1/04/2019,Banglore,Delhi,BLR → DEL,16:55,19:55,3h,non-stop,No info,4823
Air India,01/03/2019,Banglore,New Delhi,BLR → CCU → BBI → HYD → DEL,05:50,08:50 02 Mar,27h,3 stops,No info,13081
Jet Airways,12/06/2019,Kolkata,Banglore,CCU → BOM → BLR,21:10,04:40 13 Jun,7h 30m,1 stop,In-flight meal not included,7594
Jet Airways,12/05/2019,Banglore,Delhi,BLR → DEL,11:10,14:05,2h 55m,non-stop,In-flight meal not included,5198
Air India,24/03/2019,Kolkata,Banglore,CCU → DEL → BLR,20:30,12:30 25 Mar,16h,1 stop,No info,12173
IndiGo,27/04/2019,Delhi,Cochin,DEL → BLR → COK,02:00,07:45,5h 45m,1 stop,No info,7173
SpiceJet,9/06/2019,Mumbai,Hyderabad,BOM → HYD,22:45,00:15 10 Jun,1h 30m,non-stop,No check-in baggage included,1965
Jet Airways,21/05/2019,Kolkata,Banglore,CCU → DEL → BLR,20:25,19:10 22 May,22h 45m,1 stop,No info,13067
Air India,3/03/2019,Delhi,Cochin,DEL → BHO → BOM → COK,05:55,19:15 04 Mar,37h 20m,2 stops,No info,13748
Jet Airways,12/03/2019,Banglore,New Delhi,BLR → BOM → DEL,18:55,08:15 13 Mar,13h 20m,1 stop,No info,13817
Air India,01/03/2019,Banglore,New Delhi,BLR → BBI → DEL,09:30,12:05 02 Mar,26h 35m,1 stop,No info,12704
SpiceJet,09/03/2019,Banglore,New Delhi,BLR → DEL,20:30,23:20,2h 50m,non-stop,No info,6205
Jet Airways,9/05/2019,Kolkata,Banglore,CCU → DEL → BLR,17:00,18:00 10 May,25h,1 stop,No info,10624
Jet Airways,1/06/2019,Delhi,Cochin,DEL → JAI → BOM → COK,09:40,04:25 02 Jun,18h 45m,2 stops,No info,13014
Air India,18/03/2019,Banglore,New Delhi,BLR → DEL,21:05,23:55,2h 50m,non-stop,No info,4441
Jet Airways,1/05/2019,Kolkata,Banglore,CCU → BOM → BLR,08:25,04:40 02 May,20h 15m,1 stop,In-flight meal not included,8586
GoAir,03/03/2019,Banglore,New Delhi,BLR → DEL,20:55,23:50,2h 55m,non-stop,No info,7222
Jet Airways,21/05/2019,Kolkata,Banglore,CCU → DEL → BLR,20:25,18:00 22 May,21h 35m,1 stop,No info,14151
Multiple carriers,21/03/2019,Delhi,Cochin,DEL → BOM → COK,14:00,21:00,7h,1 stop,No info,13062
Jet Airways,9/04/2019,Banglore,Delhi,BLR → DEL,19:50,22:50,3h,non-stop,No info,7229
Air India,06/03/2019,Banglore,New Delhi,BLR → HYD → VGA → DEL,08:15,22:55,14h 40m,2 stops,No info,13942
Jet Airways,1/06/2019,Delhi,Cochin,DEL → BOM → COK,19:15,04:25 02 Jun,9h 10m,1 stop,In-flight meal not included,10262
IndiGo,27/04/2019,Delhi,Cochin,DEL → HYD → COK,05:05,16:10,11h 5m,1 stop,No info,6171
Air India,12/06/2019,Delhi,Cochin,DEL → LKO → BOM → COK,07:10,07:40 13 Jun,24h 30m,2 stops,No info,12488
Jet Airways,09/03/2019,Banglore,New Delhi,BLR → BOM → DEL,08:55,11:25 13 Mar,26h 30m,1 stop,In-flight meal not included,11087
Jet Airways,21/03/2019,Delhi,Cochin,DEL → BOM → COK,18:15,04:25 22 Mar,10h 10m,1 stop,No info,12557
Air India,6/03/2019,Delhi,Cochin,DEL → HYD → MAA → COK,07:05,09:25 07 Mar,26h 20m,2 stops,No info,9190
Air India,12/06/2019,Kolkata,Banglore,CCU → IXR → DEL → BLR,05:50,08:55 13 Jun,27h 5m,2 stops,No info,12723
Jet Airways,15/06/2019,Delhi,Cochin,DEL → BOM → COK,07:05,04:25 16 Jun,21h 20m,1 stop,In-flight meal not included,10262
IndiGo,27/05/2019,Delhi,Cochin,DEL → BOM → COK,11:25,21:00,9h 35m,1 stop,No info,6314
Jet Airways,6/05/2019,Kolkata,Banglore,CCU → BOM → BLR,06:30,18:15,11h 45m,1 stop,In-flight meal not included,10844
IndiGo,24/05/2019,Banglore,Delhi,BLR → DEL,07:10,10:05,2h 55m,non-stop,No info,4823
Vistara,12/03/2019,Mumbai,Hyderabad,BOM → DEL → HYD,07:30,19:55,12h 25m,1 stop,No info,12080
Jet Airways,18/05/2019,Delhi,Cochin,DEL → JAI → BOM → COK,09:40,19:00,9h 20m,2 stops,No info,15129
Jet Airways,12/06/2019,Kolkata,Banglore,CCU → BOM → BLR,14:05,20:45,6h 40m,1 stop,No info,13626
Air Asia,9/05/2019,Kolkata,Banglore,CCU → BBI → BLR,06:50,10:30,3h 40m,1 stop,No info,5162
IndiGo,21/03/2019,Delhi,Cochin,DEL → BOM → COK,08:25,15:30,7h 5m,1 stop,No info,9709
Jet Airways,18/05/2019,Delhi,Cochin,DEL → JAI → BOM → COK,09:40,19:00,9h 20m,2 stops,In-flight meal not included,13029
Jet Airways,9/06/2019,Delhi,Cochin,DEL → BOM → COK,21:50,12:35 10 Jun,14h 45m,1 stop,In-flight meal not included,10262
IndiGo,03/03/2019,Banglore,New Delhi,BLR → DEL,16:55,19:45,2h 50m,non-stop,No info,8855
IndiGo,24/06/2019,Chennai,Kolkata,MAA → CCU,19:35,21:55,2h 20m,non-stop,No info,3597
Jet Airways,27/06/2019,Mumbai,Hyderabad,BOM → HYD,10:20,11:50,1h 30m,non-stop,In-flight meal not included,4995
Jet Airways,12/06/2019,Kolkata,Banglore,CCU → GAU → BLR,10:20,17:35,7h 15m,1 stop,In-flight meal not included,5608
IndiGo,6/03/2019,Delhi,Cochin,DEL → HYD → MAA → COK,06:40,21:20,14h 40m,2 stops,No info,6610
Air India,12/03/2019,Banglore,New Delhi,BLR → BOM → NAG → DEL,17:25,10:15 13 Mar,16h 50m,2 stops,No info,12778
Jet Airways,6/06/2019,Kolkata,Banglore,CCU → DEL → BLR,09:35,19:10,9h 35m,1 stop,No info,14151
Jet Airways,18/05/2019,Delhi,Cochin,DEL → BOM → COK,14:00,12:35 19 May,22h 35m,1 stop,In-flight meal not included,12373
Multiple carriers,27/05/2019,Delhi,Cochin,DEL → HYD → COK,07:05,22:30,15h 25m,1 stop,No info,9856
IndiGo,1/06/2019,Delhi,Cochin,DEL → HYD → COK,07:35,22:30,14h 55m,1 stop,No info,6442
IndiGo,9/05/2019,Delhi,Cochin,DEL → BOM → COK,11:25,01:30 10 May,14h 5m,1 stop,No info,8330
Jet Airways,12/03/2019,Banglore,New Delhi,BLR → BOM → DEL,18:55,10:25 13 Mar,15h 30m,1 stop,No info,13817
Jet Airways,9/05/2019,Delhi,Cochin,DEL → BOM → COK,08:00,04:25 10 May,20h 25m,1 stop,In-flight meal not included,12373
IndiGo,9/06/2019,Banglore,Delhi,BLR → DEL,18:55,21:50,2h 55m,non-stop,No info,4823
Jet Airways,6/04/2019,Delhi,Cochin,DEL → BOM → COK,11:30,19:00,7h 30m,1 stop,In-flight meal not included,5177
Air India,15/03/2019,Banglore,New Delhi,BLR → VGA → DEL,10:30,11:20 16 Mar,24h 50m,1 stop,No info,7013
Jet Airways,6/06/2019,Kolkata,Banglore,CCU → DEL → BLR,09:35,18:00,8h 25m,1 stop,In-flight meal not included,10539
Jet Airways,9/06/2019,Kolkata,Banglore,CCU → DEL → BLR,09:35,21:05,11h 30m,1 stop,In-flight meal not included,13994
Vistara,6/06/2019,Kolkata,Banglore,CCU → DEL → BLR,17:00,18:50 07 Jun,25h 50m,1 stop,No info,8820
IndiGo,6/04/2019,Banglore,Delhi,BLR → DEL,10:30,13:20,2h 50m,non-stop,No info,4423
Multiple carriers,27/05/2019,Delhi,Cochin,DEL → BOM → COK,09:00,21:00,12h,1 stop,No info,7618
SpiceJet,9/05/2019,Kolkata,Banglore,CCU → KNU → BLR,11:35,18:50,7h 15m,1 stop,No info,8479
Vistara,24/05/2019,Kolkata,Banglore,CCU → DEL → BLR,20:20,20:20 25 May,24h,1 stop,No info,9345
IndiGo,27/05/2019,Delhi,Cochin,DEL → HYD → COK,06:50,16:10,9h 20m,1 stop,No info,6674
GoAir,24/05/2019,Kolkata,Banglore,CCU → AMD → BLR,16:40,00:15 25 May,7h 35m,1 stop,No info,8855
Jet Airways,9/05/2019,Delhi,Cochin,DEL → JAI → BOM → COK,19:30,04:25 10 May,8h 55m,2 stops,In-flight meal not included,13029
Air India,27/06/2019,Kolkata,Banglore,CCU → BLR,14:15,16:45,2h 30m,non-stop,No info,5510
Jet Airways,1/05/2019,Kolkata,Banglore,CCU → BOM → BLR,06:30,08:15 02 May,25h 45m,1 stop,In-flight meal not included,9663
GoAir,15/04/2019,Banglore,Delhi,BLR → DEL,07:45,10:40,2h 55m,non-stop,No info,4632
SpiceJet,24/03/2019,Mumbai,Hyderabad,BOM → HYD,13:10,14:30,1h 20m,non-stop,No info,2753
Air India,12/03/2019,Banglore,New Delhi,BLR → BOM → NAG → DEL,08:50,10:15 13 Mar,25h 25m,2 stops,No info,12778
IndiGo,18/04/2019,Banglore,Delhi,BLR → DEL,20:00,22:50,2h 50m,non-stop,No info,4823
SpiceJet,15/05/2019,Kolkata,Banglore,CCU → BLR,22:20,00:40 16 May,2h 20m,non-stop,No check-in baggage included,3841
Multiple carriers,27/05/2019,Delhi,Cochin,DEL → HYD → COK,09:45,22:30,12h 45m,1 stop,No info,10486
IndiGo,24/04/2019,Banglore,Delhi,BLR → DEL,22:10,01:00 25 Apr,2h 50m,non-stop,No info,3625
Jet Airways,9/05/2019,Kolkata,Banglore,CCU → BOM → BLR,14:05,18:15 10 May,28h 10m,1 stop,No info,13584
Multiple carriers,27/03/2019,Delhi,Cochin,DEL → BOM → COK,11:30,21:00,9h 30m,1 stop,No info,12537
Jet Airways,15/03/2019,Banglore,New Delhi,BLR → BOM → DEL,18:55,00:45 13 Mar,5h 50m,1 stop,No info,21934
SpiceJet,3/06/2019,Chennai,Kolkata,MAA → CCU,08:20,10:35,2h 15m,non-stop,No info,3597
Multiple carriers,6/06/2019,Delhi,Cochin,DEL → BOM → COK,10:20,19:00,8h 40m,1 stop,No info,11789
Jet Airways,24/06/2019,Delhi,Cochin,DEL → JAI → BOM → COK,09:40,04:25 25 Jun,18h 45m,2 stops,In-flight meal not included,10368
Jet Airways,1/04/2019,Kolkata,Banglore,CCU → BOM → BLR,18:55,16:20 02 Apr,21h 25m,1 stop,No info,12681
IndiGo,6/06/2019,Banglore,Delhi,BLR → DEL,04:00,06:50,2h 50m,non-stop,No info,3943
IndiGo,6/06/2019,Delhi,Cochin,DEL → BOM → COK,20:25,01:30 07 Jun,5h 5m,1 stop,No info,5054
Jet Airways,3/06/2019,Delhi,Cochin,DEL → IDR → BOM → COK,09:35,12:35 04 Jun,27h,2 stops,In-flight meal not included,11507
Jet Airways,12/05/2019,Kolkata,Banglore,CCU → BOM → BLR,20:00,04:40 13 May,8h 40m,1 stop,No info,13941
Air Asia,9/06/2019,Kolkata,Banglore,CCU → DEL → BLR,07:35,23:30,15h 55m,1 stop,No info,7870
Multiple carriers,15/06/2019,Delhi,Cochin,DEL → BOM → COK,08:00,21:00,13h,1 stop,No info,7408
Jet Airways,1/04/2019,Kolkata,Banglore,CCU → BOM → BLR,16:30,08:15 02 Apr,15h 45m,1 stop,In-flight meal not included,7064
Air India,6/03/2019,Delhi,Cochin,DEL → HYD → BOM → COK,21:30,19:15 07 Mar,21h 45m,2 stops,No info,11552
IndiGo,27/04/2019,Delhi,Cochin,DEL → HYD → COK,07:35,12:10,4h 35m,1 stop,No info,5073
Jet Airways,12/06/2019,Delhi,Cochin,DEL → BOM → COK,15:00,12:35 13 Jun,21h 35m,1 stop,In-flight meal not included,10262
Jet Airways,27/06/2019,Delhi,Cochin,DEL → BHO → BOM → COK,05:30,12:35,7h 5m,2 stops,In-flight meal not included,13344
Air India,9/06/2019,Delhi,Cochin,DEL → CCU → BOM → COK,20:15,19:15 10 Jun,23h,2 stops,No info,13381
SpiceJet,12/05/2019,Chennai,Kolkata,MAA → CCU,09:45,12:00,2h 15m,non-stop,No check-in baggage included,3543
Jet Airways,27/05/2019,Delhi,Cochin,DEL → BOM → COK,11:30,04:25 28 May,16h 55m,1 stop,In-flight meal not included,12898
Air India,6/03/2019,Delhi,Cochin,DEL → AMD → BOM → COK,16:40,19:15 07 Mar,26h 35m,2 stops,No info,12646
IndiGo,3/05/2019,Mumbai,Hyderabad,BOM → HYD,20:05,21:40,1h 35m,non-stop,No info,2754
Jet Airways,12/06/2019,Kolkata,Banglore,CCU → BOM → BLR,20:00,09:20 13 Jun,13h 20m,1 stop,In-flight meal not included,8529
Jet Airways,24/06/2019,Delhi,Cochin,DEL → NAG → BOM → COK,14:35,04:25 25 Jun,13h 50m,2 stops,No info,13376
IndiGo,3/04/2019,Mumbai,Hyderabad,BOM → HYD,02:35,04:05,1h 30m,non-stop,No info,2754
Jet Airways,27/05/2019,Delhi,Cochin,DEL → BOM → COK,15:00,19:00 28 May,28h,1 stop,In-flight meal not included,12898
IndiGo,24/06/2019,Delhi,Cochin,DEL → BLR → COK,02:00,07:45,5h 45m,1 stop,No info,6016
Multiple carriers,1/06/2019,Delhi,Cochin,DEL → BOM → COK,11:25,19:15,7h 50m,1 stop,No info,8937
SpiceJet,1/05/2019,Mumbai,Hyderabad,BOM → HYD,13:15,14:45,1h 30m,non-stop,No check-in baggage included,2385
Jet Airways,1/05/2019,Kolkata,Banglore,CCU → DEL → BLR,20:25,23:35 02 May,27h 10m,1 stop,In-flight meal not included,9314
IndiGo,9/03/2019,Delhi,Cochin,DEL → BBI → COK,02:35,08:30,5h 55m,1 stop,No info,11532
SpiceJet,3/05/2019,Mumbai,Hyderabad,BOM → HYD,22:45,00:15 04 May,1h 30m,non-stop,No info,2227
SpiceJet,9/05/2019,Banglore,Delhi,BLR → DEL,09:30,12:20,2h 50m,non-stop,No check-in baggage included,4885
Multiple carriers,21/03/2019,Delhi,Cochin,DEL → HYD → COK,09:45,16:10,6h 25m,1 stop,No info,7242
Multiple carriers,12/06/2019,Delhi,Cochin,DEL → BOM → COK,13:00,01:30 13 Jun,12h 30m,1 stop,No info,13377
IndiGo,15/05/2019,Delhi,Cochin,DEL → BOM → COK,18:35,01:30 16 May,6h 55m,1 stop,No info,7191
Multiple carriers,27/03/2019,Delhi,Cochin,DEL → BOM → COK,17:45,01:35 28 Mar,7h 50m,1 stop,No info,7845
Jet Airways,18/05/2019,Delhi,Cochin,DEL → COK,11:00,14:15,3h 15m,non-stop,No info,9564
IndiGo,27/05/2019,Mumbai,Hyderabad,BOM → HYD,21:20,22:50,1h 30m,non-stop,No info,2227
IndiGo,21/05/2019,Banglore,Delhi,BLR → DEL,07:10,10:05,2h 55m,non-stop,No info,4823
Jet Airways,27/06/2019,Banglore,Delhi,BLR → DEL,08:20,11:20,3h,non-stop,In-flight meal not included,6478
Jet Airways,12/03/2019,Banglore,New Delhi,BLR → BOM → DEL,07:00,21:20,14h 20m,1 stop,No info,13817
Jet Airways,6/05/2019,Kolkata,Banglore,CCU → BOM → BLR,16:30,23:35,7h 5m,1 stop,In-flight meal not included,11841
Multiple carriers,27/05/2019,Delhi,Cochin,DEL → BOM → COK,10:20,01:30 28 May,15h 10m,1 stop,No info,6795
Air India,12/06/2019,Mumbai,Hyderabad,BOM → HYD,19:30,20:45,1h 15m,non-stop,No info,3100
IndiGo,9/05/2019,Delhi,Cochin,DEL → HYD → COK,16:10,22:30,6h 20m,1 stop,No info,6704
Vistara,12/03/2019,Mumbai,Hyderabad,BOM → DEL → HYD,19:45,19:55 13 Mar,24h 10m,1 stop,No info,12080
Jet Airways,12/03/2019,Banglore,New Delhi,BLR → BOM → DEL,20:35,18:25 13 Mar,21h 50m,1 stop,In-flight meal not included,11087
Jet Airways,12/03/2019,Banglore,New Delhi,BLR → BOM → DEL,20:35,20:20 13 Mar,23h 45m,1 stop,In-flight meal not included,11087
Air India,24/06/2019,Delhi,Cochin,DEL → TRV → COK,05:15,06:50 25 Jun,25h 35m,1 stop,No info,6587
IndiGo,12/06/2019,Kolkata,Banglore,CCU → PNQ → BLR,21:00,02:15 13 Jun,5h 15m,1 stop,No info,5930
Air India,21/03/2019,Banglore,New Delhi,BLR → HYD → DEL,08:15,23:10,14h 55m,1 stop,No info,4943
Jet Airways,24/06/2019,Banglore,Delhi,BLR → DEL,18:55,22:00,3h 5m,non-stop,In-flight meal not included,6478
Jet Airways,27/06/2019,Delhi,Cochin,DEL → JAI → BOM → COK,19:30,12:35 28 Jun,17h 5m,2 stops,No info,13764
SpiceJet,3/03/2019,Delhi,Cochin,DEL → MAA → COK,15:55,21:55,6h,1 stop,No info,11349
Jet Airways,27/03/2019,Delhi,Cochin,DEL → BOM → COK,15:05,04:25 28 Mar,13h 20m,1 stop,No info,12242
Jet Airways,18/05/2019,Kolkata,Banglore,CCU → DEL → BLR,09:35,14:25 19 May,28h 50m,1 stop,No info,13067
Multiple carriers,9/06/2019,Delhi,Cochin,DEL → BOM → COK,16:00,01:30 10 Jun,9h 30m,1 stop,No info,13587
Multiple carriers,6/06/2019,Delhi,Cochin,DEL → BOM → COK,06:00,19:15,13h 15m,1 stop,No info,8266
IndiGo,21/03/2019,Delhi,Cochin,DEL → BOM → COK,07:30,21:00,13h 30m,1 stop,No info,8784
Jet Airways,9/05/2019,Kolkata,Banglore,CCU → DEL → BLR,17:00,14:25 10 May,21h 25m,1 stop,In-flight meal not included,9314
Air India,21/05/2019,Delhi,Cochin,DEL → AMD → BOM → COK,05:00,19:15 22 May,38h 15m,2 stops,No info,9968
Air India,9/05/2019,Delhi,Cochin,DEL → BLR → COK,17:40,23:00,5h 20m,1 stop,No info,7174
Vistara,15/03/2019,Banglore,New Delhi,BLR → DEL,09:50,12:35,2h 45m,non-stop,No info,6138
Multiple carriers,15/05/2019,Delhi,Cochin,DEL → BOM → COK,03:50,19:00,15h 10m,1 stop,No info,10197
Jet Airways,21/05/2019,Kolkata,Banglore,CCU → BOM → BLR,14:05,08:15 22 May,18h 10m,1 stop,In-flight meal not included,9663
Multiple carriers,3/06/2019,Delhi,Cochin,DEL → BOM → COK,07:00,21:00,14h,1 stop,No info,7618
Jet Airways,24/03/2019,Kolkata,Banglore,CCU → BOM → BLR,21:10,18:10 25 Mar,21h,1 stop,No info,13759
Jet Airways,18/05/2019,Delhi,Cochin,DEL → BOM → COK,11:30,12:35 19 May,25h 5m,1 stop,In-flight meal not included,12373
Jet Airways,24/03/2019,Kolkata,Banglore,CCU → BOM → BLR,06:30,22:35,16h 5m,1 stop,No info,13339
SpiceJet,6/03/2019,Kolkata,Banglore,CCU → BLR,17:15,19:45,2h 30m,non-stop,No info,4622
Air Asia,9/05/2019,Banglore,Delhi,BLR → DEL,11:10,13:55,2h 45m,non-stop,No info,3383
Jet Airways,15/03/2019,Banglore,New Delhi,BLR → BOM → DEL,14:05,08:15 16 Mar,18h 10m,1 stop,In-flight meal not included,9134
Jet Airways,12/06/2019,Delhi,Cochin,DEL → JAI → BOM → COK,09:40,04:25 13 Jun,18h 45m,2 stops,In-flight meal not included,10368
Jet Airways,15/06/2019,Delhi,Cochin,DEL → BOM → COK,22:50,12:35 16 Jun,13h 45m,1 stop,In-flight meal not included,10262
Multiple carriers,3/03/2019,Delhi,Cochin,DEL → BOM → COK,10:00,21:00,11h,1 stop,No info,16863
IndiGo,3/03/2019,Chennai,Kolkata,MAA → CCU,11:35,14:00,2h 25m,non-stop,No info,7295
Air India,12/06/2019,Kolkata,Banglore,CCU → BOM → BLR,16:50,11:10 13 Jun,18h 20m,1 stop,No info,8366
Air India,18/05/2019,Kolkata,Banglore,CCU → DEL → COK → BLR,10:00,01:20 19 May,15h 20m,2 stops,No info,13243
SpiceJet,1/06/2019,Mumbai,Hyderabad,BOM → HYD,22:45,00:15 02 Jun,1h 30m,non-stop,No check-in baggage included,1965
IndiGo,9/06/2019,Delhi,Cochin,DEL → HYD → COK,06:50,16:10,9h 20m,1 stop,No info,6442
Jet Airways,12/06/2019,Banglore,Delhi,BLR → DEL,15:15,18:10,2h 55m,non-stop,No info,8016
Multiple carriers,12/06/2019,Delhi,Cochin,DEL → BOM → COK,12:50,21:00,8h 10m,1 stop,No info,7005
Jet Airways,9/05/2019,Delhi,Cochin,DEL → AMD → BOM → COK,23:05,04:25 11 May,29h 20m,2 stops,No info,15129
IndiGo,15/05/2019,Kolkata,Banglore,CCU → MAA → BLR,06:20,10:20,4h,1 stop,No info,4226
Jet Airways,6/03/2019,Delhi,Cochin,DEL → IDR → BOM → COK,05:25,04:25 07 Mar,23h,2 stops,In-flight meal not included,16389
IndiGo,21/04/2019,Kolkata,Banglore,CCU → BLR,11:30,14:05,2h 35m,non-stop,No info,5644
Jet Airways,1/06/2019,Delhi,Cochin,DEL → JAI → BOM → COK,05:30,04:25 02 Jun,22h 55m,2 stops,No info,13014
Jet Airways,24/06/2019,Delhi,Cochin,DEL → JDH → BOM → COK,11:40,19:00,7h 20m,2 stops,No info,18804
Air Asia,21/04/2019,Kolkata,Banglore,CCU → BLR,22:50,01:20 22 Apr,2h 30m,non-stop,No info,5645
Air India,24/05/2019,Kolkata,Banglore,CCU → GAU → DEL → BLR,09:50,08:55 25 May,23h 5m,2 stops,No info,15170
IndiGo,1/06/2019,Chennai,Kolkata,MAA → CCU,19:35,21:55,2h 20m,non-stop,No info,3597
Jet Airways,9/06/2019,Banglore,Delhi,BLR → DEL,17:45,20:45,3h,non-stop,In-flight meal not included,7229
IndiGo,27/03/2019,Delhi,Cochin,DEL → HYD → COK,04:55,16:10,11h 15m,1 stop,No info,6171
SpiceJet,9/05/2019,Kolkata,Banglore,CCU → MAA → BLR,15:05,20:20,5h 15m,1 stop,No info,4963
Air India,9/04/2019,Delhi,Cochin,DEL → HYD → BOM → COK,13:05,07:40 10 Apr,18h 35m,2 stops,No info,8577
Jet Airways,27/06/2019,Delhi,Cochin,DEL → AMD → BOM → COK,23:05,12:35 28 Jun,13h 30m,2 stops,In-flight meal not included,11150
SpiceJet,27/05/2019,Delhi,Cochin,DEL → BLR → COK,17:55,22:50,4h 55m,1 stop,No info,5673
Jet Airways,24/03/2019,Kolkata,Banglore,CCU → BOM → BLR,16:55,09:15 25 Mar,16h 20m,1 stop,No info,14231
IndiGo,15/04/2019,Banglore,Delhi,BLR → DEL,13:00,15:50,2h 50m,non-stop,No info,4591
IndiGo,3/04/2019,Kolkata,Banglore,CCU → BLR,04:40,07:15,2h 35m,non-stop,No info,4174
Multiple carriers,27/05/2019,Delhi,Cochin,DEL → BOM → COK,12:50,21:00,8h 10m,1 stop,No info,7005
Jet Airways,6/06/2019,Mumbai,Hyderabad,BOM → HYD,02:55,04:20,1h 25m,non-stop,No info,5678
Jet Airways,21/05/2019,Delhi,Cochin,DEL → BOM → COK,15:00,19:00 22 May,28h,1 stop,No info,16079
IndiGo,15/03/2019,Banglore,New Delhi,BLR → BOM → DEL,19:35,00:35 16 Mar,5h,1 stop,No info,10509
IndiGo,27/03/2019,Delhi,Cochin,DEL → HYD → COK,04:55,12:00,7h 5m,1 stop,No info,6171
Air India,24/06/2019,Delhi,Cochin,DEL → JDH → BOM → COK,12:55,19:15 25 Jun,30h 20m,2 stops,No info,12436
IndiGo,15/05/2019,Kolkata,Banglore,CCU → NAG → BLR,18:05,23:30,5h 25m,1 stop,No info,6218
Air India,6/06/2019,Kolkata,Banglore,CCU → HYD → BLR,19:00,11:05 07 Jun,16h 5m,1 stop,No info,6117
IndiGo,15/05/2019,Kolkata,Banglore,CCU → BLR,04:40,07:15,2h 35m,non-stop,No info,4804
Jet Airways,12/06/2019,Kolkata,Banglore,CCU → BOM → BLR,16:30,12:00 13 Jun,19h 30m,1 stop,No info,13044
Jet Airways,06/03/2019,Banglore,New Delhi,BLR → BOM → DEL,08:55,16:10,7h 15m,1 stop,No info,19225
Jet Airways,1/06/2019,Delhi,Cochin,DEL → BOM → COK,15:00,04:25 02 Jun,13h 25m,1 stop,No info,14714
Air India,3/06/2019,Delhi,Cochin,DEL → GOI → BOM → COK,10:55,19:15,8h 20m,2 stops,No info,12173
Jet Airways,3/06/2019,Mumbai,Hyderabad,BOM → HYD,02:55,04:20,1h 25m,non-stop,In-flight meal not included,4050
IndiGo,27/06/2019,Chennai,Kolkata,MAA → CCU,07:55,10:15,2h 20m,non-stop,No info,3850
SpiceJet,21/03/2019,Delhi,Cochin,DEL → MAA → COK,15:55,21:55,6h,1 stop,No info,5511
Jet Airways,18/05/2019,Kolkata,Banglore,CCU → DEL → BLR,09:35,19:10,9h 35m,1 stop,No info,13067
Jet Airways,27/04/2019,Banglore,Delhi,BLR → DEL,19:50,22:50,3h,non-stop,No info,7229
IndiGo,3/06/2019,Banglore,Delhi,BLR → DEL,01:30,04:15,2h 45m,non-stop,No info,3943
Jet Airways,3/03/2019,Delhi,Cochin,DEL → BOM → COK,16:00,18:50 04 Mar,26h 50m,1 stop,No info,17234
Multiple carriers,27/05/2019,Delhi,Cochin,DEL → BOM → COK,08:30,19:00,10h 30m,1 stop,No info,9627
Jet Airways,6/06/2019,Kolkata,Banglore,CCU → DEL → BLR,17:00,18:00 07 Jun,25h,1 stop,In-flight meal not included,10539
Multiple carriers,21/03/2019,Delhi,Cochin,DEL → BOM → COK,13:00,21:00,8h,1 stop,No info,13062
Multiple carriers,27/06/2019,Delhi,Cochin,DEL → HYD → COK,07:10,16:10,9h,1 stop,In-flight meal not included,6093
IndiGo,1/04/2019,Kolkata,Banglore,CCU → BLR,11:30,14:05,2h 35m,non-stop,No info,4174
Jet Airways,12/03/2019,Banglore,New Delhi,BLR → BOM → DEL,22:55,13:15 13 Mar,14h 20m,1 stop,In-flight meal not included,11087
Air India,27/05/2019,Delhi,Cochin,DEL → BOM → COK,18:00,19:15 28 May,25h 15m,1 stop,No info,8372
Air India,15/05/2019,Kolkata,Banglore,CCU → DEL → BLR,17:30,20:25 16 May,26h 55m,1 stop,No info,10203
IndiGo,21/05/2019,Chennai,Kolkata,MAA → CCU,07:55,10:15,2h 20m,non-stop,No info,3850
Jet Airways,21/03/2019,Delhi,Cochin,DEL → BOM → COK,19:45,04:25 22 Mar,8h 40m,1 stop,In-flight meal not included,5963
Jet Airways,6/04/2019,Delhi,Cochin,DEL → BOM → COK,22:50,12:35 07 Apr,13h 45m,1 stop,In-flight meal not included,5177
Jet Airways,12/05/2019,Kolkata,Banglore,CCU → DEL → BLR,20:25,21:05 13 May,24h 40m,1 stop,In-flight meal not included,10703
Multiple carriers,15/05/2019,Delhi,Cochin,DEL → BOM → COK,13:00,21:00,8h,1 stop,No info,13727
Multiple carriers,6/03/2019,Delhi,Cochin,DEL → BOM → COK,06:40,19:15,12h 35m,1 stop,No info,15077
IndiGo,21/03/2019,Delhi,Cochin,DEL → MAA → COK,07:20,12:30,5h 10m,1 stop,No info,6388
Air Asia,24/03/2019,Banglore,New Delhi,BLR → DEL,11:10,13:55,2h 45m,non-stop,No info,3383
Multiple carriers,12/06/2019,Delhi,Cochin,DEL → BOM → COK,06:00,12:35,6h 35m,1 stop,No info,11789
Jet Airways,9/05/2019,Kolkata,Banglore,CCU → DEL → BLR,20:25,10:55 10 May,14h 30m,1 stop,No info,10953
Jet Airways,18/05/2019,Delhi,Cochin,DEL → AMD → BOM → COK,13:25,19:00 19 May,29h 35m,2 stops,No info,15129
Air India,27/03/2019,Delhi,Cochin,DEL → MAA → COK,06:05,09:25 28 Mar,27h 20m,1 stop,No info,5117
IndiGo,9/05/2019,Kolkata,Banglore,CCU → MAA → BLR,06:20,10:20,4h,1 stop,No info,4226
Jet Airways,6/05/2019,Banglore,Delhi,BLR → DEL,17:45,20:45,3h,non-stop,No info,7229
Multiple carriers,9/04/2019,Delhi,Cochin,DEL → BOM → COK,08:30,19:00,10h 30m,1 stop,No info,10877
SpiceJet,18/06/2019,Mumbai,Hyderabad,BOM → HYD,22:45,00:15 19 Jun,1h 30m,non-stop,No info,2017
GoAir,1/04/2019,Banglore,Delhi,BLR → DEL,20:55,23:40,2h 45m,non-stop,No info,4239
Jet Airways,9/05/2019,Delhi,Cochin,DEL → BOM → COK,14:00,12:35 10 May,22h 35m,1 stop,In-flight meal not included,12373
Multiple carriers,9/05/2019,Delhi,Cochin,DEL → BOM → COK,11:30,19:15,7h 45m,1 stop,No info,14323
Air India,6/06/2019,Delhi,Cochin,DEL → CCU → BOM → COK,16:55,19:15 07 Jun,26h 20m,2 stops,No info,13591
IndiGo,27/06/2019,Delhi,Cochin,DEL → BLR → COK,05:10,10:05,4h 55m,1 stop,No info,6496
Jet Airways,27/05/2019,Delhi,Cochin,DEL → ATQ → BOM → COK,20:00,04:25 28 May,8h 25m,2 stops,In-flight meal not included,15318
Air India,21/06/2019,Mumbai,Hyderabad,BOM → HYD,21:05,22:25,1h 20m,non-stop,No info,3100
Air Asia,27/04/2019,Kolkata,Banglore,CCU → BLR,22:50,01:20 28 Apr,2h 30m,non-stop,No info,4409
GoAir,1/04/2019,Delhi,Cochin,DEL → AMD → COK,07:25,13:35,6h 10m,1 stop,No info,4563
Jet Airways,27/06/2019,Delhi,Cochin,DEL → BOM → COK,11:30,19:00,7h 30m,1 stop,In-flight meal not included,10262
Jet Airways,27/05/2019,Delhi,Cochin,DEL → BOM → COK,10:00,19:00,9h,1 stop,In-flight meal not included,11924
Multiple carriers,18/05/2019,Delhi,Cochin,DEL → BOM → COK,03:50,19:00,15h 10m,1 stop,No info,10197
Jet Airways,15/04/2019,Banglore,Delhi,BLR → DEL,17:45,20:45,3h,non-stop,No info,7229
Multiple carriers,9/03/2019,Delhi,Cochin,DEL → BOM → COK,07:30,19:45,12h 15m,1 stop,No info,12615
Jet Airways,24/06/2019,Delhi,Cochin,DEL → IDR → BOM → COK,05:30,04:25 25 Jun,22h 55m,2 stops,No info,13292
IndiGo,21/03/2019,Banglore,New Delhi,BLR → AMD → DEL,14:25,19:25,5h,1 stop,No info,7708
Jet Airways,21/06/2019,Mumbai,Hyderabad,BOM → HYD,08:45,10:15,1h 30m,non-stop,No info,8040
SpiceJet,12/05/2019,Chennai,Kolkata,MAA → CCU,08:20,10:35,2h 15m,non-stop,No info,3597
Jet Airways,6/05/2019,Kolkata,Banglore,CCU → BOM → BLR,18:55,08:15 07 May,13h 20m,1 stop,No info,13584
Multiple carriers,12/06/2019,Delhi,Cochin,DEL → BOM → COK,17:45,01:30 13 Jun,7h 45m,1 stop,No info,6795
Air India,18/05/2019,Kolkata,Banglore,CCU → GAU → DEL → BLR,16:45,12:30 19 May,19h 45m,2 stops,No info,15170
Jet Airways,9/06/2019,Kolkata,Banglore,CCU → BOM → BLR,20:00,04:40 10 Jun,8h 40m,1 stop,In-flight meal not included,9663
Jet Airways,1/06/2019,Delhi,Cochin,DEL → NAG → BOM → COK,14:35,12:35 02 Jun,22h,2 stops,No info,13376
Jet Airways,3/06/2019,Delhi,Cochin,DEL → BOM → COK,10:00,19:00,9h,1 stop,In-flight meal not included,10262
Jet Airways,9/06/2019,Kolkata,Banglore,CCU → BOM → BLR,20:00,20:45 10 Jun,24h 45m,1 stop,In-flight meal not included,10844
Jet Airways,24/06/2019,Banglore,Delhi,BLR → DEL,19:50,22:50,3h,non-stop,In-flight meal not included,6478
Air India,24/05/2019,Kolkata,Banglore,CCU → GAU → DEL → BLR,09:50,12:30 25 May,26h 40m,2 stops,No info,15170
Multiple carriers,15/05/2019,Delhi,Cochin,DEL → BOM → COK,11:30,21:00,9h 30m,1 stop,No info,13727
Air India,01/03/2019,Banglore,New Delhi,BLR → BOM → AMD → DEL,08:50,23:55 02 Mar,39h 5m,2 stops,No info,17135
Air India,6/03/2019,Delhi,Cochin,DEL → AMD → BOM → COK,19:45,19:15 07 Mar,23h 30m,2 stops,No info,12646
Jet Airways,15/06/2019,Delhi,Cochin,DEL → BOM → COK,14:00,04:25 16 Jun,14h 25m,1 stop,In-flight meal not included,10262
Air India,24/05/2019,Kolkata,Banglore,CCU → IXR → DEL → BLR,05:50,20:25,14h 35m,2 stops,No info,11201
Vistara,15/06/2019,Delhi,Cochin,DEL → COK,14:40,17:50,3h 10m,non-stop,No info,6216
Air Asia,27/06/2019,Delhi,Cochin,DEL → BLR → COK,07:55,13:25,5h 30m,1 stop,No info,6152
Jet Airways,27/03/2019,Delhi,Cochin,DEL → AMD → BOM → COK,19:10,19:45 28 Mar,24h 35m,2 stops,No info,10929
Multiple carriers,9/05/2019,Delhi,Cochin,DEL → BOM → COK,08:30,19:15,10h 45m,1 stop,No info,8099
Multiple carriers,27/06/2019,Delhi,Cochin,DEL → IDR → BOM → COK,15:05,01:30 28 Jun,10h 25m,2 stops,No info,15965
IndiGo,21/05/2019,Banglore,Delhi,BLR → DEL,20:00,22:50,2h 50m,non-stop,No info,4823
Multiple carriers,24/05/2019,Delhi,Cochin,DEL → BOM → COK,17:45,01:30 25 May,7h 45m,1 stop,No info,9140
Air India,24/03/2019,Banglore,New Delhi,BLR → DEL,13:20,16:10,2h 50m,non-stop,No info,7276
Vistara,3/06/2019,Banglore,Delhi,BLR → DEL,17:00,19:35,2h 35m,non-stop,No info,4878
Jet Airways,15/06/2019,Delhi,Cochin,DEL → BOM → COK,14:00,19:00,5h,1 stop,No info,14714
Air India,6/03/2019,Chennai,Kolkata,MAA → CCU,11:40,13:55,2h 15m,non-stop,No info,9340
IndiGo,27/03/2019,Delhi,Cochin,DEL → HYD → COK,07:35,12:00,4h 25m,1 stop,No info,5073
Jet Airways,15/06/2019,Banglore,Delhi,BLR → DEL,08:20,11:20,3h,non-stop,No info,8016
Jet Airways,6/04/2019,Delhi,Cochin,DEL → BOM → COK,07:05,12:35,5h 30m,1 stop,In-flight meal not included,5406
Air India,21/03/2019,Delhi,Cochin,DEL → MAA → COK,06:05,09:25 22 Mar,27h 20m,1 stop,No info,7532
Multiple carriers,6/06/2019,Delhi,Cochin,DEL → BOM → COK,11:25,19:00,7h 35m,1 stop,No info,10877
Jet Airways,12/06/2019,Delhi,Cochin,DEL → BOM → COK,20:55,19:00 13 Jun,22h 5m,1 stop,In-flight meal not included,10262
SpiceJet,27/06/2019,Kolkata,Banglore,CCU → BLR,06:55,09:30,2h 35m,non-stop,No check-in baggage included,3841
Jet Airways,1/04/2019,Kolkata,Banglore,CCU → BOM → BLR,16:30,04:40 02 Apr,12h 10m,1 stop,No info,12681
Jet Airways,24/05/2019,Kolkata,Banglore,CCU → BOM → BLR,16:30,22:35,6h 5m,1 stop,In-flight meal not included,10844
Multiple carriers,3/06/2019,Delhi,Cochin,DEL → BOM → COK,06:00,12:35,6h 35m,1 stop,No info,13259
IndiGo,9/06/2019,Delhi,Cochin,DEL → BOM → COK,04:55,21:00,16h 5m,1 stop,No info,6093
Vistara,1/04/2019,Kolkata,Banglore,CCU → DEL → BLR,17:00,20:20 02 Apr,27h 20m,1 stop,No info,9135
Jet Airways,18/04/2019,Banglore,Delhi,BLR → DEL,11:10,14:05,2h 55m,non-stop,No info,7229
Multiple carriers,15/06/2019,Delhi,Cochin,DEL → BOM → COK,10:20,19:00,8h 40m,1 stop,No info,11789
Multiple carriers,1/06/2019,Delhi,Cochin,DEL → BOM → COK,12:50,19:15,6h 25m,1 stop,No info,9526
Air India,1/04/2019,Kolkata,Banglore,CCU → DEL → COK → BLR,10:00,01:20 02 Apr,15h 20m,2 stops,No info,10408
Jet Airways,27/03/2019,Delhi,Cochin,DEL → IXC → BOM → COK,06:20,04:25 28 Mar,22h 5m,2 stops,No info,12273
Jet Airways,27/03/2019,Delhi,Cochin,DEL → AMD → BOM → COK,19:10,04:25 29 Mar,33h 15m,2 stops,No info,10929
IndiGo,9/06/2019,Delhi,Cochin,DEL → BOM → COK,10:35,01:30 10 Jun,14h 55m,1 stop,No info,6104
Jet Airways,18/03/2019,Banglore,New Delhi,BLR → BOM → DEL,05:45,16:10,10h 25m,1 stop,No info,12284
Jet Airways,9/06/2019,Delhi,Cochin,DEL → BOM → COK,22:50,19:00 10 Jun,20h 10m,1 stop,In-flight meal not included,10262
Jet Airways,21/06/2019,Mumbai,Hyderabad,BOM → HYD,19:35,21:05,1h 30m,non-stop,No info,5678
Jet Airways,09/03/2019,Banglore,New Delhi,BLR → BOM → DEL,08:00,10:25 13 Mar,26h 25m,1 stop,In-flight meal not included,11087
Vistara,21/05/2019,Kolkata,Banglore,CCU → DEL → BLR,07:10,18:50,11h 40m,1 stop,No info,9345
Air India,01/03/2019,Banglore,New Delhi,BLR → HYD → DEL,17:00,08:50 02 Mar,15h 50m,1 stop,1 Long layover,10981
Air India,3/06/2019,Delhi,Cochin,DEL → LKO → BOM → COK,18:30,19:15 04 Jun,24h 45m,2 stops,No info,12488
Jet Airways,06/03/2019,Banglore,New Delhi,BLR → BOM → DEL,16:55,08:15 07 Mar,15h 20m,1 stop,No info,16736
IndiGo,27/05/2019,Kolkata,Banglore,CCU → BLR,22:15,00:50 28 May,2h 35m,non-stop,No info,4804
Multiple carriers,27/06/2019,Delhi,Cochin,DEL → BOM → COK,08:30,19:00,10h 30m,1 stop,No info,11200
Multiple carriers,9/06/2019,Delhi,Cochin,DEL → BOM → COK,14:00,01:30 10 Jun,11h 30m,1 stop,No info,13377
Air India,18/05/2019,Delhi,Cochin,DEL → HYD → MAA → COK,09:45,09:25 19 May,23h 40m,2 stops,No info,10975
Jet Airways,21/05/2019,Delhi,Cochin,DEL → BOM → COK,21:50,19:00 22 May,21h 10m,1 stop,No info,16079
Air India,1/06/2019,Delhi,Cochin,DEL → BOM → COK,17:00,19:15 02 Jun,26h 15m,1 stop,No info,8792
Multiple carriers,27/03/2019,Delhi,Cochin,DEL → HYD → COK,14:35,22:20,7h 45m,1 stop,In-flight meal not included,5883
Multiple carriers,27/06/2019,Delhi,Cochin,DEL → BOM → COK,08:00,21:00,13h,1 stop,No info,7408
SpiceJet,27/06/2019,Kolkata,Banglore,CCU → BLR,17:10,19:40,2h 30m,non-stop,No info,3873
GoAir,27/06/2019,Delhi,Cochin,DEL → BOM → COK,14:25,19:35,5h 10m,1 stop,No info,7870
Air India,6/04/2019,Banglore,Delhi,BLR → DEL,17:00,19:45,2h 45m,non-stop,No info,4651
Jet Airways,6/06/2019,Delhi,Cochin,DEL → BOM → COK,14:00,19:00,5h,1 stop,No info,14714
Air Asia,27/05/2019,Banglore,Delhi,BLR → DEL,11:10,13:55,2h 45m,non-stop,No info,3383
SpiceJet,3/04/2019,Delhi,Cochin,DEL → PNQ → COK,08:45,13:15,4h 30m,1 stop,No check-in baggage included,4098
Air India,3/06/2019,Delhi,Cochin,DEL → JAI → BOM → COK,12:00,19:15,7h 15m,2 stops,No info,8603
IndiGo,12/06/2019,Mumbai,Hyderabad,BOM → HYD,21:20,22:50,1h 30m,non-stop,No info,2227
Multiple carriers,6/05/2019,Delhi,Cochin,DEL → BOM → COK,07:30,19:00,11h 30m,1 stop,No info,10529
Multiple carriers,27/05/2019,Delhi,Cochin,DEL → BOM → COK,09:00,21:00,12h,1 stop,In-flight meal not included,7886
Jet Airways,12/06/2019,Delhi,Cochin,DEL → ATQ → BOM → COK,20:00,04:25 13 Jun,8h 25m,2 stops,In-flight meal not included,12410
Jet Airways,24/03/2019,Kolkata,Banglore,CCU → BOM → BLR,21:10,16:20 25 Mar,19h 10m,1 stop,No info,13759
Air India,21/05/2019,Delhi,Cochin,DEL → NAG → BOM → COK,05:55,07:40 22 May,25h 45m,2 stops,No info,11543
Air India,9/03/2019,Delhi,Cochin,DEL → GOI → BOM → COK,10:55,19:15 10 Mar,32h 20m,2 stops,No info,17476
SpiceJet,24/03/2019,Kolkata,Banglore,CCU → KNU → BLR,11:35,18:50,7h 15m,1 stop,No info,9923
Jet Airways,9/05/2019,Delhi,Cochin,DEL → BOM → COK,13:00,19:00,6h,1 stop,No info,15554
Air Asia,27/05/2019,Banglore,Delhi,BLR → DEL,23:55,02:45 28 May,2h 50m,non-stop,No info,3383
Air India,15/05/2019,Kolkata,Banglore,CCU → IXR → DEL → BLR,05:50,08:55 16 May,27h 5m,2 stops,No info,12723
Jet Airways,18/05/2019,Kolkata,Banglore,CCU → BOM → BLR,16:30,23:35,7h 5m,1 stop,In-flight meal not included,10844
Jet Airways,27/03/2019,Delhi,Cochin,DEL → MAA → BOM → COK,05:10,04:25 28 Mar,23h 15m,2 stops,In-flight meal not included,9412
Jet Airways,27/06/2019,Delhi,Cochin,DEL → BOM → COK,21:50,04:25 28 Jun,6h 35m,1 stop,In-flight meal not included,12898
Multiple carriers,9/05/2019,Delhi,Cochin,DEL → BOM → COK,14:00,21:00,7h,1 stop,No info,13727
Air Asia,15/05/2019,Banglore,Delhi,BLR → DEL,04:55,07:45,2h 50m,non-stop,No info,4282
Jet Airways,18/06/2019,Banglore,Delhi,BLR → DEL,19:50,22:50,3h,non-stop,No info,8016
Jet Airways,27/06/2019,Delhi,Cochin,DEL → BOM → COK,13:00,19:00,6h,1 stop,In-flight meal not included,10262
IndiGo,18/06/2019,Mumbai,Hyderabad,BOM → HYD,09:15,10:45,1h 30m,non-stop,No info,4049
Jet Airways,12/06/2019,Delhi,Cochin,DEL → JAI → BOM → COK,09:40,12:35 13 Jun,26h 55m,2 stops,No info,13014
Jet Airways,1/05/2019,Kolkata,Banglore,CCU → BOM → BLR,14:05,09:20 02 May,19h 15m,1 stop,In-flight meal not included,9663
Air India,15/03/2019,Banglore,New Delhi,BLR → COK → DEL,22:00,13:20 16 Mar,15h 20m,1 stop,No info,8845
Air India,27/03/2019,Mumbai,Hyderabad,BOM → HYD,13:55,15:25,1h 30m,non-stop,No info,2050
Air India,12/05/2019,Delhi,Cochin,DEL → COK,05:10,08:00,2h 50m,non-stop,No info,6094
IndiGo,27/05/2019,Delhi,Cochin,DEL → HYD → COK,06:50,22:30,15h 40m,1 stop,No info,6674
Air India,12/03/2019,Banglore,New Delhi,BLR → BOM → BHO → DEL,08:50,23:25,14h 35m,2 stops,No info,13250
Air India,1/05/2019,Kolkata,Banglore,CCU → BOM → COK → BLR,09:25,13:45 02 May,28h 20m,2 stops,No info,15532
Jet Airways,1/05/2019,Kolkata,Banglore,CCU → DEL → BLR,17:00,18:00 02 May,25h,1 stop,In-flight meal not included,9314
Multiple carriers,27/06/2019,Delhi,Cochin,DEL → HYD → COK,07:05,16:10,9h 5m,1 stop,No info,9646
Air India,9/05/2019,Kolkata,Banglore,CCU → VNS → DEL → BLR,14:30,08:55 10 May,18h 25m,2 stops,No info,14214
SpiceJet,9/05/2019,Kolkata,Banglore,CCU → BLR,17:10,19:40,2h 30m,non-stop,No check-in baggage included,3841
Air India,6/03/2019,Mumbai,Hyderabad,BOM → BBI → HYD,12:00,12:25 07 Mar,24h 25m,1 stop,No info,14408
Air India,1/04/2019,Banglore,Delhi,BLR → DEL,13:20,16:10,2h 50m,non-stop,No info,5911
Jet Airways,24/05/2019,Kolkata,Banglore,CCU → BOM → BLR,21:10,12:00 25 May,14h 50m,1 stop,In-flight meal not included,9663
Air Asia,18/05/2019,Kolkata,Banglore,CCU → BLR,10:20,12:55,2h 35m,non-stop,No info,5645
Jet Airways,9/05/2019,Banglore,Delhi,BLR → DEL,07:10,10:10,3h,non-stop,No info,7229
IndiGo,9/06/2019,Chennai,Kolkata,MAA → CCU,05:15,07:40,2h 25m,non-stop,No info,3540
IndiGo,24/06/2019,Kolkata,Banglore,CCU → BLR,11:30,14:05,2h 35m,non-stop,No info,4804
Air Asia,21/04/2019,Banglore,Delhi,BLR → DEL,23:55,02:45 22 Apr,2h 50m,non-stop,No info,4483
IndiGo,27/06/2019,Banglore,Delhi,BLR → DEL,04:00,06:50,2h 50m,non-stop,No info,3943
Jet Airways,1/05/2019,Kolkata,Banglore,CCU → BOM → BLR,21:10,08:15 02 May,11h 5m,1 stop,No info,14781
Jet Airways,24/06/2019,Delhi,Cochin,DEL → BOM → COK,13:00,19:00,6h,1 stop,In-flight meal not included,10262
IndiGo,1/04/2019,Kolkata,Banglore,CCU → BLR,09:35,12:20,2h 45m,non-stop,No info,4174
IndiGo,6/06/2019,Delhi,Cochin,DEL → BOM → COK,16:00,21:00,5h,1 stop,No info,6069
SpiceJet,9/06/2019,Chennai,Kolkata,MAA → CCU,09:45,12:00,2h 15m,non-stop,No info,3597
Jet Airways,9/05/2019,Kolkata,Banglore,CCU → DEL → BLR,17:00,18:00 10 May,25h,1 stop,In-flight meal not included,7341
Jet Airways,6/06/2019,Delhi,Cochin,DEL → JAI → BOM → COK,19:30,04:25 07 Jun,8h 55m,2 stops,No info,13014
Air Asia,9/06/2019,Kolkata,Banglore,CCU → BLR,10:20,12:55,2h 35m,non-stop,No info,5645
Jet Airways,27/05/2019,Delhi,Cochin,DEL → BOM → COK,17:30,19:00 28 May,25h 30m,1 stop,In-flight meal not included,12898
Air India,9/05/2019,Kolkata,Banglore,CCU → DEL → COK → BLR,10:00,01:20 10 May,15h 20m,2 stops,No info,13033
Air Asia,24/06/2019,Delhi,Cochin,DEL → BLR → COK,07:55,22:25,14h 30m,1 stop,No info,6152
IndiGo,3/06/2019,Chennai,Kolkata,MAA → CCU,13:15,15:35,2h 20m,non-stop,No info,3597
Multiple carriers,1/06/2019,Delhi,Cochin,DEL → BOM → COK,09:00,19:15,10h 15m,1 stop,No info,16108
GoAir,15/05/2019,Delhi,Cochin,DEL → BOM → COK,10:35,19:35,9h,1 stop,No info,7378
IndiGo,24/05/2019,Banglore,Delhi,BLR → DEL,18:55,21:50,2h 55m,non-stop,No info,4823
IndiGo,24/06/2019,Delhi,Cochin,DEL → BOM → COK,07:30,21:00,13h 30m,1 stop,No info,6093
SpiceJet,24/04/2019,Banglore,Delhi,BLR → DEL,21:10,00:05 25 Apr,2h 55m,non-stop,No info,3625
Jet Airways,12/06/2019,Kolkata,Banglore,CCU → DEL → BLR,09:35,09:45 13 Jun,24h 10m,1 stop,No info,12692
Jet Airways,6/06/2019,Kolkata,Banglore,CCU → DEL → BLR,17:00,10:55 07 Jun,17h 55m,1 stop,In-flight meal not included,10539
IndiGo,15/05/2019,Chennai,Kolkata,MAA → CCU,22:05,00:25 16 May,2h 20m,non-stop,No info,5277
Multiple carriers,27/06/2019,Delhi,Cochin,DEL → BOM → COK,11:40,01:30 28 Jun,13h 50m,1 stop,In-flight meal not included,5797
Air India,3/06/2019,Delhi,Cochin,DEL → GOI → BOM → COK,22:00,19:15 04 Jun,21h 15m,2 stops,No info,10231
Jet Airways,18/05/2019,Delhi,Cochin,DEL → COK,11:00,14:15,3h 15m,non-stop,In-flight meal not included,7202
Air Asia,18/05/2019,Banglore,Delhi,BLR → DEL,04:55,07:45,2h 50m,non-stop,No info,4282
Jet Airways,15/03/2019,Banglore,New Delhi,BLR → BOM → DEL,16:55,00:45 13 Mar,7h 50m,1 stop,No info,21934
Vistara,27/06/2019,Delhi,Cochin,DEL → COK,06:00,09:10,3h 10m,non-stop,No info,6216
Jet Airways,9/05/2019,Banglore,Delhi,BLR → DEL,08:20,11:20,3h,non-stop,No info,7229
Air India,1/04/2019,Kolkata,Banglore,CCU → BBI → BOM → BLR,12:00,21:50,9h 50m,2 stops,No info,9258
Jet Airways,1/04/2019,Kolkata,Banglore,CCU → GAU → BLR,10:20,17:35,7h 15m,1 stop,In-flight meal not included,6077
Air India,9/06/2019,Chennai,Kolkata,MAA → CCU,11:40,13:55,2h 15m,non-stop,No info,4667
Jet Airways,1/04/2019,Kolkata,Banglore,CCU → BOM → BLR,21:10,09:20 02 Apr,12h 10m,1 stop,No info,13364
Multiple carriers,27/06/2019,Delhi,Cochin,DEL → BOM → COK,16:00,01:30 28 Jun,9h 30m,1 stop,No info,13377
Jet Airways,9/06/2019,Delhi,Cochin,DEL → BOM → COK,21:50,04:25 10 Jun,6h 35m,1 stop,In-flight meal not included,10262
Jet Airways,1/04/2019,Kolkata,Banglore,CCU → BOM → BLR,08:25,18:15,9h 50m,1 stop,In-flight meal not included,7064
Jet Airways,12/06/2019,Delhi,Cochin,DEL → JAI → BOM → COK,05:30,04:25 13 Jun,22h 55m,2 stops,In-flight meal not included,10368
Jet Airways,6/05/2019,Kolkata,Banglore,CCU → BOM → BLR,20:00,20:45 07 May,24h 45m,1 stop,No info,14388
Jet Airways,3/06/2019,Mumbai,Hyderabad,BOM → HYD,07:05,08:30,1h 25m,non-stop,No info,8040
Jet Airways,24/03/2019,Mumbai,Hyderabad,BOM → HYD,02:55,04:25,1h 30m,non-stop,No info,5678
Jet Airways,9/06/2019,Kolkata,Banglore,CCU → BOM → BLR,14:05,04:40 10 Jun,14h 35m,1 stop,No info,14178
GoAir,3/03/2019,Delhi,Cochin,DEL → HYD → COK,07:30,13:20,5h 50m,1 stop,No info,6112
Jet Airways,15/06/2019,Delhi,Cochin,DEL → NAG → BOM → COK,14:35,12:35 16 Jun,22h,2 stops,No info,13376
Jet Airways,1/06/2019,Banglore,Delhi,BLR → DEL,08:20,11:20,3h,non-stop,In-flight meal not included,7229
IndiGo,9/03/2019,Chennai,Kolkata,MAA → CCU,13:20,15:35,2h 15m,non-stop,No info,6297
Jet Airways,24/06/2019,Delhi,Cochin,DEL → BOM → COK,02:15,19:00,16h 45m,1 stop,In-flight meal not included,10262
Vistara,27/05/2019,Delhi,Cochin,DEL → COK,06:00,09:10,3h 10m,non-stop,No info,6216
IndiGo,1/06/2019,Delhi,Cochin,DEL → BOM → COK,11:25,01:30 02 Jun,14h 5m,1 stop,No info,6206
Air Asia,24/06/2019,Delhi,Cochin,DEL → BLR → COK,16:45,06:35 25 Jun,13h 50m,1 stop,No info,6752
Jet Airways,15/05/2019,Kolkata,Banglore,CCU → DEL → BLR,09:35,21:05,11h 30m,1 stop,In-flight meal not included,10703
Multiple carriers,12/06/2019,Delhi,Cochin,DEL → BOM → COK,09:15,19:00,9h 45m,1 stop,No info,11622
Jet Airways,9/06/2019,Mumbai,Hyderabad,BOM → HYD,10:20,11:50,1h 30m,non-stop,No info,5678
Multiple carriers,27/06/2019,Delhi,Cochin,DEL → BOM → COK,09:15,19:00,9h 45m,1 stop,No info,11622
Jet Airways,21/06/2019,Mumbai,Hyderabad,BOM → HYD,19:35,21:05,1h 30m,non-stop,In-flight meal not included,3210
Air India,24/06/2019,Delhi,Cochin,DEL → GOI → BOM → COK,22:00,19:15 25 Jun,21h 15m,2 stops,No info,9181
Multiple carriers,1/05/2019,Delhi,Cochin,DEL → BOM → COK,08:30,19:00,10h 30m,1 stop,No info,9627
Air India,12/05/2019,Banglore,Delhi,BLR → DEL,13:20,16:10,2h 50m,non-stop,No info,6121
Jet Airways,3/04/2019,Mumbai,Hyderabad,BOM → HYD,10:20,11:50,1h 30m,non-stop,In-flight meal not included,3205
Jet Airways,15/06/2019,Delhi,Cochin,DEL → BOM → COK,10:00,04:25 16 Jun,18h 25m,1 stop,In-flight meal not included,10262
Jet Airways,24/03/2019,Kolkata,Banglore,CCU → BOM → BLR,21:10,22:35 25 Mar,25h 25m,1 stop,In-flight meal not included,10031
Multiple carriers,15/05/2019,Delhi,Cochin,DEL → HYD → COK,09:45,16:10,6h 25m,1 stop,No info,9646
Jet Airways,21/05/2019,Delhi,Cochin,DEL → BOM → COK,13:00,04:25 22 May,15h 25m,1 stop,In-flight meal not included,12898
Jet Airways,1/05/2019,Kolkata,Banglore,CCU → BOM → BLR,18:55,08:15 02 May,13h 20m,1 stop,In-flight meal not included,8586
Multiple carriers,15/05/2019,Delhi,Cochin,DEL → BOM → COK,08:00,21:00,13h,1 stop,No info,13937
Vistara,15/05/2019,Kolkata,Banglore,CCU → DEL → BLR,07:10,18:50,11h 40m,1 stop,No info,9345
Jet Airways,21/05/2019,Banglore,Delhi,BLR → DEL,11:10,14:05,2h 55m,non-stop,No info,7229
Vistara,12/06/2019,Kolkata,Banglore,CCU → DEL → BLR,20:20,10:45 13 Jun,14h 25m,1 stop,No info,8452
IndiGo,24/06/2019,Delhi,Cochin,DEL → BOM → COK,09:15,21:00,11h 45m,1 stop,No info,6838
Jet Airways Business,6/03/2019,Delhi,Cochin,DEL → ATQ → BOM → COK,20:05,04:25 07 Mar,8h 20m,2 stops,No info,52285
Jet Airways,12/03/2019,Banglore,New Delhi,BLR → BOM → DEL,05:45,21:20,15h 35m,1 stop,No info,13817
IndiGo,27/05/2019,Delhi,Cochin,DEL → BOM → COK,17:10,01:30 28 May,8h 20m,1 stop,No info,6206
SpiceJet,9/06/2019,Chennai,Kolkata,MAA → CCU,17:45,20:05,2h 20m,non-stop,No info,3597
Jet Airways,09/03/2019,Banglore,New Delhi,BLR → BDQ → DEL,05:50,12:20,6h 30m,1 stop,In-flight meal not included,10037
SpiceJet,6/05/2019,Chennai,Kolkata,MAA → CCU,17:45,20:05,2h 20m,non-stop,No info,3597
IndiGo,9/03/2019,Delhi,Cochin,DEL → BOM → COK,15:00,01:35 10 Mar,10h 35m,1 stop,No info,13611
Jet Airways,24/03/2019,Kolkata,Banglore,CCU → BOM → BLR,13:55,19:40,5h 45m,1 stop,In-flight meal not included,11134
SpiceJet,3/03/2019,Chennai,Kolkata,MAA → CCU,08:20,10:35,2h 15m,non-stop,No info,7050
Jet Airways,1/04/2019,Kolkata,Banglore,CCU → BOM → BLR,20:00,18:15 02 Apr,22h 15m,1 stop,No info,12681
Jet Airways,9/05/2019,Kolkata,Banglore,CCU → BOM → BLR,18:55,09:20 10 May,14h 25m,1 stop,In-flight meal not included,9663
Jet Airways,1/05/2019,Delhi,Cochin,DEL → AMD → BOM → COK,19:10,19:00 02 May,23h 50m,2 stops,No info,15129
Air India,9/06/2019,Kolkata,Banglore,CCU → BOM → BLR,09:25,18:30,9h 5m,1 stop,No info,8576
IndiGo,27/03/2019,Chennai,Kolkata,MAA → CCU,11:35,14:00,2h 25m,non-stop,No info,3858
IndiGo,18/03/2019,Mumbai,Hyderabad,BOM → HYD,09:10,10:40,1h 30m,non-stop,No info,4049
Air India,1/04/2019,Mumbai,Hyderabad,BOM → HYD,19:30,20:45,1h 15m,non-stop,No info,2050
IndiGo,6/05/2019,Chennai,Kolkata,MAA → CCU,05:15,07:40,2h 25m,non-stop,No info,3540
Air India,6/05/2019,Kolkata,Banglore,CCU → BBI → BOM → BLR,12:00,21:50,9h 50m,2 stops,No info,10151
Air India,3/03/2019,Delhi,Cochin,DEL → MAA → COK,09:45,09:25 04 Mar,23h 40m,1 stop,No info,24017
Vistara,15/05/2019,Kolkata,Banglore,CCU → DEL → BLR,17:00,10:45 16 May,17h 45m,1 stop,No info,8452
Jet Airways,24/05/2019,Kolkata,Banglore,CCU → BOM → BLR,06:30,16:20,9h 50m,1 stop,No info,14571
IndiGo,15/05/2019,Banglore,Delhi,BLR → DEL,22:10,01:00 16 May,2h 50m,non-stop,No info,3419
Vistara,09/03/2019,Banglore,New Delhi,BLR → DEL,11:30,14:10,2h 40m,non-stop,No info,9918
Air India,27/03/2019,Delhi,Cochin,DEL → AMD → BOM → COK,05:00,19:15 28 Mar,38h 15m,2 stops,No info,8026
Jet Airways,24/05/2019,Kolkata,Banglore,CCU → BOM → BLR,06:30,12:00,5h 30m,1 stop,In-flight meal not included,9663
IndiGo,21/06/2019,Chennai,Kolkata,MAA → CCU,13:15,15:35,2h 20m,non-stop,No info,3597
SpiceJet,21/04/2019,Banglore,Delhi,BLR → DEL,05:55,08:35,2h 40m,non-stop,No check-in baggage included,4319
Jet Airways,24/03/2019,Kolkata,Banglore,CCU → BOM → BLR,19:45,08:10 25 Mar,12h 25m,1 stop,No info,14231
Jet Airways,09/03/2019,Banglore,New Delhi,BLR → BOM → DEL,18:40,00:45 07 Mar,6h 5m,1 stop,No info,22270
SpiceJet,15/04/2019,Delhi,Cochin,DEL → MAA → COK,15:45,22:05,6h 20m,1 stop,No info,5899
Jet Airways,9/05/2019,Delhi,Cochin,DEL → BOM → COK,09:00,04:25 10 May,19h 25m,1 stop,In-flight meal not included,12373
GoAir,12/05/2019,Banglore,Delhi,BLR → DEL,07:45,10:40,2h 55m,non-stop,No info,3898
Jet Airways,27/06/2019,Delhi,Cochin,DEL → AMD → BOM → COK,23:05,12:35 28 Jun,13h 30m,2 stops,No info,12819
IndiGo,9/03/2019,Delhi,Cochin,DEL → BOM → COK,20:30,01:35 10 Mar,5h 5m,1 stop,No info,6937
Jet Airways,9/06/2019,Banglore,Delhi,BLR → DEL,11:10,14:05,2h 55m,non-stop,No info,8016
SpiceJet,27/05/2019,Kolkata,Banglore,CCU → BLR,22:20,00:40 28 May,2h 20m,non-stop,No info,3873
IndiGo,15/04/2019,Delhi,Cochin,DEL → HYD → COK,07:35,16:10,8h 35m,1 stop,No info,6442
IndiGo,24/03/2019,Banglore,New Delhi,BLR → DEL,21:20,00:15 22 Mar,2h 55m,non-stop,No info,4777
IndiGo,09/03/2019,Banglore,New Delhi,BLR → DEL,22:20,01:10 10 Mar,2h 50m,non-stop,No info,6144
SpiceJet,21/06/2019,Banglore,Delhi,BLR → DEL,21:10,00:05 22 Jun,2h 55m,non-stop,No check-in baggage included,3919
Jet Airways,15/05/2019,Kolkata,Banglore,CCU → BOM → BLR,06:30,19:50,13h 20m,1 stop,No info,14781
Air Asia,15/05/2019,Delhi,Cochin,DEL → BLR → COK,07:55,13:25,5h 30m,1 stop,No info,6451
SpiceJet,15/05/2019,Banglore,Delhi,BLR → DEL,21:10,00:05 16 May,2h 55m,non-stop,No check-in baggage included,3573
SpiceJet,3/06/2019,Kolkata,Banglore,CCU → BLR,09:00,11:25,2h 25m,non-stop,No info,3873
Air India,15/06/2019,Kolkata,Banglore,CCU → BLR,20:45,23:20,2h 35m,non-stop,No info,4145
Air Asia,21/03/2019,Delhi,Cochin,DEL → BLR → COK,16:45,22:15,5h 30m,1 stop,No info,6151
IndiGo,24/03/2019,Chennai,Kolkata,MAA → CCU,22:05,00:25 25 Mar,2h 20m,non-stop,No info,5277
IndiGo,12/06/2019,Banglore,Delhi,BLR → DEL,10:10,13:00,2h 50m,non-stop,No info,3943
Multiple carriers,12/06/2019,Delhi,Cochin,DEL → BOM → COK,08:00,19:15,11h 15m,1 stop,No info,15058
IndiGo,3/06/2019,Delhi,Cochin,DEL → BOM → COK,15:00,01:30 04 Jun,10h 30m,1 stop,No info,6104
IndiGo,3/06/2019,Delhi,Cochin,DEL → BOM → COK,10:35,01:30 04 Jun,14h 55m,1 stop,No info,5883
IndiGo,27/04/2019,Delhi,Cochin,DEL → HYD → COK,06:50,16:10,9h 20m,1 stop,No info,6442
Jet Airways,6/05/2019,Mumbai,Hyderabad,BOM → HYD,19:35,21:05,1h 30m,non-stop,No info,5678
IndiGo,9/05/2019,Mumbai,Hyderabad,BOM → HYD,12:00,13:30,1h 30m,non-stop,No info,4392
Jet Airways,24/03/2019,Kolkata,Banglore,CCU → BOM → BLR,21:10,09:15 25 Mar,12h 5m,1 stop,In-flight meal not included,11134
IndiGo,24/03/2019,Kolkata,Banglore,CCU → BLR,05:30,08:20,2h 50m,non-stop,No info,4778
Multiple carriers,21/03/2019,Delhi,Cochin,DEL → BOM → COK,08:25,18:50,10h 25m,1 stop,No info,13069
Jet Airways,21/05/2019,Kolkata,Banglore,CCU → BOM → BLR,06:30,19:50,13h 20m,1 stop,No info,14781
Jet Airways,3/06/2019,Delhi,Cochin,DEL → JAI → BOM → COK,09:40,12:35 04 Jun,26h 55m,2 stops,In-flight meal not included,10368
IndiGo,12/06/2019,Delhi,Cochin,DEL → BLR → COK,02:00,07:45,5h 45m,1 stop,No info,6386
SpiceJet,18/03/2019,Chennai,Kolkata,MAA → CCU,08:20,10:35,2h 15m,non-stop,No check-in baggage included,3807
Multiple carriers,3/06/2019,Delhi,Cochin,DEL → BOM → COK,16:00,01:30 04 Jun,9h 30m,1 stop,No info,13377
Air India,03/03/2019,Banglore,New Delhi,BLR → CCU → GAU → DEL,05:50,22:10 07 Mar,40h 20m,2 stops,No info,11791
Jet Airways,24/05/2019,Kolkata,Banglore,CCU → BOM → BLR,20:00,18:15 25 May,22h 15m,1 stop,In-flight meal not included,10844
SpiceJet,18/03/2019,Mumbai,Hyderabad,BOM → HYD,13:10,14:30,1h 20m,non-stop,No info,2437
Air India,27/06/2019,Banglore,Delhi,BLR → DEL,10:00,12:45,2h 45m,non-stop,No info,6961
Jet Airways,12/03/2019,Banglore,New Delhi,BLR → MAA → DEL,09:45,16:00,6h 15m,1 stop,No info,12295
IndiGo,12/06/2019,Banglore,Delhi,BLR → DEL,16:55,19:55,3h,non-stop,No info,4823
SpiceJet,1/05/2019,Kolkata,Banglore,CCU → KNU → BLR,11:35,18:50,7h 15m,1 stop,No info,8479
Jet Airways,24/06/2019,Delhi,Cochin,DEL → BOM → COK,17:30,12:35 25 Jun,19h 5m,1 stop,In-flight meal not included,10262
Jet Airways,6/03/2019,Delhi,Cochin,DEL → AMD → BOM → COK,19:10,18:50 08 Mar,47h 40m,2 stops,No info,20694
Vistara,18/05/2019,Banglore,Delhi,BLR → DEL,21:00,23:50,2h 50m,non-stop,No info,4668
GoAir,15/03/2019,Banglore,New Delhi,BLR → DEL,11:40,14:35,2h 55m,non-stop,No info,6113
IndiGo,27/06/2019,Kolkata,Banglore,CCU → BLR,20:25,23:10,2h 45m,non-stop,No info,4804
Jet Airways,6/06/2019,Delhi,Cochin,DEL → JAI → BOM → COK,09:40,04:25 07 Jun,18h 45m,2 stops,In-flight meal not included,10368
Air India,03/03/2019,Banglore,New Delhi,BLR → HYD → DEL,08:15,12:15,4h,1 stop,No info,6273
IndiGo,18/06/2019,Kolkata,Banglore,CCU → BLR,22:15,00:50 19 Jun,2h 35m,non-stop,No info,4804
Jet Airways,9/05/2019,Kolkata,Banglore,CCU → BOM → BLR,16:30,18:15 10 May,25h 45m,1 stop,In-flight meal not included,8586
IndiGo,21/06/2019,Mumbai,Hyderabad,BOM → HYD,09:10,10:40,1h 30m,non-stop,No info,5755
Air India,18/05/2019,Kolkata,Banglore,CCU → BOM → COK → BLR,16:50,13:45 19 May,20h 55m,2 stops,No info,13432
IndiGo,3/06/2019,Delhi,Cochin,DEL → BOM → COK,16:00,01:30 04 Jun,9h 30m,1 stop,No info,6628
IndiGo,21/03/2019,Banglore,New Delhi,BLR → DEL,20:00,22:55,2h 55m,non-stop,No info,6144
Jet Airways,1/06/2019,Delhi,Cochin,DEL → JAI → BOM → COK,09:40,12:35 02 Jun,26h 55m,2 stops,No info,13014
Multiple carriers,18/05/2019,Delhi,Cochin,DEL → BOM → COK,19:00,01:30 19 May,6h 30m,1 stop,No info,7670
Jet Airways,6/06/2019,Delhi,Cochin,DEL → IDR → BOM → COK,05:30,19:00,13h 30m,2 stops,In-flight meal not included,11507
Jet Airways,18/06/2019,Banglore,Delhi,BLR → DEL,11:10,14:05,2h 55m,non-stop,In-flight meal not included,5769
Vistara,21/03/2019,Banglore,New Delhi,BLR → DEL,21:10,00:05 19 Mar,2h 55m,non-stop,No info,4878
Jet Airways,12/06/2019,Delhi,Cochin,DEL → BOM → COK,18:15,19:00 13 Jun,24h 45m,1 stop,In-flight meal not included,10262
IndiGo,27/03/2019,Chennai,Kolkata,MAA → CCU,22:05,00:25 28 Mar,2h 20m,non-stop,No info,5277
Jet Airways,3/06/2019,Delhi,Cochin,DEL → JAI → BOM → COK,09:40,12:35 04 Jun,26h 55m,2 stops,No info,13014
IndiGo,6/04/2019,Banglore,Delhi,BLR → DEL,10:10,13:00,2h 50m,non-stop,No info,4423
Jet Airways,24/06/2019,Delhi,Cochin,DEL → BOM → COK,16:00,12:35 25 Jun,20h 35m,1 stop,In-flight meal not included,10262
Jet Airways,12/06/2019,Kolkata,Banglore,CCU → BOM → BLR,21:10,08:15 13 Jun,11h 5m,1 stop,In-flight meal not included,8529
Jet Airways,18/05/2019,Kolkata,Banglore,CCU → DEL → BLR,20:25,22:05 19 May,25h 40m,1 stop,No info,14151
IndiGo,15/05/2019,Delhi,Cochin,DEL → LKO → COK,21:50,03:35 16 May,5h 45m,1 stop,No info,7189
IndiGo,24/06/2019,Mumbai,Hyderabad,BOM → HYD,21:20,22:50,1h 30m,non-stop,No info,2227
IndiGo,15/03/2019,Banglore,New Delhi,BLR → LKO → DEL,05:25,10:10,4h 45m,1 stop,No info,8021
IndiGo,27/05/2019,Delhi,Cochin,DEL → BLR → COK,17:05,22:15,5h 10m,1 stop,No info,6373
Jet Airways,15/06/2019,Delhi,Cochin,DEL → NAG → BOM → COK,14:35,12:35 16 Jun,22h,2 stops,No info,13376
Air India,24/03/2019,Mumbai,Hyderabad,BOM → HYD,06:20,07:40,1h 20m,non-stop,No info,2575
Jet Airways,24/03/2019,Kolkata,Banglore,CCU → BOM → BLR,06:30,22:35,16h 5m,1 stop,In-flight meal not included,8824
Air India,21/03/2019,Banglore,New Delhi,BLR → VGA → DEL,10:30,11:20 19 Mar,24h 50m,1 stop,No info,6383
Air Asia,18/04/2019,Banglore,Delhi,BLR → DEL,23:55,02:45 19 Apr,2h 50m,non-stop,No info,4483
Air India,9/03/2019,Delhi,Cochin,DEL → BOM → COK,21:40,07:40 10 Mar,10h,1 stop,No info,13832
Vistara,1/04/2019,Banglore,Delhi,BLR → DEL,21:00,23:50,2h 50m,non-stop,No info,5403
Air India,15/05/2019,Delhi,Cochin,DEL → HYD → BOM → COK,17:15,19:15 16 May,26h,2 stops,No info,13022
Air India,03/03/2019,Banglore,New Delhi,BLR → VGA → DEL,10:30,22:55,12h 25m,1 stop,No info,11003
Jet Airways,12/05/2019,Mumbai,Hyderabad,BOM → HYD,02:55,04:20,1h 25m,non-stop,In-flight meal not included,4050
Air Asia,12/06/2019,Banglore,Delhi,BLR → DEL,23:55,02:45 13 Jun,2h 50m,non-stop,No info,3383
Jet Airways,15/06/2019,Delhi,Cochin,DEL → AMD → BOM → COK,23:05,04:25 17 Jun,29h 20m,2 stops,No info,15339
Air India,03/03/2019,Banglore,New Delhi,BLR → BOM → AMD → DEL,17:25,08:45 07 Mar,15h 20m,2 stops,No info,11570
Multiple carriers,1/03/2019,Delhi,Cochin,DEL → HYD → COK,14:35,22:20,7h 45m,1 stop,No info,14762
Jet Airways,24/03/2019,Mumbai,Hyderabad,BOM → HYD,07:10,08:35,1h 25m,non-stop,In-flight meal not included,2470
Air India,12/06/2019,Delhi,Cochin,DEL → LKO → BOM → COK,18:30,19:15 13 Jun,24h 45m,2 stops,No info,12488
Air India,21/03/2019,Delhi,Cochin,DEL → MAA → COK,09:45,09:25 22 Mar,23h 40m,1 stop,No info,7532
Vistara,27/06/2019,Delhi,Cochin,DEL → COK,14:40,17:50,3h 10m,non-stop,No info,6216
SpiceJet,27/03/2019,Mumbai,Hyderabad,BOM → HYD,05:45,07:05,1h 20m,non-stop,No info,1759
IndiGo,9/05/2019,Mumbai,Hyderabad,BOM → HYD,20:05,21:40,1h 35m,non-stop,No info,2437
Air India,1/06/2019,Delhi,Cochin,DEL → AMD → BOM → COK,16:40,19:15 02 Jun,26h 35m,2 stops,No info,9863
SpiceJet,27/04/2019,Kolkata,Banglore,CCU → BLR,22:20,00:40 28 Apr,2h 20m,non-stop,No check-in baggage included,3841
Multiple carriers,6/06/2019,Delhi,Cochin,DEL → BOM → COK,15:15,01:30 07 Jun,10h 15m,1 stop,No info,6795
Jet Airways,1/04/2019,Banglore,Delhi,BLR → DEL,15:15,18:10,2h 55m,non-stop,No info,7229
Vistara,1/05/2019,Banglore,Delhi,BLR → DEL,21:00,23:50,2h 50m,non-stop,No info,4668
Air India,6/06/2019,Mumbai,Hyderabad,BOM → HYD,21:05,22:25,1h 20m,non-stop,No info,3100
Air India,15/03/2019,Banglore,New Delhi,BLR → DEL,13:20,16:10,2h 50m,non-stop,No info,7276
Jet Airways,9/05/2019,Kolkata,Banglore,CCU → DEL → BLR,17:00,21:05 10 May,28h 5m,1 stop,No info,13067
Air India,24/03/2019,Kolkata,Banglore,CCU → BLR,20:45,23:20,2h 35m,non-stop,No info,31945
Multiple carriers,3/06/2019,Delhi,Cochin,DEL → BOM → COK,15:00,01:30 04 Jun,10h 30m,1 stop,No info,13377
IndiGo,6/04/2019,Delhi,Cochin,DEL → BOM → COK,20:25,01:30 07 Apr,5h 5m,1 stop,No info,5073
IndiGo,9/04/2019,Banglore,Delhi,BLR → DEL,01:30,04:15,2h 45m,non-stop,No info,3419
IndiGo,24/03/2019,Banglore,New Delhi,BLR → DEL,22:20,01:10 25 Mar,2h 50m,non-stop,No info,7303
Jet Airways,9/06/2019,Delhi,Cochin,DEL → BOM → COK,09:00,19:00,10h,1 stop,No info,14714
Air India,01/03/2019,Banglore,New Delhi,BLR → BOM → DEL,06:45,12:15,5h 30m,1 stop,No info,23677
Jet Airways,6/05/2019,Kolkata,Banglore,CCU → BOM → BLR,18:55,16:20 07 May,21h 25m,1 stop,In-flight meal not included,7757
Air India,12/06/2019,Delhi,Cochin,DEL → GOI → BOM → COK,22:00,19:15 13 Jun,21h 15m,2 stops,No info,10231
Jet Airways,27/06/2019,Delhi,Cochin,DEL → BOM → COK,14:00,12:35 28 Jun,22h 35m,1 stop,In-flight meal not included,10262
SpiceJet,24/04/2019,Kolkata,Banglore,CCU → MAA → BLR,15:05,20:20,5h 15m,1 stop,No info,4859
IndiGo,18/03/2019,Banglore,New Delhi,BLR → HYD → DEL,12:10,17:05,4h 55m,1 stop,No info,4410
Air India,15/05/2019,Kolkata,Banglore,CCU → BOM → HBX → BLR,09:25,17:20 16 May,31h 55m,2 stops,No info,13616
IndiGo,15/03/2019,Banglore,New Delhi,BLR → DEL,13:00,15:50,2h 50m,non-stop,No info,6144
Multiple carriers,27/03/2019,Delhi,Cochin,DEL → BOM → COK,13:00,01:35 28 Mar,12h 35m,1 stop,No info,12327
Air Asia,9/05/2019,Delhi,Cochin,DEL → BLR → COK,16:45,07:10 10 May,14h 25m,1 stop,No info,7353
Jet Airways,1/06/2019,Delhi,Cochin,DEL → BOM → COK,11:30,04:25 02 Jun,16h 55m,1 stop,In-flight meal not included,10262
Jet Airways,12/05/2019,Kolkata,Banglore,CCU → BOM → BLR,18:55,09:20 13 May,14h 25m,1 stop,No info,14388
Jet Airways,24/06/2019,Delhi,Cochin,DEL → JAI → BOM → COK,09:40,12:35 25 Jun,26h 55m,2 stops,No info,13014
Vistara,6/06/2019,Banglore,Delhi,BLR → DEL,19:30,22:15,2h 45m,non-stop,No info,5088
SpiceJet,12/05/2019,Banglore,Delhi,BLR → DEL,09:30,12:20,2h 50m,non-stop,No info,4423
Multiple carriers,12/06/2019,Delhi,Cochin,DEL → BOM → COK,11:25,19:00,7h 35m,1 stop,No info,10877
Air India,27/05/2019,Delhi,Cochin,DEL → BOM → COK,21:00,19:15 28 May,22h 15m,1 stop,No info,8372
Jet Airways,12/05/2019,Kolkata,Banglore,CCU → BOM → BLR,21:10,18:15 13 May,21h 5m,1 stop,In-flight meal not included,10844
IndiGo,27/05/2019,Mumbai,Hyderabad,BOM → HYD,02:35,04:05,1h 30m,non-stop,No info,2754
Air India,3/06/2019,Delhi,Cochin,DEL → RPR → NAG → BOM → COK,05:15,19:15 04 Jun,38h,3 stops,No info,10493
Jet Airways,15/05/2019,Kolkata,Banglore,CCU → DEL → BLR,09:35,18:00,8h 25m,1 stop,In-flight meal not included,12384
Air India,9/05/2019,Delhi,Cochin,DEL → BOM → COK,13:00,19:15,6h 15m,1 stop,No info,8372
IndiGo,27/04/2019,Kolkata,Banglore,CCU → BLR,15:15,17:45,2h 30m,non-stop,No info,4804
Jet Airways,9/05/2019,Delhi,Cochin,DEL → JDH → BOM → COK,11:40,19:00,7h 20m,2 stops,No info,21219
Jet Airways,12/03/2019,Banglore,New Delhi,BLR → BOM → DEL,20:35,21:20 13 Mar,24h 45m,1 stop,In-flight meal not included,11087
Multiple carriers,9/05/2019,Delhi,Cochin,DEL → HYD → COK,07:05,16:10,9h 5m,1 stop,No info,8018
Jet Airways,18/06/2019,Mumbai,Hyderabad,BOM → HYD,10:20,11:50,1h 30m,non-stop,In-flight meal not included,4995
Air Asia,21/04/2019,Delhi,Cochin,DEL → BLR → COK,07:55,22:25,14h 30m,1 stop,No info,7452
Jet Airways,12/06/2019,Delhi,Cochin,DEL → JAI → BOM → COK,19:30,04:25 13 Jun,8h 55m,2 stops,No info,13014
Multiple carriers,27/03/2019,Delhi,Cochin,DEL → BOM → COK,09:00,21:00,12h,1 stop,No info,6883
Jet Airways,24/05/2019,Kolkata,Banglore,CCU → BOM → BLR,06:30,09:20 25 May,26h 50m,1 stop,In-flight meal not included,9663
SpiceJet,3/05/2019,Chennai,Kolkata,MAA → CCU,09:45,12:00,2h 15m,non-stop,No check-in baggage included,3859
Jet Airways,1/04/2019,Kolkata,Banglore,CCU → BOM → BLR,14:05,20:45,6h 40m,1 stop,No info,13364
Multiple carriers,27/05/2019,Delhi,Cochin,DEL → BOM → COK,03:50,12:35,8h 45m,1 stop,No info,10197
Air Asia,1/05/2019,Kolkata,Banglore,CCU → BLR,19:55,22:25,2h 30m,non-stop,No info,5989
Jet Airways,15/06/2019,Delhi,Cochin,DEL → BOM → COK,18:15,12:35 16 Jun,18h 20m,1 stop,In-flight meal not included,10262
Vistara,12/06/2019,Kolkata,Banglore,CCU → DEL → BLR,07:10,18:50,11h 40m,1 stop,No info,8610
Air India,27/05/2019,Delhi,Cochin,DEL → TRV → COK,05:15,06:50 28 May,25h 35m,1 stop,No info,8425
IndiGo,18/05/2019,Delhi,Cochin,DEL → BOM → COK,18:35,01:30 19 May,6h 55m,1 stop,No info,7503
Jet Airways,9/05/2019,Kolkata,Banglore,CCU → BOM → BLR,06:30,16:20,9h 50m,1 stop,In-flight meal not included,8586
Air Asia,3/03/2019,Kolkata,Banglore,CCU → BLR,19:35,22:05,2h 30m,non-stop,No info,5964
Jet Airways,9/06/2019,Delhi,Cochin,DEL → BOM → COK,19:45,04:25 10 Jun,8h 40m,1 stop,In-flight meal not included,10577
Jet Airways,1/05/2019,Kolkata,Banglore,CCU → BOM → BLR,21:10,04:40 02 May,7h 30m,1 stop,No info,14781
Vistara,24/03/2019,Kolkata,Banglore,CCU → DEL → BLR,17:00,09:10 25 Mar,16h 10m,1 stop,No info,13310
Jet Airways,21/05/2019,Delhi,Cochin,DEL → ATQ → BOM → COK,20:00,04:25 22 May,8h 25m,2 stops,In-flight meal not included,15318
IndiGo,21/05/2019,Mumbai,Hyderabad,BOM → HYD,02:35,04:05,1h 30m,non-stop,No info,2754
IndiGo,09/03/2019,Banglore,New Delhi,BLR → DEL,23:30,02:20 10 Mar,2h 50m,non-stop,No info,5694
SpiceJet,12/04/2019,Kolkata,Banglore,CCU → BLR,06:55,09:30,2h 35m,non-stop,No check-in baggage included,3841
Multiple carriers,9/06/2019,Delhi,Cochin,DEL → BOM → COK,10:20,19:00,8h 40m,1 stop,No info,11789
Air India,9/05/2019,Kolkata,Banglore,CCU → GAU → BLR,16:45,21:05 10 May,28h 20m,1 stop,No info,7662
Jet Airways,21/05/2019,Kolkata,Banglore,CCU → DEL → BLR,09:35,23:35,14h,1 stop,No info,14151
SpiceJet,15/06/2019,Mumbai,Hyderabad,BOM → HYD,13:15,14:45,1h 30m,non-stop,No info,2017
IndiGo,18/03/2019,Mumbai,Hyderabad,BOM → HYD,20:05,21:35,1h 30m,non-stop,No info,2227
Jet Airways,9/06/2019,Mumbai,Hyderabad,BOM → HYD,02:55,04:20,1h 25m,non-stop,No info,5678
Jet Airways,18/06/2019,Banglore,Delhi,BLR → DEL,15:50,18:45,2h 55m,non-stop,No info,8016
Air India,1/05/2019,Kolkata,Banglore,CCU → BBI → BOM → BLR,12:00,11:10 02 May,23h 10m,2 stops,No info,11148
Air India,3/03/2019,Delhi,Cochin,DEL → AMD → BOM → COK,19:45,19:15 04 Mar,23h 30m,2 stops,No info,12646
Multiple carriers,27/06/2019,Delhi,Cochin,DEL → BOM → COK,10:00,01:30 28 Jun,15h 30m,1 stop,No info,13377
SpiceJet,21/06/2019,Kolkata,Banglore,CCU → BLR,06:55,09:30,2h 35m,non-stop,No check-in baggage included,3841
Jet Airways,3/04/2019,Delhi,Cochin,DEL → BOM → COK,02:15,12:35,10h 20m,1 stop,In-flight meal not included,5177
Jet Airways,24/03/2019,Banglore,New Delhi,BLR → DEL,19:55,22:35,2h 40m,non-stop,No info,7229
Multiple carriers,15/06/2019,Delhi,Cochin,DEL → BOM → COK,08:30,19:00,10h 30m,1 stop,No info,11200
Air Asia,12/03/2019,Kolkata,Banglore,CCU → BLR,19:35,22:05,2h 30m,non-stop,No info,4384
Air India,6/04/2019,Delhi,Cochin,DEL → MAA → COK,06:05,09:25 07 Apr,27h 20m,1 stop,No info,4487
Jet Airways,1/05/2019,Kolkata,Banglore,CCU → BOM → BLR,08:25,19:50,11h 25m,1 stop,No info,14781
Jet Airways,3/06/2019,Banglore,Delhi,BLR → DEL,18:55,22:00,3h 5m,non-stop,No info,8016
IndiGo,6/04/2019,Kolkata,Banglore,CCU → BLR,17:15,19:50,2h 35m,non-stop,No info,4174
Multiple carriers,27/05/2019,Delhi,Cochin,DEL → BOM → COK,18:15,01:30 28 May,7h 15m,1 stop,In-flight meal not included,7308
IndiGo,1/03/2019,Kolkata,Banglore,CCU → BLR,21:25,00:05 02 Mar,2h 40m,non-stop,No info,4778
Vistara,6/04/2019,Banglore,Delhi,BLR → DEL,07:00,09:40,2h 40m,non-stop,No info,5613
Jet Airways,12/03/2019,Banglore,New Delhi,BLR → BOM → DEL,22:55,20:20 13 Mar,21h 25m,1 stop,In-flight meal not included,11087
Vistara,18/06/2019,Chennai,Kolkata,MAA → CCU,17:45,20:05,2h 20m,non-stop,No info,11982
Vistara,6/04/2019,Banglore,Delhi,BLR → DEL,17:00,19:35,2h 35m,non-stop,No info,5613
Jet Airways,9/06/2019,Kolkata,Banglore,CCU → BOM → BLR,20:00,22:35 10 Jun,26h 35m,1 stop,In-flight meal not included,10844
IndiGo,18/04/2019,Banglore,Delhi,BLR → DEL,10:10,13:00,2h 50m,non-stop,No info,4591
SpiceJet,9/04/2019,Kolkata,Banglore,CCU → BLR,22:20,00:40 10 Apr,2h 20m,non-stop,No check-in baggage included,3841
GoAir,24/04/2019,Banglore,Delhi,BLR → DEL,07:45,10:40,2h 55m,non-stop,No info,4632
Multiple carriers,18/05/2019,Delhi,Cochin,DEL → BOM → COK,04:55,19:15,14h 20m,1 stop,No info,7564
Jet Airways,27/05/2019,Delhi,Cochin,DEL → BOM → COK,08:00,19:00,11h,1 stop,In-flight meal not included,12239
Air India,18/05/2019,Chennai,Kolkata,MAA → CCU,11:40,13:55,2h 15m,non-stop,No info,4667
IndiGo,6/03/2019,Kolkata,Banglore,CCU → BLR,14:20,16:55,2h 35m,non-stop,No info,5618
Air India,9/04/2019,Delhi,Cochin,DEL → BOM → COK,07:00,19:15,12h 15m,1 stop,No info,6674
IndiGo,18/05/2019,Delhi,Cochin,DEL → BOM → COK,10:35,01:30 19 May,14h 55m,1 stop,No info,7503
Multiple carriers,15/05/2019,Delhi,Cochin,DEL → BOM → COK,10:00,19:15,9h 15m,1 stop,No info,14323
Multiple carriers,15/06/2019,Delhi,Cochin,DEL → BOM → COK,19:00,01:30 16 Jun,6h 30m,1 stop,No info,7408
Multiple carriers,15/06/2019,Delhi,Cochin,DEL → BOM → COK,11:30,19:15,7h 45m,1 stop,No info,16108
Jet Airways,3/06/2019,Delhi,Cochin,DEL → BOM → COK,22:50,19:00 04 Jun,20h 10m,1 stop,In-flight meal not included,10262
IndiGo,9/06/2019,Mumbai,Hyderabad,BOM → HYD,19:05,20:35,1h 30m,non-stop,No info,2754
Air India,18/05/2019,Delhi,Cochin,DEL → COK,14:10,17:10,3h,non-stop,No info,6934
Multiple carriers,15/05/2019,Delhi,Cochin,DEL → HYD → COK,07:10,16:10,9h,1 stop,No info,6513
Air India,24/05/2019,Kolkata,Banglore,CCU → IXR → DEL → BLR,05:50,12:30 25 May,30h 40m,2 stops,No info,12723
Air India,24/03/2019,Kolkata,Banglore,CCU → GAU → BLR,16:45,21:05 25 Mar,28h 20m,1 stop,No info,6535
Jet Airways,9/05/2019,Kolkata,Banglore,CCU → GAU → BLR,10:20,17:35,7h 15m,1 stop,No info,8355
Jet Airways,27/06/2019,Delhi,Cochin,DEL → BOM → COK,14:00,19:00,5h,1 stop,In-flight meal not included,10262
IndiGo,1/04/2019,Mumbai,Hyderabad,BOM → HYD,19:05,20:35,1h 30m,non-stop,No info,2754
Air India,12/05/2019,Kolkata,Banglore,CCU → BBI → BOM → BLR,12:00,11:10 13 May,23h 10m,2 stops,No info,10676
Vistara,21/05/2019,Kolkata,Banglore,CCU → DEL → BLR,20:20,20:20 22 May,24h,1 stop,No info,9345
IndiGo,12/06/2019,Kolkata,Banglore,CCU → BLR,14:25,16:55,2h 30m,non-stop,No info,4804
Air India,24/05/2019,Mumbai,Hyderabad,BOM → HYD,06:20,07:40,1h 20m,non-stop,No info,3100
GoAir,27/05/2019,Delhi,Cochin,DEL → BOM → COK,07:00,12:55,5h 55m,1 stop,No info,5752
Jet Airways,18/03/2019,Banglore,New Delhi,BLR → BOM → DEL,21:25,10:25 16 Mar,13h,1 stop,No info,13555
Multiple carriers,21/03/2019,Delhi,Cochin,DEL → BOM → COK,04:45,19:15,14h 30m,1 stop,No info,6630
Multiple carriers,3/06/2019,Delhi,Cochin,DEL → BOM → COK,11:40,19:15,7h 35m,1 stop,No info,9001
Jet Airways,12/06/2019,Banglore,Delhi,BLR → DEL,08:20,11:20,3h,non-stop,In-flight meal not included,5769
SpiceJet,18/05/2019,Mumbai,Hyderabad,BOM → HYD,05:45,07:15,1h 30m,non-stop,No check-in baggage included,1965
Multiple carriers,27/06/2019,Delhi,Cochin,DEL → BOM → COK,18:15,01:30 28 Jun,7h 15m,1 stop,No info,13377
SpiceJet,27/05/2019,Chennai,Kolkata,MAA → CCU,09:45,12:00,2h 15m,non-stop,No info,3597
SpiceJet,18/03/2019,Mumbai,Hyderabad,BOM → HYD,22:45,00:10 19 Mar,1h 25m,non-stop,No info,2017
IndiGo,18/06/2019,Delhi,Cochin,DEL → COK,14:20,17:35,3h 15m,non-stop,No info,5000
Jet Airways,1/05/2019,Banglore,Delhi,BLR → DEL,07:10,10:10,3h,non-stop,In-flight meal not included,4030
IndiGo,15/06/2019,Delhi,Cochin,DEL → HYD → COK,07:35,16:10,8h 35m,1 stop,No info,6442
Air India,24/03/2019,Banglore,New Delhi,BLR → DEL,06:10,08:55,2h 45m,non-stop,No info,3758
Air India,24/05/2019,Kolkata,Banglore,CCU → BBI → BOM → BLR,12:00,07:55 25 May,19h 55m,2 stops,No info,9416
Jet Airways,24/05/2019,Kolkata,Banglore,CCU → BOM → BLR,14:05,09:20 25 May,19h 15m,1 stop,No info,14178
SpiceJet,3/06/2019,Kolkata,Banglore,CCU → BLR,22:20,00:40 04 Jun,2h 20m,non-stop,No info,3873
Air Asia,24/03/2019,Banglore,New Delhi,BLR → DEL,23:25,02:10 22 Mar,2h 45m,non-stop,No info,3383
Air India,18/05/2019,Delhi,Cochin,DEL → AMD → BOM → COK,05:00,07:40 19 May,26h 40m,2 stops,No info,11228
Vistara,12/04/2019,Banglore,Delhi,BLR → DEL,17:00,19:35,2h 35m,non-stop,No info,5613
SpiceJet,9/05/2019,Kolkata,Banglore,CCU → IXB → BLR,15:55,21:25,5h 30m,1 stop,No info,8224
Jet Airways,6/06/2019,Delhi,Cochin,DEL → JAI → BOM → COK,09:40,12:35 07 Jun,26h 55m,2 stops,In-flight meal not included,11733
Jet Airways,18/06/2019,Delhi,Cochin,DEL → COK,09:50,13:05,3h 15m,non-stop,In-flight meal not included,4466
Air India,9/03/2019,Delhi,Cochin,DEL → TRV → COK,05:15,06:50 10 Mar,25h 35m,1 stop,No info,9790
SpiceJet,12/06/2019,Banglore,Delhi,BLR → DEL,05:55,08:35,2h 40m,non-stop,No check-in baggage included,4319
Air India,15/06/2019,Delhi,Cochin,DEL → BOM → COK,08:00,19:15,11h 15m,1 stop,No info,9929
Multiple carriers,27/05/2019,Delhi,Cochin,DEL → BOM → COK,07:30,21:00,13h 30m,1 stop,No info,8475
Jet Airways,9/05/2019,Delhi,Cochin,DEL → BOM → COK,21:50,19:00 10 May,21h 10m,1 stop,In-flight meal not included,12373
Jet Airways,9/05/2019,Kolkata,Banglore,CCU → BOM → BLR,16:30,10:05 10 May,17h 35m,1 stop,No info,13941
IndiGo,27/03/2019,Mumbai,Hyderabad,BOM → HYD,06:20,07:45,1h 25m,non-stop,No info,3175
Jet Airways,9/06/2019,Delhi,Cochin,DEL → BHO → BOM → COK,05:30,12:35,7h 5m,2 stops,No info,14441
IndiGo,15/04/2019,Banglore,Delhi,BLR → DEL,04:00,06:50,2h 50m,non-stop,No info,4423
IndiGo,03/03/2019,Banglore,New Delhi,BLR → IDR → DEL,13:40,18:35,4h 55m,1 stop,No info,8662
Air India,1/05/2019,Kolkata,Banglore,CCU → GAU → DEL → BLR,09:50,08:55 02 May,23h 5m,2 stops,No info,13227
IndiGo,27/06/2019,Kolkata,Banglore,CCU → BLR,17:15,19:50,2h 35m,non-stop,No info,4804
SpiceJet,24/04/2019,Delhi,Cochin,DEL → PNQ → COK,08:45,13:15,4h 30m,1 stop,No check-in baggage included,4760
SpiceJet,21/05/2019,Kolkata,Banglore,CCU → BLR,22:20,00:40 22 May,2h 20m,non-stop,No info,3873
Vistara,6/06/2019,Delhi,Cochin,DEL → COK,06:00,09:10,3h 10m,non-stop,No info,6216
Multiple carriers,27/06/2019,Delhi,Cochin,DEL → BOM → COK,11:40,19:15,7h 35m,1 stop,In-flight meal not included,7268
Air India,1/06/2019,Kolkata,Banglore,CCU → BLR,14:15,16:45,2h 30m,non-stop,No info,6245
Jet Airways,21/06/2019,Banglore,Delhi,BLR → DEL,18:55,22:00,3h 5m,non-stop,In-flight meal not included,7754
IndiGo,6/03/2019,Mumbai,Hyderabad,BOM → HYD,16:55,18:25,1h 30m,non-stop,No info,4784
Jet Airways,06/03/2019,Banglore,New Delhi,BLR → BOM → DEL,08:55,21:20,12h 25m,1 stop,No info,16736
Jet Airways,27/06/2019,Delhi,Cochin,DEL → BOM → COK,15:00,12:35 28 Jun,21h 35m,1 stop,In-flight meal not included,10262
SpiceJet,12/04/2019,Kolkata,Banglore,CCU → BLR,09:00,11:25,2h 25m,non-stop,No check-in baggage included,3841
Air India,6/06/2019,Kolkata,Banglore,CCU → MAA → BLR,14:35,14:35 07 Jun,24h,1 stop,No info,6528
Jet Airways,21/03/2019,Banglore,New Delhi,BLR → BOM → DEL,05:45,00:45 19 Mar,19h,1 stop,In-flight meal not included,7832
Jet Airways,12/06/2019,Kolkata,Banglore,CCU → DEL → BLR,20:25,09:45 13 Jun,13h 20m,1 stop,In-flight meal not included,10539
Jet Airways,24/05/2019,Kolkata,Banglore,CCU → BOM → BLR,14:05,22:35,8h 30m,1 stop,In-flight meal not included,10844
Jet Airways,24/06/2019,Delhi,Cochin,DEL → IDR → BOM → COK,21:25,12:35 25 Jun,15h 10m,2 stops,No info,12609
Multiple carriers,3/06/2019,Delhi,Cochin,DEL → BOM → COK,06:00,19:00,13h,1 stop,No info,13259
Vistara,24/03/2019,Kolkata,Banglore,CCU → DEL → BLR,17:00,18:45 25 Mar,25h 45m,1 stop,No info,13100
Jet Airways,1/05/2019,Kolkata,Banglore,CCU → BOM → BLR,08:25,18:15,9h 50m,1 stop,In-flight meal not included,10844
Air India,1/05/2019,Mumbai,Hyderabad,BOM → HYD,06:20,07:40,1h 20m,non-stop,No info,3625
IndiGo,24/04/2019,Kolkata,Banglore,CCU → BLR,09:35,12:20,2h 45m,non-stop,No info,4804
IndiGo,15/06/2019,Delhi,Cochin,DEL → BLR → COK,17:05,22:25,5h 20m,1 stop,No info,6147
Air India,9/06/2019,Kolkata,Banglore,CCU → BOM → GOI → BLR,09:25,05:35 10 Jun,20h 10m,2 stops,No info,11432
SpiceJet,27/03/2019,Delhi,Cochin,DEL → MAA → COK,06:10,11:20,5h 10m,1 stop,No info,5351
Multiple carriers,6/06/2019,Delhi,Cochin,DEL → BOM → COK,10:00,21:00,11h,1 stop,No info,7933
Multiple carriers,24/06/2019,Delhi,Cochin,DEL → BOM → COK,08:00,21:00,13h,1 stop,No info,13797
SpiceJet,18/04/2019,Kolkata,Banglore,CCU → BLR,09:00,11:25,2h 25m,non-stop,No check-in baggage included,3841
Jet Airways,18/05/2019,Kolkata,Banglore,CCU → BOM → BLR,20:00,08:15 19 May,12h 15m,1 stop,In-flight meal not included,8586
IndiGo,18/04/2019,Kolkata,Banglore,CCU → BLR,09:35,12:20,2h 45m,non-stop,No info,5644
IndiGo,21/05/2019,Kolkata,Banglore,CCU → HYD → BLR,19:20,23:45,4h 25m,1 stop,No info,3574
GoAir,24/03/2019,Banglore,New Delhi,BLR → DEL,11:40,14:35,2h 55m,non-stop,No info,4340
Jet Airways,6/06/2019,Kolkata,Banglore,CCU → DEL → BLR,17:00,10:55 07 Jun,17h 55m,1 stop,No info,12692
Jet Airways,27/05/2019,Delhi,Cochin,DEL → AMD → BOM → COK,13:25,04:25 28 May,15h,2 stops,No info,16704
Air India,27/04/2019,Kolkata,Banglore,CCU → BLR,20:45,23:20,2h 35m,non-stop,No info,4145
Air India,18/05/2019,Kolkata,Banglore,CCU → DEL → COK → BLR,07:00,01:20 19 May,18h 20m,2 stops,No info,13873
Jet Airways,1/05/2019,Kolkata,Banglore,CCU → BOM → BLR,18:55,04:40 02 May,9h 45m,1 stop,In-flight meal not included,8586
Jet Airways,15/05/2019,Kolkata,Banglore,CCU → BOM → BLR,21:10,09:20 16 May,12h 10m,1 stop,In-flight meal not included,9663
IndiGo,18/05/2019,Delhi,Cochin,DEL → HYD → COK,07:35,22:30,14h 55m,1 stop,No info,7144
Jet Airways,15/06/2019,Delhi,Cochin,DEL → JDH → BOM → COK,11:40,19:00,7h 20m,2 stops,No info,18804
IndiGo,15/03/2019,Banglore,New Delhi,BLR → AMD → DEL,14:25,19:25,5h,1 stop,No info,9165
IndiGo,12/05/2019,Mumbai,Hyderabad,BOM → HYD,20:05,21:40,1h 35m,non-stop,No info,2227
IndiGo,21/04/2019,Banglore,Delhi,BLR → DEL,18:25,21:20,2h 55m,non-stop,No info,4823
Vistara,12/05/2019,Kolkata,Banglore,CCU → DEL → BLR,20:20,23:25 13 May,27h 5m,1 stop,No info,8085
Jet Airways,21/03/2019,Delhi,Cochin,DEL → BOM → COK,22:00,18:50 22 Mar,20h 50m,1 stop,In-flight meal not included,6017
Jet Airways,6/06/2019,Kolkata,Banglore,CCU → BOM → BLR,21:10,08:15 07 Jun,11h 5m,1 stop,In-flight meal not included,10844
Air India,3/06/2019,Delhi,Cochin,DEL → CCU → BOM → COK,20:15,19:15 04 Jun,23h,2 stops,No info,13381
Jet Airways,3/03/2019,Delhi,Cochin,DEL → BOM → COK,17:30,04:25 04 Mar,10h 55m,1 stop,No info,17024
IndiGo,9/04/2019,Delhi,Cochin,DEL → LKO → COK,21:50,03:35 10 Apr,5h 45m,1 stop,No info,7398
IndiGo,27/04/2019,Kolkata,Banglore,CCU → BLR,17:15,19:50,2h 35m,non-stop,No info,4804
Jet Airways,1/04/2019,Banglore,Delhi,BLR → DEL,19:50,22:50,3h,non-stop,In-flight meal not included,4544
IndiGo,6/03/2019,Kolkata,Banglore,CCU → BLR,05:30,08:20,2h 50m,non-stop,No info,4778
Jet Airways,6/06/2019,Delhi,Cochin,DEL → BOM → COK,11:30,04:25 07 Jun,16h 55m,1 stop,In-flight meal not included,10262
Jet Airways,21/05/2019,Banglore,Delhi,BLR → DEL,15:50,18:45,2h 55m,non-stop,No info,7229
Air Asia,6/04/2019,Banglore,Delhi,BLR → DEL,11:10,13:55,2h 45m,non-stop,No info,3383
IndiGo,9/03/2019,Kolkata,Banglore,CCU → BLR,22:10,00:55 10 Mar,2h 45m,non-stop,No info,4148
IndiGo,9/03/2019,Kolkata,Banglore,CCU → BLR,15:10,17:45,2h 35m,non-stop,No info,4462
Vistara,24/06/2019,Chennai,Kolkata,MAA → CCU,07:45,10:00,2h 15m,non-stop,No info,3687
Jet Airways,12/06/2019,Delhi,Cochin,DEL → BOM → COK,20:55,04:25 13 Jun,7h 30m,1 stop,No info,14714
IndiGo,12/04/2019,Banglore,Delhi,BLR → DEL,06:05,08:50,2h 45m,non-stop,No info,4990
Jet Airways,9/06/2019,Delhi,Cochin,DEL → BOM → COK,19:15,19:00 10 Jun,23h 45m,1 stop,In-flight meal not included,10577
Jet Airways,6/03/2019,Mumbai,Hyderabad,BOM → BDQ → DEL → HYD,19:50,16:50 07 Mar,21h,2 stops,No info,24210
Vistara,6/04/2019,Banglore,Delhi,BLR → DEL,09:45,12:35,2h 50m,non-stop,No info,5613
Jet Airways,21/03/2019,Banglore,New Delhi,BLR → BOM → DEL,22:50,07:40 19 Mar,8h 50m,1 stop,In-flight meal not included,7045
IndiGo,9/03/2019,Kolkata,Banglore,CCU → BLR,14:20,16:55,2h 35m,non-stop,No info,4148
Air India,9/03/2019,Delhi,Cochin,DEL → BLR → COK,20:30,23:00 10 Mar,26h 30m,1 stop,No info,8119
SpiceJet,1/05/2019,Chennai,Kolkata,MAA → CCU,09:45,12:00,2h 15m,non-stop,No check-in baggage included,3543
Jet Airways,12/05/2019,Kolkata,Banglore,CCU → BOM → BLR,16:30,22:35,6h 5m,1 stop,In-flight meal not included,10844
Jet Airways,18/03/2019,Banglore,New Delhi,BLR → BOM → DEL,11:40,18:25,6h 45m,1 stop,No info,12284
IndiGo,15/06/2019,Banglore,Delhi,BLR → DEL,08:30,11:20,2h 50m,non-stop,No info,4823
Multiple carriers,15/06/2019,Delhi,Cochin,DEL → BOM → COK,04:55,12:35,7h 40m,1 stop,No info,10678
Jet Airways,18/05/2019,Delhi,Cochin,DEL → JAI → BOM → COK,19:30,12:35 19 May,17h 5m,2 stops,In-flight meal not included,10368
Air India,01/03/2019,Banglore,New Delhi,BLR → BOM → BHO → DEL,06:45,09:25 02 Mar,26h 40m,2 stops,2 Long layover,26480
IndiGo,18/05/2019,Delhi,Cochin,DEL → BOM → COK,17:10,01:30 19 May,8h 20m,1 stop,No info,7081
Air India,9/06/2019,Mumbai,Hyderabad,BOM → HYD,15:00,16:25,1h 25m,non-stop,No info,3100
Jet Airways,9/05/2019,Kolkata,Banglore,CCU → BOM → BLR,18:55,10:05 10 May,15h 10m,1 stop,In-flight meal not included,8586
IndiGo,12/06/2019,Kolkata,Banglore,CCU → BBI → BLR,07:10,12:40,5h 30m,1 stop,No info,4864
Multiple carriers,3/03/2019,Delhi,Cochin,DEL → BOM → COK,02:15,11:30,9h 15m,1 stop,No info,17057
Jet Airways,12/05/2019,Banglore,Delhi,BLR → DEL,15:15,18:10,2h 55m,non-stop,In-flight meal not included,4544
Multiple carriers,27/03/2019,Delhi,Cochin,DEL → BOM → COK,07:00,13:20,6h 20m,1 stop,No info,6148
IndiGo,15/05/2019,Delhi,Cochin,DEL → BLR → COK,02:00,07:45,5h 45m,1 stop,No info,6037
Jet Airways,9/03/2019,Delhi,Cochin,DEL → BOM → COK,18:15,18:50 10 Mar,24h 35m,1 stop,In-flight meal not included,14053
Air India,24/03/2019,Kolkata,Banglore,CCU → BOM → GOI → BLR,09:25,05:35 25 Mar,20h 10m,2 stops,No info,12352
SpiceJet,21/05/2019,Banglore,Delhi,BLR → DEL,05:55,08:35,2h 40m,non-stop,No check-in baggage included,3257
IndiGo,6/03/2019,Delhi,Cochin,DEL → MAA → COK,02:05,07:25,5h 20m,1 stop,No info,10851
Air India,03/03/2019,Banglore,New Delhi,BLR → DEL,13:20,16:10,2h 50m,non-stop,No info,12841
IndiGo,15/06/2019,Delhi,Cochin,DEL → BOM → COK,16:00,21:00,5h,1 stop,No info,6069
Air India,9/06/2019,Delhi,Cochin,DEL → BOM → COK,21:00,19:15 10 Jun,22h 15m,1 stop,No info,8372
Air India,3/06/2019,Delhi,Cochin,DEL → JAI → BOM → COK,12:00,07:40 04 Jun,19h 40m,2 stops,No info,8603
Jet Airways,18/05/2019,Delhi,Cochin,DEL → JAI → BOM → COK,05:30,04:25 19 May,22h 55m,2 stops,No info,15129
SpiceJet,24/04/2019,Banglore,Delhi,BLR → DEL,09:30,12:20,2h 50m,non-stop,No info,3971
SpiceJet,9/05/2019,Kolkata,Banglore,CCU → BLR,06:55,09:30,2h 35m,non-stop,No check-in baggage included,3841
Jet Airways,9/03/2019,Delhi,Cochin,DEL → IXC → BOM → COK,13:45,18:50 10 Mar,29h 5m,2 stops,No info,18752
SpiceJet,21/06/2019,Banglore,Delhi,BLR → DEL,05:55,08:35,2h 40m,non-stop,No check-in baggage included,3919
Jet Airways,24/03/2019,Kolkata,Banglore,CCU → BOM → BLR,13:55,18:10 25 Mar,28h 15m,1 stop,No info,14231
GoAir,3/03/2019,Delhi,Cochin,DEL → HYD → COK,05:45,13:20,7h 35m,1 stop,No info,5628
Air India,21/05/2019,Delhi,Cochin,DEL → HYD → BOM → COK,17:15,19:15 22 May,26h,2 stops,No info,11972
Jet Airways,21/05/2019,Delhi,Cochin,DEL → BOM → COK,07:05,19:00,11h 55m,1 stop,No info,16289
Jet Airways,9/05/2019,Kolkata,Banglore,CCU → BOM → BLR,08:25,16:20,7h 55m,1 stop,No info,13941
Jet Airways,12/05/2019,Delhi,Cochin,DEL → COK,11:00,14:15,3h 15m,non-stop,No info,9564
IndiGo,03/03/2019,Banglore,New Delhi,BLR → DEL,08:30,11:30,3h,non-stop,No info,6860
Jet Airways,3/06/2019,Delhi,Cochin,DEL → BOM → COK,22:50,04:25 04 Jun,5h 35m,1 stop,No info,14714
Jet Airways,27/06/2019,Mumbai,Hyderabad,BOM → HYD,07:05,08:30,1h 25m,non-stop,No info,8040
Air Asia,27/03/2019,Delhi,Cochin,DEL → BLR → COK,16:45,07:10 28 Mar,14h 25m,1 stop,No info,6151
Air India,27/05/2019,Mumbai,Hyderabad,BOM → HYD,19:30,20:45,1h 15m,non-stop,No info,3100
Vistara,24/05/2019,Kolkata,Banglore,CCU → DEL → BLR,07:10,20:20,13h 10m,1 stop,No info,9555
IndiGo,12/06/2019,Banglore,Delhi,BLR → DEL,04:00,06:50,2h 50m,non-stop,No info,3943
SpiceJet,12/06/2019,Mumbai,Hyderabad,BOM → HYD,05:45,07:15,1h 30m,non-stop,No info,2753
Jet Airways Business,01/03/2019,Banglore,New Delhi,BLR → MAA → DEL,09:45,14:25,4h 40m,1 stop,Business class,57209
IndiGo,12/05/2019,Kolkata,Banglore,CCU → BLR,22:15,00:50 13 May,2h 35m,non-stop,No info,4804
Jet Airways,3/06/2019,Delhi,Cochin,DEL → BOM → COK,16:00,19:00 04 Jun,27h,1 stop,In-flight meal not included,10262
GoAir,03/03/2019,Banglore,New Delhi,BLR → DEL,07:45,10:40,2h 55m,non-stop,No info,7222
Multiple carriers,9/03/2019,Delhi,Cochin,DEL → BOM → COK,06:40,19:15,12h 35m,1 stop,No info,13082
Vistara,1/06/2019,Chennai,Kolkata,MAA → CCU,17:45,20:05,2h 20m,non-stop,No info,11982
IndiGo,9/04/2019,Banglore,Delhi,BLR → DEL,04:00,06:50,2h 50m,non-stop,No info,3943
Jet Airways,15/05/2019,Kolkata,Banglore,CCU → BOM → BLR,18:55,22:35 16 May,27h 40m,1 stop,In-flight meal not included,10844
Jet Airways,21/03/2019,Delhi,Cochin,DEL → BOM → COK,15:00,04:25 22 Mar,13h 25m,1 stop,In-flight meal not included,6017
Jet Airways,21/05/2019,Kolkata,Banglore,CCU → DEL → BLR,17:00,14:25 22 May,21h 25m,1 stop,In-flight meal not included,9314
GoAir,21/06/2019,Banglore,Delhi,BLR → DEL,11:40,14:30,2h 50m,non-stop,No info,3398
Jet Airways,27/06/2019,Delhi,Cochin,DEL → BOM → COK,20:55,19:00 28 Jun,22h 5m,1 stop,In-flight meal not included,10262
IndiGo,3/03/2019,Delhi,Cochin,DEL → HYD → COK,04:55,16:10,11h 15m,1 stop,No info,8513
Jet Airways,12/04/2019,Banglore,Delhi,BLR → DEL,07:10,10:10,3h,non-stop,No info,7229
Air India,18/05/2019,Delhi,Cochin,DEL → CCU → BOM → COK,06:50,07:40 19 May,24h 50m,2 stops,No info,13591
Jet Airways,12/06/2019,Delhi,Cochin,DEL → ATQ → BOM → COK,20:00,19:00 13 Jun,23h,2 stops,No info,14300
Air India,15/05/2019,Delhi,Cochin,DEL → AMD → BOM → COK,05:00,07:40 16 May,26h 40m,2 stops,No info,11281
Multiple carriers,6/03/2019,Delhi,Cochin,DEL → BOM → COK,10:20,01:35 07 Mar,15h 15m,1 stop,No info,15147
Jet Airways,9/04/2019,Delhi,Cochin,DEL → AMD → BOM → COK,23:05,19:00 10 Apr,19h 55m,2 stops,No info,9483
Jet Airways,24/03/2019,Kolkata,Banglore,CCU → BOM → BLR,16:55,19:40 25 Mar,26h 45m,1 stop,In-flight meal not included,11134
Air India,12/05/2019,Kolkata,Banglore,CCU → IXR → DEL → BLR,05:50,23:15,17h 25m,2 stops,No info,11411
Air Asia,9/04/2019,Kolkata,Banglore,CCU → BLR,19:55,22:25,2h 30m,non-stop,No info,4107
Vistara,18/03/2019,Banglore,New Delhi,BLR → DEL,21:10,00:05 16 Mar,2h 55m,non-stop,No info,11598
Multiple carriers,27/05/2019,Delhi,Cochin,DEL → BOM → COK,08:30,19:15,10h 45m,1 stop,No info,9149
Multiple carriers,15/06/2019,Delhi,Cochin,DEL → BOM → COK,08:45,21:00,12h 15m,1 stop,No info,7005
Air India,1/06/2019,Delhi,Cochin,DEL → JAI → BOM → COK,12:00,19:15,7h 15m,2 stops,No info,10336
IndiGo,1/06/2019,Banglore,Delhi,BLR → DEL,10:30,13:20,2h 50m,non-stop,No info,3943
Multiple carriers,15/06/2019,Delhi,Cochin,DEL → BOM → COK,10:20,19:15,8h 55m,1 stop,No info,9526
IndiGo,27/03/2019,Chennai,Kolkata,MAA → CCU,19:35,21:55,2h 20m,non-stop,No info,3858
IndiGo,9/04/2019,Kolkata,Banglore,CCU → MAA → BLR,11:30,16:05,4h 35m,1 stop,No info,4966
Air India,18/03/2019,Banglore,New Delhi,BLR → BOM → UDR → DEL,08:50,16:30 16 Mar,31h 40m,2 stops,No info,10835
Jet Airways,27/06/2019,Delhi,Cochin,DEL → BOM → COK,21:50,12:35 28 Jun,14h 45m,1 stop,In-flight meal not included,10262
IndiGo,18/05/2019,Delhi,Cochin,DEL → HYD → COK,14:20,22:30,8h 10m,1 stop,No info,7640
Multiple carriers,3/06/2019,Delhi,Cochin,DEL → HYD → COK,07:05,16:10,9h 5m,1 stop,No info,10696
IndiGo,27/03/2019,Mumbai,Hyderabad,BOM → HYD,12:00,13:25,1h 25m,non-stop,No info,2754
Jet Airways,18/05/2019,Kolkata,Banglore,CCU → BOM → BLR,20:00,20:45 19 May,24h 45m,1 stop,In-flight meal not included,10844
Jet Airways,9/05/2019,Banglore,Delhi,BLR → DEL,18:55,22:00,3h 5m,non-stop,No info,7229
IndiGo,15/03/2019,Banglore,New Delhi,BLR → DEL,23:30,02:20 16 Mar,2h 50m,non-stop,No info,8033
Jet Airways,27/06/2019,Delhi,Cochin,DEL → AMD → BOM → COK,13:25,12:35 28 Jun,23h 10m,2 stops,In-flight meal not included,11150
Vistara,6/05/2019,Banglore,Delhi,BLR → DEL,11:30,14:20,2h 50m,non-stop,No info,4668
SpiceJet,21/03/2019,Banglore,New Delhi,BLR → DEL,09:35,12:30,2h 55m,non-stop,No info,4945
Jet Airways,24/03/2019,Kolkata,Banglore,CCU → BOM → BLR,19:45,04:45 25 Mar,9h,1 stop,In-flight meal not included,10031
Multiple carriers,9/05/2019,Delhi,Cochin,DEL → IDR → BOM → COK,15:05,01:30 10 May,10h 25m,2 stops,No info,18191
Air India,9/05/2019,Delhi,Cochin,DEL → HYD → MAA → COK,09:45,09:25 10 May,23h 40m,2 stops,No info,9925
Jet Airways,12/03/2019,Mumbai,Hyderabad,BOM → DEL → HYD,03:00,16:35,13h 35m,1 stop,No info,22294
Air India,21/05/2019,Banglore,Delhi,BLR → DEL,05:45,08:45,3h,non-stop,No info,6961
Jet Airways,12/06/2019,Kolkata,Banglore,CCU → BOM → BLR,06:30,18:15,11h 45m,1 stop,In-flight meal not included,9899
Air India,6/03/2019,Delhi,Cochin,DEL → AMD → BOM → COK,16:40,19:15 07 Mar,26h 35m,2 stops,No info,12646
Air India,27/03/2019,Delhi,Cochin,DEL → AMD → BOM → COK,16:40,19:15 28 Mar,26h 35m,2 stops,No info,8656
Jet Airways,12/03/2019,Banglore,New Delhi,BLR → BOM → DEL,22:55,10:25 13 Mar,11h 30m,1 stop,No info,13817
Jet Airways,9/05/2019,Kolkata,Banglore,CCU → DEL → BLR,09:35,09:45 10 May,24h 10m,1 stop,No info,12121
Jet Airways,18/03/2019,Banglore,New Delhi,BLR → BOM → DEL,11:40,08:15 16 Mar,20h 35m,1 stop,No info,12284
Jet Airways,27/03/2019,Delhi,Cochin,DEL → BOM → COK,11:30,18:50,7h 20m,1 stop,In-flight meal not included,6017
Jet Airways,27/03/2019,Delhi,Cochin,DEL → AMD → BOM → COK,19:10,19:45 28 Mar,24h 35m,2 stops,In-flight meal not included,8882
SpiceJet,15/05/2019,Banglore,Delhi,BLR → DEL,21:10,00:05 16 May,2h 55m,non-stop,No info,3625
Multiple carriers,15/06/2019,Delhi,Cochin,DEL → BOM → COK,10:35,19:00,8h 25m,1 stop,No info,10877
IndiGo,15/03/2019,Chennai,Kolkata,MAA → CCU,22:05,00:30 13 Mar,2h 25m,non-stop,No info,6297
Air India,9/03/2019,Delhi,Cochin,DEL → BHO → BOM → COK,05:55,19:15,13h 20m,2 stops,No info,18736
Jet Airways,9/06/2019,Kolkata,Banglore,CCU → BOM → BLR,14:05,19:50,5h 45m,1 stop,No info,14571
Air India,24/05/2019,Kolkata,Banglore,CCU → BOM → AMD → BLR,09:25,05:25 25 May,20h,2 stops,No info,14897
SpiceJet,15/05/2019,Kolkata,Banglore,CCU → IXB → BLR,11:15,18:30,7h 15m,1 stop,No info,8844
IndiGo,27/05/2019,Mumbai,Hyderabad,BOM → HYD,20:05,21:40,1h 35m,non-stop,No info,2227
Jet Airways,21/05/2019,Kolkata,Banglore,CCU → BOM → BLR,18:55,12:00 22 May,17h 5m,1 stop,In-flight meal not included,10844
IndiGo,21/03/2019,Delhi,Cochin,DEL → BOM → COK,09:10,01:35 22 Mar,16h 25m,1 stop,No info,8765
IndiGo,21/05/2019,Chennai,Kolkata,MAA → CCU,13:15,15:35,2h 20m,non-stop,No info,3597
Jet Airways,9/06/2019,Delhi,Cochin,DEL → BOM → COK,19:45,19:00 10 Jun,23h 15m,1 stop,In-flight meal not included,10577
Jet Airways,9/05/2019,Mumbai,Hyderabad,BOM → HYD,02:55,04:20,1h 25m,non-stop,No info,5678
IndiGo,18/04/2019,Kolkata,Banglore,CCU → BLR,15:30,18:05,2h 35m,non-stop,No info,4174
Jet Airways,9/06/2019,Delhi,Cochin,DEL → BOM → COK,07:05,19:00,11h 55m,1 stop,No info,14714
Jet Airways,24/06/2019,Delhi,Cochin,DEL → BOM → COK,22:50,12:35 25 Jun,13h 45m,1 stop,In-flight meal not included,10262
Jet Airways,21/05/2019,Kolkata,Banglore,CCU → BOM → BLR,06:30,12:00,5h 30m,1 stop,In-flight meal not included,9663
Air India,09/03/2019,Banglore,New Delhi,BLR → DEL,10:00,12:45,2h 45m,non-stop,No info,7801
Jet Airways,01/03/2019,Banglore,New Delhi,BLR → BOM → DEL,07:00,13:15,6h 15m,1 stop,No info,26890
IndiGo,03/03/2019,Banglore,New Delhi,BLR → DEL,06:00,08:45,2h 45m,non-stop,No info,6144
IndiGo,21/03/2019,Delhi,Cochin,DEL → HYD → MAA → COK,04:55,21:20,16h 25m,2 stops,No info,6223
Jet Airways,18/03/2019,Banglore,New Delhi,BLR → BOM → DEL,16:55,08:15 16 Mar,15h 20m,1 stop,No info,13555
Jet Airways,24/06/2019,Delhi,Cochin,DEL → LKO → BOM → COK,09:25,12:35 25 Jun,27h 10m,2 stops,No info,13882
Air India,21/03/2019,Delhi,Cochin,DEL → BOM → COK,09:00,19:15,10h 15m,1 stop,No info,6902
IndiGo,27/03/2019,Delhi,Cochin,DEL → BOM → COK,10:45,21:00,10h 15m,1 stop,No info,6838
Jet Airways,1/04/2019,Kolkata,Banglore,CCU → BOM → BLR,18:55,19:50 02 Apr,24h 55m,1 stop,No info,12681
Jet Airways,12/06/2019,Delhi,Cochin,DEL → BOM → COK,19:45,19:00 13 Jun,23h 15m,1 stop,In-flight meal not included,10262
IndiGo,21/05/2019,Mumbai,Hyderabad,BOM → HYD,19:05,20:35,1h 30m,non-stop,No info,2754
Jet Airways,9/03/2019,Delhi,Cochin,DEL → BOM → COK,18:15,04:25 10 Mar,10h 10m,1 stop,In-flight meal not included,14053
Jet Airways,27/03/2019,Delhi,Cochin,DEL → BOM → COK,21:50,04:25 28 Mar,6h 35m,1 stop,No info,12242
Air Asia,24/03/2019,Kolkata,Banglore,CCU → BLR,19:35,22:05,2h 30m,non-stop,No info,5964
Multiple carriers,9/05/2019,Delhi,Cochin,DEL → BOM → COK,17:00,01:30 10 May,8h 30m,1 stop,No info,9424
Jet Airways,9/06/2019,Delhi,Cochin,DEL → JAI → BOM → COK,09:40,19:00,9h 20m,2 stops,No info,13014
Jet Airways,01/03/2019,Banglore,New Delhi,BLR → BOM → DEL,07:00,05:05 02 Mar,22h 5m,1 stop,No info,26890
Jet Airways,9/05/2019,Delhi,Cochin,DEL → BHO → BOM → COK,05:30,12:35,7h 5m,2 stops,In-flight meal not included,15544
Air India,12/06/2019,Kolkata,Banglore,CCU → BBI → HYD → BLR,09:10,11:05 13 Jun,25h 55m,2 stops,No info,6117
Air India,15/04/2019,Kolkata,Banglore,CCU → BLR,20:45,23:20,2h 35m,non-stop,No info,4145
SpiceJet,6/04/2019,Banglore,Delhi,BLR → DEL,21:10,00:05 07 Apr,2h 55m,non-stop,No check-in baggage included,3919
Air Asia,12/04/2019,Kolkata,Banglore,CCU → BLR,19:55,22:25,2h 30m,non-stop,No info,4409
Air India,6/06/2019,Delhi,Cochin,DEL → JDH → BOM → COK,12:55,19:15 07 Jun,30h 20m,2 stops,No info,12646
IndiGo,9/06/2019,Chennai,Kolkata,MAA → CCU,11:35,14:00,2h 25m,non-stop,No info,3858
SpiceJet,1/04/2019,Delhi,Cochin,DEL → BLR → COK,17:55,22:50,4h 55m,1 stop,No info,4957
IndiGo,21/04/2019,Kolkata,Banglore,CCU → BLR,15:15,17:45,2h 30m,non-stop,No info,5224
Jet Airways,15/06/2019,Delhi,Cochin,DEL → NAG → BOM → COK,14:35,04:25 16 Jun,13h 50m,2 stops,No info,13376
Vistara,12/06/2019,Kolkata,Banglore,CCU → DEL → BLR,07:10,23:25,16h 15m,1 stop,No info,8610
IndiGo,1/03/2019,Mumbai,Hyderabad,BOM → HYD,21:20,22:45,1h 25m,non-stop,No info,12475
Jet Airways,12/06/2019,Delhi,Cochin,DEL → JAI → BOM → COK,05:30,19:00,13h 30m,2 stops,In-flight meal not included,10368
Jet Airways,6/06/2019,Delhi,Cochin,DEL → JAI → BOM → COK,05:30,19:00,13h 30m,2 stops,In-flight meal not included,10368
Air India,27/06/2019,Delhi,Cochin,DEL → AMD → BOM → COK,16:40,19:15 28 Jun,26h 35m,2 stops,No info,9653
Jet Airways,1/04/2019,Kolkata,Banglore,CCU → BOM → BLR,20:00,16:20 02 Apr,20h 20m,1 stop,In-flight meal not included,7064
Jet Airways,27/06/2019,Delhi,Cochin,DEL → AMD → BOM → COK,23:05,12:35 28 Jun,13h 30m,2 stops,No info,12819
Jet Airways,9/05/2019,Delhi,Cochin,DEL → BOM → COK,18:15,19:00 10 May,24h 45m,1 stop,In-flight meal not included,12373
IndiGo,9/06/2019,Delhi,Cochin,DEL → MAA → COK,02:00,07:25,5h 25m,1 stop,No info,5636
Jet Airways,18/05/2019,Mumbai,Hyderabad,BOM → HYD,07:05,08:30,1h 25m,non-stop,In-flight meal not included,4050
Air India,15/05/2019,Kolkata,Banglore,CCU → GAU → DEL → BLR,16:45,08:55 16 May,16h 10m,2 stops,No info,14960
Jet Airways,21/03/2019,Banglore,New Delhi,BLR → BOM → DEL,21:25,11:25 19 Mar,14h,1 stop,In-flight meal not included,7832
Multiple carriers,3/03/2019,Delhi,Cochin,DEL → BOM → COK,07:05,15:30,8h 25m,1 stop,No info,17057
IndiGo,9/04/2019,Banglore,Delhi,BLR → DEL,18:55,21:50,2h 55m,non-stop,No info,4823
Jet Airways,27/06/2019,Delhi,Cochin,DEL → AMD → BOM → COK,23:05,19:00 28 Jun,19h 55m,2 stops,In-flight meal not included,11150
GoAir,21/05/2019,Delhi,Cochin,DEL → BOM → COK,10:35,19:35,9h,1 stop,No info,6195
Jet Airways,3/06/2019,Delhi,Cochin,DEL → BOM → COK,18:15,19:00 04 Jun,24h 45m,1 stop,No info,14714
Jet Airways,24/06/2019,Delhi,Cochin,DEL → BOM → COK,16:00,19:00 25 Jun,27h,1 stop,In-flight meal not included,10262
SpiceJet,1/06/2019,Mumbai,Hyderabad,BOM → HYD,05:45,07:15,1h 30m,non-stop,No info,2753
Jet Airways,21/05/2019,Delhi,Cochin,DEL → BOM → COK,08:00,04:25 22 May,20h 25m,1 stop,In-flight meal not included,12898
Jet Airways,15/04/2019,Banglore,Delhi,BLR → DEL,18:55,22:00,3h 5m,non-stop,No info,7229
Jet Airways,24/06/2019,Delhi,Cochin,DEL → JAI → BOM → COK,05:30,19:00,13h 30m,2 stops,No info,13014
IndiGo,12/06/2019,Chennai,Kolkata,MAA → CCU,07:55,10:15,2h 20m,non-stop,No info,3850
Air Asia,9/05/2019,Kolkata,Banglore,CCU → IXR → DEL → BLR,15:10,23:30,8h 20m,2 stops,No info,5192
Jet Airways,12/05/2019,Kolkata,Banglore,CCU → DEL → BLR,20:25,21:05 13 May,24h 40m,1 stop,No info,12121
Jet Airways,24/05/2019,Kolkata,Banglore,CCU → BOM → BLR,20:00,08:15 25 May,12h 15m,1 stop,No info,13731
Jet Airways,21/03/2019,Delhi,Cochin,DEL → BOM → COK,08:00,18:50,10h 50m,1 stop,No info,12767
Jet Airways,9/05/2019,Banglore,Delhi,BLR → DEL,06:00,08:45,2h 45m,non-stop,In-flight meal not included,4030
Jet Airways,3/03/2019,Delhi,Cochin,DEL → IDR → BOM → COK,05:25,18:50,13h 25m,2 stops,No info,18799
Jet Airways,01/03/2019,Banglore,New Delhi,BLR → BOM → DEL,07:00,20:20,13h 20m,1 stop,No info,27992
Multiple carriers,6/03/2019,Delhi,Cochin,DEL → BOM → COK,08:55,18:50,9h 55m,1 stop,No info,15411
SpiceJet,18/06/2019,Chennai,Kolkata,MAA → CCU,17:45,20:05,2h 20m,non-stop,No check-in baggage included,3543
Jet Airways,1/05/2019,Kolkata,Banglore,CCU → DEL → BLR,17:00,09:45 02 May,16h 45m,1 stop,In-flight meal not included,9314
Multiple carriers,21/03/2019,Delhi,Cochin,DEL → BOM → COK,15:00,01:35 22 Mar,10h 35m,1 stop,No info,13542
IndiGo,03/03/2019,Banglore,New Delhi,BLR → DEL,01:30,04:15,2h 45m,non-stop,No info,6144
GoAir,9/06/2019,Banglore,Delhi,BLR → DEL,20:55,23:40,2h 45m,non-stop,No info,3898
Jet Airways,3/06/2019,Delhi,Cochin,DEL → BOM → COK,02:15,04:25 04 Jun,26h 10m,1 stop,In-flight meal not included,11627
IndiGo,27/03/2019,Delhi,Cochin,DEL → BOM → COK,17:30,01:35 28 Mar,8h 5m,1 stop,No info,6628
Air Asia,9/06/2019,Kolkata,Banglore,CCU → DEL → BLR,22:40,10:40 10 Jun,12h,1 stop,No info,11323
GoAir,3/04/2019,Banglore,Delhi,BLR → DEL,20:55,23:40,2h 45m,non-stop,No info,4239
IndiGo,15/06/2019,Mumbai,Hyderabad,BOM → HYD,19:05,20:35,1h 30m,non-stop,No info,2754
IndiGo,3/03/2019,Delhi,Cochin,DEL → HYD → MAA → COK,11:55,21:20,9h 25m,2 stops,No info,9413
Jet Airways,27/06/2019,Mumbai,Hyderabad,BOM → HYD,19:35,21:05,1h 30m,non-stop,No info,5678
Jet Airways,24/05/2019,Kolkata,Banglore,CCU → BOM → BLR,21:10,08:15 25 May,11h 5m,1 stop,No info,14178
Air India,18/05/2019,Kolkata,Banglore,CCU → GAU → BLR,16:45,21:05 19 May,28h 20m,1 stop,No info,7872
IndiGo,15/05/2019,Delhi,Cochin,DEL → COK,14:25,17:40,3h 15m,non-stop,No info,6541
Jet Airways,18/05/2019,Kolkata,Banglore,CCU → BOM → BLR,18:55,04:40 19 May,9h 45m,1 stop,No info,13941
Jet Airways,3/04/2019,Banglore,Delhi,BLR → DEL,18:55,22:00,3h 5m,non-stop,In-flight meal not included,4544
Air India,1/06/2019,Delhi,Cochin,DEL → COK,14:10,17:10,3h,non-stop,No info,6934
Air India,6/06/2019,Kolkata,Banglore,CCU → BOM → BLR,09:25,18:30,9h 5m,1 stop,No info,8366
IndiGo,12/06/2019,Banglore,Delhi,BLR → DEL,22:10,01:00 13 Jun,2h 50m,non-stop,No info,3419
Jet Airways,21/03/2019,Delhi,Cochin,DEL → BOM → COK,15:00,04:25 22 Mar,13h 25m,1 stop,No info,12767
Vistara,15/04/2019,Banglore,Delhi,BLR → DEL,19:30,22:15,2h 45m,non-stop,No info,5613
Multiple carriers,6/03/2019,Delhi,Cochin,DEL → BOM → COK,07:05,13:20,6h 15m,1 stop,No info,17267
IndiGo,12/05/2019,Mumbai,Hyderabad,BOM → HYD,12:00,13:30,1h 30m,non-stop,No info,2754
IndiGo,27/04/2019,Delhi,Cochin,DEL → LKO → COK,21:50,03:35 28 Apr,5h 45m,1 stop,No info,6307
SpiceJet,15/05/2019,Delhi,Cochin,DEL → PNQ → COK,08:45,13:15,4h 30m,1 stop,No check-in baggage included,4760
IndiGo,1/04/2019,Kolkata,Banglore,CCU → BBI → BLR,19:35,23:15,3h 40m,1 stop,No info,4226
Jet Airways,15/03/2019,Mumbai,Hyderabad,BOM → HYD,10:20,11:50,1h 30m,non-stop,In-flight meal not included,4160
Jet Airways,24/03/2019,Kolkata,Banglore,CCU → BOM → BLR,13:55,20:40,6h 45m,1 stop,In-flight meal not included,11134
Air India,6/05/2019,Chennai,Kolkata,MAA → CCU,11:40,13:55,2h 15m,non-stop,No info,4667
Jet Airways,24/03/2019,Mumbai,Hyderabad,BOM → HYD,10:20,11:50,1h 30m,non-stop,In-flight meal not included,2759
Multiple carriers,3/03/2019,Delhi,Cochin,DEL → BOM → COK,13:00,01:35 04 Mar,12h 35m,1 stop,No info,17493
SpiceJet,21/06/2019,Banglore,Delhi,BLR → DEL,09:30,12:20,2h 50m,non-stop,No info,3625
Air India,9/05/2019,Kolkata,Banglore,CCU → BLR,20:45,23:20,2h 35m,non-stop,No info,4145
Multiple carriers,27/05/2019,Delhi,Cochin,DEL → BOM → COK,19:00,01:30 28 May,6h 30m,1 stop,No info,7198
IndiGo,09/03/2019,Banglore,New Delhi,BLR → DEL,10:05,13:00,2h 55m,non-stop,No info,6860
Jet Airways,6/06/2019,Mumbai,Hyderabad,BOM → HYD,10:20,11:50,1h 30m,non-stop,In-flight meal not included,4995
IndiGo,18/05/2019,Delhi,Cochin,DEL → HYD → COK,05:05,12:10,7h 5m,1 stop,No info,7520
IndiGo,27/03/2019,Mumbai,Hyderabad,BOM → HYD,21:20,22:45,1h 25m,non-stop,No info,2227
Jet Airways,6/05/2019,Kolkata,Banglore,CCU → DEL → BLR,20:25,21:05 07 May,24h 40m,1 stop,No info,13067
Air Asia,21/03/2019,Delhi,Cochin,DEL → BLR → COK,16:45,07:10 22 Mar,14h 25m,1 stop,No info,6151
Jet Airways,21/05/2019,Kolkata,Banglore,CCU → BOM → BLR,20:00,08:15 22 May,12h 15m,1 stop,In-flight meal not included,10844
Jet Airways,27/05/2019,Delhi,Cochin,DEL → AMD → BOM → COK,19:10,12:35 28 May,17h 25m,2 stops,No info,15129
Vistara,3/06/2019,Chennai,Kolkata,MAA → CCU,07:05,09:20,2h 15m,non-stop,No info,3687
Multiple carriers,21/05/2019,Delhi,Cochin,DEL → BOM → COK,16:00,01:30 22 May,9h 30m,1 stop,No info,14067
Air India,9/06/2019,Delhi,Cochin,DEL → HYD → BOM → COK,17:15,07:40 10 Jun,14h 25m,2 stops,No info,12199
Jet Airways,06/03/2019,Banglore,New Delhi,BLR → BOM → DEL,14:05,00:45 07 Mar,10h 40m,1 stop,No info,14815
Multiple carriers,21/03/2019,Delhi,Cochin,DEL → BOM → COK,19:00,01:35 22 Mar,6h 35m,1 stop,No info,6838
SpiceJet,12/06/2019,Kolkata,Banglore,CCU → BLR,22:20,00:40 13 Jun,2h 20m,non-stop,No info,3873
Vistara,21/06/2019,Chennai,Kolkata,MAA → CCU,17:45,20:05,2h 20m,non-stop,No info,11982
GoAir,9/06/2019,Kolkata,Banglore,CCU → HYD → BLR,06:40,14:35,7h 55m,1 stop,No info,3673
Jet Airways,6/06/2019,Delhi,Cochin,DEL → BOM → COK,02:15,19:00,16h 45m,1 stop,No info,14714
Jet Airways,27/05/2019,Delhi,Cochin,DEL → BOM → COK,09:00,19:00,10h,1 stop,No info,16079
Air India,3/05/2019,Banglore,Delhi,BLR → DEL,13:20,16:10,2h 50m,non-stop,No info,6121
IndiGo,27/06/2019,Delhi,Cochin,DEL → MAA → COK,02:00,07:25,5h 25m,1 stop,No info,5636
Multiple carriers,24/06/2019,Delhi,Cochin,DEL → HYD → COK,07:05,16:10,9h 5m,1 stop,No info,9856
IndiGo,18/06/2019,Kolkata,Banglore,CCU → BLR,17:15,19:50,2h 35m,non-stop,No info,4804
SpiceJet,24/03/2019,Banglore,New Delhi,BLR → DEL,09:35,12:30,2h 55m,non-stop,No info,6309
Multiple carriers,27/05/2019,Delhi,Cochin,DEL → BOM → COK,07:05,21:00,13h 55m,1 stop,In-flight meal not included,10406
Jet Airways,01/03/2019,Banglore,New Delhi,BLR → BOM → DEL,18:40,09:00 02 Mar,14h 20m,1 stop,No info,31825
Jet Airways,21/05/2019,Kolkata,Banglore,CCU → BOM → BLR,08:25,16:20,7h 55m,1 stop,No info,14781
Jet Airways,24/03/2019,Kolkata,Banglore,CCU → BOM → BLR,19:45,23:25 25 Mar,27h 40m,1 stop,In-flight meal not included,10031
Air India,15/05/2019,Delhi,Cochin,DEL → BOM → COK,09:00,19:15,10h 15m,1 stop,No info,8372
Air India,3/04/2019,Banglore,Delhi,BLR → DEL,10:00,12:45,2h 45m,non-stop,No info,5176
Jet Airways,21/04/2019,Banglore,Delhi,BLR → DEL,06:00,08:45,2h 45m,non-stop,No info,7229
IndiGo,21/05/2019,Delhi,Cochin,DEL → BOM → COK,07:30,21:00,13h 30m,1 stop,No info,7006
Vistara,12/05/2019,Banglore,Delhi,BLR → DEL,21:00,23:50,2h 50m,non-stop,No info,4668
Air India,1/05/2019,Kolkata,Banglore,CCU → BOM → COK → BLR,16:50,13:45 02 May,20h 55m,2 stops,No info,16372
Multiple carriers,15/06/2019,Delhi,Cochin,DEL → BOM → COK,10:35,19:15,8h 40m,1 stop,No info,8614
Multiple carriers,15/06/2019,Delhi,Cochin,DEL → BOM → COK,08:45,19:00,10h 15m,1 stop,No info,11789
IndiGo,27/06/2019,Kolkata,Banglore,CCU → BLR,22:15,00:50 28 Jun,2h 35m,non-stop,No info,4804
Jet Airways,1/06/2019,Delhi,Cochin,DEL → BOM → COK,22:50,12:35 02 Jun,13h 45m,1 stop,No info,14714
Air India,21/05/2019,Kolkata,Banglore,CCU → JAI → BOM → BLR,08:20,11:10 22 May,26h 50m,2 stops,No info,11222
Jet Airways,1/05/2019,Kolkata,Banglore,CCU → BOM → BLR,14:05,12:00 02 May,21h 55m,1 stop,No info,14388
Jet Airways,6/06/2019,Delhi,Cochin,DEL → JAI → BOM → COK,19:30,12:35 07 Jun,17h 5m,2 stops,In-flight meal not included,11733
Jet Airways,27/05/2019,Delhi,Cochin,DEL → BOM → COK,07:05,19:00,11h 55m,1 stop,In-flight meal not included,12898
IndiGo,9/05/2019,Delhi,Cochin,DEL → BOM → COK,11:25,21:00,9h 35m,1 stop,No info,6979
Air India,9/06/2019,Delhi,Cochin,DEL → BOM → COK,20:00,07:40 10 Jun,11h 40m,1 stop,No info,8372
Jet Airways,18/05/2019,Kolkata,Banglore,CCU → BOM → BLR,05:45,19:50,14h 5m,1 stop,In-flight meal not included,10844
Jet Airways,6/06/2019,Kolkata,Banglore,CCU → BOM → BLR,06:30,16:20,9h 50m,1 stop,No info,14571
Multiple carriers,21/05/2019,Delhi,Cochin,DEL → BOM → COK,13:00,19:15,6h 15m,1 stop,No info,14848
Air India,24/05/2019,Kolkata,Banglore,CCU → DEL → BLR,07:00,20:25,13h 25m,1 stop,No info,10413
Jet Airways,24/06/2019,Delhi,Cochin,DEL → AMD → BOM → COK,19:10,12:35 25 Jun,17h 25m,2 stops,No info,12819
Jet Airways,6/05/2019,Kolkata,Banglore,CCU → BOM → BLR,21:10,08:15 07 May,11h 5m,1 stop,In-flight meal not included,7757
Jet Airways,18/05/2019,Kolkata,Banglore,CCU → BOM → BLR,18:55,18:15 19 May,23h 20m,1 stop,In-flight meal not included,10844
Jet Airways,9/06/2019,Kolkata,Banglore,CCU → BOM → BLR,18:55,16:20 10 Jun,21h 25m,1 stop,In-flight meal not included,10844
Jet Airways,1/04/2019,Kolkata,Banglore,CCU → BOM → BLR,08:25,12:00 02 Apr,27h 35m,1 stop,In-flight meal not included,7064
SpiceJet,9/06/2019,Kolkata,Banglore,CCU → IXB → BLR,15:55,21:25,5h 30m,1 stop,No info,9158
Multiple carriers,6/03/2019,Delhi,Cochin,DEL → BOM → COK,17:00,01:35 07 Mar,8h 35m,1 stop,No info,24318
SpiceJet,12/03/2019,Kolkata,Banglore,CCU → BLR,09:00,11:30,2h 30m,non-stop,No info,6982
IndiGo,3/06/2019,Kolkata,Banglore,CCU → BLR,14:25,16:55,2h 30m,non-stop,No info,5644
Air India,12/06/2019,Delhi,Cochin,DEL → HYD → MAA → COK,13:05,09:25 13 Jun,20h 20m,2 stops,No info,10975
IndiGo,21/05/2019,Banglore,Delhi,BLR → DEL,21:15,00:15 22 May,3h,non-stop,No info,3943
Air India,21/05/2019,Kolkata,Banglore,CCU → BOM → GOI → BLR,16:50,05:35 22 May,12h 45m,2 stops,No info,12324
Jet Airways,09/03/2019,Banglore,New Delhi,BLR → BOM → DEL,05:45,10:25,4h 40m,1 stop,In-flight meal not included,11087
Jet Airways,15/05/2019,Kolkata,Banglore,CCU → DEL → BLR,09:35,14:25 16 May,28h 50m,1 stop,No info,11467
Air India,9/06/2019,Kolkata,Banglore,CCU → DEL → BLR,17:30,20:25 10 Jun,26h 55m,1 stop,No info,10413
Jet Airways,6/05/2019,Banglore,Delhi,BLR → DEL,07:10,10:10,3h,non-stop,No info,7229
Jet Airways,1/06/2019,Delhi,Cochin,DEL → NAG → BOM → COK,06:45,04:25 02 Jun,21h 40m,2 stops,No info,13376
Jet Airways,3/03/2019,Delhi,Cochin,DEL → IDR → BOM → COK,05:25,04:25 04 Mar,23h,2 stops,No info,18799
Jet Airways,12/05/2019,Kolkata,Banglore,CCU → DEL → BLR,20:25,19:10 13 May,22h 45m,1 stop,No info,13067
Air India,9/04/2019,Delhi,Cochin,DEL → BOM → COK,08:00,19:15,11h 15m,1 stop,No info,6377
Air India,18/05/2019,Delhi,Cochin,DEL → MAA → COK,06:05,09:25 19 May,27h 20m,1 stop,No info,7480
Air India,27/05/2019,Kolkata,Banglore,CCU → BLR,20:45,23:20,2h 35m,non-stop,No info,4145
Air India,09/03/2019,Banglore,New Delhi,BLR → DEL,21:10,23:55,2h 45m,non-stop,No info,7591
Jet Airways,21/05/2019,Kolkata,Banglore,CCU → BOM → BLR,06:30,16:20,9h 50m,1 stop,In-flight meal not included,10844
SpiceJet,18/05/2019,Banglore,Delhi,BLR → DEL,21:10,00:05 19 May,2h 55m,non-stop,No check-in baggage included,3919
Air India,12/05/2019,Kolkata,Banglore,CCU → BBI → BLR,09:10,13:15,4h 5m,1 stop,No info,8996
Jet Airways,3/03/2019,Delhi,Cochin,DEL → BOM → COK,07:05,18:50,11h 45m,1 stop,No info,17024
Jet Airways,6/03/2019,Delhi,Cochin,DEL → BHO → BOM → COK,05:40,04:25 07 Mar,22h 45m,2 stops,In-flight meal not included,17271
Jet Airways,6/05/2019,Kolkata,Banglore,CCU → BOM → BLR,16:30,09:20 07 May,16h 50m,1 stop,In-flight meal not included,9663
Multiple carriers,21/03/2019,Delhi,Cochin,DEL → BOM → COK,07:00,21:00,14h,1 stop,No info,7618
Jet Airways,27/05/2019,Delhi,Cochin,DEL → COK,11:00,14:15,3h 15m,non-stop,No info,9564
Jet Airways,24/03/2019,Kolkata,Banglore,CCU → BOM → BLR,16:55,22:35,5h 40m,1 stop,In-flight meal not included,11134
Jet Airways,18/05/2019,Delhi,Cochin,DEL → BOM → COK,15:00,04:25 19 May,13h 25m,1 stop,In-flight meal not included,12373
Jet Airways,21/03/2019,Delhi,Cochin,DEL → BOM → COK,22:00,18:50 22 Mar,20h 50m,1 stop,No info,12242
Jet Airways,12/06/2019,Banglore,Delhi,BLR → DEL,11:10,14:05,2h 55m,non-stop,In-flight meal not included,5769
Jet Airways,01/03/2019,Banglore,New Delhi,BLR → BOM → DEL,14:05,09:00 02 Mar,18h 55m,1 stop,No info,20800
Jet Airways,6/05/2019,Kolkata,Banglore,CCU → BOM → BLR,14:05,20:45,6h 40m,1 stop,In-flight meal not included,9663
SpiceJet,12/06/2019,Delhi,Cochin,DEL → PNQ → COK,08:45,13:15,4h 30m,1 stop,No check-in baggage included,5158
Jet Airways,1/06/2019,Delhi,Cochin,DEL → BOM → COK,10:00,12:35 02 Jun,26h 35m,1 stop,In-flight meal not included,10262
Multiple carriers,6/03/2019,Delhi,Cochin,DEL → BOM → COK,10:20,21:00,10h 40m,1 stop,No info,15147
Jet Airways,15/05/2019,Kolkata,Banglore,CCU → BOM → BLR,06:30,12:00,5h 30m,1 stop,No info,14388
Multiple carriers,6/06/2019,Delhi,Cochin,DEL → BOM → COK,10:35,19:00,8h 25m,1 stop,No info,10877
Jet Airways,6/05/2019,Kolkata,Banglore,CCU → BOM → BLR,20:00,09:20 07 May,13h 20m,1 stop,In-flight meal not included,9663
IndiGo,18/06/2019,Chennai,Kolkata,MAA → CCU,19:35,21:55,2h 20m,non-stop,No info,3597
Jet Airways,12/06/2019,Delhi,Cochin,DEL → IDR → BOM → COK,05:30,19:00,13h 30m,2 stops,In-flight meal not included,11507
Air India,9/05/2019,Delhi,Cochin,DEL → AMD → BOM → COK,05:00,19:15 10 May,38h 15m,2 stops,No info,9653
Air Asia,9/05/2019,Kolkata,Banglore,CCU → DEL → BLR,07:35,23:30,15h 55m,1 stop,No info,5192
Jet Airways,21/05/2019,Kolkata,Banglore,CCU → BOM → BLR,18:55,08:15 22 May,13h 20m,1 stop,No info,14388
Jet Airways,9/05/2019,Delhi,Cochin,DEL → BOM → COK,15:00,19:00 10 May,28h,1 stop,In-flight meal not included,12373
GoAir,24/04/2019,Banglore,Delhi,BLR → DEL,11:40,14:30,2h 50m,non-stop,No info,3898
Air India,01/03/2019,Banglore,New Delhi,BLR → VGA → VTZ → DEL,10:30,17:45,7h 15m,2 stops,Change airports,17461
Air Asia,6/05/2019,Kolkata,Banglore,CCU → DEL → BLR,07:35,19:25,11h 50m,1 stop,No info,5192
IndiGo,12/06/2019,Delhi,Cochin,DEL → BOM → COK,08:50,21:00,12h 10m,1 stop,No info,6093
Multiple carriers,6/06/2019,Delhi,Cochin,DEL → BOM → COK,13:00,21:00,8h,1 stop,No info,7408
Vistara,24/03/2019,Kolkata,Banglore,CCU → DEL → BLR,20:20,18:45 25 Mar,22h 25m,1 stop,No info,12102
Air India,21/05/2019,Kolkata,Banglore,CCU → IXR → DEL → BLR,05:50,23:15,17h 25m,2 stops,No info,13143
IndiGo,6/06/2019,Delhi,Cochin,DEL → BOM → COK,15:00,01:30 07 Jun,10h 30m,1 stop,No info,5883
Air India,6/06/2019,Delhi,Cochin,DEL → HYD → MAA → COK,07:05,09:25 07 Jun,26h 20m,2 stops,No info,11447
Air India,6/06/2019,Kolkata,Banglore,CCU → IXR → DEL → BLR,05:50,08:55 07 Jun,27h 5m,2 stops,No info,12723
Air India,15/06/2019,Delhi,Cochin,DEL → JDH → BOM → COK,12:55,19:15 16 Jun,30h 20m,2 stops,No info,12646
Jet Airways,06/03/2019,Banglore,New Delhi,BLR → BOM → DEL,08:00,05:05 07 Mar,21h 5m,1 stop,No info,14815
Jet Airways,18/05/2019,Kolkata,Banglore,CCU → BOM → BLR,14:05,22:35,8h 30m,1 stop,In-flight meal not included,10844
Jet Airways,15/06/2019,Delhi,Cochin,DEL → BOM → COK,19:45,19:00 16 Jun,23h 15m,1 stop,In-flight meal not included,10262
Jet Airways,24/05/2019,Banglore,Delhi,BLR → DEL,17:45,20:45,3h,non-stop,No info,7229
Air India,12/05/2019,Mumbai,Hyderabad,BOM → HYD,19:30,20:45,1h 15m,non-stop,No info,3625
IndiGo,27/05/2019,Delhi,Cochin,DEL → BOM → COK,18:35,01:30 28 May,6h 55m,1 stop,No info,6628
SpiceJet,27/03/2019,Kolkata,Banglore,CCU → BLR,22:20,00:40 28 Mar,2h 20m,non-stop,No info,3847
Air Asia,12/06/2019,Delhi,Cochin,DEL → BLR → COK,07:55,22:25,14h 30m,1 stop,No info,6152
Jet Airways,12/06/2019,Banglore,Delhi,BLR → DEL,07:10,10:10,3h,non-stop,In-flight meal not included,5769
IndiGo,12/06/2019,Delhi,Cochin,DEL → BOM → COK,17:10,01:30 13 Jun,8h 20m,1 stop,No info,5883
IndiGo,24/06/2019,Kolkata,Banglore,CCU → BLR,22:15,00:50 25 Jun,2h 35m,non-stop,No info,4804
Jet Airways,15/05/2019,Kolkata,Banglore,CCU → DEL → BLR,09:35,19:10,9h 35m,1 stop,In-flight meal not included,12384
Air India,1/05/2019,Kolkata,Banglore,CCU → IXR → DEL → BLR,05:50,12:30 02 May,30h 40m,2 stops,No info,12723
Vistara,1/05/2019,Kolkata,Banglore,CCU → DEL → BLR,07:10,09:05 02 May,25h 55m,1 stop,No info,8452
Air India,9/05/2019,Delhi,Cochin,DEL → BOM → COK,07:00,19:15,12h 15m,1 stop,No info,8669
Jet Airways,21/04/2019,Banglore,Delhi,BLR → DEL,15:15,18:10,2h 55m,non-stop,In-flight meal not included,4544
IndiGo,3/06/2019,Delhi,Cochin,DEL → HYD → COK,14:20,22:30,8h 10m,1 stop,No info,6938
Jet Airways,9/05/2019,Delhi,Cochin,DEL → JDH → BOM → COK,11:40,19:00,7h 20m,2 stops,In-flight meal not included,19644
Jet Airways,21/05/2019,Kolkata,Banglore,CCU → BOM → BLR,20:00,18:15 22 May,22h 15m,1 stop,In-flight meal not included,10844
Jet Airways,24/04/2019,Banglore,Delhi,BLR → DEL,18:55,22:00,3h 5m,non-stop,No info,7229
Vistara,01/03/2019,Banglore,New Delhi,BLR → DEL,11:30,14:10,2h 40m,non-stop,No info,12648
Air India,21/03/2019,Delhi,Cochin,DEL → BLR → COK,09:45,23:00,13h 15m,1 stop,No info,5704
Multiple carriers,27/06/2019,Delhi,Cochin,DEL → BOM → COK,10:20,19:00,8h 40m,1 stop,No info,11264
Jet Airways,1/04/2019,Kolkata,Banglore,CCU → BOM → BLR,06:30,23:35,17h 5m,1 stop,In-flight meal not included,7064
Air India,6/03/2019,Delhi,Cochin,DEL → BOM → COK,09:00,07:40 07 Mar,22h 40m,1 stop,No info,14882
Jet Airways,15/05/2019,Kolkata,Banglore,CCU → BOM → BLR,08:25,18:15,9h 50m,1 stop,No info,14781
Vistara,21/03/2019,Banglore,New Delhi,BLR → DEL,11:30,14:10,2h 40m,non-stop,No info,5403
IndiGo,03/03/2019,Banglore,New Delhi,BLR → AMD → DEL,14:25,19:25,5h,1 stop,No info,11873
Multiple carriers,15/06/2019,Delhi,Cochin,DEL → BOM → COK,08:30,19:15,10h 45m,1 stop,No info,8937
Jet Airways,24/05/2019,Kolkata,Banglore,CCU → BOM → BLR,18:55,20:45 25 May,25h 50m,1 stop,In-flight meal not included,10844
Multiple carriers,21/05/2019,Delhi,Cochin,DEL → HYD → COK,07:10,18:10,11h,1 stop,No info,7038
Air India,6/06/2019,Kolkata,Banglore,CCU → DEL → BLR,07:00,20:25,13h 25m,1 stop,No info,10203
IndiGo,18/05/2019,Delhi,Cochin,DEL → BOM → COK,04:55,21:00,16h 5m,1 stop,No info,6758
Jet Airways,3/06/2019,Delhi,Cochin,DEL → NAG → BOM → COK,14:35,12:35 04 Jun,22h,2 stops,In-flight meal not included,10919
Jet Airways,1/05/2019,Kolkata,Banglore,CCU → DEL → BLR,20:25,22:05 02 May,25h 40m,1 stop,No info,14151
Multiple carriers,1/06/2019,Delhi,Cochin,DEL → BOM → COK,07:05,21:00,13h 55m,1 stop,In-flight meal not included,10406
Air Asia,24/03/2019,Kolkata,Banglore,CCU → DEL → BLR,07:35,22:55,15h 20m,1 stop,No info,6785
SpiceJet,3/06/2019,Delhi,Cochin,DEL → BLR → COK,17:55,22:50,4h 55m,1 stop,No info,5409
Jet Airways,18/05/2019,Delhi,Cochin,DEL → JAI → BOM → COK,05:30,19:00,13h 30m,2 stops,In-flight meal not included,13029
Jet Airways,6/04/2019,Banglore,Delhi,BLR → DEL,19:50,22:50,3h,non-stop,No info,7229
Air India,15/05/2019,Kolkata,Banglore,CCU → DEL → AMD → BLR,10:00,05:25 16 May,19h 25m,2 stops,No info,14424
Jet Airways,6/06/2019,Delhi,Cochin,DEL → JAI → BOM → COK,09:40,04:25 07 Jun,18h 45m,2 stops,No info,13014
Air India,15/03/2019,Banglore,New Delhi,BLR → MAA → DEL,11:50,11:35 16 Mar,23h 45m,1 stop,No info,6982
IndiGo,1/06/2019,Delhi,Cochin,DEL → COK,14:25,17:40,3h 15m,non-stop,No info,6015
IndiGo,6/05/2019,Mumbai,Hyderabad,BOM → HYD,19:05,20:35,1h 30m,non-stop,No info,2754
Jet Airways,15/05/2019,Kolkata,Banglore,CCU → BOM → BLR,14:05,22:35,8h 30m,1 stop,No info,14781
GoAir,9/03/2019,Delhi,Cochin,DEL → AMD → COK,06:00,13:20,7h 20m,1 stop,No info,8422
Air India,9/05/2019,Kolkata,Banglore,CCU → BOM → GOI → BLR,16:50,05:35 10 May,12h 45m,2 stops,No info,11432
Air India,1/06/2019,Delhi,Cochin,DEL → JAI → BOM → COK,18:45,19:15 02 Jun,24h 30m,2 stops,No info,12940
Jet Airways,1/04/2019,Kolkata,Banglore,CCU → BOM → BLR,16:30,20:45 02 Apr,28h 15m,1 stop,No info,12681
Jet Airways,24/06/2019,Delhi,Cochin,DEL → BOM → COK,18:15,19:00 25 Jun,24h 45m,1 stop,In-flight meal not included,10262
SpiceJet,12/05/2019,Banglore,Delhi,BLR → DEL,09:30,12:20,2h 50m,non-stop,No check-in baggage included,4319
Jet Airways,12/05/2019,Kolkata,Banglore,CCU → BOM → BLR,06:30,04:40 13 May,22h 10m,1 stop,In-flight meal not included,8586
Jet Airways,09/03/2019,Banglore,New Delhi,BLR → BOM → DEL,08:00,21:20,13h 20m,1 stop,In-flight meal not included,11087
IndiGo,6/03/2019,Chennai,Kolkata,MAA → CCU,07:55,10:15,2h 20m,non-stop,No info,7295
Jet Airways,21/05/2019,Kolkata,Banglore,CCU → BOM → BLR,14:05,04:40 22 May,14h 35m,1 stop,In-flight meal not included,9663
Jet Airways,18/05/2019,Delhi,Cochin,DEL → JAI → BOM → COK,05:30,04:25 19 May,22h 55m,2 stops,No info,15129
Jet Airways,15/04/2019,Delhi,Cochin,DEL → COK,11:00,14:15,3h 15m,non-stop,In-flight meal not included,5443
Air India,6/06/2019,Delhi,Cochin,DEL → MAA → COK,06:05,09:25 07 Jun,27h 20m,1 stop,No info,7952
Multiple carriers,27/03/2019,Delhi,Cochin,DEL → BOM → COK,08:25,19:15,10h 50m,1 stop,No info,8601
SpiceJet,3/03/2019,Delhi,Cochin,DEL → MAA → COK,06:10,11:20,5h 10m,1 stop,No info,9748
Jet Airways,9/06/2019,Kolkata,Banglore,CCU → DEL → BLR,09:35,19:10,9h 35m,1 stop,In-flight meal not included,13994
Multiple carriers,15/05/2019,Delhi,Cochin,DEL → HYD → COK,13:05,22:30,9h 25m,1 stop,No info,9646
Air Asia,18/04/2019,Kolkata,Banglore,CCU → BLR,19:55,22:25,2h 30m,non-stop,No info,4409
Air Asia,9/03/2019,Delhi,Cochin,DEL → BLR → COK,16:45,07:10 10 Mar,14h 25m,1 stop,No info,8327
Air India,21/05/2019,Kolkata,Banglore,CCU → BLR,20:45,23:20,2h 35m,non-stop,No info,4145
Jet Airways,6/03/2019,Delhi,Cochin,DEL → BOM → COK,22:20,04:25 07 Mar,6h 5m,1 stop,No info,15764
GoAir,15/06/2019,Kolkata,Banglore,CCU → BLR,15:20,17:55,2h 35m,non-stop,No info,3514
Air India,15/03/2019,Banglore,New Delhi,BLR → COK → DEL,06:55,23:20,16h 25m,1 stop,No info,6987
IndiGo,1/06/2019,Banglore,Delhi,BLR → DEL,18:55,21:50,2h 55m,non-stop,No info,4823
SpiceJet,18/05/2019,Kolkata,Banglore,CCU → BLR,14:55,17:25,2h 30m,non-stop,No info,4174
GoAir,24/03/2019,Banglore,New Delhi,BLR → DEL,20:55,23:50,2h 55m,non-stop,No info,5706
Jet Airways,24/04/2019,Banglore,Delhi,BLR → DEL,08:20,11:20,3h,non-stop,In-flight meal not included,4544
Jet Airways,9/05/2019,Kolkata,Banglore,CCU → BOM → BLR,14:05,08:15 10 May,18h 10m,1 stop,In-flight meal not included,7757
Jet Airways,06/03/2019,Banglore,New Delhi,BLR → BOM → DEL,14:05,09:30 07 Mar,19h 25m,1 stop,No info,17261
Jet Airways,12/06/2019,Delhi,Cochin,DEL → IDR → BOM → COK,05:30,04:25 13 Jun,22h 55m,2 stops,No info,13292
Vistara,6/06/2019,Kolkata,Banglore,CCU → DEL → BLR,20:20,22:40 07 Jun,26h 20m,1 stop,No info,8662
Multiple carriers,3/03/2019,Delhi,Cochin,DEL → HYD → COK,07:05,16:10,9h 5m,1 stop,No info,7905
Air India,1/06/2019,Delhi,Cochin,DEL → CCU → BOM → COK,16:55,19:15 02 Jun,26h 20m,2 stops,No info,13801
Multiple carriers,27/06/2019,Delhi,Cochin,DEL → BOM → COK,04:55,12:35,7h 40m,1 stop,No info,10678
Jet Airways,3/05/2019,Mumbai,Hyderabad,BOM → HYD,02:55,04:20,1h 25m,non-stop,No info,5678
Multiple carriers,1/05/2019,Delhi,Cochin,DEL → BOM → COK,10:20,19:00,8h 40m,1 stop,No info,9794
Jet Airways,27/04/2019,Banglore,Delhi,BLR → DEL,08:20,11:20,3h,non-stop,No info,7229
